seconds_of_day,day_of_year,temperature,radiator-input,radiator-output,outdoor-temperature,solar-radiation,windspeed,humidity
36763,24,17.9,17.67241379310345,16.70344827586207,8.4,90.0,25.7,88.0
37663,24,17.82794117647059,16.818840579710145,16.120289855072464,8.5,105.0,24.1,88.0
38563,24,17.791304347826088,16.338235294117645,15.78235294117647,8.7,113.0,22.5,88.0
39463,24,17.7,16.0,15.544285714285715,9.0,185.0,27.4,87.0
40363,24,17.610294117647058,15.8,15.188571428571429,9.0,151.0,25.7,87.0
41263,24,17.59558823529412,15.5,15.0,8.9,165.0,25.7,87.0
42163,24,17.53636363636364,15.5,15.0,9.0,158.0,22.5,88.0
43063,24,17.6,15.530303030303031,15.236363636363638,8.8,91.0,20.9,89.0
43963,24,17.6,15.634328358208956,15.2955223880597,8.8,79.0,20.9,89.0
44863,24,17.525,15.5,15.0,8.6,83.0,22.5,90.0
45763,24,17.483823529411765,15.5,15.227142857142857,8.6,74.0,20.9,90.0
46663,24,17.4,15.5,15.045454545454549,8.5,84.0,20.9,91.0
47563,24,17.380303030303033,15.5,15.0,8.6,83.0,19.3,91.0
48463,24,17.3,15.5,15.0,8.6,69.0,19.3,91.0
49363,24,17.259420289855072,15.5,15.0,8.6,76.0,20.9,90.0
50263,24,17.2,15.5,14.960294117647058,8.6,86.0,19.3,90.0
51163,24,17.1469696969697,15.5,14.777941176470588,8.7,93.0,16.1,91.0
52063,24,17.1,15.242857142857142,14.5,8.8,83.0,19.3,90.0
52963,24,17.002857142857145,15.0,14.5,8.8,77.0,16.1,89.0
53863,24,16.945714285714285,15.0,14.5,8.9,54.0,20.9,88.0
54763,24,16.9,15.0,14.37246376811594,8.9,47.0,14.5,89.0
55663,24,16.845454545454547,15.0,14.302666666666669,9.0,28.0,14.5,89.0
56563,24,16.8,15.0,14.3,8.9,25.0,17.7,89.0
57463,24,16.78235294117647,15.068493150684931,14.310958904109588,8.9,19.0,14.5,89.0
58363,24,16.812857142857144,36.96969696969697,28.342424242424244,8.8,14.0,17.7,89.0
59263,24,17.571014492753623,51.21428571428571,47.15238095238095,8.7,5.0,14.5,89.0
60163,24,18.507843137254905,50.88805970149254,48.03432835820895,8.6,0.0,14.5,90.0
61063,24,19.042028985507248,49.225352112676056,45.69859154929578,8.6,0.0,17.7,89.0
61963,24,19.46875,52.746153846153845,48.432307692307695,8.6,0.0,12.9,89.0
62863,24,19.830303030303032,53.0,49.0,8.6,0.0,14.5,90.0
63763,24,20.259615384615383,51.77551020408164,48.1530612244898,8.4,0.0,16.1,89.0
64663,24,20.65147058823529,51.89705882352941,48.36176470588235,8.5,0.0,27.4,89.0
65563,24,20.975757575757576,52.01449275362319,48.8,8.4,0.0,25.7,89.0
66463,24,21.217391304347824,52.20588235294117,48.82058823529412,8.5,0.0,30.6,88.0
67363,24,21.428169014084503,52.34558823529412,48.98529411764706,8.3,0.0,29.0,89.0
68263,24,21.619444444444447,52.289855072463766,48.99710144927536,8.2,0.0,30.6,89.0
69163,24,21.766666666666666,40.53030303030303,38.339393939393936,8.1,0.0,25.7,89.0
70063,24,21.582758620689653,27.785714285714285,24.557142857142857,8.3,0.0,20.9,89.0
70963,24,21.211428571428574,22.807142857142857,20.478571428571428,8.7,0.0,22.5,89.0
71863,24,20.786153846153844,20.21969696969697,18.637878787878787,8.8,0.0,24.1,88.0
72763,24,20.36716417910448,18.833333333333336,17.64927536231884,8.8,0.0,25.7,89.0
73663,24,19.9671875,17.828125,16.99375,8.8,0.0,29.0,89.0
74563,24,19.628358208955223,17.333333333333336,16.57391304347826,8.7,0.0,32.2,89.0
75463,24,19.36769230769231,17.0,16.5,8.5,0.0,37.0,90.0
76363,24,19.128571428571423,17.0,16.33076923076923,8.3,0.0,33.8,90.0
77263,24,18.91818181818181,16.685714285714287,16.192857142857143,8.4,0.0,35.4,90.0
78163,24,18.71846153846154,16.5,16.0,8.7,0.0,37.0,89.0
79063,24,18.55344827586207,16.5,15.967164179104476,8.7,0.0,35.4,90.0
79963,24,18.5,16.5,15.941666666666666,8.7,0.0,32.2,90.0
80863,24,18.41343283582089,16.462686567164177,15.661194029850744,8.6,0.0,29.0,91.0
81763,24,18.34788732394366,16.316176470588236,15.566176470588236,8.6,0.0,29.0,91.0
82663,24,18.28591549295775,16.049295774647888,15.5,8.6,0.0,25.7,91.0
83563,24,18.2,16.0,15.455882352941178,8.6,0.0,27.4,91.0
84463,24,18.16393442622951,16.0,15.3,8.8,0.0,30.6,90.0
85363,24,18.1,16.0,15.353968253968253,8.8,0.0,30.6,90.0
86263,24,19.5140350877193,16.533333333333335,16.05166666666667,8.7,0.0,30.6,90.0
763,25,19.689855072463768,16.514285714285712,16.047142857142855,8.7,0.0,32.2,90.0
1663,25,19.11304347826087,16.5,15.82,8.8,0.0,33.8,90.0
2563,25,18.60135135135135,16.5,15.8,8.8,0.0,35.4,89.0
3463,25,18.20294117647059,16.492957746478872,15.8,8.9,0.0,33.8,89.0
4363,25,17.997014925373133,16.185714285714287,15.8,9.0,0.0,35.4,89.0
5263,25,17.9,16.0,15.729411764705882,8.9,0.0,27.4,90.0
6163,25,17.872,16.0,15.508823529411766,8.8,0.0,30.6,91.0
7063,25,17.8,16.0,15.5,8.9,0.0,30.6,90.0
7963,25,17.8,16.0,15.5,8.9,0.0,30.6,90.0
8863,25,17.716901408450703,16.0,15.46060606060606,8.9,0.0,32.2,90.0
9763,25,17.7,16.0,15.3,8.9,0.0,32.2,89.0
10663,25,17.67536231884058,16.0,15.3,8.9,0.0,32.2,89.0
11563,25,17.6,16.0,15.3,8.8,0.0,29.0,89.0
12463,25,17.6,16.0,15.3,8.7,0.0,33.8,90.0
13363,25,17.54705882352941,16.0,15.3,8.8,0.0,37.0,90.0
14263,25,17.5,16.0,15.3,8.8,0.0,35.4,89.0
15163,25,17.5,16.0,15.291176470588235,8.7,0.0,30.6,89.0
16063,25,17.426865671641792,15.977272727272728,15.054545454545451,8.7,0.0,30.6,90.0
16963,25,17.4,15.753623188405795,15.0,8.6,0.0,32.2,89.0
17863,25,17.39710144927536,15.522058823529411,15.0,8.5,0.0,35.4,89.0
18763,25,17.30294117647059,15.5,15.0,8.6,0.0,33.8,88.0
19663,25,17.3,15.5,15.0,8.6,0.0,30.6,89.0
20563,25,17.27826086956522,15.5,15.0,8.5,0.0,30.6,89.0
21463,25,17.2,17.2,15.494285714285716,8.4,0.0,32.2,89.0
22363,25,17.49076923076923,47.71830985915493,37.32957746478873,8.4,0.0,30.6,89.0
23263,25,18.78,55.02857142857143,48.855714285714285,8.3,0.0,29.0,89.0
24163,25,19.67205882352941,55.09558823529412,49.27205882352941,8.2,0.0,25.7,89.0
25063,25,20.256521739130434,41.640845070422536,38.1225352112676,8.1,0.0,25.7,86.0
25963,25,20.33478260869565,41.957142857142856,37.68714285714286,8.0,0.0,20.9,86.0
26863,25,20.44090909090909,32.028169014084504,29.77323943661972,8.1,0.0,19.3,86.0
27763,25,20.38676470588236,24.58904109589041,22.46575342465753,8.1,0.0,20.9,87.0
28663,25,20.143283582089552,21.3768115942029,20.394202898550724,7.9,0.0,20.9,88.0
29563,25,19.82,19.5,18.831884057971017,7.8,0.0,17.7,87.0
30463,25,19.495,18.269841269841272,17.68888888888889,7.8,7.0,19.3,85.0
31363,25,19.23,17.612676056338028,17.111267605633802,7.7,11.0,19.3,85.0
32263,25,18.95774647887324,17.173913043478258,16.695652173913043,7.7,16.0,22.5,84.0
33163,25,18.70147058823529,17.0,16.409859154929578,7.6,18.0,29.0,84.0
34063,25,18.49344262295082,16.5,16.198591549295777,7.5,42.0,25.7,84.0
34963,25,18.32622950819672,16.5,16.0,7.6,53.0,17.7,84.0
35863,25,18.164615384615384,16.5,15.820289855072463,7.7,105.0,8.0,84.0
36763,25,18.05967741935484,16.276119402985074,15.8,7.9,100.0,12.9,83.0
37663,25,17.940677966101696,16.0,15.57391304347826,7.8,39.0,17.7,82.0
38563,25,17.856944444444444,16.0,15.5,7.8,37.0,20.9,81.0
39463,25,17.8,16.0,15.5,8.1,183.0,32.2,79.0
40363,25,17.719718309859154,16.0,15.5,8.1,202.0,35.4,78.0
41263,25,17.7,16.0,15.352307692307694,8.3,218.0,33.8,76.0
42163,25,17.630000000000003,16.0,15.3,8.3,227.0,35.4,75.0
43063,25,17.6,16.0,15.3,8.4,251.0,33.8,74.0
43963,25,17.6,16.0,15.3,8.4,271.0,41.8,71.0
44863,25,17.5768115942029,16.0,15.3,8.4,283.0,40.2,71.0
45763,25,17.5,16.0,15.3,8.1,165.0,41.8,72.0
46663,25,17.5,16.0,15.184285714285716,7.8,183.0,41.8,75.0
47563,25,17.5,16.0,15.0,7.6,181.0,40.2,76.0
48463,25,17.40597014925373,15.871428571428572,15.0,7.5,134.0,40.2,75.0
49363,25,17.4,15.556338028169014,15.0,7.6,158.0,38.6,75.0
50263,25,17.38955223880597,15.5,15.0,7.3,91.0,33.8,76.0
51163,25,17.3,15.5,15.0,7.2,81.0,35.4,75.0
52063,25,17.3,15.5,15.0,7.1,72.0,35.4,77.0
52963,25,17.2578125,15.5,15.0,7.0,68.0,32.2,78.0
53863,25,17.2,15.5,14.994117647058824,6.9,53.0,30.6,79.0
54763,25,17.2,15.5,14.91764705882353,6.9,54.0,29.0,79.0
55663,25,17.10909090909091,15.5,14.80952380952381,6.8,40.0,25.7,79.0
56563,25,17.1,15.5,14.8,6.6,28.0,29.0,81.0
57463,25,17.024285714285714,15.5,14.8,6.7,19.0,35.4,80.0
58363,25,17.0,15.5,14.8,6.7,14.0,38.6,79.0
59263,25,16.942424242424245,15.5,14.8,6.6,0.0,30.6,80.0
60163,25,16.9,15.5,14.8,6.6,0.0,37.0,80.0
61063,25,16.9,15.5,14.8,6.4,0.0,38.6,81.0
61963,25,16.902941176470588,27.02272727272728,20.587878787878783,6.4,0.0,37.0,81.0
62863,25,17.57971014492754,52.61764705882352,45.51176470588236,6.2,0.0,30.6,82.0
63763,25,18.449295774647887,51.43478260869565,48.37246376811594,6.2,0.0,30.6,81.0
64663,25,19.12272727272727,39.15441176470589,37.10441176470589,6.2,0.0,33.8,81.0
65563,25,19.42173913043478,47.828125,43.1109375,6.1,0.0,24.1,81.0
66463,25,19.9,51.5,48.602816901408445,6.1,0.0,19.3,80.0
67363,25,20.392957746478874,52.528985507246375,48.779710144927535,6.1,0.0,17.7,80.0
68263,25,21.046666666666667,54.88059701492538,48.9820895522388,6.0,0.0,14.5,80.0
69163,25,21.530882352941177,55.58088235294117,49.725,5.8,0.0,14.5,80.0
70063,25,21.917391304347824,55.777777777777786,49.80833333333333,5.9,0.0,16.1,79.0
70963,25,22.25522388059701,55.98484848484848,49.809090909090905,5.8,0.0,12.9,79.0
71863,25,22.52394366197183,55.97222222222221,49.80277777777778,5.6,0.0,9.7,80.0
72763,25,22.728571428571428,56.0,49.879411764705885,5.6,0.0,12.9,79.0
73663,25,22.916901408450705,56.0,49.940298507462686,5.3,0.0,8.0,81.0
74563,25,23.01159420289855,54.06060606060606,49.37272727272728,5.2,0.0,11.3,81.0
75463,25,22.9,51.91428571428571,48.95142857142857,5.1,0.0,17.7,82.0
76363,25,22.9,52.0,49.00923076923077,4.8,0.0,17.7,82.0
77263,25,22.93623188405797,52.0,49.0,4.7,0.0,16.1,82.0
78163,25,23.003076923076925,52.25,49.1125,4.7,0.0,17.7,82.0
79063,25,23.1,52.92857142857143,49.30285714285714,4.6,0.0,12.9,81.0
79963,25,23.098550724637683,53.9927536231884,49.53478260869565,4.6,0.0,12.9,81.0
80863,25,23.00144927536232,51.71917808219179,47.67123287671232,4.7,0.0,19.3,81.0
81763,25,22.833870967741937,35.20338983050847,31.37796610169492,4.8,0.0,19.3,79.0
82663,25,22.48840579710145,26.775362318840585,23.99275362318841,4.7,0.0,14.5,78.0
83563,25,22.04507042253521,22.97761194029851,21.171641791044777,4.7,0.0,14.5,78.0
84463,25,21.63043478260869,20.784615384615385,19.61692307692308,4.5,0.0,9.7,77.0
85363,25,21.20735294117647,19.63432835820896,18.719402985074627,4.4,0.0,14.5,79.0
86263,25,20.84202898550725,18.81060606060606,18.416666666666664,3.6,0.0,11.3,82.0
763,26,20.50588235294118,18.058823529411764,17.558823529411764,3.4,0.0,11.3,83.0
1663,26,20.322033898305087,18.0,17.5,2.9,0.0,4.8,84.0
2563,26,20.07638888888889,18.0,17.327272727272728,2.5,0.0,3.2,85.0
3463,26,19.87205882352941,17.724637681159418,17.082608695652176,1.7,0.0,1.6,86.0
4363,26,19.69154929577465,17.5,16.935211267605634,1.8,0.0,9.7,88.0
5263,26,19.537142857142857,17.5,16.8,2.3,0.0,11.3,86.0
6163,26,19.38428571428572,17.479166666666664,16.6,2.5,0.0,11.3,85.0
7063,26,19.27323943661972,17.00735294117647,16.5,2.4,0.0,3.2,84.0
7963,26,19.16086956521739,17.0,16.42394366197183,1.9,0.0,6.4,86.0
8863,26,19.049180327868854,17.0,16.3,1.6,0.0,6.4,87.0
9763,26,18.961194029850745,17.0,16.3,1.3,0.0,3.2,88.0
10663,26,18.87,17.0,16.145714285714284,0.6,0.0,0.0,89.0
11563,26,18.76805555555556,16.84090909090909,16.0,0.3,0.0,0.0,90.0
12463,26,18.67741935483871,16.5,16.0,0.1,0.0,0.0,91.0
13363,26,18.6,16.5,15.977464788732394,0.1,0.0,0.0,91.0
14263,26,18.50281690140845,16.5,15.802857142857144,0.3,0.0,6.4,92.0
15163,26,18.42622950819672,16.5,15.8,0.4,0.0,8.0,91.0
16063,26,18.370149253731345,16.5,15.8,0.4,0.0,4.8,91.0
16963,26,18.292753623188407,16.5,15.787142857142856,0.2,0.0,1.6,91.0
17863,26,18.2,16.5,15.534285714285716,-0.1,0.0,0.0,90.0
18763,26,18.14186046511628,16.485915492957748,15.5,-0.3,0.0,1.6,91.0
19663,26,18.071428571428573,16.118055555555554,15.5,-0.7,0.0,1.6,92.0
20563,26,18.0,16.0,15.5,-0.8,0.0,1.6,92.0
21463,26,17.922222222222224,17.70714285714286,15.958571428571428,-1.1,0.0,0.0,92.0
22363,26,18.071014492753623,47.891304347826086,37.51594202898551,-1.2,0.0,3.2,93.0
23263,26,18.979166666666664,55.0,49.07042253521127,-1.2,0.0,4.8,93.0
24163,26,19.770149253731343,47.65909090909091,42.90757575757576,-1.2,0.0,6.4,93.0
25063,26,20.047826086956523,46.32352941176471,39.875,-1.2,0.0,4.8,93.0
25963,26,20.422388059701493,45.0472972972973,40.505405405405405,-1.2,0.0,4.8,92.0
26863,26,20.472857142857144,29.82876712328768,26.28630136986301,-1.2,0.0,4.8,93.0
27763,26,20.2234375,23.83098591549296,21.618309859154927,-0.9,0.0,4.8,92.0
28663,26,19.930434782608696,21.0625,19.90972222222222,-1.3,0.0,3.2,92.0
29563,26,20.1089552238806,19.81818181818182,19.40909090909091,-1.5,0.0,1.6,92.0
30463,26,19.78591549295775,18.80597014925373,18.64626865671642,-1.8,9.0,0.0,92.0
31363,26,19.405882352941177,17.8203125,17.3421875,-1.7,11.0,0.0,94.0
32263,26,19.080882352941178,17.330985915492956,16.8112676056338,-1.3,16.0,3.2,94.0
33163,26,18.81969696969697,17.0,16.5,-1.1,19.0,4.8,92.0
34063,26,18.5943661971831,16.922535211267608,16.3,-0.9,21.0,3.2,91.0
34963,26,18.418309859154927,16.5,16.056521739130435,-0.6,23.0,3.2,90.0
35863,26,18.252238805970148,16.5,15.923076923076923,-0.2,25.0,4.8,90.0
36763,26,18.12272727272727,16.5,15.8,0.2,26.0,8.0,88.0
37663,26,18.009722222222223,16.110294117647058,15.59264705882353,0.8,28.0,9.7,86.0
38563,26,17.913043478260867,16.0,15.5,1.4,28.0,11.3,85.0
39463,26,17.811764705882354,16.0,15.479411764705882,2.2,190.0,14.5,80.0
40363,26,17.786538461538463,16.0,15.31764705882353,2.3,199.0,14.5,79.0
41263,26,17.7,16.0,15.3,2.3,211.0,12.9,79.0
42163,26,17.630303030303033,16.0,15.3,2.5,214.0,12.9,78.0
43063,26,17.6,16.0,15.3,2.8,229.0,14.5,78.0
43963,26,17.52537313432836,16.0,15.256521739130434,3.1,239.0,12.9,76.0
44863,26,17.5,15.850746268656716,15.0,3.2,241.0,12.9,76.0
45763,26,17.424637681159417,15.507246376811594,15.0,3.5,239.0,11.3,75.0
46663,26,17.4,15.5,15.0,3.8,236.0,12.9,73.0
47563,26,17.33661971830986,15.5,15.0,4.0,229.0,16.1,72.0
48463,26,17.3,15.5,15.0,4.2,230.0,14.5,70.0
49363,26,17.255072463768116,15.5,14.974647887323943,4.7,209.0,11.3,67.0
50263,26,17.2,15.5,14.805797101449276,4.7,155.0,9.7,69.0
51163,26,17.167142857142856,15.5,14.8,4.4,100.0,11.3,70.0
52063,26,17.1,15.5,14.8,4.1,77.0,12.9,71.0
52963,26,17.054285714285715,15.5,14.8,3.8,58.0,14.5,71.0
53863,26,17.0,15.5,14.8,3.5,39.0,12.9,73.0
54763,26,16.93913043478261,15.5,14.8,3.2,35.0,8.0,74.0
55663,26,16.9,15.5,14.8,2.9,26.0,8.0,74.0
56563,26,16.830000000000002,15.485294117647058,14.583823529411765,2.6,22.0,4.8,74.0
57463,26,16.8,15.13888888888889,14.5,2.4,16.0,4.8,75.0
58363,26,16.711764705882352,15.0,14.5,1.7,11.0,9.7,78.0
59263,26,16.65714285714286,15.0,14.5,1.2,5.0,9.7,79.0
60163,26,16.6,15.0,14.5,0.8,0.0,6.4,82.0
61063,26,16.52608695652174,15.0,14.5,0.3,0.0,4.8,83.0
61963,26,16.5,26.479166666666668,20.08194444444445,0.1,0.0,11.3,84.0
62863,26,16.984285714285715,53.5390625,45.2828125,0.1,0.0,14.5,84.0
63763,26,17.98082191780822,54.97826086956521,49.18840579710145,0.1,0.0,11.3,83.0
64663,26,18.75692307692308,55.23529411764706,49.326470588235296,0.8,0.0,11.3,79.0
65563,26,19.277272727272727,48.1268656716418,43.57761194029851,0.6,0.0,11.3,80.0
66463,26,19.42028985507246,45.732394366197184,39.51690140845071,0.5,0.0,4.8,80.0
67363,26,19.668115942028983,44.88059701492537,40.63731343283583,0.3,0.0,4.8,81.0
68263,26,19.738571428571426,46.82142857142857,41.614285714285714,0.4,0.0,4.8,81.0
69163,26,19.78695652173913,33.492753623188406,29.727536231884056,0.3,0.0,8.0,81.0
70063,26,19.55942028985508,26.44117647058824,23.955882352941178,0.3,0.0,8.0,81.0
70963,26,19.356944444444444,47.64705882352941,39.96470588235294,0.2,0.0,11.3,81.0
71863,26,19.87878787878788,52.730769230769226,47.03692307692308,0.8,0.0,9.7,75.0
72763,26,20.32985074626865,54.57857142857144,49.35714285714285,0.9,0.0,6.4,75.0
73663,26,20.694117647058825,54.713235294117645,49.8,0.9,0.0,8.0,75.0
74563,26,20.97391304347826,54.66176470588236,49.85,0.7,0.0,6.4,76.0
75463,26,21.16060606060606,54.6,49.92142857142857,0.3,0.0,9.7,77.0
76363,26,21.34927536231884,54.57462686567165,49.8,0.1,0.0,8.0,79.0
77263,26,21.4,52.204918032786885,47.9655737704918,-0.2,0.0,12.9,81.0
78163,26,21.308955223880595,53.828125,48.7734375,-0.3,0.0,11.3,81.0
79063,26,21.3,53.52857142857143,49.3,-0.6,0.0,4.8,81.0
79963,26,21.45820895522388,53.92063492063492,49.06190476190476,-0.4,0.0,4.8,80.0
80863,26,21.72739726027397,51.73484848484848,46.90909090909091,-0.2,0.0,12.9,79.0
81763,26,21.69117647058824,34.43478260869565,30.3463768115942,0.2,0.0,12.9,77.0
82663,26,21.280882352941177,26.22463768115941,23.218840579710143,0.3,0.0,16.1,76.0
83563,26,20.782857142857143,22.15714285714286,20.26142857142857,-0.1,0.0,11.3,78.0
84463,26,20.31746031746032,19.944444444444446,18.83015873015873,-0.4,0.0,12.9,79.0
85363,26,20.428358208955224,18.60869565217392,17.775362318840582,-0.2,0.0,12.9,78.0
86263,26,20.804411764705883,18.40579710144928,18.034782608695654,0.3,0.0,12.9,75.0
763,27,19.9536231884058,17.666666666666664,17.02777777777778,0.1,0.0,14.5,76.0
1663,27,19.450704225352112,17.121428571428574,16.48,0.2,0.0,11.3,74.0
2563,27,19.09705882352941,16.81159420289855,16.152173913043477,0.8,0.0,6.4,70.0
3463,27,18.77941176470588,16.5,15.883333333333336,1.1,0.0,8.0,68.0
4363,27,18.516666666666666,16.5,15.8,0.8,0.0,3.2,70.0
5263,27,18.308955223880595,16.40151515151515,15.727272727272728,0.6,0.0,8.0,71.0
6163,27,18.13571428571429,16.0,15.5,0.4,0.0,19.3,72.0
7063,27,17.95714285714286,16.0,15.337142857142856,0.8,0.0,22.5,69.0
7963,27,17.838461538461537,16.0,15.295714285714286,1.3,0.0,27.4,68.0
8863,27,17.72027027027027,15.919117647058822,15.004411764705882,1.6,0.0,25.7,69.0
9763,27,17.604444444444447,15.5,15.0,2.2,0.0,27.4,67.0
10663,27,17.508695652173913,15.5,14.88450704225352,1.8,0.0,20.9,68.0
11563,27,17.415151515151514,15.5,14.8,1.9,0.0,22.5,69.0
12463,27,17.334848484848486,15.5,14.8,2.9,0.0,17.7,67.0
13363,27,17.254285714285714,15.5,14.684285714285716,2.9,0.0,20.9,66.0
14263,27,17.184848484848484,15.5,14.5,2.8,0.0,19.3,68.0
15163,27,17.1,15.221428571428572,14.5,3.1,0.0,17.7,67.0
16063,27,17.002777777777776,15.0,14.5,3.7,0.0,9.7,66.0
16963,27,16.933823529411764,15.0,14.42676056338028,2.6,0.0,17.7,68.0
17863,27,16.880281690140844,15.0,14.3,2.3,0.0,17.7,70.0
18763,27,16.8,15.0,14.3,2.2,0.0,16.1,70.0
19663,27,16.738235294117647,15.0,14.3,2.3,0.0,17.7,71.0
20563,27,16.6671875,15.0,14.296,2.8,0.0,19.3,69.0
21463,27,16.6,16.884057971014492,14.73768115942029,2.9,0.0,19.3,69.0
22363,27,16.68358208955224,47.07638888888889,36.72222222222222,2.8,0.0,20.9,69.0
23263,27,17.450704225352112,54.3768115942029,48.80869565217391,2.9,0.0,22.5,69.0
24163,27,18.195890410958903,54.5,49.34242424242424,3.0,0.0,20.9,69.0
25063,27,18.74347826086957,46.77536231884058,42.92173913043478,3.1,0.0,20.9,69.0
25963,27,18.93857142857143,45.82857142857143,40.19571428571429,2.9,0.0,19.3,69.0
26863,27,19.18840579710145,43.49264705882353,39.79705882352941,2.7,0.0,19.3,70.0
27763,27,19.235820895522387,28.640845070422536,25.307042253521125,2.6,0.0,19.3,70.0
28663,27,19.035820895522388,22.97222222222222,20.995833333333334,2.8,0.0,22.5,69.0
29563,27,18.768571428571427,20.26056338028169,19.16197183098592,2.6,0.0,20.9,70.0
30463,27,18.49090909090909,18.690140845070424,18.283098591549297,2.2,7.0,17.7,71.0
31363,27,18.144117647058824,17.224637681159418,16.642028985507245,2.1,12.0,20.9,71.0
32263,27,17.87162162162162,16.71212121212121,16.186363636363637,2.6,14.0,20.9,70.0
33163,27,17.65135135135135,16.360294117647058,15.876470588235293,2.5,21.0,19.3,71.0
34063,27,17.468115942028984,16.0,15.617391304347825,3.1,53.0,22.5,69.0
34963,27,17.327027027027025,16.0,15.381690140845071,3.3,64.0,24.1,69.0
35863,27,17.191304347826087,15.52112676056338,15.266197183098592,3.3,84.0,24.1,69.0
36763,27,17.081818181818182,15.5,15.0,3.5,114.0,24.1,68.0
37663,27,17.0,15.5,14.9768115942029,4.2,107.0,27.4,66.0
38563,27,16.903030303030302,15.5,14.8,4.2,81.0,25.7,67.0
39463,27,16.856521739130436,15.318840579710145,14.8,4.9,209.0,25.7,64.0
40363,27,16.8,15.0,14.713636363636365,5.1,171.0,25.7,63.0
41263,27,16.739705882352943,15.0,14.5,4.3,77.0,24.1,65.0
42163,27,16.7,15.0,14.5,4.4,283.0,25.7,66.0
43063,27,16.61159420289855,15.0,14.47058823529412,5.8,272.0,16.1,62.0
43963,27,16.6,15.0,14.311764705882354,6.1,241.0,14.5,61.0
44863,27,16.514084507042252,15.0,14.3,6.0,246.0,20.9,61.0
45763,27,16.5,15.0,14.3,6.1,243.0,19.3,61.0
46663,27,16.436764705882354,15.0,14.3,6.1,246.0,17.7,61.0
47563,27,16.4,15.0,14.3,6.5,207.0,12.9,60.0
48463,27,16.344117647058823,15.0,14.3,6.0,148.0,12.9,61.0
49363,27,16.3,14.911764705882351,14.3,5.2,91.0,16.1,65.0
50263,27,16.22753623188406,14.543478260869566,14.295652173913044,4.5,102.0,14.5,68.0
51163,27,16.2,14.5,14.1125,4.1,86.0,12.9,70.0
52063,27,16.2,14.5,14.0,4.2,90.0,12.9,70.0
52963,27,16.101492537313433,14.5,14.0,4.1,75.0,14.5,71.0
53863,27,16.1,14.5,14.0,4.2,67.0,14.5,72.0
54763,27,16.015151515151516,14.5,14.0,4.2,67.0,11.3,72.0
55663,27,16.0,14.5,14.0,4.2,53.0,11.3,73.0
56563,27,15.927272727272728,14.5,13.982608695652177,3.9,40.0,11.3,73.0
57463,27,15.9,14.5,13.811428571428571,3.4,12.0,8.0,75.0
58363,27,15.810294117647056,14.5,13.8,3.1,5.0,8.0,77.0
59263,27,15.770588235294118,14.231343283582088,13.611940298507465,3.6,0.0,11.3,76.0
60163,27,15.722388059701492,14.3768115942029,13.743478260869566,3.9,0.0,11.3,75.0
61063,27,15.91029411764706,14.5,13.8,4.1,0.0,14.5,75.0
61963,27,16.0,25.604477611940297,19.49402985074627,4.1,0.0,17.7,75.0
62863,27,16.51212121212121,52.76865671641791,44.59701492537313,3.9,0.0,16.1,76.0
63763,27,17.575342465753426,54.234375,48.4046875,3.8,0.0,14.5,75.0
64663,27,18.37704918032787,55.0,49.21492537313433,3.7,0.0,16.1,77.0
65563,27,19.0234375,55.0,49.33050847457627,3.4,0.0,17.7,78.0
66463,27,19.505454545454548,55.05882352941177,49.48823529411764,3.1,0.0,16.1,79.0
67363,27,19.91617647058824,53.06923076923077,48.57538461538461,2.9,0.0,17.7,79.0
68263,27,20.062,51.37234042553191,48.191489361702125,2.8,0.0,19.3,80.0
69163,27,20.221621621621622,51.5,48.510000000000005,3.1,0.0,19.3,79.0
70063,27,20.545,52.43283582089553,48.53134328358209,3.2,0.0,12.9,79.0
70963,27,20.6390243902439,54.3515625,49.5015625,3.2,0.0,12.9,78.0
71863,27,20.7,54.5,49.8,3.6,0.0,16.1,77.0
72763,27,20.717241379310344,54.5,49.815384615384616,3.6,0.0,19.3,79.0
73663,27,20.8,54.5,49.977777777777774,3.8,0.0,14.5,78.0
74563,27,20.892982456140352,54.5,49.9,4.1,0.0,11.3,78.0
75463,27,20.97462686567164,54.59701492537314,49.98805970149254,4.8,0.0,8.0,75.0
76363,27,21.04406779661017,54.51724137931035,50.0,4.4,0.0,6.4,76.0
77263,27,21.13428571428572,52.36764705882352,47.53088235294118,4.6,0.0,9.7,77.0
78163,27,21.034375,34.4,31.24153846153846,4.5,0.0,12.9,76.0
79063,27,20.75735294117647,25.59090909090909,22.52878787878788,4.2,0.0,22.5,78.0
79963,27,20.378260869565217,21.682539682539684,19.44761904761905,4.1,0.0,19.3,79.0
80863,27,20.016417910447764,19.40441176470588,17.769117647058824,3.9,0.0,16.1,80.0
81763,27,19.664615384615384,18.113636363636363,16.904545454545453,3.9,0.0,16.1,80.0
82663,27,19.272413793103446,17.274193548387096,16.30483870967742,3.8,0.0,9.7,80.0
83563,27,18.91343283582089,16.7578125,15.90625,3.6,0.0,8.0,81.0
84463,27,18.59701492537313,16.333333333333336,15.608695652173912,3.5,0.0,4.8,82.0
85363,27,18.433823529411764,38.53921568627451,30.711764705882352,3.4,0.0,6.4,82.0
86263,27,19.001408450704226,50.285714285714285,47.05918367346938,3.5,0.0,9.7,82.0
763,28,19.54153846153846,37.60714285714285,34.83392857142857,3.6,0.0,16.1,82.0
1663,28,19.865625,44.3921568627451,41.04705882352941,3.6,0.0,14.5,82.0
2563,28,20.11428571428572,31.61764705882353,28.78970588235294,3.8,0.0,8.0,82.0
3463,28,20.18115942028985,24.725352112676056,23.140845070422536,3.9,0.0,3.2,83.0
4363,28,20.0955223880597,20.52380952380953,18.933333333333334,3.7,0.0,6.4,83.0
5263,28,19.7955223880597,18.6,17.25076923076923,3.6,0.0,6.4,84.0
6163,28,19.453521126760563,17.60144927536232,16.505797101449275,3.6,0.0,1.6,84.0
7063,28,19.13714285714285,16.92753623188406,16.043478260869566,3.7,0.0,8.0,83.0
7963,28,18.841666666666665,16.5,15.722857142857142,3.6,0.0,4.8,83.0
8863,28,18.56060606060606,16.134920634920636,15.44920634920635,3.6,0.0,0.0,83.0
9763,28,18.333333333333336,16.0,15.3,3.6,0.0,0.0,84.0
10663,28,18.142028985507245,16.0,15.062686567164178,3.4,0.0,0.0,85.0
11563,28,17.97058823529412,15.597014925373134,15.0,3.3,0.0,0.0,86.0
12463,28,17.833823529411767,15.5,14.86764705882353,3.1,0.0,4.8,89.0
13363,28,17.731034482758623,15.5,14.8,2.8,0.0,3.2,90.0
14263,28,17.61764705882353,15.5,14.8,2.7,0.0,6.4,90.0
15163,28,17.520634920634922,15.5,14.566176470588236,2.6,0.0,3.2,92.0
16063,28,17.42878787878788,15.5,14.5,2.6,0.0,0.0,92.0
16963,28,17.3515625,15.067164179104475,14.5,2.6,0.0,0.0,93.0
17863,28,17.27826086956522,15.0,14.47101449275362,2.6,0.0,0.0,93.0
18763,28,17.2,15.0,14.302816901408452,2.6,0.0,0.0,94.0
19663,28,17.118181818181817,15.0,14.3,2.5,0.0,0.0,94.0
20563,28,17.054411764705883,15.0,14.3,2.5,0.0,1.6,95.0
21463,28,16.99857142857143,15.0,14.3,2.4,0.0,0.0,95.0
22363,28,16.904285714285713,15.0,14.260294117647058,2.4,0.0,0.0,95.0
23263,28,16.88548387096774,15.0,14.03,2.4,0.0,0.0,96.0
24163,28,16.82537313432836,27.092857142857145,20.917142857142856,2.4,0.0,1.6,96.0
25063,28,17.49076923076923,36.69718309859155,34.19154929577465,2.4,0.0,1.6,96.0
25963,28,18.08169014084508,24.588235294117645,22.189705882352943,2.5,0.0,3.2,96.0
26863,28,18.2,20.02112676056338,18.04225352112676,2.3,0.0,4.8,96.0
27763,28,18.105714285714285,17.855072463768117,16.446376811594202,2.3,0.0,3.2,96.0
28663,28,17.928985507246377,16.96212121212121,15.954545454545451,2.3,0.0,4.8,96.0
29563,28,17.71639344262295,16.422535211267608,15.971830985915494,2.3,0.0,1.6,96.0
30463,28,17.513698630136986,16.0,15.698529411764708,2.2,0.0,1.6,96.0
31363,28,17.338235294117645,17.036764705882355,16.226470588235294,2.2,0.0,1.6,96.0
32263,28,17.383098591549295,42.1231884057971,34.38405797101449,2.1,11.0,1.6,96.0
33163,28,17.862666666666666,31.0,28.265625,2.1,12.0,0.0,97.0
34063,28,18.17567567567568,23.190140845070424,21.34788732394366,2.1,19.0,1.6,97.0
34963,28,18.15909090909091,19.835714285714285,18.65714285714286,2.0,21.0,1.6,97.0
35863,28,18.525714285714287,18.261194029850746,17.686567164179102,1.9,30.0,1.6,96.0
36763,28,18.398529411764702,17.430769230769233,17.12923076923077,1.9,44.0,1.6,96.0
37663,28,18.190277777777776,16.6044776119403,16.462686567164177,2.1,67.0,0.0,97.0
38563,28,17.844117647058823,16.0,15.421428571428573,2.2,58.0,0.0,97.0
39463,28,17.582089552238806,15.549295774647888,15.3,2.3,63.0,1.6,97.0
40363,28,17.357971014492755,15.5,15.15441176470588,2.3,53.0,3.2,96.0
41263,28,17.179710144927537,15.5,15.0,2.4,72.0,4.8,97.0
42163,28,17.045762711864406,15.373015873015872,14.844444444444443,2.4,74.0,4.8,97.0
43063,28,16.9125,15.0,14.763076923076923,2.4,62.0,4.8,97.0
43963,28,16.830434782608698,15.0,14.5,2.4,44.0,4.8,96.0
44863,28,16.769565217391303,15.0,14.5,2.3,49.0,6.4,96.0
45763,28,16.7,15.0,14.380597014925376,2.3,50.0,4.8,96.0
46663,28,16.605714285714285,15.0,14.3,2.3,39.0,6.4,96.0
47563,28,16.555714285714284,15.0,14.3,2.3,42.0,6.4,96.0
48463,28,16.5,14.969696969696969,14.290909090909093,2.1,21.0,8.0,96.0
49363,28,16.42608695652174,14.55072463768116,14.013043478260869,2.0,16.0,6.4,96.0
50263,28,16.37323943661972,14.443661971830986,13.795774647887324,1.7,26.0,9.7,96.0
51163,28,16.27285714285714,14.272058823529411,13.604411764705882,1.6,54.0,8.0,96.0
52063,28,16.2,14.435185185185183,13.505555555555556,1.4,25.0,11.3,96.0
52963,28,16.2,14.48,13.5,1.4,21.0,11.3,96.0
53863,28,16.304166666666667,36.40909090909091,28.277272727272724,1.4,14.0,12.9,96.0
54763,28,16.935294117647057,50.10294117647059,45.43970588235294,1.4,12.0,12.9,96.0
55663,28,17.620833333333334,51.94444444444444,47.2984126984127,1.4,19.0,16.1,96.0
56563,28,17.983561643835618,54.0,48.92,1.4,11.0,19.3,96.0
57463,28,18.355882352941176,54.0,49.15238095238095,1.5,7.0,17.7,96.0
58363,28,18.68059701492537,54.41935483870968,49.3,1.5,5.0,17.7,96.0
59263,28,18.97910447761194,51.66666666666666,47.25217391304348,1.6,0.0,19.3,96.0
60163,28,19.516417910447764,54.31159420289855,47.05797101449276,1.4,0.0,17.7,96.0
61063,28,20.006451612903227,54.93846153846154,48.12923076923077,1.6,0.0,16.1,96.0
61963,28,20.32058823529412,54.24242424242424,48.27272727272727,1.8,0.0,17.7,96.0
62863,28,20.484057971014494,54.80882352941177,49.3,2.1,0.0,19.3,96.0
63763,28,20.63285714285714,55.0,49.8,2.2,0.0,17.7,96.0
64663,28,20.73880597014925,55.0,49.82121212121212,2.3,0.0,19.3,96.0
65563,28,20.91159420289855,54.083333333333336,48.60757575757576,2.4,0.0,19.3,95.0
66463,28,21.05507246376812,52.094202898550726,47.99565217391304,2.5,0.0,19.3,95.0
67363,28,21.283076923076923,51.69565217391304,48.65507246376812,2.6,0.0,19.3,95.0
68263,28,21.4,39.83802816901409,36.99577464788732,2.6,0.0,17.7,95.0
69163,28,21.25857142857143,27.65714285714285,23.65428571428572,2.7,0.0,17.7,95.0
70063,28,20.98333333333333,22.94871794871795,20.0025641025641,2.8,0.0,16.1,95.0
70963,28,20.51746031746032,19.991666666666667,18.306666666666665,2.9,0.0,17.7,94.0
71863,28,20.082608695652176,18.36029411764705,17.155882352941177,2.9,0.0,16.1,94.0
72763,28,19.687142857142856,17.34848484848485,16.395454545454548,2.8,0.0,24.1,93.0
73663,28,19.323529411764707,19.22058823529412,17.53970588235294,2.8,0.0,22.5,93.0
74563,28,19.1089552238806,34.24647887323944,29.42394366197184,2.8,0.0,19.3,92.0
75463,28,19.198,25.92391304347826,24.52608695652174,2.8,0.0,22.5,92.0
76363,28,19.087692307692308,20.70634920634921,19.09365079365079,2.7,0.0,20.9,92.0
77263,28,18.965573770491805,34.357142857142854,28.365079365079367,2.7,0.0,24.1,92.0
78163,28,19.253846153846155,39.55660377358491,36.54716981132076,2.6,0.0,22.5,92.0
79063,28,19.563333333333333,26.16935483870968,23.24516129032257,2.5,0.0,19.3,92.0
79963,28,19.53970588235294,21.34126984126984,19.061904761904763,2.4,0.0,19.3,91.0
80863,28,19.380000000000003,23.27941176470588,20.663235294117648,2.3,0.0,17.7,91.0
81763,28,19.4,49.03846153846153,42.355384615384615,2.3,0.0,17.7,91.0
82663,28,19.73787878787879,34.57692307692308,31.366153846153843,2.3,0.0,19.3,91.0
83563,28,19.8,25.203125,22.7046875,2.3,0.0,16.1,91.0
84463,28,19.66060606060606,21.43181818181818,19.922727272727272,2.6,0.0,20.9,91.0
85363,28,19.45294117647059,19.253846153846155,18.25230769230769,2.4,0.0,17.7,90.0
86263,28,19.237142857142857,17.953846153846154,17.146153846153844,2.3,0.0,16.1,91.0
763,29,19.01076923076923,17.169117647058822,16.569117647058825,2.3,0.0,17.7,91.0
1663,29,18.780882352941177,16.84558823529412,16.498529411764707,2.4,0.0,19.3,92.0
2563,29,18.54153846153846,16.5,15.918840579710144,2.5,0.0,19.3,92.0
3463,29,18.37846153846154,16.3984375,15.990625,2.3,0.0,17.7,92.0
4363,29,18.28382352941177,16.09558823529412,15.72058823529412,2.3,0.0,17.7,92.0
5263,29,18.18142857142857,16.0,15.35142857142857,2.4,0.0,19.3,92.0
6163,29,18.068115942028985,16.0,15.236363636363638,2.4,0.0,19.3,92.0
7063,29,17.951470588235292,15.738805970149254,15.0,2.6,0.0,19.3,92.0
7963,29,17.857575757575756,15.5,15.0,2.5,0.0,20.9,92.0
8863,29,17.767123287671232,15.5,14.935211267605634,2.5,0.0,20.9,92.0
9763,29,17.688235294117646,15.5,14.8,2.4,0.0,17.7,92.0
10663,29,17.6,15.5,14.8,2.6,0.0,19.3,91.0
11563,29,17.5013698630137,15.5,14.8,2.6,0.0,20.9,91.0
12463,29,17.433333333333334,15.5,14.667142857142858,2.6,0.0,20.9,91.0
13363,29,17.363513513513514,15.5,14.5,2.8,0.0,20.9,90.0
14263,29,17.3,15.432835820895525,14.5,2.7,0.0,20.9,90.0
15163,29,17.23,15.036764705882351,14.5,2.7,0.0,20.9,90.0
16063,29,17.19324324324324,15.0,14.5,2.6,0.0,19.3,91.0
16963,29,17.1,15.0,14.42537313432836,2.5,0.0,16.1,91.0
17863,29,17.05,15.0,14.3,2.4,0.0,14.5,91.0
18763,29,17.0,15.0,14.3,2.5,0.0,17.7,91.0
19663,29,16.916176470588233,15.0,14.3,2.5,0.0,16.1,90.0
20563,29,16.9,15.0,14.3,2.3,0.0,16.1,91.0
21463,29,16.81639344262295,15.0,14.3,2.1,0.0,9.7,91.0
22363,29,16.8,15.0,14.3,1.9,0.0,8.0,92.0
23263,29,16.72608695652174,16.558823529411764,14.636764705882351,2.0,0.0,4.8,91.0
24163,29,16.9,42.78260869565217,35.13768115942029,2.1,0.0,6.4,92.0
25063,29,17.634328358208954,32.28169014084507,29.464788732394368,2.1,0.0,8.0,92.0
25963,29,18.032394366197185,23.273972602739725,20.657534246575345,2.2,0.0,9.7,92.0
26863,29,18.1,19.514492753623188,17.81304347826087,2.3,0.0,9.7,92.0
27763,29,18.05074626865672,17.625,16.49411764705882,2.6,0.0,4.8,92.0
28663,29,17.897333333333332,16.678571428571427,15.755714285714284,2.5,0.0,11.3,91.0
29563,29,17.734848484848484,16.066176470588236,15.355882352941176,2.5,0.0,11.3,91.0
30463,29,17.588059701492536,21.075,19.218333333333334,2.7,5.0,11.3,91.0
31363,29,17.553846153846155,26.30769230769231,24.02,2.8,7.0,11.3,90.0
32263,29,17.685106382978724,35.40983606557377,30.89508196721312,2.8,40.0,11.3,90.0
33163,29,17.85135135135135,24.73913043478261,22.67536231884058,3.0,97.0,9.7,90.0
34063,29,17.84027777777778,20.059701492537314,18.78358208955224,3.4,28.0,11.3,89.0
34963,29,17.740540540540543,18.02173913043478,17.173913043478258,3.6,21.0,12.9,88.0
35863,29,17.594915254237286,16.92028985507246,16.268115942028984,3.7,26.0,16.1,87.0
36763,29,17.45,16.272727272727273,15.763636363636362,3.8,25.0,14.5,87.0
37663,29,17.295454545454547,16.0,15.584375,3.9,56.0,14.5,87.0
38563,29,17.16417910447761,15.54285714285714,15.092857142857142,3.9,46.0,16.1,86.0
39463,29,17.0231884057971,15.09090909090909,14.566666666666666,4.8,248.0,14.5,84.0
40363,29,16.884126984126986,15.0,14.3,5.3,135.0,12.9,82.0
41263,29,16.8,17.451612903225808,15.474193548387095,4.9,225.0,12.9,83.0
42163,29,17.052459016393442,49.171875,40.2828125,5.5,291.0,12.9,81.0
43063,29,17.784057971014494,52.583333333333336,47.72638888888889,5.6,265.0,11.3,81.0
43963,29,18.316901408450704,36.894366197183096,33.24788732394366,5.6,267.0,12.9,80.0
44863,29,18.41029411764706,25.47692307692308,22.97692307692308,5.9,265.0,14.5,79.0
45763,29,18.4,20.833333333333336,19.372222222222224,5.9,265.0,14.5,79.0
46663,29,18.263492063492063,18.478571428571428,17.537142857142857,6.2,260.0,12.9,76.0
47563,29,18.07272727272727,18.607142857142858,17.71857142857143,6.2,257.0,17.7,73.0
48463,29,18.095714285714287,47.23571428571428,38.78857142857143,5.9,149.0,14.5,77.0
49363,29,18.8,54.43478260869565,49.185507246376815,5.6,151.0,14.5,79.0
50263,29,19.45230769230769,52.95762711864406,48.4864406779661,5.4,141.0,11.3,81.0
51163,29,19.94705882352941,37.96376811594203,33.95072463768116,5.1,81.0,12.1,81.5
52063,29,19.9875,26.60869565217392,23.618840579710145,5.1,102.0,9.7,84.0
52963,29,19.83428571428572,21.321428571428573,19.56714285714286,5.4,37.0,6.4,82.0
53863,29,19.56142857142857,18.907692307692308,17.46923076923077,5.4,40.0,6.4,80.0
54763,29,19.253521126760564,17.434782608695652,16.44782608695652,5.2,32.0,6.4,80.0
55663,29,18.934328358208955,16.69402985074627,15.892537313432836,4.8,28.0,6.4,81.0
56563,29,18.624285714285712,16.135714285714286,15.465714285714284,4.6,28.0,3.2,84.0
57463,29,18.36290322580645,16.0,15.38,4.3,12.0,1.6,85.0
58363,29,18.11076923076923,21.584745762711865,18.494915254237288,4.1,12.0,3.2,85.0
59263,29,18.08550724637681,43.1,35.70857142857143,3.8,9.0,1.6,86.0
60163,29,18.718309859154928,49.26811594202898,44.22753623188406,3.6,0.0,1.6,88.0
61063,29,19.161428571428573,40.0,35.7768115942029,3.9,0.0,3.2,87.0
61963,29,19.3,31.54054054054054,28.38783783783784,4.0,0.0,4.8,87.0
62863,29,19.277611940298502,23.20422535211268,20.91408450704225,3.9,0.0,3.2,88.0
63763,29,19.10757575757576,19.81617647058824,18.20735294117647,3.9,0.0,1.6,87.0
64663,29,18.89565217391304,18.07857142857143,16.934285714285714,4.1,0.0,4.8,86.0
65563,29,18.63285714285714,17.082089552238806,16.188059701492538,4.1,0.0,6.4,86.0
66463,29,18.40735294117647,16.695652173913043,16.217391304347824,3.9,0.0,8.0,86.0
67363,29,18.164788732394364,16.42028985507246,15.959420289855071,3.8,0.0,4.8,84.0
68263,29,17.932394366197183,16.0,15.570833333333336,3.6,0.0,4.8,84.0
69163,29,17.745714285714286,15.783582089552237,15.3,3.3,0.0,4.8,85.0
70063,29,17.59722222222222,16.058823529411764,15.270588235294118,3.0,0.0,4.8,86.0
70963,29,17.612857142857145,41.74242424242424,33.60151515151515,2.7,0.0,1.6,86.0
71863,29,18.390625,51.92647058823529,48.22352941176471,2.3,0.0,1.6,86.0
72763,29,19.163235294117648,53.43382352941177,48.58382352941176,2.1,0.0,3.2,87.0
73663,29,19.69402985074627,53.09154929577464,47.780281690140846,2.2,0.0,1.6,89.0
74563,29,19.985714285714288,36.52205882352941,31.252941176470586,2.3,0.0,1.6,87.0
75463,29,19.953030303030303,26.03787878787879,21.78181818181818,2.1,0.0,0.0,88.0
76363,29,19.714285714285715,31.115942028985508,25.9231884057971,2.0,0.0,3.2,90.0
77263,29,19.806060606060605,43.87878787878788,39.33030303030303,2.3,0.0,6.4,91.0
78163,29,20.044117647058822,47.28260869565217,42.256521739130434,2.5,0.0,6.4,90.0
79063,29,20.32753623188406,39.48550724637681,36.92463768115942,2.2,0.0,4.8,90.0
79963,29,20.46969696969697,37.919117647058826,35.463235294117645,1.9,0.0,6.4,90.0
80863,29,20.39130434782609,25.782608695652176,22.89565217391304,2.1,0.0,6.4,90.0
81763,29,20.185714285714287,39.49264705882353,34.375,2.3,0.0,4.8,90.0
82663,29,20.355223880597016,32.7,30.142857142857142,2.1,0.0,4.8,90.0
83563,29,20.26086956521739,23.84507042253521,21.04647887323944,2.0,0.0,4.8,90.0
84463,29,20.008823529411764,20.31617647058824,18.30588235294117,1.7,0.0,3.2,91.0
85363,29,19.833333333333336,19.471830985915496,18.77605633802817,1.5,0.0,1.6,90.0
86263,29,20.25142857142857,18.68493150684932,18.46301369863014,1.4,0.0,1.6,90.0
763,30,19.512307692307694,17.698529411764707,17.20735294117647,1.3,0.0,1.6,89.0
1663,30,19.18260869565217,17.044117647058822,16.576470588235292,0.6,0.0,0.0,91.0
2563,30,18.8768115942029,16.697183098591548,16.295774647887324,0.5,0.0,3.2,92.0
3463,30,18.59852941176471,16.5,16.013235294117646,0.2,0.0,1.6,92.0
4363,30,18.3896551724138,16.42028985507246,15.895652173913044,0.3,0.0,3.2,94.0
5263,30,18.2072463768116,16.007042253521128,15.770422535211267,0.6,0.0,1.6,94.0
6163,30,18.04927536231884,16.0,15.5,0.7,0.0,3.2,94.0
7063,30,17.91466666666667,16.0,15.394285714285717,0.3,0.0,0.0,94.0
7963,30,17.78648648648649,15.862318840579707,15.3,0.1,0.0,0.0,94.0
8863,30,17.67910447761194,15.507462686567164,15.09402985074627,-0.3,0.0,4.8,94.0
9763,30,17.58888888888889,15.5,15.0,-0.6,0.0,4.8,94.0
10663,30,17.49861111111111,15.5,14.982857142857142,-0.8,0.0,6.4,95.0
11563,30,17.4,15.5,14.80597014925373,-0.6,0.0,6.4,95.0
12463,30,17.333333333333336,15.5,14.8,-0.8,0.0,4.8,94.0
13363,30,17.269565217391303,15.5,14.8,-0.7,0.0,4.8,96.0
14263,30,17.2,15.484848484848484,14.709090909090907,-0.7,0.0,3.2,95.0
15163,30,17.117910447761194,15.301470588235292,14.504411764705882,-0.5,0.0,6.4,96.0
16063,30,17.06142857142857,15.045454545454549,14.5,0.2,0.0,8.0,94.0
16963,30,17.0,15.0,14.5,-0.2,0.0,4.8,93.0
17863,30,16.904225352112675,15.0,14.5,-0.5,0.0,3.2,94.0
18763,30,16.884057971014492,15.0,14.5,-0.5,0.0,6.4,95.0
19663,30,16.8,15.0,14.5,0.2,0.0,9.7,94.0
20563,30,16.763768115942028,15.0,14.5,0.3,0.0,8.0,93.0
21463,30,16.7,16.492753623188406,14.920289855072465,0.4,0.0,8.0,94.0
22363,30,16.849180327868854,46.704918032786885,36.509836065573765,0.3,0.0,8.0,94.0
23263,30,17.747368421052634,54.8425925925926,49.02962962962963,0.0,0.0,8.0,94.0
24163,30,18.55211267605634,55.05072463768117,49.49710144927536,0.0,0.0,9.7,94.0
25063,30,19.2,55.13461538461538,49.67307692307692,-0.1,0.0,9.7,95.0
25963,30,19.72647058823529,53.75384615384616,48.92,-0.2,0.0,9.7,95.0
26863,30,19.99402985074627,40.55633802816901,36.20140845070422,0.0,0.0,9.7,95.0
27763,30,20.20142857142857,46.54285714285714,41.92142857142857,0.0,0.0,8.0,95.0
28663,30,20.45,31.15217391304348,29.04782608695652,-0.6,0.0,9.7,95.0
29563,30,20.238571428571426,24.15909090909091,22.53181818181818,-0.7,5.0,9.7,95.0
30463,30,19.702857142857145,20.51408450704225,19.445070422535213,-1.1,9.0,9.7,94.0
31363,30,19.16760563380281,18.772058823529413,18.004411764705882,-1.1,11.0,11.3,95.0
32263,30,18.712857142857143,17.753731343283583,17.171641791044777,-0.4,18.0,12.9,95.0
33163,30,18.33142857142857,17.094202898550726,16.536231884057973,0.4,19.0,11.3,94.0
34063,30,18.041509433962265,16.536231884057973,16.07246376811594,0.8,23.0,6.4,94.0
34963,30,17.785507246376813,16.106060606060606,15.686363636363636,0.9,24.0,8.0,94.0
35863,30,17.58730158730159,16.0,15.41304347826087,1.5,26.0,9.7,93.0
36763,30,17.43968253968254,15.676923076923078,15.276923076923078,1.9,30.0,8.0,92.0
37663,30,17.304615384615385,15.5,15.0,2.1,30.0,8.0,91.0
38563,30,17.1955223880597,15.5,14.871641791044777,2.5,32.0,9.7,90.0
39463,30,17.1,15.5,14.8,3.4,220.0,12.9,87.0
40363,30,17.002857142857145,15.407142857142858,14.8,3.6,42.0,16.1,87.0
41263,30,16.952173913043477,15.04285714285714,14.697142857142856,3.4,104.0,11.3,88.0
42163,30,16.9,15.0,14.508571428571427,4.2,232.0,16.1,87.0
43063,30,16.847142857142856,15.0,14.5,4.4,255.0,22.5,86.0
43963,30,16.8,15.0,14.5,4.6,269.0,24.1,87.0
44863,30,16.8,15.0,14.5,4.4,77.0,25.7,86.0
45763,30,16.7015625,15.0,14.373846153846154,4.5,240.0,24.1,86.0
46663,30,16.685294117647057,15.0,14.3,4.3,105.0,20.9,87.0
47563,30,16.6,15.0,14.3,4.2,86.0,20.9,87.0
48463,30,16.579104477611942,15.0,14.3,4.4,100.0,11.3,87.0
49363,30,16.5,15.0,14.3,4.9,155.0,20.9,83.0
50263,30,16.5,15.0,14.3,4.8,90.0,22.5,83.0
51163,30,16.402941176470588,14.753333333333334,14.252,4.8,88.0,20.9,84.0
52063,30,16.4,14.5,14.013043478260869,4.8,111.0,19.3,84.0
52963,30,16.30142857142857,14.5,14.0,4.7,88.0,20.9,84.0
53863,30,16.292537313432838,14.5,14.0,4.6,67.0,24.1,84.0
54763,30,16.2,14.5,14.0,4.7,69.0,24.1,84.0
55663,30,16.2,14.5,14.0,4.7,60.0,22.5,83.0
56563,30,16.132394366197182,14.5,14.0,4.7,48.0,20.9,83.0
57463,30,16.1,14.5,14.0,4.5,33.0,20.9,84.0
58363,30,16.05211267605634,14.5,13.958333333333334,4.6,29.0,22.5,84.0
59263,30,16.0,14.5,13.82,4.5,9.0,20.9,84.0
60163,30,16.0,14.5,13.8,4.5,0.0,20.9,84.0
61063,30,15.955072463768117,20.381818181818183,16.425454545454546,4.3,0.0,22.5,85.0
61963,30,16.087142857142858,49.92622950819673,42.08196721311475,4.2,0.0,22.5,85.0
62863,30,16.67536231884058,49.46376811594203,44.91449275362319,4.3,0.0,24.1,85.0
63763,30,17.16268656716418,36.86363636363636,33.82272727272728,4.3,0.0,22.5,85.0
64663,30,17.392727272727274,32.973214285714285,30.58571428571428,4.2,0.0,12.9,85.0
65563,30,17.49855072463768,23.58955223880597,21.813432835820898,4.2,0.0,11.3,85.0
66463,30,17.394117647058824,19.56617647058824,18.41470588235294,4.2,0.0,6.4,85.0
67363,30,17.268115942028984,17.669117647058822,16.886764705882353,4.6,0.0,24.1,84.0
68263,30,17.047826086956523,16.57857142857143,16.002857142857145,4.5,0.0,20.9,85.0
69163,30,16.843661971830986,15.871428571428572,15.431428571428572,4.6,0.0,19.3,85.0
70063,30,16.677142857142858,15.5,15.065753424657537,4.7,0.0,20.9,85.0
70963,30,16.529850746268657,25.217391304347824,21.01159420289855,4.6,0.0,24.1,86.0
71863,30,16.844615384615384,51.12328767123288,44.44109589041096,4.6,0.0,25.7,85.0
72763,30,17.495384615384616,52.90140845070423,48.65070422535212,4.7,0.0,29.0,85.0
73663,30,18.03125,53.21830985915493,48.80281690140845,4.7,0.0,22.5,85.0
74563,30,18.470149253731343,53.16428571428571,48.432857142857145,4.8,0.0,14.5,84.0
75463,30,18.973134328358206,54.49285714285715,49.44857142857143,5.0,0.0,19.3,84.0
76363,30,19.44857142857143,53.54347826086956,49.02173913043478,4.9,0.0,12.9,85.0
77263,30,19.93055555555556,54.5,49.82769230769231,4.9,0.0,4.8,85.0
78163,30,20.33235294117647,55.08571428571429,49.83428571428571,4.9,0.0,12.9,87.0
79063,30,20.70952380952381,55.48571428571429,49.83142857142857,4.5,0.0,16.1,89.0
79963,30,21.015942028985503,54.3955223880597,48.8955223880597,4.6,0.0,14.5,88.0
80863,30,21.28695652173913,54.48611111111111,49.391666666666666,4.4,0.0,14.5,88.0
81763,30,21.30289855072464,38.09154929577465,34.03521126760563,4.4,0.0,16.1,88.0
82663,30,21.064705882352943,27.11940298507463,22.94179104477612,4.4,0.0,14.5,88.0
83563,30,20.68,22.63235294117647,20.20294117647059,4.5,0.0,12.9,88.0
84463,30,20.24782608695652,20.21969696969697,19.28030303030303,4.4,0.0,16.1,88.0
85363,30,19.81304347826087,18.47222222222222,17.68611111111111,4.3,0.0,14.5,88.0
86263,30,19.418840579710142,17.753623188405797,17.178260869565218,4.4,0.0,19.3,88.0
763,31,19.05217391304348,17.057971014492754,16.38840579710145,4.4,0.0,22.5,88.0
1663,31,18.734285714285715,16.51492537313433,15.919402985074626,4.4,0.0,12.9,88.0
2563,31,18.442465753424656,16.246376811594203,15.634782608695652,4.4,0.0,16.1,89.0
3463,31,18.185714285714287,16.0,15.44,4.5,0.0,14.5,89.0
4363,31,17.970967741935485,16.0,15.365714285714285,4.4,0.0,19.3,89.0
5263,31,17.8203125,15.659420289855072,15.060869565217391,4.5,0.0,25.7,89.0
6163,31,17.663492063492065,15.5,14.935211267605634,4.5,0.0,20.9,89.0
7063,31,17.54285714285714,15.5,14.8,4.4,0.0,20.9,90.0
7963,31,17.42794117647059,15.5,14.791428571428572,4.6,0.0,17.7,90.0
8863,31,17.329850746268654,15.42537313432836,14.535820895522388,4.9,0.0,14.5,91.0
9763,31,17.232394366197184,15.0,14.5,4.9,0.0,12.9,91.0
10663,31,17.16923076923077,15.0,14.496923076923077,5.0,0.0,9.7,91.0
11563,31,17.08955223880597,15.0,14.319718309859155,5.0,0.0,11.3,91.0
12463,31,17.0,15.0,14.3,5.0,0.0,14.5,91.0
13363,31,16.931343283582088,15.0,14.3,5.0,0.0,14.5,92.0
14263,31,16.9,15.0,14.295774647887324,5.2,0.0,9.7,92.0
15163,31,16.810144927536232,15.0,14.095833333333337,5.2,0.0,4.8,92.0
16063,31,16.8,15.0,14.0,5.4,0.0,12.9,92.0
16963,31,16.71857142857143,14.85211267605634,14.0,5.6,0.0,14.5,92.0
17863,31,16.695714285714285,14.507462686567164,14.0,5.4,0.0,20.9,92.0
18763,31,16.6,14.5,14.0,5.2,0.0,25.7,92.0
19663,31,16.595714285714287,14.5,13.982857142857142,4.8,0.0,24.1,93.0
20563,31,16.5,14.5,13.820289855072463,4.8,0.0,24.1,93.0
21463,31,16.5,16.29285714285714,14.384285714285715,4.9,0.0,29.0,93.0
22363,31,16.647945205479452,46.35,36.18714285714286,5.0,0.0,30.6,93.0
23263,31,17.483050847457626,53.271186440677965,47.840677966101694,5.0,0.0,30.6,93.0
24163,31,18.19090909090909,39.64615384615384,35.13692307692308,4.8,0.0,29.0,92.0
25063,31,18.6,46.69672131147541,40.96065573770492,4.6,0.0,29.0,93.0
25963,31,18.890625,29.7421875,25.7484375,4.6,0.0,27.4,94.0
26863,31,18.84558823529412,22.84285714285714,20.25142857142857,4.8,0.0,25.7,93.0
27763,31,18.647692307692303,19.65277777777778,18.047222222222224,5.0,0.0,24.1,94.0
28663,31,18.42933333333333,17.963235294117645,17.141176470588235,5.3,0.0,20.9,94.0
29563,31,18.281333333333333,17.556338028169016,17.401408450704224,5.6,0.0,20.9,94.0
30463,31,18.11805555555556,16.911764705882355,16.760294117647057,5.5,0.0,25.7,92.0
31363,31,17.874666666666666,16.411764705882355,16.01764705882353,5.5,5.0,20.9,92.0
32263,31,17.66923076923077,16.0,15.611428571428572,5.7,9.0,11.3,91.0
33163,31,17.50138888888889,15.746376811594205,15.357971014492753,5.7,14.0,4.8,92.0
34063,31,17.350746268656714,15.5,15.26086956521739,6.5,16.0,16.1,93.0
34963,31,17.236764705882354,15.5,15.0,6.8,18.0,19.3,91.0
35863,31,17.13768115942029,15.5,14.948648648648648,6.9,30.0,22.5,91.0
36763,31,17.03970588235294,15.393939393939394,14.8,7.0,40.0,24.1,91.0
37663,31,16.969117647058823,15.007246376811594,14.8,7.1,51.0,19.3,90.0
38563,31,16.9,15.0,14.70735294117647,7.2,54.0,20.9,89.0
39463,31,16.85,15.0,14.5,7.4,90.0,22.5,89.0
40363,31,16.8,15.0,14.5,7.9,139.0,25.7,87.0
41263,31,16.8,15.0,14.5,7.2,104.0,27.4,87.0
42163,31,16.71159420289855,15.0,14.474285714285712,7.0,114.0,25.7,88.0
43063,31,16.7,15.0,14.306060606060608,6.8,130.0,25.7,91.0
43963,31,16.676470588235293,15.0,14.3,7.1,167.0,22.5,91.0
44863,31,16.6,15.0,14.3,7.6,109.0,22.5,89.0
45763,31,16.6,15.0,14.3,7.4,83.0,22.5,90.0
46663,31,16.548571428571428,15.0,14.3,7.4,90.0,22.5,91.0
47563,31,16.5,15.0,14.3,7.7,77.0,24.1,90.0
48463,31,16.5,15.0,14.3,7.8,79.0,16.1,89.0
49363,31,16.42741935483871,15.0,14.3,8.0,97.0,11.3,88.0
50263,31,16.4,14.993055555555554,14.3,8.3,104.0,12.9,88.0
51163,31,16.4,14.80597014925373,14.3,8.6,84.0,11.3,87.0
52063,31,16.366176470588236,14.639705882352942,14.3,8.7,69.0,14.5,87.0
52963,31,16.3,14.515384615384615,14.3,8.7,90.0,14.5,87.0
53863,31,16.3,14.5,14.291549295774647,8.5,67.0,24.1,88.0
54763,31,16.3,14.5,14.105882352941176,8.5,81.0,19.3,88.0
55663,31,16.231428571428573,14.5,14.0,8.3,60.0,20.9,89.0
56563,31,16.2,14.5,14.0,8.3,40.0,19.3,89.0
57463,31,16.2,14.5,14.0,8.1,16.0,17.7,90.0
58363,31,16.152857142857144,14.5,14.0,8.1,12.0,14.5,90.0
59263,31,16.1,14.5,14.0,8.2,5.0,14.5,90.0
60163,31,16.1,14.5,14.0,8.2,0.0,16.1,90.0
61063,31,16.061764705882354,14.5,14.0,8.3,0.0,19.3,89.0
61963,31,16.013235294117646,24.986486486486488,19.013513513513512,8.3,0.0,16.1,89.0
62863,31,16.412857142857142,42.69565217391305,35.63623188405797,8.2,0.0,16.1,90.0
63763,31,17.23768115942029,52.47058823529412,45.27205882352941,8.1,0.0,14.5,90.0
64663,31,18.25774647887324,51.21126760563381,47.07887323943662,8.0,0.0,12.9,91.0
65563,31,18.94202898550725,48.0774647887324,42.39577464788732,7.9,0.0,9.7,91.0
66463,31,19.53913043478261,43.52857142857143,38.80285714285714,7.8,0.0,6.4,92.0
67363,31,19.84558823529412,47.7536231884058,41.25217391304348,7.7,0.0,8.0,92.0
68263,31,20.24411764705882,40.90298507462687,36.32686567164179,7.7,0.0,3.2,92.0
69163,31,20.259090909090908,27.292857142857144,23.532857142857143,7.6,0.0,3.2,91.0
70063,31,20.004285714285714,22.01408450704225,19.79295774647888,7.5,0.0,0.0,92.0
70963,31,19.64626865671642,30.551470588235293,27.972058823529416,7.5,0.0,1.6,91.0
71863,31,19.49718309859155,48.35915492957746,42.00985915492957,7.4,0.0,1.6,91.0
72763,31,19.765,51.76724137931035,47.939655172413794,7.3,0.0,3.2,92.0
73663,31,20.10441176470588,51.59589041095891,48.536986301369865,7.2,0.0,3.2,92.0
74563,31,20.54117647058824,51.366197183098585,48.74084507042254,7.3,0.0,3.2,90.0
75463,31,20.84603174603175,51.28169014084507,48.77464788732394,7.1,0.0,0.0,91.0
76363,31,21.116901408450705,51.26428571428571,48.74,6.8,0.0,1.6,92.0
77263,31,21.2,52.54477611940298,48.7910447761194,6.8,0.0,1.6,93.0
78163,31,21.24927536231884,43.322580645161295,39.74677419354838,6.7,0.0,0.0,92.0
79063,31,21.107462686567164,44.25,39.28387096774193,6.3,0.0,3.2,93.0
79963,31,21.002857142857145,39.04225352112676,36.05774647887324,6.3,0.0,4.8,94.0
80863,31,20.97384615384616,44.26712328767123,40.29726027397261,6.3,0.0,3.2,94.0
81763,31,20.962857142857143,31.275362318840585,27.33768115942029,6.3,0.0,1.6,93.0
82663,31,20.76086956521739,24.171641791044777,21.007462686567163,6.2,0.0,4.8,94.0
83563,31,21.03,22.15277777777778,21.26388888888889,6.1,0.0,1.6,93.0
84463,31,20.73181818181818,20.42957746478873,20.02394366197183,6.0,0.0,1.6,94.0
85363,31,20.3112676056338,19.065217391304348,18.57971014492754,6.1,0.0,1.6,93.0
86263,31,19.98358208955224,18.21917808219178,17.698630136986303,6.0,0.0,3.2,94.0
763,32,19.69428571428572,17.732394366197184,17.34788732394366,6.0,0.0,3.2,94.0
1663,32,19.40882352941177,17.5,17.005714285714284,6.2,0.0,3.2,93.0
2563,32,19.19701492537313,17.007042253521128,16.798591549295775,6.3,0.0,4.8,93.0
3463,32,18.99855072463768,17.0,16.504109589041096,6.3,0.0,4.8,93.0
4363,32,18.846376811594205,16.795774647887324,16.33943661971831,6.6,0.0,11.3,92.0
5263,32,18.69117647058824,16.5,16.219718309859154,6.4,0.0,1.6,91.0
6163,32,18.58,16.5,16.0,6.4,0.0,3.2,91.0
7063,32,18.482539682539684,16.5,15.917142857142858,6.6,0.0,0.0,90.0
7963,32,18.3875,16.5,15.8,6.4,0.0,0.0,90.0
8863,32,18.294666666666664,16.47945205479452,15.8,6.8,0.0,1.6,88.0
9763,32,18.2,16.09558823529412,15.566176470588236,6.5,0.0,3.2,89.0
10663,32,18.12753623188405,16.0,15.5,5.9,0.0,0.0,90.0
11563,32,18.07246376811594,16.0,15.5,5.5,0.0,0.0,92.0
12463,32,18.0,16.0,15.43235294117647,5.3,0.0,1.6,93.0
13363,32,17.92173913043478,16.0,15.3,5.2,0.0,0.0,93.0
14263,32,17.8955223880597,16.0,15.3,5.3,0.0,3.2,94.0
15163,32,17.8,16.0,15.3,5.4,0.0,4.8,95.0
16063,32,17.8,16.0,15.3,5.3,0.0,0.0,94.0
16963,32,17.708333333333336,16.0,15.265714285714283,5.3,0.0,0.0,95.0
17863,32,17.7,16.0,15.03,5.3,0.0,0.0,95.0
18763,32,17.63943661971831,16.0,15.0,5.3,0.0,0.0,96.0
19663,32,17.6,15.930555555555554,15.0,5.3,0.0,0.0,97.0
20563,32,17.570422535211268,15.681159420289855,15.0,5.3,0.0,1.6,97.0
21463,32,17.5,16.326923076923077,15.209615384615384,5.2,0.0,6.4,97.0
22363,32,17.683333333333334,49.73333333333333,39.67,5.1,0.0,6.4,97.0
23263,32,18.45384615384616,54.82638888888889,49.34583333333333,5.1,0.0,6.4,97.0
24163,32,19.22058823529412,41.76056338028169,37.971830985915496,5.1,0.0,6.4,97.0
25063,32,19.638028169014085,49.42424242424242,43.88484848484849,5.2,0.0,6.4,97.0
25963,32,20.305714285714284,35.61111111111111,32.709722222222226,5.4,0.0,8.0,98.0
26863,32,20.28235294117647,26.613636363636363,24.74242424242424,5.6,0.0,6.4,98.0
27763,32,19.917142857142856,22.88571428571429,21.841428571428573,5.7,0.0,6.4,97.0
28663,32,19.698507462686567,20.33606557377049,19.51475409836065,5.7,0.0,8.0,97.0
29563,32,19.457971014492752,18.83098591549296,18.067605633802817,5.4,0.0,8.0,97.0
30463,32,19.21764705882353,17.885714285714286,17.325714285714287,5.3,5.0,8.0,97.0
31363,32,18.98030303030303,17.384615384615383,16.886153846153846,5.3,7.0,9.7,97.0
32263,32,18.75522388059701,17.0,16.5046875,5.3,26.0,8.0,97.0
33163,32,18.54848484848485,16.703125,16.2625,5.3,32.0,8.0,97.0
34063,32,18.38450704225352,16.5,16.0,5.4,51.0,4.8,98.0
34963,32,18.24242424242424,16.5,15.858823529411763,5.5,39.0,6.4,98.0
35863,32,18.14814814814815,16.34328358208955,15.8,5.8,76.0,6.4,97.0
36763,32,18.034920634920635,16.0,15.637142857142855,5.9,37.0,6.4,98.0
37663,32,17.951470588235292,16.0,15.5,6.1,90.0,4.8,98.0
38563,32,17.895890410958906,16.0,15.5,6.3,66.0,4.8,98.0
39463,32,17.8,16.0,15.497142857142856,6.7,58.0,3.2,98.0
40363,32,17.796774193548387,16.0,15.370588235294118,7.1,91.0,9.7,97.0
41263,32,17.701408450704225,16.0,15.3,7.4,141.0,11.3,95.0
42163,32,17.7,16.0,15.3,7.8,269.0,12.9,95.0
43063,32,17.643076923076926,16.0,15.3,8.2,74.0,14.5,92.0
43963,32,17.6,16.0,15.3,8.1,69.0,14.5,92.0
44863,32,17.6,16.0,15.3,8.3,97.0,12.9,92.0
45763,32,17.6,15.948529411764708,15.3,8.7,81.0,12.9,89.0
46663,32,17.587142857142858,15.808823529411764,15.260294117647058,9.1,97.0,14.5,88.0
47563,32,17.5,15.551470588235292,15.048529411764708,8.9,81.0,14.5,88.0
48463,32,17.5,15.507462686567164,15.0,9.0,91.0,14.5,88.0
49363,32,17.5,15.5,15.0,9.3,86.0,16.1,87.0
50263,32,17.451923076923077,15.5,15.0,9.1,60.0,16.1,86.0
51163,32,17.4,15.5,15.0,9.1,69.0,12.9,86.0
52063,32,17.4,15.5,15.0,8.9,42.0,14.5,86.0
52963,32,17.31549295774648,15.5,15.0,8.7,47.0,12.9,86.0
53863,32,17.3,15.5,15.0,8.5,28.0,8.0,87.0
54763,32,17.255072463768116,15.5,14.96470588235294,8.4,25.0,9.7,87.0
55663,32,17.2,15.5,14.83768115942029,8.3,18.0,9.7,88.0
56563,32,17.19090909090909,15.5,14.8,8.2,17.0,9.7,88.0
57463,32,17.1,15.5,14.8,8.0,12.0,9.7,88.0
58363,32,17.0972602739726,15.5,14.8,7.9,14.0,8.0,88.0
59263,32,17.004285714285714,15.5,14.8,7.7,9.0,6.4,88.0
60163,32,17.0,15.5,14.8,7.7,5.0,9.7,88.0
61063,32,16.92676056338028,15.5,14.8,7.6,0.0,8.0,88.0
61963,32,16.90634920634921,27.77868852459017,20.959016393442624,7.8,0.0,8.0,87.0
62863,32,17.461194029850745,53.57857142857144,45.86,7.5,0.0,6.4,87.0
63763,32,18.47777777777777,54.95161290322581,49.63548387096775,7.4,0.0,9.7,87.0
64663,32,19.217741935483872,41.62295081967213,37.708196721311474,7.0,0.0,9.7,87.0
65563,32,19.53333333333333,50.6056338028169,44.54507042253521,6.9,0.0,8.0,87.0
66463,32,19.922857142857143,38.71014492753624,34.7927536231884,6.6,0.0,8.0,88.0
67363,32,19.94,27.20289855072464,24.042028985507248,6.4,0.0,8.0,88.0
68263,32,19.742028985507247,22.433823529411764,20.527941176470588,6.7,0.0,19.3,87.0
69163,32,19.481428571428573,21.04285714285714,19.76142857142857,6.6,0.0,12.9,87.0
70063,32,19.34776119402985,45.01515151515152,38.00454545454546,6.5,0.0,16.1,88.0
70963,32,19.664285714285715,34.49285714285715,31.052857142857142,6.7,0.0,17.7,88.0
71863,32,19.713235294117645,25.34027777777778,22.904166666666665,6.8,0.0,19.3,88.0
72763,32,19.67619047619048,21.27777777777778,19.882539682539683,6.9,0.0,20.9,88.0
73663,32,19.526984126984125,19.032258064516128,18.043548387096774,7.0,0.0,22.5,88.0
74563,32,19.33134328358209,17.95,17.14,7.2,0.0,25.7,88.0
75463,32,19.1,17.370689655172413,16.624137931034483,7.3,0.0,22.5,88.0
76363,32,18.90153846153846,17.0,16.352459016393443,7.3,0.0,20.9,89.0
77263,32,18.67183098591549,16.59285714285714,16.04285714285714,7.3,0.0,19.3,89.0
78163,32,18.47887323943662,26.343283582089555,22.48955223880597,7.4,0.0,19.3,90.0
79063,32,18.65873015873016,50.3984375,42.3984375,7.6,0.0,11.3,91.0
79963,32,19.423880597014925,53.71428571428571,49.184285714285714,7.7,0.0,12.9,90.0
80863,32,20.097101449275364,51.198630136986296,46.57808219178082,7.8,0.0,11.3,90.0
81763,32,20.397142857142857,33.67910447761194,28.64776119402985,7.8,0.0,8.0,89.0
82663,32,20.34117647058824,25.727941176470587,22.72058823529412,7.7,0.0,6.4,90.0
83563,32,20.09230769230769,21.768115942028984,20.18115942028985,7.8,0.0,9.7,90.0
84463,32,19.82058823529412,19.69117647058824,18.53970588235294,7.8,0.0,9.7,91.0
85363,32,19.554411764705883,18.37313432835821,17.344776119402987,7.8,0.0,9.7,90.0
86263,32,19.29705882352941,17.60144927536232,16.73768115942029,7.8,0.0,4.8,88.0
763,33,19.06617647058824,17.075757575757574,16.37272727272727,8.1,0.0,16.1,83.0
1663,33,18.861764705882354,16.977272727272727,16.196969696969695,7.9,0.0,16.1,83.0
2563,33,18.67,16.87313432835821,16.46716417910448,7.9,0.0,16.1,82.0
3463,33,18.490277777777777,16.5,16.03134328358209,7.9,0.0,11.3,83.0
4363,33,18.338235294117645,16.5,15.822535211267606,7.8,0.0,12.9,84.0
5263,33,18.21186440677966,16.37313432835821,15.786567164179104,7.8,0.0,27.4,85.0
6163,33,18.097142857142856,16.0,15.504615384615386,7.7,0.0,22.5,85.0
7063,33,18.0,16.0,15.5,7.7,0.0,20.9,85.0
7963,33,17.904,16.0,15.436111111111112,7.7,0.0,19.3,85.0
8863,33,17.82,16.0,15.3,7.8,0.0,19.3,85.0
9763,33,17.77777777777778,16.0,15.3,7.7,0.0,20.9,86.0
10663,33,17.7,16.0,15.3,7.0,0.0,11.3,87.0
11563,33,17.637142857142855,16.0,15.13943661971831,7.6,0.0,17.7,86.0
12463,33,17.6,15.835714285714284,15.0,7.7,0.0,17.7,85.0
13363,33,17.523880597014927,15.50735294117647,15.0,7.5,0.0,11.3,86.0
14263,33,17.5,15.5,15.0,7.8,0.0,12.9,84.0
15163,33,17.41857142857143,15.5,15.0,8.1,0.0,16.1,83.0
16063,33,17.4,15.5,14.9768115942029,8.1,0.0,12.9,83.0
16963,33,17.337878787878786,15.5,14.814285714285711,7.9,0.0,11.3,84.0
17863,33,17.3,15.5,14.8,7.6,0.0,4.8,85.0
18763,33,17.266666666666666,15.5,14.8,7.3,0.0,6.4,87.0
19663,33,17.2,15.5,14.8,7.4,0.0,6.4,87.0
20563,33,17.2,15.5,14.8,7.8,0.0,11.3,87.0
21463,33,17.116901408450705,17.041666666666664,15.272222222222222,7.9,0.0,17.7,88.0
22363,33,17.294285714285714,47.51428571428572,37.26285714285714,8.1,0.0,17.7,88.0
23263,33,18.228125,53.81666666666666,49.06666666666667,8.2,0.0,12.9,89.0
24163,33,19.08888888888889,39.68478260869565,36.006521739130434,8.2,0.0,14.5,89.0
25063,33,19.46875,48.02985074626866,43.34626865671642,8.1,0.0,11.3,90.0
25963,33,19.85606060606061,35.13235294117647,31.43676470588236,8.2,0.0,12.9,90.0
26863,33,19.89666666666667,25.375,22.1265625,8.6,0.0,16.1,90.0
27763,33,19.74647887323944,21.62328767123288,19.44109589041096,8.7,0.0,22.5,90.0
28663,33,19.65,19.55172413793104,18.47931034482759,8.7,0.0,19.3,90.0
29563,33,19.93636363636364,18.852941176470587,18.398529411764702,8.8,0.0,17.7,90.0
30463,33,19.4,18.246376811594203,18.018840579710144,9.0,7.0,14.5,90.0
31363,33,19.115277777777777,17.485714285714288,17.017142857142858,9.2,12.0,12.9,90.0
32263,33,18.859701492537315,17.0,16.56338028169014,9.5,25.0,16.1,90.0
33163,33,18.615277777777777,16.795774647887324,16.330985915492956,9.7,30.0,22.5,90.0
34063,33,18.422535211267608,16.5,16.228169014084507,9.9,44.0,22.5,89.0
34963,33,18.240277777777777,16.5,16.0,10.1,39.0,22.5,89.0
35863,33,18.063235294117646,16.394366197183096,15.825352112676056,9.8,19.0,17.7,89.0
36763,33,17.93611111111111,16.0,15.8,10.2,21.0,16.1,88.0
37663,33,17.826760563380283,16.0,15.536923076923078,10.2,12.0,14.5,88.0
38563,33,17.759701492537314,16.0,15.5,10.3,16.0,12.9,88.0
39463,33,17.7,16.0,15.5,10.8,40.0,19.3,87.0
40363,33,17.614705882352943,16.0,15.47058823529412,11.0,102.0,20.9,85.0
41263,33,17.6,16.0,15.302898550724638,11.0,120.0,24.1,85.0
42163,33,17.551470588235293,16.0,15.3,11.1,144.0,25.7,85.0
43063,33,17.5,16.0,15.3,11.4,162.0,22.5,84.0
43963,33,17.498529411764707,16.0,15.3,11.3,90.0,22.5,84.0
44863,33,17.404225352112675,15.985915492957748,15.3,11.2,53.0,17.7,85.0
45763,33,17.4,15.835714285714284,15.295714285714286,11.1,139.0,22.5,85.0
46663,33,17.4,15.564285714285711,15.111428571428572,11.1,62.0,20.9,85.0
47563,33,17.333333333333336,15.50735294117647,15.0,11.0,91.0,20.9,86.0
48463,33,17.3,15.5,15.0,10.8,19.0,19.3,87.0
49363,33,17.3,15.5,15.0,10.7,16.0,17.7,88.0
50263,33,17.2768115942029,15.5,15.0,10.7,16.0,17.7,88.0
51163,33,17.2,15.5,15.0,10.7,5.0,17.7,87.0
52063,33,17.2,15.5,15.0,10.7,11.0,16.1,88.0
52963,33,17.197183098591548,15.5,15.0,10.6,26.0,14.5,88.0
53863,33,17.11764705882353,15.5,15.0,10.8,7.0,14.5,86.0
54763,33,17.1,15.5,15.0,10.8,19.0,12.9,86.0
55663,33,17.1,15.5,14.991666666666664,10.9,30.0,17.7,85.0
56563,33,17.030882352941177,15.5,14.927777777777775,10.9,33.0,17.7,83.0
57463,33,17.0,15.5,14.811940298507462,11.0,25.0,19.3,82.0
58363,33,17.0,15.5,14.8,10.9,18.0,22.5,81.0
59263,33,16.955384615384617,15.5,14.8,10.8,11.0,16.1,81.0
60163,33,16.9,15.5,14.8,10.7,9.0,12.9,81.0
61063,33,16.9,15.5,14.8,10.6,0.0,16.1,80.0
61963,33,16.902985074626866,25.85,19.964285714285715,10.5,0.0,16.1,80.0
62863,33,17.330000000000002,47.71428571428572,41.254285714285714,10.3,0.0,16.1,79.0
63763,33,18.22,48.86231884057971,46.29420289855072,10.4,0.0,22.5,79.0
64663,33,18.946153846153845,46.21641791044776,41.88358208955224,10.3,0.0,22.5,78.0
65563,33,19.63846153846153,53.66666666666666,49.01481481481481,10.2,0.0,22.5,78.0
66463,33,20.20909090909091,54.0,49.490476190476194,10.3,0.0,25.7,78.0
67363,33,20.661016949152543,54.0,49.5,10.1,0.0,19.3,79.0
68263,33,21.015254237288136,53.943396226415096,49.420754716981136,10.1,0.0,24.1,80.0
69163,33,21.22978723404256,54.22549019607843,49.07058823529412,9.9,0.0,22.5,81.0
70063,33,21.419607843137253,54.97872340425532,49.98723404255319,9.8,0.0,24.1,81.0
70963,33,21.64927536231884,55.0,50.1875,10.2,0.0,27.4,79.0
71863,33,21.73333333333333,55.0,50.36760563380282,10.2,0.0,27.4,78.0
72763,33,22.037142857142857,55.75675675675676,50.31621621621622,10.1,0.0,29.0,78.0
73663,33,22.58970588235294,56.0,50.38695652173913,10.1,0.0,29.0,78.0
74563,33,22.973972602739728,56.007575757575765,50.5,10.3,0.0,30.6,77.0
75463,33,23.04328358208955,55.53676470588236,50.79117647058824,10.2,0.0,32.2,78.0
76363,33,22.913636363636364,55.5,50.78695652173913,9.8,0.0,29.0,81.0
77263,33,22.9,55.5,50.8,9.6,0.0,30.6,82.0
78163,33,22.9,55.5,50.8,9.6,0.0,32.2,82.0
79063,33,22.934328358208955,46.61594202898551,43.31014492753623,9.6,0.0,29.0,81.0
79963,33,22.73661971830986,30.229166666666668,29.615277777777777,9.7,0.0,32.2,80.0
80863,33,22.355882352941176,23.794520547945204,24.64109589041096,9.7,0.0,32.2,79.0
81763,33,21.95072463768116,20.964285714285715,22.211428571428574,9.8,0.0,32.2,79.0
82663,33,22.053846153846155,21.0,21.2890625,9.7,0.0,33.8,79.0
83563,33,22.01111111111112,20.4765625,20.0671875,9.6,0.0,32.2,79.0
84463,33,21.378260869565217,19.464285714285715,18.915714285714284,9.4,0.0,32.2,80.0
85363,33,20.962686567164177,18.77142857142857,18.235714285714288,9.3,0.0,29.0,81.0
86263,33,20.624285714285712,18.5,17.838235294117645,9.1,0.0,24.1,82.0
763,34,20.394117647058824,18.40277777777778,17.927777777777777,9.1,0.0,19.3,81.0
1663,34,20.175,18.0,17.554929577464787,9.1,0.0,19.3,82.0
2563,34,20.014864864864865,18.0,17.389855072463767,9.1,0.0,20.9,82.0
3463,34,19.86865671641791,18.0,17.3,9.2,0.0,20.9,82.0
4363,34,19.752238805970148,17.795774647887324,17.185915492957747,9.1,0.0,25.7,83.0
5263,34,19.65211267605634,17.5,17.0,8.9,0.0,27.4,84.0
6163,34,19.55,17.5,17.0,8.9,0.0,30.6,84.0
7063,34,19.470149253731343,17.5,16.869565217391305,8.6,0.0,35.4,83.0
7963,34,19.4,17.5,16.8,8.1,0.0,40.2,86.0
8863,34,19.302857142857142,17.5,16.8,8.1,0.0,33.8,86.0
9763,34,19.25797101449276,17.5,16.8,8.4,0.0,41.8,83.0
10663,34,19.2,17.295454545454547,16.740909090909092,8.6,0.0,38.6,83.0
11563,34,19.10428571428572,17.00714285714286,16.50857142857143,8.6,0.0,32.2,83.0
12463,34,19.055714285714284,17.0,16.5,8.6,0.0,30.6,83.0
13363,34,19.0,17.0,16.5,8.4,0.0,32.2,83.0
14263,34,18.955882352941178,17.0,16.5,8.1,0.0,25.7,85.0
15163,34,18.9,17.0,16.5,7.9,0.0,27.4,85.0
16063,34,18.843661971830983,17.0,16.40909090909091,7.7,0.0,25.7,85.0
16963,34,18.8,17.0,16.3,7.7,0.0,27.4,85.0
17863,34,18.71764705882353,17.0,16.3,7.7,0.0,24.1,85.0
18763,34,18.7,17.0,16.3,7.7,0.0,25.7,84.0
19663,34,18.63611111111112,17.0,16.3,7.7,0.0,24.1,81.0
20563,34,18.6,16.97887323943662,16.3,7.6,0.0,25.7,84.0
21463,34,18.56176470588236,18.392857142857142,16.797142857142855,7.3,0.0,24.1,84.0
22363,34,18.692753623188405,46.40845070422535,37.322535211267606,6.8,0.0,29.0,86.0
23263,34,19.36805555555556,34.55882352941176,32.93529411764706,6.5,0.0,25.7,86.0
24163,34,19.71791044776119,24.253521126760564,25.16197183098592,6.5,0.0,29.0,86.0
25063,34,19.8,20.73611111111111,21.84583333333333,6.5,0.0,30.6,86.0
25963,34,19.74776119402985,20.37313432835821,20.076119402985075,6.5,0.0,29.0,86.0
26863,34,19.643478260869564,19.45652173913044,18.759420289855072,6.4,0.0,25.7,86.0
27763,34,19.514492753623188,18.666666666666664,18.011111111111113,6.5,0.0,20.9,86.0
28663,34,19.514492753623188,18.3125,18.147222222222226,6.6,0.0,16.1,85.0
29563,34,19.51194029850746,17.782608695652176,17.402898550724636,6.6,9.0,19.3,84.0
30463,34,19.319444444444446,17.25,16.640277777777776,6.6,37.0,14.5,84.0
31363,34,19.155882352941177,17.0,16.31142857142857,6.7,69.0,16.1,84.0
32263,34,18.98732394366197,16.84057971014493,16.05217391304348,6.8,33.0,17.7,84.0
33163,34,18.85352112676056,16.5,16.0,6.7,14.0,12.9,85.0
34063,34,18.719402985074627,16.5,16.0,6.3,16.0,16.1,87.0
34963,34,18.612676056338028,16.5,16.0,6.1,25.0,16.1,88.0
35863,34,18.532876712328765,16.5,16.0,5.5,21.0,17.7,86.0
36763,34,18.45970149253732,16.5,15.949295774647888,5.4,28.0,19.3,87.0
37663,34,18.4,16.5,15.8,5.2,32.0,17.7,87.0
38563,34,18.331818181818186,16.5,15.8,5.4,71.0,17.7,87.0
39463,34,18.29859154929577,16.5,15.8,5.9,100.0,14.5,86.0
40363,34,18.201639344262297,16.5,15.8,6.3,234.0,12.9,85.0
41263,34,18.2,16.16949152542373,15.8,6.6,74.0,17.7,84.0
42163,34,18.113333333333333,16.0,15.654285714285717,6.7,81.0,19.3,83.0
43063,34,18.1,16.0,15.5,7.2,149.0,17.7,83.0
43963,34,18.097142857142856,16.0,15.5,8.1,302.0,16.1,77.0
44863,34,18.00185185185185,16.0,15.5,7.7,132.0,19.3,79.0
45763,34,18.0,16.0,15.5,7.8,204.0,17.7,80.0
46663,34,18.0,16.0,15.5,7.0,56.0,20.9,82.0
47563,34,18.0,16.0,15.5,7.2,160.0,12.9,81.0
48463,34,17.91060606060606,16.0,15.5,7.8,214.0,16.1,77.0
49363,34,17.9,16.0,15.5,8.4,263.0,12.9,75.0
50263,34,17.89848484848485,16.0,15.474193548387095,8.4,174.0,8.0,76.0
51163,34,17.806153846153848,16.0,15.333333333333334,8.2,109.0,11.3,74.0
52063,34,17.8,16.0,15.3,8.0,67.0,8.0,76.0
52963,34,17.77605633802817,16.0,15.3,7.9,69.0,6.4,76.0
53863,34,17.7,16.0,15.3,7.7,47.0,6.4,78.0
54763,34,17.7,16.0,15.3,7.6,25.0,6.4,79.0
55663,34,17.60441176470588,16.0,15.3,7.4,28.0,9.7,80.0
56563,34,17.6,15.992537313432836,15.3,7.3,24.0,11.3,79.0
57463,34,17.543636363636363,15.928571428571429,15.3,7.3,14.0,14.5,76.0
58363,34,17.5,15.625,15.286764705882351,7.3,7.0,17.7,77.0
59263,34,17.47142857142857,15.5,15.102857142857143,7.3,5.0,11.3,76.0
60163,34,17.4,15.5,15.0,7.1,1.0,11.3,78.0
61063,34,17.4,15.5,15.0,6.8,0.0,4.8,80.0
61963,34,17.34776119402985,25.81617647058824,20.308823529411764,6.7,0.0,4.8,81.0
62863,34,18.06212121212121,50.630434782608695,45.186956521739134,6.5,0.0,6.4,82.0
63763,34,19.259615384615383,45.48214285714285,42.973214285714285,6.5,0.0,8.0,82.0
64663,34,19.630769230769232,39.84426229508197,36.281967213114754,6.5,0.0,9.7,82.0
65563,34,19.83142857142857,34.42424242424242,32.22121212121212,6.5,0.0,11.3,83.0
66463,34,19.817241379310342,24.629310344827587,24.28103448275862,6.4,0.0,14.5,84.0
67363,34,19.630357142857143,20.06451612903226,20.89677419354839,6.2,0.0,16.1,85.0
68263,34,19.438333333333333,19.0,19.447692307692307,6.2,0.0,17.7,87.0
69163,34,19.27058823529412,19.0,18.514634146341464,6.1,0.0,14.5,88.0
70063,34,18.99473684210526,18.204545454545453,17.509090909090908,5.9,0.0,14.5,89.0
70963,34,18.83703703703704,17.609375,17.025,6.0,0.0,16.1,89.0
71863,34,18.55,17.095238095238095,16.557142857142857,5.9,0.0,17.7,90.0
72763,34,18.410526315789475,17.0,16.375,6.0,0.0,19.3,90.0
73663,34,18.2625,16.785714285714285,16.162857142857142,6.0,0.0,19.3,91.0
74563,34,18.107017543859648,16.5,16.0,5.9,0.0,20.9,93.0
75463,34,18.006666666666668,16.5,15.939130434782609,5.8,0.0,21.7,94.0
76363,34,17.90821917808219,16.5,15.8,5.8,0.0,24.1,94.0
77263,34,17.81969696969697,16.5,15.764179104477613,5.8,0.0,27.4,93.0
78163,34,17.8,16.051724137931036,15.5,5.8,0.0,25.7,92.0
79063,34,17.722727272727273,16.0,15.5,5.9,0.0,24.1,92.0
79963,34,17.63548387096774,16.0,15.5,5.9,0.0,20.9,92.0
80863,34,17.5734375,16.0,15.357142857142858,6.0,0.0,19.3,91.0
81763,34,17.5,16.0,15.3,5.9,0.0,16.1,92.0
82663,34,17.422535211267608,16.0,15.3,6.0,0.0,16.1,91.0
83563,34,17.395238095238096,15.992857142857142,15.3,5.9,0.0,14.5,91.0
84463,34,17.301492537313433,15.82089552238806,15.111940298507465,5.9,0.0,16.1,91.0
85363,34,17.282857142857143,15.5,15.0,5.9,0.0,16.1,91.0
86263,34,17.2,15.56060606060606,15.022727272727272,5.9,0.0,14.5,91.0
763,35,17.2,15.5,15.0,5.9,0.0,17.7,91.0
1663,35,17.19,15.5,15.0,5.9,0.0,14.5,91.0
2563,35,17.1,15.5,15.0,6.0,0.0,14.5,91.0
3463,35,17.1,15.543478260869566,15.013043478260869,6.1,0.0,11.3,92.0
4363,35,17.2,16.0,15.3,6.0,0.0,14.5,92.0
5263,35,17.2,16.0,15.3,5.9,0.0,16.1,93.0
6163,35,17.2,16.0,15.3,5.9,0.0,19.3,93.0
7063,35,17.2,15.971428571428572,15.3,5.9,0.0,20.9,93.0
7963,35,17.165671641791043,15.830882352941178,15.3,5.8,0.0,22.5,93.0
8863,35,17.1,15.610294117647058,15.238235294117649,5.7,0.0,20.9,93.0
9763,35,17.07246376811594,15.507246376811594,15.043478260869566,5.6,0.0,20.9,93.0
10663,35,17.0,15.5,15.0,5.6,0.0,20.9,94.0
11563,35,16.97352941176471,15.5,15.0,5.5,0.0,19.3,94.0
12463,35,16.9,15.5,15.0,5.4,0.0,19.3,94.0
13363,35,16.9,15.5,15.0,5.4,0.0,16.1,94.0
14263,35,16.818840579710145,15.5,15.0,5.3,0.0,14.5,94.0
15163,35,16.8,15.5,15.0,5.3,0.0,12.9,94.0
16063,35,16.787142857142857,15.5,15.0,3.9,0.0,20.9,89.0
16963,35,16.7,15.5,14.918840579710144,3.1,0.0,22.5,91.0
17863,35,16.7,15.5,14.80857142857143,2.8,0.0,22.5,92.0
18763,35,16.610144927536233,15.5,14.8,2.9,0.0,22.5,92.0
19663,35,16.6,15.5,14.8,3.2,0.0,27.4,91.0
20563,35,16.564705882352943,15.5,14.8,3.4,0.0,30.6,91.0
21463,35,16.5,15.5,14.8,3.4,0.0,27.4,91.0
22363,35,16.5,15.5,14.8,3.5,0.0,27.4,91.0
23263,35,16.45942028985507,17.0078125,15.20625,3.5,0.0,25.7,90.0
24163,35,16.644117647058824,46.25,36.60909090909091,3.6,0.0,27.4,90.0
25063,35,17.373529411764707,37.12857142857143,35.042857142857144,3.2,0.0,20.9,90.0
25963,35,17.769565217391303,24.051470588235293,24.99558823529412,3.1,0.0,20.9,90.0
26863,35,17.832857142857144,19.683823529411764,20.96470588235294,3.2,0.0,25.7,90.0
27763,35,17.8,18.89855072463768,18.78695652173913,3.3,0.0,25.7,89.0
28663,35,17.823880597014927,37.75,31.529411764705884,3.4,5.0,25.7,90.0
29563,35,18.09354838709677,37.266666666666666,34.56333333333333,3.3,12.0,22.5,89.0
30463,35,18.463793103448275,42.25409836065574,37.42622950819673,3.4,19.0,24.1,89.0
31363,35,18.10566037735849,45.595238095238095,40.36031746031746,3.6,12.0,25.7,88.0
32263,35,17.95441176470588,51.625,46.225,3.5,30.0,24.1,88.0
33163,35,19.05,35.67857142857143,32.95,3.6,42.0,22.5,88.0
34063,35,18.52676056338028,25.34285714285714,23.037142857142857,3.8,72.0,24.1,88.0
34963,35,17.64929577464789,21.10606060606061,19.51363636363636,3.9,89.0,29.0,86.0
35863,35,16.911940298507464,18.782258064516128,17.651612903225807,4.3,109.0,25.7,85.0
36763,35,16.41159420289855,17.446153846153845,16.501538461538463,4.3,107.0,25.7,85.0
37663,35,15.783333333333337,16.635714285714286,15.825714285714287,4.3,127.0,27.4,85.0
38563,35,15.395652173913044,16.02857142857143,15.39857142857143,4.5,156.0,22.5,84.0
39463,35,15.37536231884058,16.0,15.147826086956522,4.7,169.0,24.1,84.0
40363,35,15.85142857142857,15.965277777777777,15.129166666666666,4.7,167.0,24.1,84.0
41263,35,16.11692307692308,15.809859154929578,15.20281690140845,4.6,167.0,22.5,86.0
42163,35,16.2703125,15.5,14.838235294117649,4.7,209.0,24.1,85.0
43063,35,16.388732394366198,15.5,14.8231884057971,4.5,148.0,27.4,87.0
43963,35,16.62608695652174,15.5,14.8,4.2,123.0,25.7,88.0
44863,35,16.714925373134328,15.5,14.8,3.8,105.0,25.7,90.0
45763,35,16.922388059701493,15.5,14.87462686567164,3.8,76.0,27.4,89.0
46663,35,17.208823529411767,15.5,15.0,3.9,51.0,24.1,89.0
47563,35,17.055714285714284,15.5,14.921739130434782,4.1,67.0,25.7,88.0
48463,35,16.923529411764708,15.5,14.8,4.6,79.0,22.5,87.0
49363,35,16.80151515151515,15.5,14.773529411764708,4.7,75.0,27.4,85.0
50263,35,16.678571428571427,15.5,14.553731343283582,4.8,100.0,30.6,83.0
51163,35,16.58235294117647,15.352941176470589,14.5,4.8,84.0,29.0,82.0
52063,35,16.5,15.014705882352942,14.5,4.8,86.0,25.7,83.0
52963,35,16.41470588235294,15.0,14.5,4.8,90.0,24.1,82.0
53863,35,16.3734375,15.0,14.5,4.9,86.0,20.9,81.0
54763,35,16.3,15.0,14.5,5.4,127.0,20.9,79.0
55663,35,16.269565217391303,15.0,14.497183098591549,5.7,114.0,22.5,77.0
56563,35,16.2,15.0,14.437142857142856,5.7,78.0,20.9,77.0
57463,35,16.2,15.0,14.357971014492753,5.4,49.0,22.5,77.0
58363,35,16.16857142857143,15.0,14.305797101449276,5.2,26.0,22.5,76.0
59263,35,16.1,15.0,14.3,4.9,14.0,19.3,77.0
60163,35,16.1,15.0,14.3,4.9,9.0,22.5,77.0
61063,35,16.002857142857145,15.0,14.3,4.7,0.0,22.5,78.0
61963,35,16.0,15.0,14.3,4.5,0.0,22.5,80.0
62863,35,15.906382978723403,15.0,14.3,4.2,0.0,16.1,80.0
63763,35,15.9,23.606382978723406,17.972340425531915,4.3,0.0,17.7,80.0
64663,35,16.070588235294117,50.58333333333333,41.75,4.1,0.0,16.1,82.0
65563,35,16.906779661016948,54.22222222222221,49.50925925925926,4.3,0.0,24.1,82.0
66463,35,17.553846153846155,54.5,49.8375,4.0,0.0,14.5,83.0
67363,35,18.03235294117647,54.5,50.0,3.4,0.0,11.3,84.0
68263,35,18.517391304347825,54.5,50.0,2.9,0.0,12.9,87.0
69163,35,18.888135593220337,54.55454545454545,49.903636363636366,2.7,0.0,9.7,88.0
70063,35,19.18769230769231,55.5,49.290277777777774,2.6,0.0,11.3,88.0
70963,35,19.448529411764707,55.5,49.28695652173913,2.6,0.0,12.9,89.0
71863,35,19.677611940298508,55.56164383561644,49.3,2.9,0.0,11.3,90.0
72763,35,19.876470588235293,55.64492753623189,49.3,3.0,0.0,6.4,91.0
73663,35,20.05070422535212,55.50684931506849,49.3,3.1,0.0,8.0,91.0
74563,35,20.21470588235294,55.7536231884058,49.3,3.2,0.0,8.0,90.0
75463,35,20.35774647887324,55.92424242424242,49.31212121212121,2.9,0.0,9.7,91.0
76363,35,20.52394366197183,55.47945205479452,49.60958904109589,3.0,0.0,14.5,90.0
77263,35,20.6,54.99315068493151,50.46986301369863,3.1,0.0,16.1,89.0
78163,35,20.685915492957747,51.67142857142856,48.05142857142857,3.2,0.0,8.0,88.0
79063,35,20.626470588235293,34.05633802816901,30.636619718309856,3.1,0.0,8.0,88.0
79963,35,20.3969696969697,37.67857142857143,33.07142857142857,2.8,0.0,9.7,89.0
80863,35,20.33768115942029,54.48484848484848,49.3530303030303,2.4,0.0,11.3,90.0
81763,35,20.55538461538461,55.0,50.48095238095238,2.4,0.0,12.9,90.0
82663,35,20.81428571428572,54.6231884057971,50.130434782608695,2.6,0.0,14.5,89.0
83563,35,21.00857142857143,54.703125,50.190625,2.8,0.0,12.9,89.0
84463,35,21.216129032258063,54.22058823529412,49.11323529411764,2.8,0.0,14.5,88.0
85363,35,21.55,55.77205882352941,49.722058823529416,2.9,0.0,12.9,87.0
86263,35,21.904545454545453,55.89705882352941,49.96470588235294,2.9,0.0,9.7,87.0
763,36,22.1234375,54.35294117647059,49.09852941176471,3.1,0.0,12.9,86.0
1663,36,22.23181818181818,38.1,33.46142857142857,3.2,0.0,14.5,85.0
2563,36,22.08529411764706,27.911764705882355,24.57941176470588,3.1,0.0,14.5,85.0
3463,36,21.752857142857145,23.57857142857143,21.52285714285714,3.1,0.0,12.9,84.0
4363,36,21.35,21.164285714285715,19.871428571428574,3.0,0.0,9.7,84.0
5263,36,20.934328358208955,19.86885245901639,18.913114754098363,2.6,0.0,12.9,85.0
6163,36,20.56231884057971,18.960317460317462,18.23809523809524,2.2,0.0,12.9,86.0
7063,36,20.18285714285714,18.388059701492537,17.719402985074627,2.2,0.0,12.9,87.0
7963,36,19.874285714285712,18.0,17.38695652173913,2.1,0.0,14.5,87.0
8863,36,19.594117647058823,17.615942028985508,17.069565217391304,2.1,0.0,16.1,87.0
9763,36,19.359154929577464,17.5,16.870588235294118,2.2,0.0,17.7,86.0
10663,36,19.15942028985507,17.421875,16.74375,2.0,0.0,12.9,88.0
11563,36,18.962857142857143,17.0,16.5,1.9,0.0,14.5,88.0
12463,36,18.803636363636365,17.0,16.415254237288135,2.1,0.0,16.1,88.0
13363,36,18.65535714285714,17.0,16.3,1.9,0.0,12.9,88.0
14263,36,18.554285714285715,17.0,16.295774647887324,1.8,0.0,12.9,89.0
15163,36,18.443939393939395,16.716417910447763,16.03134328358209,1.7,0.0,14.5,89.0
16063,36,18.366129032258065,16.5,16.0,1.9,0.0,14.5,88.0
16963,36,18.258064516129032,16.5,15.989830508474578,1.8,0.0,11.3,89.0
17863,36,18.184615384615384,16.5,15.808695652173911,1.8,0.0,11.3,89.0
18763,36,18.1,16.5,15.8,1.8,0.0,12.9,89.0
19663,36,18.014864864864865,16.5,15.8,1.9,0.0,12.9,89.0
20563,36,17.952380952380953,16.5,15.642105263157896,2.0,0.0,12.9,89.0
21463,36,17.88840579710145,16.338235294117645,15.5,2.1,0.0,11.3,89.0
22363,36,17.8,16.007042253521128,15.5,2.1,0.0,9.7,89.0
23263,36,17.764615384615386,16.0,15.5,2.2,0.0,6.4,89.0
24163,36,17.7,16.0,15.447169811320752,2.1,0.0,6.4,89.0
25063,36,17.623529411764707,16.0,15.3,2.0,0.0,6.4,90.0
25963,36,17.58205128205128,16.0,15.3,1.9,0.0,6.4,90.0
26863,36,17.5,16.0,15.3,1.8,0.0,8.0,90.0
27763,36,17.443478260869565,16.15,15.330000000000002,1.7,0.0,6.4,91.0
28663,36,17.512,39.76428571428572,30.908571428571427,1.6,0.0,6.4,91.0
29563,36,18.193548387096776,34.885245901639344,31.92131147540984,1.5,5.0,4.8,91.0
30463,36,18.636507936507936,25.016949152542374,22.989830508474576,1.4,12.0,3.2,92.0
31363,36,18.826,20.92553191489361,19.980851063829785,1.5,10.0,3.2,92.0
32263,36,18.766129032258064,18.62686567164179,17.66268656716418,1.8,30.0,4.8,92.0
33163,36,18.638571428571428,17.594202898550726,16.620289855072464,2.0,69.0,4.8,92.0
34063,36,18.45441176470588,16.919117647058822,16.110294117647058,2.4,44.0,8.0,92.0
34963,36,18.269117647058824,16.5,15.79,2.4,33.0,11.3,92.0
35863,36,18.07123287671233,16.238095238095237,15.5,2.6,54.0,9.7,92.0
36763,36,17.874193548387098,16.0,15.334285714285716,2.7,30.0,4.8,92.0
37663,36,17.733333333333334,16.0,15.269565217391303,2.8,18.0,3.2,92.0
38563,36,17.59718309859155,15.985915492957748,15.0,2.9,27.0,1.6,92.0
39463,36,17.481333333333332,15.565217391304348,15.0,3.2,125.0,8.0,90.0
40363,36,17.4,15.5,14.974285714285712,3.4,105.0,11.3,89.0
41263,36,17.311940298507462,15.294117647058822,14.68235294117647,4.0,162.0,8.0,88.0
42163,36,17.177611940298508,14.636363636363637,13.790909090909093,4.3,220.0,8.0,86.0
43063,36,17.05483870967742,15.0,14.0125,4.4,60.0,9.7,84.0
43963,36,16.990000000000002,14.828571428571427,14.045714285714286,4.2,42.0,6.4,85.0
44863,36,16.9,18.849206349206348,15.8015873015873,4.1,56.0,8.0,85.0
45763,36,16.97966101694915,45.27966101694916,36.34745762711864,4.1,118.0,8.0,86.0
46663,36,17.19016393442623,52.990566037735846,48.40754716981132,4.3,144.0,8.0,84.0
47563,36,17.522058823529413,52.595238095238095,48.43968253968254,4.5,104.0,8.0,83.0
48463,36,17.813513513513513,52.42253521126761,48.43239436619719,4.5,47.0,8.0,83.0
49363,36,18.163513513513514,52.70422535211268,47.476056338028165,4.4,57.0,9.7,84.0
50263,36,18.928125,55.03968253968255,48.409523809523805,4.7,113.0,8.0,84.0
51163,36,19.42173913043478,38.89583333333333,34.109722222222224,4.7,40.0,9.7,83.0
52063,36,19.51451612903226,26.5625,23.6421875,4.5,60.0,11.3,84.0
52963,36,19.47272727272728,21.5945945945946,19.7027027027027,4.5,68.0,9.7,84.0
53863,36,19.265625,19.24418604651163,17.772093023255813,4.6,33.0,8.0,82.0
54763,36,18.982857142857146,17.90625,16.775,4.6,23.0,11.3,82.0
55663,36,18.74137931034483,17.323529411764707,16.5,4.6,14.0,9.7,84.0
56563,36,18.51714285714285,16.765625,15.925,4.4,16.0,9.7,85.0
57463,36,18.29714285714285,16.5,15.677272727272728,4.3,14.0,6.4,87.0
58363,36,18.083333333333336,16.086956521739133,15.439130434782609,4.1,7.0,8.0,87.0
59263,36,17.88888888888889,16.0,15.3,4.0,0.0,6.4,88.0
60163,36,17.7375,16.0,15.077777777777778,3.9,0.0,4.8,88.0
61063,36,17.59130434782609,15.675,15.0,3.9,0.0,4.8,88.0
61963,36,17.49285714285714,15.5,14.885714285714286,3.8,0.0,3.2,88.0
62863,36,17.4,15.5,14.8,3.7,0.0,3.2,88.0
63763,36,17.3,15.5,14.8,3.6,0.0,3.2,87.0
64663,36,17.210714285714285,15.5,14.8,3.5,0.0,1.6,86.0
65563,36,17.143333333333334,15.5,14.8,3.4,0.0,3.2,86.0
66463,36,17.1,15.5,14.8,3.4,0.0,3.2,87.0
67363,36,17.00857142857143,15.5,14.778571428571428,3.3,0.0,3.2,88.0
68263,36,17.0,15.5,14.561363636363636,3.3,0.0,3.2,89.0
69163,36,16.97,15.36904761904762,14.5,3.3,0.0,4.8,89.0
70063,36,16.9,15.01219512195122,14.5,3.2,0.0,4.8,89.0
70963,36,16.9,15.0,14.397435897435898,2.9,0.0,1.6,89.0
71863,36,16.835897435897436,15.0,14.3,2.3,0.0,3.2,90.0
72763,36,16.805714285714284,15.0,14.3,2.2,0.0,4.8,91.0
73663,36,16.8,15.0,14.438888888888888,2.1,0.0,4.8,92.0
74563,36,16.75714285714286,15.0,14.3,2.6,0.0,9.7,91.0
75463,36,16.7,15.0,14.3,2.9,0.0,11.3,90.0
76363,36,16.6325,15.0,14.3,2.8,0.0,11.3,89.0
77263,36,16.6,15.0,14.3,2.6,0.0,8.0,89.0
78163,36,16.551162790697674,15.0,14.3,2.5,0.0,4.8,89.0
79063,36,16.5,15.0,14.2475,2.3,0.0,6.4,89.0
79963,36,16.477551020408164,15.0,14.02608695652174,2.3,0.0,6.4,88.0
80863,36,16.4,15.0,14.0,2.4,0.0,8.0,88.0
81763,36,16.394736842105264,15.0,14.0,2.2,0.0,8.0,89.0
82663,36,16.3,15.0,14.0,2.1,0.0,9.7,89.0
83563,36,16.3,15.0,14.13170731707317,2.1,0.0,6.4,90.0
84463,36,16.89666666666667,15.027027027027026,14.432432432432432,1.9,0.0,3.2,90.0
85363,36,18.325,15.5,14.791803278688525,1.8,0.0,3.2,90.0
86263,36,17.763768115942028,15.065217391304348,14.421739130434782,1.7,0.0,1.6,90.0
763,37,17.32753623188406,15.0,14.28732394366197,1.5,0.0,4.8,91.0
1663,37,16.904166666666665,15.0,14.004615384615386,1.3,0.0,6.4,91.0
2563,37,16.48507462686567,14.78985507246377,14.0,1.3,0.0,3.2,92.0
3463,37,16.178571428571427,14.5,13.988571428571428,1.9,0.0,9.7,90.0
4363,37,16.03142857142857,14.5,13.90857142857143,2.2,0.0,3.2,88.0
5263,37,15.922857142857143,14.5,13.888571428571428,2.2,0.0,6.4,88.0
6163,37,15.859722222222222,14.5,13.886111111111113,2.5,0.0,11.3,88.0
7063,37,15.8,14.5,13.8,2.6,0.0,8.0,88.0
7963,37,15.758823529411766,14.5,13.8,2.7,0.0,9.7,88.0
8863,37,15.7,14.5,13.8,2.7,0.0,12.9,88.0
9763,37,15.668115942028985,14.5,13.8,2.6,0.0,14.5,86.0
10663,37,15.6,14.5,13.8,2.6,0.0,12.9,87.0
11563,37,15.598412698412698,14.5,13.8,2.5,0.0,9.7,88.0
12463,37,15.501408450704224,14.5,13.791666666666666,2.3,0.0,9.7,89.0
13363,37,15.5,14.5,13.605405405405406,2.3,0.0,11.3,90.0
14263,37,15.425757575757576,14.486301369863014,13.5,2.1,0.0,14.5,91.0
15163,37,15.4,14.324324324324326,13.5,2.1,0.0,16.1,91.0
16063,37,15.332835820895522,14.02027027027027,13.5,2.1,0.0,11.3,91.0
16963,37,15.3,14.0,13.5,2.3,0.0,9.7,90.0
17863,37,15.3,14.0,13.5,2.5,0.0,11.3,88.0
18763,37,15.20142857142857,14.0,13.5,2.4,0.0,14.5,89.0
19663,37,15.2,14.0,13.5,2.2,0.0,9.7,89.0
20563,37,15.12,14.0,13.381159420289856,2.2,0.0,6.4,90.0
21463,37,15.1,15.463235294117649,13.680882352941175,2.2,0.0,6.4,89.0
22363,37,15.245454545454546,45.096774193548384,34.92258064516129,2.0,0.0,8.0,91.0
23263,37,16.016129032258064,53.935483870967744,48.72096774193548,2.2,0.0,17.7,90.0
24163,37,16.8112676056338,54.0,49.28615384615385,1.9,0.0,14.5,90.0
25063,37,17.44090909090909,53.59154929577464,49.14507042253521,1.9,0.0,19.3,91.0
25963,37,17.84915254237288,38.99206349206349,35.357142857142854,2.0,0.0,19.3,91.0
26863,37,18.07391304347826,47.07352941176471,41.64705882352941,2.0,0.0,19.3,90.0
27763,37,18.67313432835821,35.2089552238806,32.77761194029851,2.3,0.0,19.3,89.0
28663,37,18.07878787878788,25.86567164179105,23.88955223880597,2.1,5.0,16.1,89.0
29563,37,17.375757575757575,20.728571428571428,19.24142857142857,2.0,9.0,11.3,89.0
30463,37,17.266666666666666,17.97887323943662,16.83943661971831,1.6,12.0,9.7,91.0
31363,37,16.99857142857143,16.933823529411764,16.09852941176471,2.1,18.0,11.3,90.0
32263,37,16.785714285714285,16.235714285714288,15.572857142857142,2.3,23.0,14.5,90.0
33163,37,16.596969696969698,15.794117647058822,15.194117647058825,2.3,23.0,16.1,90.0
34063,37,16.443283582089553,15.5,14.887323943661972,2.8,36.0,16.1,89.0
34963,37,16.302985074626868,15.164179104477611,14.670149253731344,3.0,39.0,14.5,87.0
35863,37,16.195384615384615,15.0,14.5,2.7,83.0,9.7,89.0
36763,37,16.1,15.0,14.31714285714286,2.7,85.0,9.7,89.0
37663,37,16.00735294117647,14.8984375,14.2859375,2.7,56.0,8.0,89.0
38563,37,15.95,14.507142857142858,14.004285714285714,2.7,90.0,6.4,89.0
39463,37,15.9,14.5,14.0,3.3,171.0,9.7,88.0
40363,37,15.819117647058825,14.5,13.98125,3.7,162.0,11.3,87.0
41263,37,15.8,14.5,13.8,3.9,155.0,11.3,87.0
42163,37,15.75774647887324,14.5,13.8,4.1,167.0,16.1,85.0
43063,37,15.7,14.5,13.8,4.9,287.0,20.9,82.0
43963,37,15.7,14.5,13.8,5.2,292.0,22.5,80.0
44863,37,15.7,14.5,13.8,5.4,246.0,20.9,80.0
45763,37,15.631884057971016,14.5,13.8,5.6,330.0,24.1,78.0
46663,37,15.6,14.49264705882353,13.79558823529412,4.9,200.0,20.9,81.0
47563,37,15.6,14.3046875,13.63125,4.8,113.0,19.3,81.0
48463,37,15.507142857142858,14.035714285714286,13.504285714285714,5.2,127.0,17.7,80.0
49363,37,15.5,14.007246376811594,13.5,5.4,126.0,19.3,77.0
50263,37,15.5,14.0,13.5,5.4,91.0,22.5,76.0
51163,37,15.41029411764706,14.0,13.5,5.4,88.0,24.1,76.0
52063,37,15.4,14.0,13.5,5.3,60.0,24.1,77.0
52963,37,15.355072463768115,14.0,13.5,5.3,65.0,22.5,77.0
53863,37,15.3,14.0,13.5,5.3,56.0,19.3,78.0
54763,37,15.3,14.0,13.5,5.2,25.0,22.5,77.0
55663,37,15.256521739130434,14.0,13.5,5.1,25.0,20.9,78.0
56563,37,15.2,14.0,13.439130434782609,5.0,25.0,19.3,79.0
57463,37,15.2,14.0,13.322535211267606,4.9,16.0,20.9,79.0
58363,37,15.121428571428572,14.0,13.3,4.8,11.0,17.7,80.0
59263,37,15.1,14.0,13.3,4.7,5.0,17.7,79.0
60163,37,15.087323943661971,14.0,13.3,4.7,5.0,19.3,80.0
61063,37,15.0,14.0,13.3,4.6,0.0,19.3,80.0
61963,37,15.0,24.625,18.55588235294117,4.5,0.0,17.7,81.0
62863,37,15.472222222222223,52.91538461538462,44.75076923076923,4.0,0.0,19.3,85.0
63763,37,16.347058823529412,52.71212121212121,47.81212121212121,3.9,0.0,22.5,84.0
64663,37,16.814705882352943,52.17910447761194,47.43283582089553,3.6,0.0,22.5,88.0
65563,37,17.502777777777776,53.291044776119406,47.59253731343284,3.4,0.0,24.1,88.0
66463,37,18.0536231884058,54.21428571428571,48.99714285714286,2.8,0.0,25.7,92.0
67363,37,18.171641791044777,41.53676470588236,37.629411764705885,2.6,0.0,24.1,93.0
68263,37,17.971830985915496,27.45,23.93428571428572,2.1,0.0,20.9,95.0
69163,37,17.729577464788733,22.23134328358209,20.09402985074627,2.1,0.0,20.9,95.0
70063,37,17.55873015873016,30.957142857142856,26.43428571428572,2.4,0.0,24.1,94.0
70963,37,17.616129032258065,54.030303030303024,46.98636363636364,2.5,0.0,27.4,94.0
71863,37,17.96086956521739,54.84782608695652,49.33188405797101,2.7,0.0,25.7,92.0
72763,37,18.32,54.66153846153846,49.29538461538461,2.9,0.0,30.6,91.0
73663,37,18.616901408450705,54.4765625,48.6265625,2.9,0.0,32.2,90.0
74563,37,18.87323943661972,40.673913043478265,37.80289855072464,2.9,0.0,32.2,90.0
75463,37,19.001408450704226,46.23134328358209,42.32089552238806,3.0,0.0,33.8,90.0
76363,37,19.187323943661973,38.471428571428575,36.20428571428572,3.1,0.0,35.4,90.0
77263,37,19.22394366197183,46.873134328358205,43.23283582089552,3.1,0.0,32.2,89.0
78163,37,19.277142857142856,31.572463768115945,28.03333333333333,3.2,0.0,32.2,89.0
79063,37,19.066666666666663,23.8,20.835714285714285,3.4,0.0,35.4,88.0
79963,37,18.756716417910447,21.692307692307693,19.67076923076923,3.4,0.0,32.2,88.0
80863,37,18.643478260869564,41.06153846153846,36.06461538461538,3.5,0.0,33.8,88.0
81763,37,18.9,30.550724637681164,28.13768115942029,3.5,0.0,33.8,88.0
82663,37,18.87638888888889,24.19402985074627,22.655223880597013,3.5,0.0,33.8,88.0
83563,37,18.6875,20.646153846153844,19.666153846153847,3.5,0.0,32.2,87.0
84463,37,18.463235294117645,18.613636363636363,17.757575757575758,3.5,0.0,35.4,87.0
85363,37,18.21917808219178,17.557142857142857,16.838571428571427,3.4,0.0,35.4,88.0
86263,37,17.99848484848485,16.880281690140844,16.333802816901407,3.4,0.0,33.8,88.0
763,38,17.815714285714286,16.5,15.910144927536232,3.5,0.0,33.8,88.0
1663,38,17.647142857142857,16.02857142857143,15.585714285714284,3.5,0.0,33.8,88.0
2563,38,17.510294117647057,16.0,15.375,3.6,0.0,24.1,88.0
3463,38,17.370149253731345,15.65441176470588,15.185294117647056,3.6,0.0,25.7,88.0
4363,38,17.255072463768116,15.5,15.0,3.6,0.0,25.7,89.0
5263,38,17.14558823529412,15.5,14.85151515151515,3.1,0.0,24.1,93.0
6163,38,17.03768115942029,15.5,14.8,3.0,0.0,25.7,94.0
7063,38,16.937313432835822,15.29285714285714,14.611428571428572,2.9,0.0,25.7,94.0
7963,38,16.873529411764707,15.0,14.5,3.1,0.0,24.1,93.0
8863,38,16.8,15.0,14.5,3.1,0.0,17.7,93.0
9763,38,16.736923076923077,15.0,14.465625,3.1,0.0,17.7,93.0
10663,38,16.619999999999997,15.0,14.3,3.1,0.0,24.1,93.0
11563,38,16.541428571428572,15.0,14.094285714285714,3.0,0.0,25.7,94.0
12463,38,16.480882352941176,14.970149253731345,14.0,2.8,0.0,27.4,94.0
13363,38,16.4,14.578571428571427,14.0,2.8,0.0,25.7,95.0
14263,38,16.334782608695654,14.5,13.865714285714285,2.8,0.0,22.5,95.0
15163,38,16.29285714285714,14.5,13.8,2.8,0.0,20.9,95.0
16063,38,16.2,14.5,13.8,2.8,0.0,8.0,96.0
16963,38,16.2,14.5,13.8,2.8,0.0,1.6,96.0
17863,38,16.104166666666664,14.5,13.686363636363636,2.6,0.0,6.4,96.0
18763,38,16.098591549295776,14.5,13.5,2.6,0.0,3.2,96.0
19663,38,16.001408450704226,14.5,13.5,2.4,0.0,1.6,96.0
20563,38,16.0,14.41304347826087,13.5,2.4,0.0,0.0,96.0
21463,38,15.925714285714289,15.514492753623188,13.8768115942029,2.3,0.0,0.0,96.0
22363,38,16.138235294117646,43.99206349206349,35.923809523809524,2.3,0.0,3.2,96.0
23263,38,17.198507462686567,49.72058823529412,47.45588235294117,2.2,0.0,3.2,97.0
24163,38,18.144615384615385,49.99305555555556,47.90277777777778,2.2,0.0,3.2,97.0
25063,38,18.86515151515152,50.0,47.962857142857146,2.3,0.0,4.8,96.0
25963,38,19.430434782608696,50.0,48.13181818181818,2.3,0.0,6.4,97.0
26863,38,19.76363636363636,49.97857142857143,45.74142857142857,2.3,0.0,8.0,97.0
27763,38,19.75507246376812,34.81746031746032,31.287301587301585,2.4,0.0,3.2,97.0
28663,38,19.35,25.53846153846154,23.35076923076923,2.5,0.0,4.8,96.0
29563,38,18.92,21.74590163934426,20.578688524590163,2.6,0.0,4.8,96.0
30463,38,18.53333333333333,19.275362318840585,18.413043478260867,2.5,5.0,4.8,97.0
31363,38,18.175757575757576,17.919354838709676,17.306451612903224,2.4,7.0,4.8,97.0
32263,38,17.864864864864863,17.113636363636363,16.44090909090909,2.5,33.0,3.2,97.0
33163,38,17.603076923076923,16.5,15.980645161290322,2.6,47.0,1.6,97.0
34063,38,17.402985074626866,16.036764705882355,15.597058823529412,2.7,40.0,0.0,97.0
34963,38,17.242253521126763,15.8768115942029,15.346376811594205,2.7,58.0,3.2,97.0
35863,38,17.094202898550726,15.5,15.026470588235291,2.8,44.0,3.2,97.0
36763,38,16.980882352941176,15.5,14.908823529411766,2.8,40.0,4.8,97.0
37663,38,16.9,15.5,14.8,2.9,95.0,3.2,98.0
38563,38,16.814285714285713,15.164285714285716,14.564285714285711,3.1,62.0,3.2,98.0
39463,38,16.8,15.0,14.5,3.2,102.0,1.6,98.0
40363,38,16.71029411764706,15.0,14.475,3.4,72.0,0.0,98.0
41263,38,16.664615384615384,15.0,14.302857142857144,3.4,74.0,3.2,97.0
42163,38,16.6,15.0,14.3,3.4,63.0,3.2,97.0
43063,38,16.53768115942029,15.0,14.3,3.4,62.0,1.6,97.0
43963,38,16.5,15.0,14.24264705882353,3.4,60.0,1.6,97.0
44863,38,16.43380281690141,15.0,14.0044776119403,3.6,54.0,1.6,98.0
45763,38,16.398507462686567,14.630434782608695,14.0,3.6,48.0,1.6,97.0
46663,38,16.302985074626868,14.5,14.0,3.6,35.0,1.6,97.0
47563,38,16.28125,14.5,14.0,3.6,40.0,3.2,97.0
48463,38,16.2,14.5,14.0,3.5,62.0,3.2,97.0
49363,38,16.2,14.5,14.0,3.6,40.0,1.6,98.0
50263,38,16.142372881355932,14.5,14.0,3.6,33.0,0.0,97.0
51163,38,16.1,14.5,13.973134328358208,3.7,30.0,0.0,97.0
52063,38,16.070588235294117,14.5,13.892753623188408,3.7,30.0,3.2,97.0
52963,38,16.0,14.5,13.805714285714284,3.7,12.0,1.6,97.0
53863,38,15.994366197183098,14.5,13.8,3.7,7.0,3.2,97.0
54763,38,15.9,14.5,13.8,3.6,9.0,1.6,97.0
55663,38,15.9,14.5,13.8,3.6,7.0,3.2,98.0
56563,38,15.82,14.5,13.8,3.2,9.0,9.7,98.0
57463,38,15.8,14.5,13.8,2.9,16.0,9.7,97.0
58363,38,15.771428571428572,14.5,13.8,2.8,7.0,8.0,98.0
59263,38,15.7,14.5,13.8,2.9,0.0,9.7,98.0
60163,38,15.7,14.5,13.8,2.9,0.0,9.7,98.0
61063,38,15.606060606060606,14.5,13.775,2.8,0.0,9.7,98.0
61963,38,15.6,26.36029411764706,19.74705882352941,2.7,0.0,9.7,98.0
62863,38,16.08153846153846,52.409090909090914,44.9590909090909,2.6,0.0,8.0,98.0
63763,38,17.017391304347825,54.41666666666666,49.01060606060607,2.6,0.0,8.0,98.0
64663,38,17.866666666666667,52.18115942028985,46.93043478260869,2.6,0.0,9.7,98.0
65563,38,18.3887323943662,46.99295774647887,41.81549295774648,2.6,0.0,6.4,98.0
66463,38,18.81044776119403,54.65,48.95857142857143,2.5,0.0,8.0,98.0
67363,38,19.14931506849315,45.826086956521735,41.5231884057971,2.4,0.0,6.4,98.0
68263,38,19.14307692307693,40.059701492537314,36.35970149253731,2.4,0.0,6.4,98.0
69163,38,19.016176470588235,29.642857142857142,26.574285714285715,2.4,0.0,6.4,98.0
70063,38,18.80508474576272,22.607142857142858,20.52857142857143,2.4,0.0,6.4,98.0
70963,38,18.496491228070177,19.586956521739133,18.20434782608696,2.3,0.0,6.4,98.0
71863,38,18.1,17.9375,16.932499999999997,2.3,0.0,4.8,98.0
72763,38,17.80857142857143,17.46590909090909,16.952272727272728,2.3,0.0,4.8,98.0
73663,38,17.546938775510206,16.794871794871796,16.366666666666667,2.3,0.0,6.4,98.0
74563,38,17.2975,17.31818181818182,16.418181818181818,2.3,0.0,6.4,98.0
75463,38,17.28510638297872,43.36111111111111,34.144444444444446,2.4,0.0,6.4,98.0
76363,38,17.804444444444446,54.80952380952381,48.96428571428572,2.5,0.0,6.4,97.0
77263,38,18.3,55.0,49.34117647058824,2.6,0.0,8.0,97.0
78163,38,18.755000000000003,53.54285714285714,48.79142857142857,2.4,0.0,8.0,97.0
79063,38,19.2,54.40322580645161,49.674193548387095,2.5,0.0,6.4,97.0
79963,38,19.58235294117647,54.5,49.8,2.4,0.0,4.8,97.0
80863,38,19.915384615384617,51.17142857142857,47.49714285714286,2.4,0.0,3.2,97.0
81763,38,20.085714285714285,33.63513513513514,29.59729729729729,2.4,0.0,4.8,97.0
82663,38,19.919565217391305,25.6,22.7275,2.5,0.0,8.0,97.0
83563,38,19.6,21.75714285714286,19.982857142857146,2.6,0.0,6.4,97.0
84463,38,19.27,20.19047619047619,19.38095238095238,2.7,0.0,6.4,97.0
85363,38,19.997674418604653,19.30612244897959,19.33673469387756,2.7,0.0,4.8,97.0
86263,38,19.307462686567163,18.388059701492537,18.170149253731346,2.8,0.0,4.8,96.0
763,39,18.774,17.514705882352942,16.945588235294117,2.8,0.0,4.8,96.0
1663,39,18.44098360655737,17.0,16.394285714285715,2.8,0.0,4.8,96.0
2563,39,18.10188679245283,16.558823529411764,16.105882352941176,2.8,0.0,4.8,96.0
3463,39,17.926388888888887,16.485294117647058,15.885294117647058,2.8,0.0,3.2,96.0
4363,39,17.751470588235293,16.02898550724638,15.647826086956522,2.9,0.0,3.2,96.0
5263,39,17.61911764705882,16.0,15.462318840579709,2.9,0.0,1.6,96.0
6163,39,17.483098591549297,16.0,15.3,2.9,0.0,0.0,96.0
7063,39,17.376470588235293,15.607142857142858,15.098571428571429,3.0,0.0,0.0,96.0
7963,39,17.280555555555555,15.5,15.0,3.1,0.0,0.0,96.0
8863,39,17.2,15.5,14.904225352112675,3.1,0.0,3.2,96.0
9763,39,17.10754716981132,15.5,14.8,3.1,0.0,1.6,96.0
10663,39,17.0125,15.5,14.8,3.0,0.0,3.2,96.0
11563,39,16.952173913043477,15.5,14.676470588235292,3.0,0.0,3.2,97.0
12463,39,16.9,15.282608695652176,14.5,2.9,0.0,1.6,97.0
13363,39,16.81304347826087,15.0,14.5,2.8,0.0,0.0,97.0
14263,39,16.8,15.0,14.5,2.8,0.0,0.0,97.0
15163,39,16.704166666666666,15.0,14.5,2.8,0.0,0.0,97.0
16063,39,16.66764705882353,15.0,14.442028985507246,2.8,0.0,0.0,97.0
16963,39,16.6,15.0,14.302857142857144,2.8,0.0,0.0,97.0
17863,39,16.55,15.0,14.3,2.9,0.0,1.6,97.0
18763,39,16.5,15.0,14.3,2.9,0.0,0.0,97.0
19663,39,16.455223880597014,15.0,14.3,2.9,0.0,0.0,97.0
20563,39,16.4,15.0,14.3,2.9,0.0,0.0,97.0
21463,39,16.34848484848485,16.676056338028168,14.718309859154928,2.9,0.0,1.6,97.0
22363,39,16.484057971014494,47.28787878787879,37.02727272727272,2.9,0.0,3.2,97.0
23263,39,17.297101449275363,54.4927536231884,48.69130434782609,2.8,0.0,3.2,97.0
24163,39,18.08840579710145,54.95588235294117,49.194117647058825,2.8,0.0,1.6,97.0
25063,39,18.65,53.794117647058826,48.669117647058826,2.9,0.0,3.2,98.0
25963,39,19.174666666666667,53.26119402985074,47.84328358208956,2.9,0.0,3.2,98.0
26863,39,20.066666666666663,51.05,47.035714285714285,2.9,0.0,3.2,98.0
27763,39,20.07462686567164,36.34782608695652,33.708695652173915,3.0,0.0,4.8,97.0
28663,39,19.496,26.229166666666668,24.2125,3.0,0.0,9.7,97.0
29563,39,19.155555555555555,21.70422535211268,20.24788732394366,3.0,9.0,9.7,97.0
30463,39,18.77173913043478,19.585714285714285,18.562857142857144,3.1,12.0,12.9,97.0
31363,39,18.45072463768116,18.34057971014493,17.621739130434783,3.1,17.0,17.7,97.0
32263,39,18.14179104477612,17.527397260273972,16.905479452054795,3.2,14.0,16.1,97.0
33163,39,17.892857142857142,16.92753623188406,16.369565217391305,3.1,18.0,19.3,96.0
34063,39,17.695588235294117,16.5,15.92941176470588,3.1,35.0,19.3,95.0
34963,39,17.536764705882355,16.15909090909091,15.681818181818182,3.2,26.0,17.7,95.0
35863,39,17.407246376811592,16.0,15.496969696969696,3.3,49.0,19.3,94.0
36763,39,17.295652173913044,16.0,15.302985074626866,3.3,30.0,19.3,93.0
37663,39,17.2,15.573529411764708,15.15,3.4,77.0,19.3,92.0
38563,39,17.11492537313433,15.5,15.0,3.6,58.0,17.7,92.0
39463,39,17.04705882352941,15.5,14.942028985507246,3.6,67.0,20.9,90.0
40363,39,16.99402985074627,15.5,14.8,3.7,72.0,19.3,90.0
41263,39,16.9,15.5,14.8,3.8,51.0,17.7,90.0
42163,39,16.87846153846154,15.5,14.7671875,3.9,116.0,14.5,89.0
43063,39,16.8,15.17910447761194,14.508955223880596,4.1,116.0,16.1,87.0
43963,39,16.8,15.0,14.5,4.1,130.0,20.9,87.0
44863,39,16.701449275362318,15.0,14.5,4.2,120.0,19.3,86.0
45763,39,16.669999999999998,15.0,14.5,4.2,123.0,17.7,87.0
46663,39,16.6,15.0,14.5,4.1,123.0,19.3,86.0
47563,39,16.56086956521739,15.0,14.494202898550723,4.1,97.0,17.7,86.0
48463,39,16.5,15.0,14.392753623188408,4.2,104.0,16.1,87.0
49363,39,16.469117647058823,15.0,14.342857142857142,4.2,127.0,17.7,86.0
50263,39,16.4,15.0,14.3,4.2,70.0,14.5,86.0
51163,39,16.379032258064516,15.0,14.3,4.2,58.0,14.5,86.0
52063,39,16.3,15.0,14.3,4.0,62.0,16.1,87.0
52963,39,16.287692307692307,15.0,14.3,4.0,81.0,16.1,87.0
53863,39,16.2,15.0,14.295384615384616,3.7,39.0,14.5,87.0
54763,39,16.2,15.0,14.223880597014926,3.6,53.0,14.5,88.0
55663,39,16.161428571428573,15.0,14.194117647058825,3.6,54.0,12.9,88.0
56563,39,16.1,14.871428571428572,14.064285714285711,3.7,65.0,14.5,87.0
57463,39,16.1,14.52112676056338,14.0,3.7,44.0,11.3,84.0
58363,39,16.002857142857145,14.5,14.0,3.7,26.0,14.5,84.0
59263,39,16.0,14.5,14.0,3.6,18.0,11.3,84.0
60163,39,15.936363636363636,14.5,14.0,3.5,9.0,11.3,85.0
61063,39,15.9,14.5,14.0,3.2,0.0,11.3,86.0
61963,39,15.87246376811594,25.83561643835616,19.5082191780822,2.8,0.0,8.0,87.0
62863,39,16.294202898550726,53.43181818181819,45.559090909090905,2.9,0.0,11.3,88.0
63763,39,17.15441176470588,54.21641791044776,49.35074626865672,2.9,0.0,11.3,88.0
64663,39,17.747142857142855,54.0,49.55,2.3,0.0,11.3,88.0
65563,39,18.1661971830986,54.43283582089553,49.41940298507463,2.2,0.0,11.3,89.0
66463,39,18.42962962962963,43.96551724137931,39.98620689655173,2.2,0.0,11.3,88.0
67363,39,18.50238095238096,47.241379310344826,41.33793103448276,2.2,0.0,12.9,87.0
68263,39,18.66842105263158,40.81730769230769,37.225,2.2,0.0,11.3,87.0
69163,39,18.654545454545453,26.6171875,23.4140625,2.2,0.0,14.5,87.0
70063,39,18.491666666666667,21.369565217391305,19.42173913043478,2.0,0.0,11.3,88.0
70963,39,18.35147058823529,18.65714285714286,17.412857142857142,1.8,0.0,11.3,88.0
71863,39,18.114705882352943,17.350746268656714,16.338805970149256,2.0,0.0,16.1,88.0
72763,39,17.916,32.21551724137931,26.391379310344824,1.9,0.0,14.5,88.0
73663,39,18.273846153846154,42.7578125,39.4359375,1.9,0.0,12.9,88.0
74563,39,18.65098039215686,27.37234042553192,24.280851063829783,1.9,0.0,16.1,88.0
75463,39,18.65,21.734848484848484,19.43181818181818,1.8,0.0,17.7,88.0
76363,39,18.5027397260274,18.87121212121212,17.3530303030303,1.6,0.0,17.7,89.0
77263,39,18.322535211267606,32.47727272727273,27.22272727272728,1.4,0.0,16.1,89.0
78163,39,18.69538461538461,51.586956521739125,47.06376811594203,1.4,0.0,16.1,88.0
79063,39,19.3328125,51.71641791044776,48.31492537313433,1.4,0.0,19.3,88.0
79963,39,19.713043478260868,51.5,48.3,1.2,0.0,14.5,89.0
80863,39,20.025714285714287,50.88970588235294,47.89852941176471,1.0,0.0,16.1,89.0
81763,39,20.304411764705883,50.7089552238806,47.71492537313433,1.1,0.0,17.7,88.0
82663,39,20.61492537313433,51.40441176470588,48.60588235294118,0.9,0.0,14.5,88.0
83563,39,20.807352941176468,51.8,48.69285714285714,0.9,0.0,14.5,88.0
84463,39,20.950769230769232,52.559701492537314,48.77462686567164,0.8,0.0,12.9,89.0
85363,39,20.9,53.38636363636364,49.12272727272728,0.7,0.0,11.3,90.0
86263,39,20.93623188405797,48.95,44.635714285714286,1.1,0.0,11.3,89.0
763,40,20.97272727272728,32.38405797101449,28.68260869565217,1.2,0.0,9.7,89.0
1663,40,20.76764705882353,24.678571428571427,22.14142857142857,1.1,0.0,8.0,90.0
2563,40,20.425714285714285,21.12162162162162,19.5472972972973,1.1,0.0,6.4,91.0
3463,40,20.030434782608697,19.17391304347825,18.11304347826087,1.1,0.0,6.4,91.0
4363,40,19.63714285714285,18.059701492537314,17.207462686567162,1.1,0.0,6.4,91.0
5263,40,19.232857142857146,17.30821917808219,16.589041095890412,1.1,0.0,6.4,91.0
6163,40,18.862857142857145,16.84285714285714,16.14142857142857,1.2,0.0,6.4,91.0
7063,40,18.53428571428572,16.5,15.838805970149256,1.1,0.0,8.0,91.0
7963,40,18.295652173913044,16.161971830985916,15.525352112676057,1.2,0.0,11.3,91.0
8863,40,18.0703125,16.0,15.34848484848485,1.2,0.0,11.3,91.0
9763,40,17.889855072463767,15.992537313432836,15.17910447761194,1.2,0.0,9.7,91.0
10663,40,17.73943661971831,15.57246376811594,15.0,1.1,0.0,8.0,91.0
11563,40,17.60597014925373,15.5,14.885294117647058,1.1,0.0,9.7,91.0
12463,40,17.473239436619718,15.5,14.8,1.1,0.0,6.4,92.0
13363,40,17.366197183098592,15.5,14.70597014925373,1.0,0.0,4.8,92.0
14263,40,17.259701492537314,15.484615384615385,14.5,1.0,0.0,6.4,92.0
15163,40,17.169696969696968,15.080882352941178,14.5,1.0,0.0,6.4,92.0
16063,40,17.062121212121212,15.0,14.433333333333334,0.9,0.0,4.8,92.0
16963,40,16.9768115942029,15.0,14.3,0.8,0.0,3.2,92.0
17863,40,16.9,15.0,14.3,0.8,0.0,3.2,92.0
18763,40,16.816176470588236,15.0,14.3,0.8,0.0,6.4,93.0
19663,40,16.75735294117647,15.0,14.115714285714285,0.9,0.0,9.7,92.0
20563,40,16.682089552238807,15.0,14.0,0.9,0.0,9.7,92.0
21463,40,16.6,16.112903225806452,14.382258064516128,0.8,0.0,8.0,92.0
22363,40,16.759999999999998,48.17692307692308,37.989230769230765,0.9,0.0,11.3,91.0
23263,40,17.684615384615384,54.32352941176471,48.83676470588235,0.9,0.0,11.3,91.0
24163,40,18.630000000000003,54.5,49.34516129032258,0.9,0.0,9.7,91.0
25063,40,19.34126984126984,54.5,49.5,0.9,0.0,11.3,91.0
25963,40,19.922727272727272,54.5,49.756521739130434,0.9,0.0,9.7,90.0
26863,40,20.333823529411767,54.26428571428571,49.61714285714286,0.9,0.0,9.7,90.0
27763,40,20.49411764705882,46.06923076923077,42.324615384615385,0.9,0.0,8.0,90.0
28663,40,20.31,29.26470588235294,29.33333333333333,0.9,0.0,9.7,90.0
29563,40,19.92741935483871,21.9375,22.9796875,0.9,11.0,8.0,90.0
30463,40,19.44788732394366,19.333333333333336,19.594202898550726,0.9,14.0,8.0,90.0
31363,40,19.004285714285714,18.05072463768116,17.872463768115942,0.9,16.0,6.4,90.0
32263,40,18.6179104477612,17.253731343283583,16.87910447761194,1.1,26.0,11.3,89.0
33163,40,18.29859154929577,16.79285714285714,16.30142857142857,1.1,33.0,9.7,89.0
34063,40,18.03943661971831,16.4921875,15.89375,1.2,51.0,9.7,89.0
34963,40,17.822857142857142,16.021428571428572,15.508571428571427,1.3,55.0,11.3,89.0
35863,40,17.64848484848485,16.0,15.3,1.4,76.0,9.7,88.0
36763,40,17.507462686567163,15.644927536231885,15.017391304347823,1.6,65.0,11.3,88.0
37663,40,17.378260869565217,15.5,14.905882352941177,1.6,98.0,11.3,88.0
38563,40,17.274626865671642,15.5,14.8,1.7,92.0,12.9,88.0
39463,40,17.1955223880597,15.5,14.786363636363635,1.8,79.0,11.3,87.0
40363,40,17.1,15.42753623188406,14.504347826086956,1.9,137.0,11.3,87.0
41263,40,17.018840579710144,15.007575757575756,14.5,2.1,109.0,9.7,86.0
42163,40,16.944615384615382,15.0,14.497142857142856,2.1,92.0,11.3,85.0
43063,40,16.9,15.0,14.332835820895522,1.9,82.0,12.9,84.0
43963,40,16.814285714285713,15.0,14.3,2.1,63.0,9.7,85.0
44863,40,16.78955223880597,15.0,14.3,2.1,70.0,9.7,85.0
45763,40,16.7,15.0,14.3,2.1,70.0,9.7,85.0
46663,40,16.64857142857143,15.0,14.3,2.1,98.0,12.9,84.0
47563,40,16.6,15.0,14.3,2.1,86.0,14.5,83.0
48463,40,16.53283582089552,15.0,14.3,2.2,69.0,12.9,83.0
49363,40,16.5,15.0,14.295714285714286,2.2,72.0,12.9,83.0
50263,40,16.429577464788732,15.0,14.266197183098592,2.2,69.0,14.5,82.0
51163,40,16.4,15.0,14.029577464788732,2.2,76.0,12.9,82.0
52063,40,16.31142857142857,14.9,14.0,2.3,69.0,14.5,81.0
52963,40,16.28939393939394,14.52898550724638,14.0,2.3,79.0,11.3,81.0
53863,40,16.2,14.5,14.0,2.4,58.0,9.7,80.0
54763,40,16.2,14.5,14.0,2.4,53.0,11.3,75.0
55663,40,16.10289855072464,14.5,14.0,2.4,60.0,11.3,75.0
56563,40,16.08732394366197,14.5,14.0,2.4,46.0,8.0,75.0
57463,40,16.0,14.5,13.88,2.3,23.0,9.7,74.0
58363,40,15.986301369863014,14.5,13.8,2.3,21.0,12.9,73.0
59263,40,15.9,14.5,13.8,2.2,12.0,11.3,73.0
60163,40,15.886567164179104,14.5,13.8,2.1,11.0,11.3,74.0
61063,40,15.8,14.5,13.8,1.9,0.0,9.7,79.0
61963,40,15.8,24.3135593220339,18.803389830508472,1.2,0.0,16.1,89.0
62863,40,16.171830985915495,53.083333333333336,45.09242424242424,0.8,0.0,9.7,91.0
63763,40,16.980281690140846,54.6875,49.2234375,0.9,0.0,12.9,90.0
64663,40,17.622857142857143,54.94117647058823,49.47058823529412,0.9,0.0,8.0,90.0
65563,40,18.15217391304348,55.0,49.53,1.0,0.0,9.7,89.0
66463,40,18.557575757575755,55.0,49.771232876712325,1.1,0.0,12.9,88.0
67363,40,18.91014492753623,45.56923076923077,41.56461538461538,1.1,0.0,9.7,89.0
68263,40,18.94202898550725,47.07462686567165,41.28358208955224,1.0,0.0,6.4,89.0
69163,40,19.11714285714286,42.86231884057971,38.93333333333333,1.0,0.0,11.3,88.0
70063,40,19.02878787878788,28.428571428571427,25.01904761904762,0.9,0.0,11.3,88.0
70963,40,18.732835820895524,22.84375,20.6171875,0.9,0.0,9.7,88.0
71863,40,18.37638888888889,19.985915492957748,18.553521126760565,0.8,0.0,14.5,90.0
72763,40,18.07361111111112,30.54225352112676,25.823943661971832,0.4,0.0,16.1,94.0
73663,40,18.197183098591548,50.875,44.95,0.3,0.0,12.9,94.0
74563,40,18.640845070422536,50.81159420289855,47.336231884057966,0.4,0.0,11.3,92.0
75463,40,19.0796875,51.0,48.13676470588236,0.5,0.0,8.0,92.0
76363,40,19.398529411764702,51.0,48.0,0.6,0.0,8.0,92.0
77263,40,19.6828125,51.0,48.0,0.6,0.0,4.8,92.0
78163,40,19.90597014925373,51.0,48.06617647058824,0.6,0.0,4.8,91.0
79063,40,20.02857142857143,51.0,48.12413793103448,0.6,0.0,9.7,89.0
79963,40,,,,0.8,0.0,9.7,88.0
80863,40,,,,0.9,0.0,8.0,87.0
81763,40,,,,0.9,0.0,9.7,87.0
82663,40,,,,0.9,0.0,11.3,86.0
83563,40,,,,0.9,0.0,9.7,86.0
84463,40,,,,1.0,0.0,11.3,83.0
85363,40,,,,0.9,0.0,8.0,83.0
86263,40,,,,0.9,0.0,11.3,83.0
763,41,,,,0.8,0.0,12.9,84.0
1663,41,,,,0.7,0.0,8.0,86.0
2563,41,,,,0.6,0.0,8.0,86.0
3463,41,,,,0.4,0.0,9.7,88.0
4363,41,,,,0.4,0.0,8.0,89.0
5263,41,,,,0.3,0.0,6.4,90.0
6163,41,,,,0.2,0.0,4.8,91.0
7063,41,,,,0.1,0.0,3.2,91.0
7963,41,,,,0.1,0.0,3.2,91.0
8863,41,,,,0.1,0.0,3.2,92.0
9763,41,,,,0.0,0.0,0.0,91.0
10663,41,,,,-0.2,0.0,1.6,92.0
11563,41,,,,-0.1,0.0,3.2,94.0
12463,41,,,,0.1,0.0,1.6,94.0
13363,41,,,,0.1,0.0,1.6,94.0
14263,41,,,,0.0,0.0,0.0,94.0
15163,41,,,,-0.1,0.0,0.0,94.0
16063,41,,,,-0.1,0.0,1.6,94.0
16963,41,,,,-0.1,0.0,0.0,94.0
17863,41,,,,-0.1,0.0,1.6,94.0
18763,41,,,,-0.1,0.0,0.0,94.0
19663,41,,,,-0.1,0.0,0.0,94.0
20563,41,,,,-0.1,0.0,3.2,94.0
21463,41,,,,-0.1,0.0,0.0,94.0
22363,41,,,,-0.2,0.0,0.0,94.0
23263,41,,,,-0.1,0.0,0.0,95.0
24163,41,,,,-0.2,0.0,0.0,95.0
25063,41,,,,-0.2,0.0,0.0,95.0
25963,41,,,,-0.2,0.0,0.0,95.0
26863,41,,,,-0.1,0.0,0.0,95.0
27763,41,,,,0.0,0.0,0.0,95.0
28663,41,,,,0.1,0.0,0.0,95.0
29563,41,,,,0.2,7.0,0.0,95.0
30463,41,,,,0.3,11.0,0.0,94.0
31363,41,,,,0.3,19.0,0.0,94.0
32263,41,,,,0.4,40.0,1.6,94.0
33163,41,,,,0.5,35.0,0.0,93.0
34063,41,,,,0.6,48.0,0.0,93.0
34963,41,,,,0.6,65.0,0.0,92.0
35863,41,,,,1.0,93.0,3.2,91.0
36763,41,,,,1.1,98.0,1.6,90.0
37663,41,,,,1.4,76.0,4.8,88.0
38563,41,,,,1.4,54.0,8.0,89.0
39463,41,,,,1.2,88.0,8.0,92.0
40363,41,,,,1.2,137.0,4.8,93.0
41263,41,,,,1.7,145.0,1.6,90.0
42163,41,,,,2.3,290.0,8.0,87.0
43063,41,,,,3.1,239.0,11.3,82.0
43963,41,,,,3.5,341.0,6.4,81.0
44863,41,,,,3.3,123.0,11.3,78.0
45763,41,,,,2.9,139.0,11.3,78.0
46663,41,,,,3.1,169.0,9.7,76.0
47563,41,,,,3.2,385.0,9.7,76.0
48463,41,,,,3.3,90.0,9.7,76.0
49363,41,,,,3.1,53.0,6.4,78.0
50263,41,,,,1.4,47.0,16.1,88.0
51163,41,16.3,14.5,13.996774193548386,1.0,76.0,9.7,89.0
52063,41,16.253623188405797,14.5,13.884848484848485,1.2,49.0,4.8,89.0
52963,41,16.2,14.5,13.8,1.4,68.0,4.8,89.0
53863,41,16.169696969696968,14.5,13.8,2.2,76.0,6.4,81.0
54763,41,16.1,14.5,13.8,1.9,32.0,11.3,85.0
55663,41,16.0955223880597,14.5,13.8,2.2,144.0,8.0,83.0
56563,41,16.001470588235293,14.5,13.8,2.4,148.0,9.7,81.0
57463,41,15.981428571428571,14.5,13.786956521739132,2.3,39.0,8.0,88.0
58363,41,15.9,14.5,13.605882352941176,1.5,9.0,6.4,91.0
59263,41,15.854411764705882,14.387323943661972,13.5,1.3,0.0,6.4,92.0
60163,41,15.8,14.00735294117647,13.5,0.9,5.0,6.4,93.0
61063,41,15.7484375,14.0,13.5,0.8,0.0,4.8,94.0
61963,41,15.7,25.08208955223881,18.76716417910448,0.7,0.0,6.4,93.0
62863,41,16.12676056338028,53.10294117647059,44.725,0.4,0.0,4.8,93.0
63763,41,16.987142857142857,54.54477611940298,48.776119402985074,0.4,0.0,4.8,94.0
64663,41,17.691176470588236,54.80597014925373,49.01343283582089,0.6,0.0,8.0,94.0
65563,41,18.252238805970148,55.0,49.20142857142857,0.6,0.0,9.7,93.0
66463,41,18.60454545454545,55.0,49.29583333333333,0.6,0.0,6.4,93.0
67363,41,18.83731343283582,51.11194029850746,47.64477611940298,0.6,0.0,8.0,93.0
68263,41,19.0,34.22727272727273,31.369696969696967,0.6,0.0,11.3,93.0
69163,41,18.949253731343283,24.703125,21.359375,0.6,0.0,8.0,94.0
70063,41,18.61864406779661,23.143939393939394,20.8,0.4,0.0,6.4,95.0
70963,41,18.426984126984127,49.49166666666667,41.25833333333333,0.3,0.0,4.8,94.0
71863,41,18.6344262295082,53.46212121212121,48.40757575757576,0.3,0.0,8.0,94.0
72763,41,18.8,40.23770491803278,36.14754098360656,0.2,0.0,6.4,94.0
73663,41,18.79206349206349,39.24603174603175,35.16031746031746,0.3,0.0,3.2,94.0
74563,41,18.6625,26.328125,22.8765625,0.4,0.0,4.8,94.0
75463,41,18.425396825396824,21.09230769230769,18.80923076923077,0.3,0.0,4.8,94.0
76363,41,18.16,18.703703703703702,17.116666666666667,0.3,0.0,6.4,94.0
77263,41,17.84423076923077,18.52,17.184,0.2,0.0,6.4,94.0
78163,41,17.6734693877551,45.62765957446808,37.87234042553192,0.3,0.0,6.4,94.0
79063,41,17.874285714285712,32.13,29.486,0.2,0.0,9.7,95.0
79963,41,17.9,23.73880597014925,21.65223880597015,0.1,0.0,4.8,95.0
80863,41,17.804761904761904,19.98529411764705,18.59117647058824,0.0,0.0,3.2,95.0
81763,41,17.65396825396825,18.107692307692307,17.315384615384616,-0.1,0.0,4.8,95.0
82663,41,17.462857142857143,17.04225352112676,16.28591549295775,0.0,0.0,4.8,94.0
83563,41,17.28030303030303,16.28030303030303,15.61818181818182,0.1,0.0,4.8,94.0
84463,41,17.09857142857143,15.898550724637682,15.334782608695653,0.1,0.0,8.0,92.0
85363,41,16.935714285714287,15.5,14.99264705882353,0.2,0.0,6.4,92.0
86263,41,16.816176470588236,15.440298507462686,14.8,0.2,0.0,8.0,92.0
763,42,16.6921875,15.0,14.571428571428571,0.3,0.0,6.4,91.0
1663,42,16.583823529411767,15.0,14.436231884057973,0.2,0.0,4.8,91.0
2563,42,16.5,15.0,14.447761194029852,0.2,0.0,8.0,92.0
3463,42,16.57246376811594,15.0,14.55142857142857,0.2,0.0,9.7,91.0
4363,42,16.659701492537316,15.0,14.18,0.3,0.0,6.4,91.0
5263,42,16.60142857142857,14.860294117647058,14.0,0.3,0.0,9.7,91.0
6163,42,16.6,14.5,14.0,0.3,0.0,8.0,91.0
7063,42,16.53529411764706,14.5,13.957575757575755,0.4,0.0,9.7,91.0
7963,42,16.5,14.5,13.805633802816905,0.4,0.0,8.0,91.0
8863,42,16.4,14.5,13.8,0.4,0.0,8.0,90.0
9763,42,16.35441176470588,14.5,13.8,0.5,0.0,9.7,90.0
10663,42,16.295652173913044,14.5,13.773134328358209,0.6,0.0,9.7,90.0
11563,42,16.2,14.5,13.534285714285716,0.6,0.0,8.0,90.0
12463,42,16.196825396825396,14.5,13.5,0.8,0.0,12.9,89.0
13363,42,16.1,14.49264705882353,13.5,0.8,0.0,12.9,89.0
14263,42,16.08142857142857,14.166666666666666,13.5,0.9,0.0,8.0,91.0
15163,42,16.0,14.0,13.5,0.9,0.0,8.0,90.0
16063,42,15.971212121212124,14.0,13.459420289855071,1.0,0.0,8.0,90.0
16963,42,15.9,14.0,13.305797101449276,1.1,0.0,9.7,90.0
17863,42,15.880882352941176,14.0,13.3,1.2,0.0,9.7,91.0
18763,42,15.8,14.0,13.3,1.2,0.0,9.7,91.0
19663,42,15.791044776119405,14.0,13.3,1.2,0.0,8.0,92.0
20563,42,15.7,14.0,13.3,1.2,0.0,9.7,93.0
21463,42,15.7,14.0,13.3,1.3,0.0,8.0,93.0
22363,42,15.605405405405406,14.0,13.241791044776118,1.4,0.0,8.0,93.0
23263,42,15.6,15.39041095890411,13.46027397260274,1.4,0.0,9.7,94.0
24163,42,15.815714285714284,45.338235294117645,35.830882352941174,1.4,0.0,11.3,94.0
25063,42,16.943478260869565,53.20289855072464,47.63478260869565,1.4,0.0,9.7,95.0
25963,42,17.9,52.60416666666666,47.52777777777778,1.4,0.0,8.0,96.0
26863,42,18.380000000000003,38.62121212121212,34.53484848484849,1.4,0.0,11.3,96.0
27763,42,18.50289855072464,49.638461538461534,43.73230769230769,1.4,0.0,11.3,96.0
28663,42,18.644285714285715,33.44117647058824,29.029411764705884,1.5,0.0,12.9,97.0
29563,42,18.38358208955224,24.007042253521128,20.88169014084508,1.6,0.0,11.3,97.0
30463,42,17.92280701754386,20.01515151515152,18.010606060606058,1.8,0.0,14.5,97.0
31363,42,17.583333333333336,21.93478260869565,19.43623188405797,2.2,1.0,14.5,98.0
32263,42,17.576470588235292,47.63768115942029,40.4231884057971,2.2,5.0,17.7,97.0
33163,42,17.887323943661972,32.652173913043484,28.959420289855075,2.2,7.0,17.7,97.0
34063,42,17.775,24.022058823529413,21.38823529411765,2.2,16.0,24.1,95.0
34963,42,17.57971014492754,20.029850746268657,18.48955223880597,2.4,17.0,19.3,96.0
35863,42,17.369014084507043,17.992753623188406,17.053623188405798,2.5,11.0,20.9,94.0
36763,42,17.134375,16.97142857142857,16.365714285714283,2.4,12.0,20.9,95.0
37663,42,16.929577464788732,16.166666666666664,15.624242424242423,2.1,25.0,24.1,94.0
38563,42,16.8955223880597,30.31538461538461,24.701538461538465,2.3,16.0,20.9,95.0
39463,42,17.259090909090908,50.31884057971014,43.08985507246377,2.4,47.0,22.5,94.0
40363,42,18.072857142857146,54.28767123287671,48.98219178082192,2.5,40.0,25.7,92.0
41263,42,18.85072463768116,54.50735294117648,49.24705882352941,2.6,39.0,22.5,92.0
42163,42,19.33970588235294,54.95522388059702,49.51044776119403,2.7,30.0,19.3,92.0
43063,42,19.57619047619048,52.67424242424242,48.06969696969697,2.8,39.0,19.3,92.0
43963,42,19.628571428571423,36.471830985915496,33.08169014084507,2.8,58.0,17.7,92.0
44863,42,19.2044776119403,25.147058823529413,22.944117647058825,3.0,44.0,22.5,89.0
45763,42,15.505555555555556,19.217391304347824,17.56376811594203,3.1,83.0,22.5,88.0
46663,42,13.95714285714286,16.63888888888889,15.377777777777776,3.3,60.0,22.5,86.0
47563,42,13.386764705882351,15.455882352941178,14.29558823529412,3.3,35.0,22.5,85.0
48463,42,14.580555555555554,15.5,14.669565217391304,3.2,32.0,22.5,90.0
49363,42,15.344285714285714,15.5,14.8,3.2,56.0,24.1,89.0
50263,42,15.780281690140844,15.385714285714286,14.8,3.1,32.0,19.3,89.0
51163,42,16.035714285714285,15.007575757575756,14.763636363636362,2.6,49.0,20.9,92.0
52063,42,16.179710144927537,15.0,14.5,2.5,37.0,22.5,94.0
52963,42,16.274603174603175,15.0,14.5,2.6,35.0,25.7,93.0
53863,42,16.3,15.0,14.38450704225352,2.6,37.0,20.9,94.0
54763,42,16.3,15.0,14.3,2.6,26.0,22.5,94.0
55663,42,16.3,15.0,14.3,2.6,19.0,22.5,92.0
56563,42,16.3,14.626760563380282,14.114084507042254,2.6,26.0,20.9,92.0
57463,42,16.213235294117645,14.5,14.0,2.5,18.0,20.9,93.0
58363,42,16.2,14.5,14.0,2.5,16.0,17.7,94.0
59263,42,16.166176470588233,14.5,14.0,2.2,26.0,25.7,94.0
60163,42,16.1,14.5,13.854285714285714,2.2,12.0,20.9,93.0
61063,42,16.061290322580646,14.5,13.8,2.2,5.0,22.5,94.0
61963,42,16.0,14.5,13.8,2.2,0.0,14.5,94.0
62863,42,15.961538461538462,14.5,13.8,2.3,0.0,19.3,94.0
63763,42,15.9,24.258928571428573,18.523214285714285,2.3,0.0,22.5,94.0
64663,42,16.307462686567163,50.25384615384616,43.43538461538462,2.4,0.0,17.7,95.0
65563,42,17.188235294117646,51.683098591549296,48.180281690140845,2.5,0.0,19.3,94.0
66463,42,17.826153846153847,51.92857142857143,48.3,2.5,0.0,20.9,94.0
67363,42,18.41272727272728,50.98529411764706,47.489705882352936,2.6,0.0,19.3,94.0
68263,42,18.62063492063492,47.59090909090909,43.88333333333333,2.6,0.0,19.3,94.0
69163,42,18.769117647058824,51.93478260869565,48.01014492753623,2.8,0.0,20.9,93.0
70063,42,19.005084745762712,51.91538461538462,48.45076923076923,2.9,0.0,20.9,93.0
70963,42,19.22835820895522,51.81343283582089,47.74925373134328,2.9,0.0,20.9,92.0
71863,42,19.42794117647059,51.31159420289855,47.90289855072464,3.0,0.0,22.5,93.0
72763,42,19.6089552238806,51.35507246376811,48.09855072463768,2.9,0.0,20.9,94.0
73663,42,19.75211267605634,50.17164179104478,47.65373134328358,2.8,0.0,20.9,94.0
74563,42,19.8,37.80833333333333,34.93333333333333,2.9,0.0,20.9,95.0
75463,42,19.840298507462684,47.54166666666667,44.1125,2.8,0.0,20.9,93.0
76363,42,20.068656716417912,43.14393939393939,39.73484848484848,2.9,0.0,20.9,93.0
77263,42,20.158571428571427,51.81343283582089,48.09253731343284,2.9,0.0,17.7,91.0
78163,42,20.244927536231884,39.70289855072464,36.32753623188405,3.0,0.0,20.9,92.0
79063,42,20.231884057971016,48.32142857142857,43.471428571428575,2.8,0.0,17.7,93.0
79963,42,20.321875,45.38059701492537,40.147761194029854,3.0,0.0,20.9,93.0
80863,42,20.56714285714286,54.80714285714286,49.75285714285714,3.2,0.0,19.3,93.0
81763,42,20.810294117647057,54.67647058823529,49.98529411764706,3.2,0.0,22.5,92.0
82663,42,21.128571428571423,44.52238805970149,42.62388059701493,3.2,0.0,20.9,87.0
83563,42,21.163235294117648,29.404411764705884,26.19117647058824,3.1,0.0,20.9,86.0
84463,42,20.88055555555556,23.15441176470588,20.58235294117647,3.2,0.0,20.9,85.0
85363,42,20.51,20.111940298507463,18.429850746268656,3.2,0.0,24.1,84.0
86263,42,20.01846153846154,18.397058823529413,17.189705882352943,2.9,0.0,19.3,85.0
763,43,19.568656716417912,17.30597014925373,16.44776119402985,2.9,0.0,19.3,86.0
1663,43,19.307352941176468,16.628571428571426,15.905714285714286,2.8,0.0,16.1,84.0
2563,43,19.04179104477612,16.5234375,16.1484375,2.7,0.0,16.1,85.0
3463,43,18.79420289855073,16.5,16.07391304347826,2.6,0.0,16.1,82.0
4363,43,18.57323943661972,16.5,15.879411764705882,2.5,0.0,17.7,84.0
5263,43,18.40714285714286,16.18840579710145,15.8,2.6,0.0,17.7,85.0
6163,43,18.245205479452054,16.0,15.522058823529411,2.5,0.0,16.1,82.0
7063,43,18.116666666666667,16.0,15.488571428571428,2.6,0.0,16.1,82.0
7963,43,17.97536231884058,16.0,15.3,2.6,0.0,19.3,84.0
8863,43,17.861764705882354,15.977941176470589,15.3,2.7,0.0,19.3,82.0
9763,43,17.773846153846154,15.567164179104475,15.08955223880597,2.8,0.0,19.3,82.0
10663,43,17.68,15.5,15.0,2.7,0.0,16.1,83.0
11563,43,17.59516129032258,15.5,15.0,2.7,0.0,19.3,80.0
12463,43,17.5,15.5,14.903030303030302,2.7,0.0,20.9,79.0
13363,43,17.43125,15.5,14.8,2.7,0.0,17.7,80.0
14263,43,17.392753623188405,15.5,14.8,2.8,0.0,19.3,80.0
15163,43,17.3,15.5,14.8,2.7,0.0,19.3,78.0
16063,43,17.241791044776118,15.5,14.73181818181818,2.6,0.0,20.9,78.0
16963,43,17.194366197183097,15.125,14.5,2.6,0.0,19.3,79.0
17863,43,17.1,15.0,14.5,2.6,0.0,17.7,78.0
18763,43,17.03076923076923,15.0,14.5,2.6,0.0,17.7,79.0
19663,43,16.967142857142857,15.0,14.46764705882353,2.8,0.0,22.5,79.0
20563,43,16.9,15.0,14.3,2.7,0.0,19.3,80.0
21463,43,16.830985915492956,15.0,14.3,2.7,0.0,19.3,82.0
22363,43,16.8,15.0,14.3,2.8,0.0,20.9,81.0
23263,43,16.715714285714284,16.63235294117647,14.766176470588237,2.8,0.0,20.9,80.0
24163,43,16.86857142857143,45.08333333333333,36.47916666666667,2.8,0.0,20.9,80.0
25063,43,17.465671641791044,39.10144927536232,35.67971014492754,2.8,0.0,20.9,73.0
25963,43,17.830434782608698,36.28260869565217,33.55942028985508,2.8,0.0,19.3,75.0
26863,43,17.97361111111111,24.875,22.663235294117648,2.6,0.0,19.3,76.0
27763,43,17.849122807017544,20.56428571428572,19.19428571428572,2.6,0.0,20.9,76.0
28663,43,17.69857142857143,18.514285714285712,17.55,2.7,0.0,20.9,77.0
29563,43,17.585915492957746,17.813432835820898,17.386567164179105,2.8,0.0,22.5,78.0
30463,43,17.435294117647057,16.78985507246377,16.38695652173913,2.8,5.0,20.9,80.0
31363,43,17.391176470588235,16.26086956521739,15.984057971014494,2.4,12.0,25.7,88.0
32263,43,17.263636363636362,28.232394366197184,23.74788732394366,2.2,30.0,17.7,91.0
33163,43,17.373529411764707,27.257142857142856,25.752857142857145,2.2,12.0,22.5,91.0
34063,43,17.4,20.818840579710145,19.644927536231883,1.9,37.0,20.9,92.0
34963,43,17.336764705882352,18.275362318840585,17.44782608695652,2.1,46.0,16.1,91.0
35863,43,17.240000000000002,17.067164179104477,16.41044776119403,2.2,60.0,24.1,89.0
36763,43,17.133823529411764,16.34328358208955,15.828358208955224,2.2,87.0,20.9,89.0
37663,43,17.015384615384615,15.944444444444446,15.42063492063492,2.4,63.0,16.1,88.0
38563,43,16.914285714285715,15.5,15.177464788732394,2.6,62.0,24.1,86.0
39463,43,16.849275362318842,15.5,14.940298507462686,2.4,109.0,22.5,86.0
40363,43,16.785714285714285,15.094202898550725,14.8,2.5,51.0,20.9,84.0
41263,43,16.7,22.60606060606061,18.471212121212123,2.1,120.0,27.4,88.0
42163,43,16.923529411764708,47.10294117647059,39.94264705882353,2.1,125.0,27.4,87.0
43063,43,17.578787878787878,45.45588235294117,43.305882352941175,2.2,53.0,24.1,86.0
43963,43,17.978571428571428,31.0,29.11014492753624,2.2,51.0,24.1,83.0
44863,43,18.056338028169016,22.625,20.60147058823529,2.2,58.0,20.9,81.0
45763,43,17.937142857142856,19.321428571428573,17.81,2.0,70.0,25.7,83.0
46663,43,17.763235294117646,17.845070422535212,16.94788732394366,2.1,70.0,22.5,82.0
47563,43,17.57,16.897058823529413,16.33529411764706,2.3,42.0,19.3,80.0
48463,43,17.3890625,17.640625,17.0578125,2.0,56.0,22.5,85.0
49363,43,17.370833333333334,40.97058823529412,33.444117647058825,2.0,54.0,20.9,84.0
50263,43,17.995774647887323,51.02777777777778,47.50694444444444,2.2,56.0,17.7,82.0
51163,43,18.41617647058824,36.114285714285714,33.38285714285714,2.2,37.0,17.7,82.0
52063,43,18.5,25.785714285714285,22.965714285714284,1.7,32.0,17.7,89.0
52963,43,18.41060606060606,35.96875,31.078125,1.6,83.0,22.5,90.0
53863,43,18.55076923076923,51.73943661971831,47.485915492957744,1.8,37.0,20.9,87.0
54763,43,18.89264705882353,49.77536231884058,46.62753623188406,1.8,23.0,22.5,86.0
55663,43,19.13088235294118,52.0,48.62307692307692,1.9,25.0,19.3,83.0
56563,43,19.3955223880597,52.82352941176471,49.17647058823529,1.9,18.0,22.5,88.0
57463,43,19.732835820895524,51.56060606060606,47.8,1.7,12.0,19.3,88.0
58363,43,19.94202898550725,49.92957746478873,46.083098591549295,1.8,7.0,24.1,88.0
59263,43,20.12753623188405,51.75694444444444,48.33888888888889,1.8,7.0,17.7,87.0
60163,43,20.307462686567163,51.27205882352941,48.294117647058826,1.8,8.0,19.3,87.0
61063,43,20.5,51.74603174603175,47.477777777777774,1.3,5.0,20.9,93.0
61963,43,20.7,54.833333333333336,47.87246376811594,1.3,0.0,19.3,93.0
62863,43,21.01333333333333,55.0,48.25,1.3,0.0,22.5,94.0
63763,43,21.260294117647057,55.0,48.32089552238806,1.3,0.0,17.7,94.0
64663,43,21.435384615384613,53.46428571428571,47.74,1.4,0.0,20.9,93.0
65563,43,21.33384615384616,53.13768115942029,46.766666666666666,1.5,0.0,22.5,92.0
66463,43,21.3,54.89855072463767,49.62753623188406,1.6,0.0,22.5,94.0
67363,43,21.27246376811594,47.56716417910447,43.355223880597016,1.7,0.0,24.1,94.0
68263,43,21.09558823529412,30.83571428571428,26.662857142857145,1.6,0.0,19.3,95.0
69163,43,20.756060606060608,24.125,21.37941176470588,1.7,0.0,20.9,95.0
70063,43,20.407246376811592,20.92028985507246,19.230434782608697,1.7,0.0,16.1,95.0
70963,43,20.021212121212123,19.123076923076923,18.006153846153847,1.7,0.0,19.3,95.0
71863,43,19.661428571428573,18.15972222222222,17.273611111111112,1.7,0.0,19.3,95.0
72763,43,19.26764705882353,17.3984375,16.6734375,1.8,0.0,20.9,95.0
73663,43,18.96617647058824,17.0,16.28208955223881,1.9,0.0,20.9,95.0
74563,43,18.692957746478875,16.544117647058822,15.938235294117646,1.9,0.0,20.9,94.0
75463,43,18.475675675675674,16.5,15.811428571428571,1.9,0.0,19.3,95.0
76363,43,18.315,16.491935483870968,15.790322580645162,1.9,0.0,20.9,96.0
77263,43,18.128985507246377,16.00735294117647,15.458823529411765,2.1,0.0,22.5,95.0
78163,43,17.96060606060606,16.0,15.3,2.2,0.0,20.9,95.0
79063,43,17.825396825396826,16.0,15.264179104477613,2.4,0.0,22.5,93.0
79963,43,17.734328358208955,15.734848484848484,15.0,2.5,0.0,22.5,93.0
80863,43,17.622857142857143,15.5,14.809090909090909,2.6,0.0,25.7,93.0
81763,43,17.519117647058824,15.5,14.8,2.6,0.0,25.7,93.0
82663,43,17.428985507246377,15.5,14.752857142857144,2.6,0.0,22.5,93.0
83563,43,17.34057971014493,15.5,14.5,2.6,0.0,20.9,93.0
84463,43,17.320588235294117,15.5,14.70735294117647,2.6,0.0,17.7,93.0
85363,43,18.19705882352941,15.86111111111111,15.26388888888889,2.7,0.0,20.9,93.0
86263,43,18.18450704225352,16.0,15.449253731343283,2.7,0.0,25.7,93.0
763,44,17.8,16.0,15.3,2.7,0.0,20.9,93.0
1663,44,17.78923076923077,16.0,15.3,2.7,0.0,14.5,93.0
2563,44,17.7,15.716417910447763,15.09402985074627,2.8,0.0,17.7,93.0
3463,44,17.61911764705882,15.5,15.0,2.8,0.0,19.3,93.0
4363,44,17.583582089552237,15.5,15.0,2.8,0.0,16.1,93.0
5263,44,17.5,15.5,14.887878787878789,2.9,0.0,14.5,93.0
6163,44,17.45079365079365,15.5,14.8,2.9,0.0,12.9,93.0
7063,44,17.4,15.5,14.8,2.9,0.0,14.5,93.0
7963,44,17.3375,15.5,14.8,3.0,0.0,12.9,92.0
8863,44,17.3,15.492307692307694,14.772307692307692,3.0,0.0,12.9,92.0
9763,44,17.2,15.30597014925373,14.535820895522388,3.1,0.0,16.1,93.0
10663,44,17.17878787878788,15.007042253521126,14.5,3.1,0.0,20.9,92.0
11563,44,17.1,15.0,14.5,3.1,0.0,17.7,92.0
12463,44,17.034782608695654,15.0,14.5,3.1,0.0,17.7,92.0
13363,44,16.9955223880597,15.0,14.5,3.2,0.0,19.3,91.0
14263,44,16.9,15.0,14.388135593220335,3.2,0.0,19.3,91.0
15163,44,16.888571428571428,15.0,14.3,3.2,0.0,20.9,91.0
16063,44,16.8,15.0,14.3,3.1,0.0,20.9,91.0
16963,44,16.8,15.0,14.3,3.1,0.0,20.9,92.0
17863,44,16.702898550724637,15.0,14.3,3.2,0.0,20.9,92.0
18763,44,16.687301587301587,15.0,14.3,3.1,0.0,19.3,93.0
19663,44,16.6,15.0,14.1734375,3.2,0.0,19.3,93.0
20563,44,16.591176470588234,14.963235294117649,14.022058823529411,3.2,0.0,20.9,93.0
21463,44,16.501408450704226,16.26086956521739,14.44782608695652,3.2,0.0,22.5,93.0
22363,44,16.634328358208954,46.62121212121212,36.412121212121214,3.2,0.0,24.1,93.0
23263,44,17.315942028985507,54.47794117647059,49.025,3.2,0.0,20.9,93.0
24163,44,17.96857142857143,54.77941176470588,49.57205882352942,3.2,0.0,19.3,93.0
25063,44,18.509459459459457,54.90140845070423,49.79577464788732,3.2,0.0,16.1,93.0
25963,44,18.92058823529412,53.875,49.21911764705882,3.3,0.0,22.5,93.0
26863,44,19.1,39.71969696969697,36.0,3.3,0.0,19.3,92.0
27763,44,19.13235294117647,44.02173913043478,39.6,3.3,0.0,20.9,92.0
28663,44,19.406944444444445,31.27142857142857,28.948571428571427,3.2,0.0,19.3,93.0
29563,44,17.994444444444447,22.625,20.733823529411765,3.2,0.0,20.9,93.0
30463,44,18.070149253731344,19.96875,18.96875,3.2,0.0,19.3,93.0
31363,44,18.01764705882353,18.60144927536232,17.91014492753623,3.2,7.0,19.3,94.0
32263,44,17.922972972972975,17.571428571428573,16.91,3.2,5.0,19.3,94.0
33163,44,17.813636363636363,16.869565217391305,16.305797101449276,3.2,9.0,22.5,94.0
34063,44,17.701449275362318,16.5,15.904918032786885,3.2,14.0,25.7,94.0
34963,44,17.57887323943662,16.036231884057973,15.58695652173913,3.2,18.0,22.5,94.0
35863,44,17.46865671641791,16.0,15.365671641791044,3.3,19.0,22.5,94.0
36763,44,17.37794117647059,15.613636363636363,15.154545454545453,3.3,23.0,20.9,94.0
37663,44,17.28030303030303,15.5,15.0,3.3,28.0,19.3,94.0
38563,44,17.2,15.5,14.993846153846151,3.4,26.0,19.3,94.0
39463,44,17.1,15.5,14.802941176470588,3.4,26.0,19.3,94.0
40363,44,17.014285714285712,15.5,14.8,3.4,32.0,20.9,94.0
41263,44,16.94626865671642,15.411764705882351,14.764705882352942,3.4,33.0,24.1,94.0
42163,44,16.9,15.007692307692306,14.5,3.5,46.0,22.5,94.0
43063,44,16.808955223880595,15.0,14.5,3.6,35.0,20.9,94.0
43963,44,16.8,15.0,14.5,3.6,33.0,17.7,94.0
44863,44,16.78076923076923,15.0,14.47037037037037,3.6,40.0,19.3,94.0
45763,44,16.7,15.0,14.3,3.6,42.0,22.5,93.0
46663,44,16.633870967741935,15.0,14.3,3.8,65.0,19.3,91.0
47563,44,16.6,15.0,14.3,4.1,76.0,20.9,90.0
48463,44,16.540845070422534,15.0,14.3,4.1,60.0,17.7,90.0
49363,44,16.5,15.0,14.255223880597017,4.1,67.0,20.9,89.0
50263,44,16.48709677419355,15.0,14.143283582089552,4.2,63.0,19.3,90.0
51163,44,16.4,14.90625,14.0,4.2,49.0,20.9,90.0
52063,44,16.39558823529412,14.522058823529411,14.0,4.3,47.0,20.9,89.0
52963,44,16.3,14.5,14.0,4.3,42.0,20.9,89.0
53863,44,16.2943661971831,14.5,14.0,4.2,28.0,20.9,89.0
54763,44,16.2,14.5,14.0,4.2,40.0,19.3,89.0
55663,44,16.2,14.5,14.0,4.2,21.0,17.7,90.0
56563,44,16.13582089552239,14.5,14.0,4.2,18.0,17.7,90.0
57463,44,16.1,14.5,13.905084745762712,4.1,19.0,19.3,90.0
58363,44,16.068571428571428,14.5,13.802941176470588,4.1,14.0,22.5,89.0
59263,44,16.0,14.5,13.8,4.0,7.0,19.3,90.0
60163,44,16.0,14.5,13.8,3.9,7.0,17.7,90.0
61063,44,15.907462686567165,14.5,13.8,3.9,0.0,14.5,91.0
61963,44,15.9,25.793650793650794,19.31428571428572,3.9,0.0,16.1,90.0
62863,44,16.407462686567165,53.044117647058826,45.09411764705882,4.0,0.0,16.1,91.0
63763,44,17.37704918032787,54.44736842105264,49.194736842105264,4.1,0.0,16.1,91.0
64663,44,18.11044776119403,54.515625,49.471875,4.1,0.0,12.9,91.0
65563,44,18.68095238095238,54.66666666666666,49.58695652173913,4.1,0.0,14.5,91.0
66463,44,19.11451612903226,53.76984126984127,48.76984126984127,4.2,0.0,14.5,91.0
67363,44,19.48169014084507,54.659090909090914,49.7969696969697,4.2,0.0,14.5,91.0
68263,44,19.581818181818186,54.5,49.98484848484848,4.2,0.0,16.1,91.0
69163,44,19.79848484848485,54.5,49.95384615384616,4.2,0.0,17.7,91.0
70063,44,20.0046875,54.5,49.99710144927536,4.2,0.0,16.1,90.0
70963,44,20.10289855072464,54.20454545454545,49.790909090909096,4.3,0.0,16.1,91.0
71863,44,20.1,54.5,49.93333333333333,4.3,0.0,14.5,91.0
72763,44,20.1,54.5,50.0,4.3,0.0,12.9,91.0
73663,44,20.16268656716418,54.5,50.0,4.3,0.0,17.7,90.0
74563,44,20.205882352941178,54.5,50.0,4.3,0.0,14.5,91.0
75463,44,20.428169014084503,52.614285714285714,49.231428571428566,4.3,0.0,17.7,90.0
76363,44,20.823943661971832,51.40972222222221,48.5,4.3,0.0,20.9,90.0
77263,44,21.14558823529412,51.12903225806452,48.5,4.3,0.0,25.7,90.0
78163,44,21.4089552238806,50.83846153846154,48.17076923076923,4.2,0.0,22.5,90.0
79063,44,21.443939393939395,52.31159420289855,48.44347826086956,4.3,0.0,19.3,91.0
79963,44,21.36857142857143,51.88636363636364,48.21515151515151,4.3,0.0,19.3,91.0
80863,44,21.3864406779661,43.03676470588236,39.70441176470588,4.2,0.0,20.9,90.0
81763,44,21.177611940298508,29.1875,24.8046875,4.2,0.0,17.7,91.0
82663,44,20.965079365079365,23.098360655737704,20.3344262295082,4.2,0.0,17.7,90.0
83563,44,20.65147058823529,20.38888888888889,18.54126984126984,4.3,0.0,16.1,90.0
84463,44,20.22428571428572,18.97101449275362,17.791304347826088,4.3,0.0,16.1,90.0
85363,44,19.806153846153848,17.985507246376812,17.16086956521739,4.3,0.0,14.5,90.0
86263,44,19.45970149253732,17.813432835820898,17.197014925373132,4.3,0.0,12.9,90.0
763,45,19.206666666666667,17.262295081967213,16.650819672131146,4.4,0.0,14.5,90.0
1663,45,18.933823529411764,16.991935483870968,16.179032258064517,4.4,0.0,14.5,90.0
2563,45,18.71212121212121,16.508196721311474,15.901639344262296,4.4,0.0,16.1,90.0
3463,45,18.53787878787879,16.5,15.734782608695651,4.4,0.0,17.7,90.0
4363,45,18.36438356164384,16.345070422535212,15.614084507042254,4.4,0.0,19.3,90.0
5263,45,18.224074074074075,16.0,15.342424242424244,4.5,0.0,14.5,89.0
6163,45,18.071153846153845,16.0,15.09264705882353,4.5,0.0,14.5,89.0
7063,45,17.96164383561644,15.934782608695652,15.0,4.4,0.0,11.3,90.0
7963,45,17.85072463768116,15.5,14.8625,4.4,0.0,14.5,89.0
8863,45,17.762666666666668,15.5,14.8,4.3,0.0,11.3,89.0
9763,45,17.672602739726027,15.5,14.602857142857143,4.3,0.0,9.7,89.0
10663,45,17.594666666666665,15.5,14.5,4.2,0.0,11.3,89.0
11563,45,17.5,15.5,14.5,4.2,0.0,12.9,89.0
12463,45,17.417307692307695,15.23728813559322,14.46271186440678,3.9,0.0,9.7,89.0
13363,45,17.347619047619048,15.0,14.3,3.9,0.0,12.9,89.0
14263,45,17.288059701492536,15.0,14.3,4.1,0.0,16.1,89.0
15163,45,17.2,15.0,14.3,4.0,0.0,14.5,89.0
16063,45,17.14090909090909,15.0,14.282089552238808,4.0,0.0,16.1,90.0
16963,45,17.080303030303032,15.0,14.210447761194027,4.0,0.0,16.1,90.0
17863,45,17.0,15.0,14.04285714285714,3.9,0.0,16.1,90.0
18763,45,16.922857142857143,15.0,14.0,4.0,0.0,16.1,90.0
19663,45,16.88888888888889,15.0,14.0,4.0,0.0,16.1,90.0
20563,45,16.8,15.0,14.0,4.0,0.0,16.1,90.0
21463,45,16.761764705882353,16.652173913043477,14.47826086956522,3.9,0.0,16.1,90.0
22363,45,16.9125,45.32539682539682,36.72063492063492,3.8,0.0,16.1,90.0
23263,45,17.60289855072464,40.79710144927536,38.54202898550725,3.7,0.0,17.7,91.0
24163,45,18.01388888888889,41.885245901639344,38.82950819672131,3.4,0.0,9.7,92.0
25063,45,18.33783783783784,30.507142857142856,27.862857142857145,3.4,0.0,14.5,91.0
25963,45,18.39130434782609,23.619402985074625,20.94029850746269,3.5,0.0,11.3,92.0
26863,45,18.3,20.30434782608696,18.81304347826087,3.5,0.0,9.7,91.0
27763,45,18.235416666666666,18.9622641509434,18.483018867924528,3.6,0.0,12.9,91.0
28663,45,18.11764705882353,17.330882352941178,16.625,3.4,14.0,9.7,92.0
29563,45,18.025757575757574,16.630434782608695,15.856521739130434,3.3,25.0,12.9,92.0
30463,45,17.921311475409837,16.166666666666664,15.426315789473684,3.5,39.0,12.9,91.0
31363,45,17.80625,16.0,15.18688524590164,3.8,54.0,12.9,91.0
32263,45,17.7078125,15.5327868852459,15.0,4.0,42.0,14.5,90.0
33163,45,17.607142857142858,15.5,14.855172413793104,4.1,54.0,19.3,89.0
34063,45,17.527941176470588,15.5,14.8,4.1,56.0,22.5,89.0
34963,45,17.465714285714284,15.5,14.702941176470588,4.2,62.0,17.7,89.0
35863,45,17.4,15.407692307692306,14.5,4.3,69.0,19.3,88.0
36763,45,17.33142857142857,15.007142857142858,14.5,4.4,120.0,20.9,88.0
37663,45,17.3,15.0,14.5,4.7,120.0,16.1,87.0
38563,45,17.25857142857143,15.0,14.477142857142857,5.0,248.0,20.9,86.0
39463,45,17.2,15.0,14.30857142857143,5.7,272.0,14.5,84.0
40363,45,17.2,15.0,14.3,5.9,271.0,16.1,83.0
41263,45,17.2,15.0,14.3,6.3,290.0,19.3,81.0
42163,45,17.2,15.0,14.3,6.3,280.0,20.9,81.0
43063,45,17.14142857142857,15.0,14.3,6.5,283.0,20.9,80.0
43963,45,17.1,15.0,14.3,6.5,218.0,24.1,80.0
44863,45,17.1,15.0,14.3,6.8,299.0,19.3,79.0
45763,45,17.086567164179105,15.0,14.3,6.6,219.0,22.5,79.0
46663,45,17.0,15.0,14.3,7.0,288.0,20.9,78.0
47563,45,17.0,15.0,14.291549295774647,6.8,134.0,20.9,78.0
48463,45,17.0,15.0,14.111428571428572,7.0,264.0,20.9,78.0
49363,45,16.904347826086955,15.0,14.0,7.1,218.0,17.7,78.0
50263,45,16.9,15.0,14.0,7.5,146.0,17.7,77.0
51163,45,16.9,14.964788732394364,14.0,7.3,128.0,20.9,75.0
52063,45,16.804545454545455,14.731343283582088,14.0,7.1,113.0,19.3,75.0
52963,45,16.8,14.542253521126762,14.0,6.9,118.0,19.3,76.0
53863,45,16.8,14.5,14.0,7.0,100.0,16.1,76.0
54763,45,16.7231884057971,14.5,14.0,6.9,128.0,19.3,77.0
55663,45,16.7,14.5,14.0,6.8,100.0,12.9,78.0
56563,45,16.631884057971014,14.5,14.0,6.6,84.0,12.9,78.0
57463,45,16.6,14.5,14.0,6.5,72.0,12.9,78.0
58363,45,16.55142857142857,14.5,13.935211267605634,6.3,46.0,9.7,79.0
59263,45,16.5,14.5,13.840579710144928,6.1,30.0,9.7,80.0
60163,45,16.455882352941178,14.5,13.8,5.8,18.0,4.8,81.0
61063,45,16.4,14.5,13.8,5.7,17.0,4.8,82.0
61963,45,16.375,25.11428571428572,19.145714285714284,5.4,5.0,8.0,83.0
62863,45,16.870149253731345,52.0390625,44.190625,5.1,0.0,6.4,84.0
63763,45,17.79074074074074,53.983050847457626,48.70677966101695,4.7,0.0,4.8,86.0
64663,45,18.40175438596492,50.375,46.1109375,4.5,0.0,4.8,85.0
65563,45,18.5,32.393442622950815,28.51803278688525,4.0,0.0,3.2,86.0
66463,45,18.378125,24.02142857142857,21.49428571428572,3.8,0.0,9.7,88.0
67363,45,18.16923076923077,20.460317460317462,18.93492063492064,3.6,0.0,6.4,89.0
68263,45,17.96,18.67910447761194,17.911940298507464,3.7,0.0,9.7,89.0
69163,45,17.770967741935486,17.478571428571428,16.937142857142856,4.1,0.0,8.0,87.0
70063,45,17.63731343283582,39.54477611940298,32.0865671641791,4.5,0.0,11.3,85.0
70963,45,18.203030303030303,41.60294117647059,37.96176470588235,4.4,0.0,8.0,86.0
71863,45,18.477464788732394,27.551470588235293,24.764705882352946,4.4,0.0,8.0,86.0
72763,45,18.40952380952381,24.14179104477612,22.21791044776119,4.7,0.0,6.4,85.0
73663,45,18.45522388059701,48.50714285714285,41.29571428571428,4.4,0.0,6.4,86.0
74563,45,18.91917808219178,35.24242424242424,31.693939393939395,4.3,0.0,8.0,87.0
75463,45,18.93181818181818,25.43076923076924,22.987692307692303,4.3,0.0,1.6,87.0
76363,45,18.688524590163933,20.79365079365079,18.91587301587301,4.5,0.0,4.8,86.0
77263,45,18.419117647058822,18.609375,17.2734375,4.6,0.0,1.6,86.0
78163,45,18.147058823529413,17.440298507462686,16.502985074626867,4.7,0.0,3.2,86.0
79063,45,17.9484375,32.017857142857146,26.792857142857144,4.7,0.0,1.6,87.0
79963,45,18.257894736842104,48.58620689655173,43.90689655172414,4.7,0.0,1.6,87.0
80863,45,19.13421052631579,50.57692307692308,48.34102564102564,4.7,0.0,1.6,88.0
81763,45,19.771929824561404,46.19298245614035,43.9719298245614,4.7,0.0,3.2,88.0
82663,45,19.8672131147541,30.724137931034484,28.56034482758621,4.6,0.0,3.2,89.0
83563,45,19.76875,23.137254901960784,20.5843137254902,4.6,0.0,0.0,89.0
84463,45,19.647142857142857,20.55797101449276,18.74927536231884,4.6,0.0,1.6,89.0
85363,45,20.28955223880597,19.43835616438356,18.87945205479452,4.6,0.0,3.2,89.0
86263,45,19.52,18.03076923076923,17.45846153846154,4.6,0.0,0.0,89.0
763,46,18.96617647058824,17.194444444444446,16.62361111111111,4.5,0.0,0.0,90.0
1663,46,18.56714285714286,16.65972222222222,16.133333333333333,4.6,0.0,1.6,90.0
2563,46,18.26197183098592,16.38235294117647,15.83235294117647,4.8,0.0,4.8,90.0
3463,46,18.004166666666666,16.0,15.5887323943662,4.9,0.0,3.2,89.0
4363,46,17.81111111111111,16.0,15.466666666666663,4.8,0.0,4.8,90.0
5263,46,17.649253731343286,15.941176470588236,15.3,4.6,0.0,3.2,90.0
6163,46,17.502857142857145,15.507042253521126,15.02112676056338,4.6,0.0,0.0,90.0
7063,46,17.375,15.5,14.97058823529412,4.5,0.0,0.0,91.0
7963,46,17.27285714285714,15.5,14.8,4.5,0.0,3.2,91.0
8863,46,17.187142857142856,15.5,14.78235294117647,4.4,0.0,1.6,91.0
9763,46,17.09384615384615,15.284722222222223,14.5125,4.4,0.0,1.6,92.0
10663,46,17.0,15.0,14.5,4.6,0.0,3.2,92.0
11563,46,16.916176470588233,15.0,14.445714285714285,4.8,0.0,4.8,91.0
12463,46,16.883582089552238,15.0,14.3,4.8,0.0,3.2,90.0
13363,46,16.8,15.0,14.3,4.8,0.0,1.6,90.0
14263,46,16.771830985915493,15.0,14.3,4.9,0.0,3.2,91.0
15163,46,16.7,15.0,14.3,4.7,0.0,3.2,92.0
16063,46,16.63088235294118,15.0,14.145454545454546,4.6,0.0,0.0,92.0
16963,46,16.6,15.0,14.0,4.6,0.0,1.6,92.0
17863,46,16.51492537313433,15.0,14.0,4.6,0.0,1.6,92.0
18763,46,16.5,14.970149253731345,14.0,4.6,0.0,4.8,93.0
19663,46,16.4231884057971,14.666666666666666,14.0,4.6,0.0,0.0,93.0
20563,46,16.4,14.5,14.0,4.6,0.0,0.0,93.0
21463,46,16.333823529411767,16.264285714285712,14.492857142857142,4.8,0.0,3.2,93.0
22363,46,16.457971014492752,47.20422535211268,36.95633802816901,4.9,0.0,4.8,93.0
23263,46,17.156944444444445,54.67164179104477,48.973134328358206,4.8,0.0,6.4,92.0
24163,46,17.741791044776118,44.11111111111111,40.46527777777778,4.6,0.0,1.6,92.0
25063,46,18.02638888888889,46.98529411764706,41.72941176470589,4.8,0.0,6.4,94.0
25963,46,18.32794117647059,36.34782608695652,33.79420289855072,4.9,0.0,8.0,94.0
26863,46,18.35352112676056,24.226027397260275,24.353424657534248,5.4,0.0,6.4,94.0
27763,46,18.27260273972603,19.32857142857143,20.49428571428572,5.6,0.0,4.8,94.0
28663,46,18.14444444444445,17.56338028169014,18.33521126760564,5.8,5.0,4.8,94.0
29563,46,18.21935483870968,17.54285714285714,17.487142857142857,5.9,12.0,4.8,94.0
30463,46,17.47,16.618055555555554,16.155555555555555,6.2,26.0,6.4,94.0
31363,46,17.4,16.268115942028984,15.869565217391305,6.4,39.0,6.4,93.0
32263,46,17.314285714285713,16.0,15.6,6.6,54.0,4.8,92.0
33163,46,17.253521126760564,16.0,15.38888888888889,6.6,53.0,6.4,92.0
34063,46,17.2,15.659722222222223,15.2625,6.7,65.0,4.8,92.0
34963,46,17.127142857142857,15.5,15.0,6.7,54.0,6.4,91.0
35863,46,17.1,15.5,15.0,6.8,65.0,4.8,92.0
36763,46,17.01267605633803,15.5,14.82608695652174,6.9,91.0,8.0,92.0
37663,46,17.0,15.5,14.8,7.2,104.0,4.8,91.0
38563,46,16.972058823529412,15.5,14.8,7.4,105.0,4.8,91.0
39463,46,16.9,15.5,14.8,7.9,190.0,4.8,89.0
40363,46,16.9,15.416666666666666,14.772727272727272,8.2,201.0,3.2,89.0
41263,46,16.9,15.034722222222223,14.558333333333334,8.5,239.0,6.4,86.0
42163,46,16.9,15.0,14.5,8.9,227.0,8.0,83.0
43063,46,16.9,15.0,14.5,8.9,180.0,11.3,83.0
43963,46,16.837681159420292,15.0,14.5,8.9,104.0,8.0,82.0
44863,46,16.8,15.0,14.5,8.9,116.0,6.4,83.0
45763,46,16.8,15.0,14.5,9.2,162.0,6.4,82.0
46663,46,16.8,15.0,14.5,9.4,62.0,6.4,80.0
47563,46,16.8,15.0,14.5,9.3,81.0,9.7,81.0
48463,46,16.702898550724637,15.0,14.5,9.3,121.0,6.4,81.0
49363,46,16.7,15.0,14.49705882352941,9.5,90.0,4.8,80.0
50263,46,16.7,15.0,14.439130434782609,9.8,113.0,14.5,77.0
51163,46,16.636764705882353,15.0,14.34,10.7,163.0,8.0,75.0
52063,46,16.6,15.0,14.302816901408452,10.7,192.0,11.3,74.0
52963,46,16.6,15.0,14.3,10.7,44.0,9.7,75.0
53863,46,16.582608695652176,15.0,14.3,10.0,23.0,9.7,77.0
54763,46,16.5,15.0,14.3,9.7,19.0,14.5,79.0
55663,46,16.5,15.0,14.3,9.7,56.0,6.4,79.0
56563,46,16.5,15.0,14.3,9.6,56.0,6.4,80.0
57463,46,16.43380281690141,15.0,14.3,9.4,54.0,9.7,82.0
58363,46,16.4,15.0,14.3,9.4,21.0,9.7,82.0
59263,46,16.4,15.0,14.3,9.6,74.0,16.1,83.0
60163,46,16.39090909090909,15.0,14.3,9.4,54.0,17.7,85.0
61063,46,16.3,15.0,14.3,9.2,11.0,12.9,86.0
61963,46,16.308823529411764,25.642857142857142,19.69857142857143,9.1,0.0,12.9,87.0
62863,46,16.89402985074627,52.97794117647059,45.5,8.8,0.0,11.3,87.0
63763,46,18.05,54.42028985507246,49.5463768115942,8.6,0.0,19.3,86.0
64663,46,18.986153846153847,49.23943661971831,45.45633802816901,8.5,0.0,22.5,87.0
65563,46,19.394117647058824,38.014925373134325,35.244776119402985,8.3,0.0,19.3,89.0
66463,46,19.64142857142857,41.5,38.81666666666667,8.0,0.0,20.9,89.0
67363,46,19.782608695652176,26.878571428571423,25.282857142857143,7.9,0.0,25.7,88.0
68263,46,19.614705882352943,21.281690140845072,20.443661971830984,7.8,0.0,25.7,87.0
69163,46,19.32153846153846,18.95522388059701,18.619402985074625,7.9,0.0,25.7,88.0
70063,46,19.09090909090909,17.717391304347824,17.568115942028985,7.9,0.0,25.7,88.0
70963,46,18.926470588235293,29.05555555555556,24.619444444444447,7.9,0.0,24.1,89.0
71863,46,18.9936507936508,53.36029411764706,47.52205882352941,7.8,0.0,24.1,90.0
72763,46,19.394285714285715,53.54347826086956,49.41884057971014,7.8,0.0,22.5,90.0
73663,46,19.75757575757576,54.26984126984127,49.85079365079365,7.8,0.0,19.3,90.0
74563,46,20.238028169014083,54.98529411764706,50.20735294117647,8.0,0.0,22.5,89.0
75463,46,20.703030303030303,55.0,50.42058823529412,7.9,0.0,20.9,88.0
76363,46,21.053521126760565,55.0,50.5,7.9,0.0,20.9,89.0
77263,46,21.330357142857142,54.873015873015866,50.36666666666667,7.8,0.0,20.9,89.0
78163,46,21.585714285714285,53.467741935483865,48.81774193548387,7.8,0.0,20.9,89.0
79063,46,21.6,54.47321428571429,50.20178571428572,7.8,0.0,19.3,88.0
79963,46,21.68958333333333,40.407407407407405,36.91111111111111,7.9,0.0,22.5,87.0
80863,46,21.573809523809523,27.77272727272728,25.49636363636364,8.1,0.0,24.1,86.0
81763,46,21.2843137254902,23.3125,21.85833333333333,8.1,0.0,19.3,87.0
82663,46,20.95185185185185,20.946428571428573,19.86785714285714,8.0,0.0,20.9,88.0
83563,46,20.56271186440678,19.19607843137255,18.27058823529412,7.9,0.0,20.9,88.0
84463,46,20.16875,18.18,17.226,8.0,0.0,25.7,88.0
85363,46,19.824324324324326,17.5,16.66216216216216,7.8,0.0,24.1,90.0
86263,46,19.616666666666667,17.22222222222222,16.504761904761903,7.7,0.0,24.1,92.0
763,47,19.392727272727274,17.0,16.339344262295082,7.7,0.0,20.9,92.0
1663,47,19.257377049180327,17.0,16.5,7.7,0.0,20.9,93.0
2563,47,19.12950819672131,17.0,16.3,7.9,0.0,25.7,92.0
3463,47,19.0,16.902985074626866,16.3,8.1,0.0,25.7,92.0
4363,47,18.88285714285714,16.50714285714286,16.025714285714287,8.1,0.0,24.1,92.0
5263,47,18.772058823529413,16.5,16.0,8.1,0.0,25.7,91.0
6163,47,18.683823529411764,16.5,15.83783783783784,8.0,0.0,25.7,90.0
7063,47,18.6,16.5,15.8,7.9,0.0,25.7,90.0
7963,47,18.50144927536232,16.5,15.8,8.0,0.0,29.0,89.0
8863,47,18.43857142857143,16.5,15.8,7.9,0.0,27.4,90.0
9763,47,18.394666666666662,16.5,15.761428571428572,7.8,0.0,29.0,89.0
10663,47,18.3,16.238805970149254,15.5044776119403,7.6,0.0,29.0,91.0
11563,47,18.24313725490196,16.0,15.5,7.5,0.0,35.4,91.0
12463,47,18.2,16.0,15.5,7.3,0.0,33.8,90.0
13363,47,18.15070422535211,16.0,15.471428571428572,7.3,0.0,33.8,90.0
14263,47,18.1,16.0,15.3,7.2,0.0,33.8,89.0
15163,47,18.05072463768116,16.0,15.3,7.1,0.0,33.8,89.0
16063,47,18.0,16.0,15.3,7.0,0.0,33.8,90.0
16963,47,17.94794520547945,16.0,15.3,7.0,0.0,32.2,90.0
17863,47,17.9,16.0,15.248571428571427,7.0,0.0,30.6,90.0
18763,47,17.84722222222222,16.0,15.034782608695654,6.9,0.0,29.0,90.0
19663,47,17.8,16.0,15.03,6.8,0.0,29.0,91.0
20563,47,17.781944444444445,16.0,15.0,6.7,0.0,27.4,90.0
21463,47,17.7,17.464285714285715,15.532857142857145,6.8,0.0,30.6,89.0
22363,47,17.9056338028169,46.62328767123288,37.17123287671232,6.9,0.0,30.6,88.0
23263,47,18.939344262295084,53.794117647058826,48.975,6.8,0.0,24.1,88.0
24163,47,19.666666666666664,40.721428571428575,36.99142857142857,6.7,0.0,24.1,88.0
25063,47,20.075,50.8,44.64615384615384,6.6,0.0,25.7,87.0
25963,47,20.5231884057971,36.73571428571428,32.792857142857144,6.5,0.0,25.7,87.0
26863,47,20.568656716417912,26.25735294117647,23.66470588235294,6.4,0.0,25.7,87.0
27763,47,20.362857142857145,22.036231884057973,20.36231884057971,6.2,5.0,25.7,86.0
28663,47,20.10579710144928,20.25714285714286,19.455714285714286,6.1,9.0,25.7,86.0
29563,47,19.85909090909091,19.26086956521739,18.84492753623189,5.9,19.0,29.0,86.0
30463,47,19.576119402985075,18.190140845070424,17.698591549295777,6.0,39.0,29.0,86.0
31363,47,19.295714285714286,17.414285714285715,16.82,6.1,42.0,27.4,86.0
32263,47,19.05373134328358,17.0,16.397142857142857,6.1,81.0,27.4,87.0
33163,47,18.828169014084505,16.673913043478258,16.139130434782608,6.2,84.0,29.0,87.0
34063,47,18.641176470588235,16.5,15.94285714285714,6.4,149.0,30.6,87.0
34963,47,18.462857142857143,16.5,15.8,6.8,95.0,27.4,85.0
35863,47,18.34202898550725,16.385714285714286,15.697142857142856,6.9,102.0,25.7,86.0
36763,47,18.213698630136985,16.014285714285712,15.5,7.0,142.0,29.0,87.0
37663,47,18.10434782608696,16.0,15.5,7.1,116.0,29.0,87.0
38563,47,18.017391304347825,16.0,15.381690140845071,7.3,127.0,30.6,86.0
39463,47,17.950704225352112,16.0,15.3,7.3,109.0,32.2,87.0
40363,47,17.881159420289855,16.0,15.3,7.4,139.0,32.2,87.0
41263,47,17.8,16.0,15.3,7.5,137.0,25.7,89.0
42163,47,17.791428571428572,16.0,15.13235294117647,7.6,178.0,22.5,88.0
43063,47,17.7,16.0,15.0,8.1,118.0,25.7,86.0
43963,47,17.7,15.979166666666666,15.0,7.8,97.0,25.7,88.0
44863,47,17.637142857142855,15.691780821917808,15.0,7.7,137.0,25.7,88.0
45763,47,17.6,15.5,15.0,8.0,209.0,24.1,87.0
46663,47,17.6,15.5,15.0,8.3,155.0,24.1,86.0
47563,47,17.54057971014493,15.5,15.0,8.0,204.0,25.7,88.0
48463,47,17.5,15.5,15.0,8.1,183.0,25.7,88.0
49363,47,17.5,15.5,15.0,8.2,195.0,22.5,88.0
50263,47,17.47391304347826,15.5,15.0,8.1,121.0,20.9,90.0
51163,47,17.4,15.5,15.0,8.1,174.0,22.5,88.0
52063,47,17.4,15.5,14.953846153846154,8.2,95.0,24.1,87.0
52963,47,17.4,15.5,14.831884057971015,8.2,81.0,22.5,87.0
53863,47,17.3,15.5,14.8,8.4,83.0,24.1,86.0
54763,47,17.3,15.5,14.8,8.4,134.0,24.1,86.0
55663,47,17.3,15.5,14.8,8.4,83.0,24.1,85.0
56563,47,17.23,15.5,14.8,8.4,63.0,22.5,85.0
57463,47,17.2,15.5,14.8,8.2,30.0,27.4,86.0
58363,47,17.2,15.5,14.8,8.3,42.0,27.4,86.0
59263,47,17.11,15.5,14.8,8.4,30.0,25.7,86.0
60163,47,17.1,15.5,14.8,8.3,11.0,24.1,86.0
61063,47,17.02,15.5,14.8,8.1,7.0,27.4,87.0
61963,47,17.00144927536232,26.2887323943662,20.242253521126763,8.0,0.0,25.7,88.0
62863,47,17.365277777777777,47.385714285714286,39.87285714285714,8.1,0.0,25.7,87.0
63763,47,18.191666666666663,54.0820895522388,48.97014925373134,8.1,0.0,25.7,86.0
64663,47,18.98695652173913,39.26056338028169,35.97887323943662,8.0,0.0,24.1,86.0
65563,47,19.51764705882353,42.635714285714286,39.371428571428574,7.9,0.0,20.9,87.0
66463,47,19.679710144927537,28.492957746478872,25.62535211267605,7.9,0.0,20.9,88.0
67363,47,19.515942028985503,22.470149253731343,20.30149253731344,7.9,0.0,17.7,87.0
68263,47,19.29285714285714,19.686567164179102,18.170149253731346,7.8,0.0,19.3,88.0
69163,47,19.04264705882353,32.5,27.459090909090907,7.7,0.0,19.3,88.0
70063,47,19.20147058823529,52.316901408450704,47.58591549295775,7.7,0.0,19.3,88.0
70963,47,19.70422535211268,52.892857142857146,49.30428571428571,7.7,0.0,20.9,88.0
71863,47,20.140579710144927,52.98630136986301,49.4068493150685,7.6,0.0,19.3,88.0
72763,47,20.543478260869566,52.71428571428571,49.23,7.6,0.0,19.3,88.0
73663,47,20.83194444444445,51.4,48.526153846153846,7.4,0.0,14.5,88.0
74563,47,21.0,36.66417910447761,33.26119402985075,7.3,0.0,17.7,89.0
75463,47,20.889855072463767,26.044117647058822,23.28529411764706,7.1,0.0,16.1,89.0
76363,47,20.605882352941176,21.782608695652176,19.88405797101449,7.1,0.0,17.7,90.0
77263,47,20.22058823529412,19.56818181818182,18.221212121212123,6.9,0.0,16.1,90.0
78163,47,19.86567164179105,18.333333333333336,17.294202898550726,6.8,0.0,17.7,91.0
79063,47,19.52272727272728,17.606060606060606,16.68939393939394,6.7,0.0,17.7,91.0
79963,47,19.2536231884058,28.909836065573767,24.059016393442626,6.6,0.0,16.1,91.0
80863,47,19.48169014084507,49.31428571428572,43.70428571428572,6.4,0.0,14.5,91.0
81763,47,19.90289855072464,32.223880597014926,28.565671641791045,6.3,0.0,17.7,92.0
82663,47,20.0,24.52112676056338,21.764788732394365,6.2,0.0,12.9,92.0
83563,47,19.915942028985505,21.115942028985508,19.30869565217392,6.2,0.0,12.9,91.0
84463,47,19.745833333333334,24.815384615384616,22.01846153846154,6.2,0.0,16.1,92.0
85363,47,19.812857142857144,49.83802816901409,43.19859154929578,6.1,0.0,14.5,92.0
86263,47,20.17301587301588,34.34848484848485,31.137878787878787,6.0,0.0,11.3,92.0
763,48,20.6179104477612,26.64788732394366,25.029577464788733,5.9,0.0,11.3,92.0
1663,48,20.62272727272727,46.34782608695652,40.3,5.9,0.0,11.3,92.0
2563,48,20.916666666666664,41.19230769230769,37.72923076923077,6.0,0.0,11.3,91.0
3463,48,20.987142857142857,28.44117647058824,25.60147058823529,6.1,0.0,12.9,91.0
4363,48,20.80289855072464,23.57246376811594,21.77391304347826,5.9,0.0,9.7,91.0
5263,48,20.524615384615384,21.06716417910448,19.9,5.8,0.0,6.4,91.0
6163,48,20.176470588235293,19.61971830985916,18.828169014084505,5.7,0.0,11.3,91.0
7063,48,19.88695652173913,18.77142857142857,18.142857142857142,5.7,0.0,9.7,91.0
7963,48,19.61911764705882,18.15,17.64142857142857,5.6,0.0,8.0,91.0
8863,48,19.39701492537313,17.82089552238806,17.270149253731343,5.6,0.0,9.7,91.0
9763,48,19.214285714285715,17.5,16.934285714285714,5.6,0.0,9.7,92.0
10663,48,19.04285714285714,17.323529411764707,16.70735294117647,5.5,0.0,4.8,92.0
11563,48,18.916901408450705,17.0,16.5,5.4,0.0,6.4,92.0
12463,48,18.77462686567164,17.0,16.346376811594205,5.3,0.0,6.4,92.0
13363,48,18.667142857142856,17.0,16.3,5.2,0.0,3.2,92.0
14263,48,18.571428571428573,16.814285714285713,16.14142857142857,4.4,0.0,1.6,91.0
15163,48,18.495238095238097,16.5,16.0,4.2,0.0,1.6,92.0
16063,48,18.4,16.5,16.0,3.9,0.0,1.6,94.0
16963,48,18.322857142857146,16.5,16.0,4.1,0.0,3.2,94.0
17863,48,18.24142857142857,16.5,15.885294117647058,4.1,0.0,3.2,94.0
18763,48,18.197222222222223,16.5,15.8,3.8,0.0,0.0,93.0
19663,48,18.1,16.5,15.8,3.3,0.0,0.0,93.0
20563,48,18.04814814814815,16.5,15.7125,3.2,0.0,0.0,94.0
21463,48,18.0,18.065217391304348,16.098550724637683,2.8,0.0,0.0,94.0
22363,48,18.166666666666664,48.32638888888889,38.60416666666667,2.9,0.0,0.0,95.0
23263,48,18.95555555555556,43.00704225352113,39.39718309859156,2.7,0.0,0.0,95.0
24163,48,19.392424242424244,48.73571428571428,43.15571428571429,2.6,0.0,0.0,95.0
25063,48,19.82985074626865,38.18571428571428,34.54571428571428,2.4,0.0,0.0,96.0
25963,48,19.86060606060606,27.045454545454543,24.2,2.6,0.0,0.0,96.0
26863,48,19.638571428571428,22.56428571428572,20.874285714285712,2.4,5.0,0.0,95.0
27763,48,19.91470588235294,20.605633802816904,19.85774647887324,2.3,6.0,1.6,96.0
28663,48,19.29420289855073,19.1044776119403,18.62686567164179,2.2,21.0,0.0,96.0
29563,48,19.295774647887324,18.70714285714286,18.39857142857143,2.6,30.0,0.0,97.0
30463,48,19.07826086956522,17.880281690140844,17.442253521126762,2.8,23.0,1.6,96.0
31363,48,18.84179104477612,17.5,16.908571428571427,3.0,28.0,3.2,96.0
32263,48,18.643661971830987,17.098591549295776,16.65211267605634,3.1,32.0,1.6,96.0
33163,48,18.47101449275362,17.0,16.43913043478261,3.1,33.0,6.4,96.0
34063,48,18.343835616438355,16.823943661971832,16.3,3.5,37.0,0.0,96.0
34963,48,18.22,16.5,16.03529411764706,3.7,39.0,0.0,96.0
35863,48,18.127777777777776,16.5,15.988888888888887,4.7,39.0,0.0,97.0
36763,48,18.063235294117646,16.5,15.811428571428571,5.3,46.0,3.2,95.0
37663,48,18.0,16.5,15.8,6.2,251.0,4.8,89.0
38563,48,17.97714285714286,16.5,15.8,6.7,271.0,3.2,87.0
39463,48,17.9,16.3671875,15.7625,7.5,313.0,3.2,87.0
40363,48,17.9,16.128571428571426,15.534285714285716,8.4,410.0,4.8,85.0
41263,48,17.9,16.007246376811594,15.5,9.4,367.0,8.0,84.0
42163,48,17.838028169014084,16.0,15.5,10.1,377.0,6.4,82.0
43063,48,17.8,16.0,15.5,10.6,367.0,6.4,80.0
43963,48,17.8,16.0,15.5,10.5,281.0,9.7,80.0
44863,48,17.8,16.0,15.5,10.6,251.0,11.3,80.0
45763,48,17.8,16.0,15.5,10.3,216.0,4.8,80.0
46663,48,17.71875,16.0,15.5,10.2,163.0,3.2,82.0
47563,48,17.7,16.0,15.5,10.2,105.0,1.6,81.0
48463,48,17.7,16.0,15.5,9.9,114.0,3.2,82.0
49363,48,17.676119402985073,16.0,15.5,9.9,93.0,1.6,83.0
50263,48,17.6,16.0,15.491549295774648,9.8,88.0,8.0,84.0
51163,48,17.6,16.0,15.315151515151516,9.6,76.0,9.7,86.0
52063,48,17.581818181818182,16.0,15.3,9.3,86.0,11.3,86.0
52963,48,17.5,16.0,15.3,9.3,81.0,11.3,87.0
53863,48,17.5,16.0,15.3,9.3,102.0,14.5,86.0
54763,48,17.4875,16.0,15.3,9.2,97.0,16.1,86.0
55663,48,17.4,16.0,15.3,9.0,77.0,16.1,86.0
56563,48,17.4,16.0,15.3,8.9,65.0,16.1,86.0
57463,48,17.389705882352942,16.0,15.291304347826088,8.7,37.0,16.1,85.0
58363,48,17.3,15.941176470588236,15.3,8.6,28.0,16.1,85.0
59263,48,17.3,15.664285714285716,15.18,8.5,23.0,14.5,85.0
60163,48,17.23913043478261,15.522388059701491,15.040298507462683,8.6,21.0,11.3,85.0
61063,48,17.2,15.5,15.035820895522388,8.4,11.0,11.3,86.0
61963,48,17.2,26.40579710144928,20.465217391304343,8.4,5.0,8.0,87.0
62863,48,17.63768115942029,53.69444444444444,45.95138888888889,8.3,0.0,11.3,87.0
63763,48,18.56338028169014,51.96428571428571,47.59857142857143,8.2,0.0,9.7,88.0
64663,48,19.115714285714283,42.11818181818182,37.24363636363636,8.2,0.0,8.0,89.0
65563,48,19.52173913043478,49.95454545454545,45.03636363636364,8.2,0.0,3.2,89.0
66463,48,19.797222222222224,32.27777777777778,28.62638888888889,8.1,0.0,1.6,90.0
67363,48,19.77246376811594,24.888059701492537,22.452238805970147,8.1,0.0,4.8,90.0
68263,48,19.59295774647888,21.388059701492537,19.95671641791045,8.1,0.0,11.3,91.0
69163,48,19.36865671641791,19.5,18.6,8.1,0.0,9.7,91.0
70063,48,19.119402985074625,27.43150684931507,23.816438356164383,8.0,0.0,9.7,91.0
70963,48,19.23235294117647,44.83333333333333,39.877272727272725,8.1,0.0,6.4,91.0
71863,48,19.55070422535212,28.81428571428572,27.265714285714285,8.1,0.0,6.4,91.0
72763,48,19.571428571428573,22.522058823529413,22.126470588235293,8.1,0.0,9.7,91.0
73663,48,19.45,19.890625,19.7015625,8.2,0.0,11.3,91.0
74563,48,19.266176470588235,18.50714285714286,18.32857142857143,8.3,0.0,16.1,90.0
75463,48,19.038888888888888,19.875,19.0390625,8.4,0.0,17.7,90.0
76363,48,19.005633802816902,45.75,38.60138888888889,8.5,0.0,19.3,90.0
77263,48,19.422388059701493,32.326086956521735,30.39565217391304,8.5,0.0,19.3,90.0
78163,48,19.5983870967742,23.683823529411764,23.32205882352941,8.4,0.0,19.3,91.0
79063,48,19.530434782608697,20.37121212121212,20.381818181818183,8.4,0.0,24.1,91.0
79963,48,19.378260869565217,18.705882352941178,18.72058823529412,8.4,0.0,22.5,91.0
80863,48,19.23623188405797,17.826086956521742,17.746376811594203,8.5,0.0,20.9,91.0
81763,48,19.05072463768116,17.448529411764707,17.120588235294118,8.4,0.0,20.9,92.0
82663,48,18.8859375,17.0,16.656338028169014,8.4,0.0,22.5,91.0
83563,48,18.657333333333334,17.0,16.35,8.4,0.0,24.1,91.0
84463,48,18.45625,16.567164179104477,16.08507462686567,8.5,0.0,19.3,91.0
85363,48,18.30923076923077,16.5,15.906060606060606,8.6,0.0,24.1,90.0
86263,48,18.16774193548387,16.5,15.8,8.8,0.0,22.5,90.0
763,49,18.088571428571427,16.485294117647058,15.79558823529412,8.8,0.0,22.5,90.0
1663,49,17.9890625,16.044776119402986,15.5044776119403,8.9,0.0,19.3,90.0
2563,49,17.9,16.0,15.5,8.9,0.0,25.7,90.0
3463,49,17.831884057971017,16.0,15.5,8.8,0.0,29.0,89.0
4363,49,17.76818181818182,16.0,15.436111111111112,8.8,0.0,25.7,90.0
5263,49,17.7,16.0,15.3,8.8,0.0,30.6,90.0
6163,49,17.61216216216216,16.0,15.3,8.8,0.0,30.6,90.0
7063,49,17.56376811594203,16.0,15.3,8.8,0.0,29.0,90.0
7963,49,17.5,16.0,15.097058823529412,8.9,0.0,33.8,89.0
8863,49,17.442857142857143,15.921428571428573,15.0,8.8,0.0,30.6,90.0
9763,49,17.4,15.575757575757574,15.0,8.9,0.0,32.2,91.0
10663,49,17.365277777777777,15.5,15.0,8.9,0.0,27.4,91.0
11563,49,17.3,15.5,15.0,8.9,0.0,30.6,91.0
12463,49,17.3,15.5,15.0,8.9,0.0,32.2,91.0
13363,49,17.224285714285713,15.5,14.956923076923076,8.9,0.0,35.4,90.0
14263,49,17.2,15.5,14.808695652173911,8.9,0.0,27.4,90.0
15163,49,17.2,15.5,14.8,8.9,0.0,24.1,90.0
16063,49,17.109722222222224,15.5,14.8,9.0,0.0,27.4,89.0
16963,49,17.1,15.5,14.8,9.1,0.0,30.6,88.0
17863,49,17.075362318840583,15.5,14.8,9.0,0.0,29.0,89.0
18763,49,17.0,15.5,14.8,9.2,0.0,30.6,88.0
19663,49,17.0,15.5,14.8,9.2,0.0,27.4,88.0
20563,49,16.964179104477612,15.5,14.8,9.1,0.0,29.0,88.0
21463,49,16.9,15.5,14.8,9.2,0.0,27.4,89.0
22363,49,16.9,15.5,14.791044776119405,9.2,0.0,32.2,88.0
23263,49,16.897142857142857,16.964285714285715,15.088571428571427,9.1,0.0,30.6,88.0
24163,49,17.049295774647888,44.83802816901409,36.37887323943662,9.1,0.0,30.6,88.0
25063,49,17.767605633802816,33.683098591549296,31.56619718309859,9.1,0.0,29.0,87.0
25963,49,18.133333333333333,24.07462686567164,22.891044776119404,8.9,0.0,27.4,87.0
26863,49,18.2,20.35211267605634,19.507042253521128,8.9,0.0,29.0,88.0
27763,49,18.11384615384616,18.492957746478872,17.856338028169013,9.0,5.0,27.4,87.0
28663,49,18.006756756756758,17.415384615384617,16.919999999999998,9.0,11.0,30.6,87.0
29563,49,17.86911764705882,16.804347826086957,16.392753623188405,9.0,21.0,24.1,88.0
30463,49,17.775714285714287,16.5,16.168181818181818,9.1,25.0,27.4,88.0
31363,49,17.729508196721312,16.134920634920636,15.80952380952381,9.2,25.0,24.1,88.0
32263,49,17.757971014492753,16.20714285714286,15.84,9.2,39.0,24.1,88.0
33163,49,17.622222222222224,16.0,15.55820895522388,9.3,51.0,25.7,89.0
34063,49,17.532394366197185,16.0,15.537142857142856,9.4,62.0,30.6,89.0
34963,49,17.43125,16.0,15.22058823529412,9.4,56.0,27.4,89.0
35863,49,17.35,15.536231884057973,15.0,9.5,91.0,27.4,90.0
36763,49,17.3,15.5,15.0,9.5,76.0,27.4,89.0
37663,49,17.204347826086956,15.5,14.946268656716418,9.7,84.0,24.1,89.0
38563,49,17.2,15.5,14.8,9.7,101.0,22.5,90.0
39463,49,17.10142857142857,15.5,14.8,9.8,104.0,22.5,90.0
40363,49,17.1,15.5,14.8,9.8,134.0,24.1,89.0
41263,49,17.033333333333335,15.5,14.8,10.2,292.0,22.5,89.0
42163,49,17.0,15.5,14.8,10.8,207.0,19.3,87.0
43063,49,17.0,15.5,14.8,10.5,139.0,19.3,87.0
43963,49,16.995774647887323,15.5,14.8,10.4,171.0,20.9,87.0
44863,49,16.995890410958904,15.5,14.8,10.4,118.0,19.3,87.0
45763,49,16.998507462686568,15.5,14.8,10.5,183.0,20.9,87.0
46663,49,16.964285714285715,15.5,14.8,10.4,200.0,20.9,88.0
47563,49,16.9,15.5,14.8,10.4,168.0,20.9,88.0
48463,49,16.9,15.5,14.8,10.4,98.0,22.5,88.0
49363,49,16.9,15.5,14.8,10.2,114.0,22.5,89.0
50263,49,16.9,15.5,14.8,10.1,172.0,27.4,89.0
51163,49,16.9,15.5,14.8,10.3,132.0,24.1,88.0
52063,49,16.826760563380283,15.5,14.8,10.4,88.0,24.1,86.0
52963,49,16.8,15.5,14.8,10.3,90.0,27.4,86.0
53863,49,16.8,15.5,14.8,10.3,69.0,19.3,86.0
54763,49,16.8,15.5,14.643283582089552,10.2,58.0,19.3,86.0
55663,49,16.7112676056338,15.27941176470588,14.5,10.2,65.0,19.3,86.0
56563,49,16.7,15.0,14.5,10.0,46.0,22.5,86.0
57463,49,16.7,15.0,14.5,9.9,23.0,22.5,86.0
58363,49,16.625714285714288,15.0,14.497260273972604,9.8,30.0,19.3,87.0
59263,49,16.6,15.0,14.41304347826087,9.8,11.0,19.3,87.0
60163,49,16.6,15.0,14.30597014925373,9.8,12.0,22.5,86.0
61063,49,16.6,15.0,14.416417910447764,9.7,7.0,20.9,86.0
61963,49,16.632835820895522,15.036231884057973,14.504347826086956,9.4,5.0,20.9,85.0
62863,49,16.67142857142857,15.411764705882351,14.645588235294118,9.0,0.0,16.1,86.0
63763,49,16.6,15.375,14.504411764705882,8.7,0.0,19.3,87.0
64663,49,16.55,15.029850746268655,14.5,8.4,0.0,24.1,89.0
65563,49,16.5,15.05,14.508571428571427,8.3,0.0,27.4,89.0
66463,49,16.58888888888889,38.83088235294117,29.802941176470583,8.3,0.0,29.0,89.0
67363,49,17.486363636363638,53.471830985915496,48.43239436619719,8.4,0.0,30.6,89.0
68263,49,18.442857142857143,53.27464788732394,49.11267605633803,8.3,0.0,20.9,89.0
69163,49,18.96417910447761,54.01470588235294,49.09264705882353,8.3,0.0,27.4,88.0
70063,49,19.352941176470587,54.55223880597015,49.0,8.3,0.0,27.4,89.0
70963,49,19.691044776119405,54.90441176470588,48.98235294117647,8.1,0.0,22.5,92.0
71863,49,19.95970149253732,55.0,48.92,7.6,0.0,24.1,93.0
72763,49,20.17727272727273,54.85294117647059,48.805882352941175,7.5,0.0,30.6,91.0
73663,49,20.38059701492537,54.54477611940298,48.63432835820896,7.4,0.0,25.7,89.0
74563,49,20.62608695652174,53.71830985915493,48.68169014084507,7.4,0.0,24.1,89.0
75463,49,20.892753623188405,54.471014492753625,50.31159420289855,7.4,0.0,25.7,89.0
76363,49,21.025396825396825,54.53731343283582,50.53134328358209,7.4,0.0,22.5,90.0
77263,49,21.147142857142857,54.85074626865672,50.76417910447761,7.3,0.0,20.9,90.0
78163,49,21.2515625,54.98529411764706,50.8,7.3,0.0,25.7,89.0
79063,49,21.36142857142857,55.0,50.8,7.4,0.0,22.5,88.0
79963,49,21.50294117647059,54.66666666666666,50.75217391304348,7.5,0.0,24.1,88.0
80863,49,21.659154929577465,54.74647887323944,50.8,7.4,0.0,25.7,88.0
81763,49,21.82575757575757,55.0,50.87878787878788,7.3,0.0,24.1,87.0
82663,49,22.02285714285714,53.28358208955224,49.55820895522388,7.2,0.0,22.5,88.0
83563,49,22.28970588235294,36.3125,35.00416666666667,7.1,0.0,19.3,89.0
84463,49,21.969444444444445,26.4,25.98,7.1,0.0,17.7,90.0
85363,49,21.580281690140843,22.19117647058824,22.352941176470587,7.2,0.0,19.3,90.0
86263,49,21.177777777777777,20.24285714285714,20.27857142857143,7.1,0.0,19.3,90.0
763,50,20.795652173913044,19.183098591549296,19.01408450704225,7.2,0.0,20.9,89.0
1663,50,20.45,18.46153846153846,18.23384615384615,7.2,0.0,22.5,91.0
2563,50,20.117391304347827,18.007042253521128,17.676056338028168,7.1,0.0,20.9,91.0
3463,50,19.857971014492755,17.857142857142858,17.268571428571427,7.2,0.0,20.9,90.0
4363,50,19.61764705882353,17.5,16.944117647058825,7.3,0.0,22.5,90.0
5263,50,19.404166666666665,17.5,16.765714285714285,7.3,0.0,20.9,90.0
6163,50,19.235211267605635,17.097014925373134,16.5,7.3,0.0,22.5,91.0
7063,50,19.054166666666667,17.0,16.386567164179105,7.2,0.0,22.5,92.0
7963,50,18.930434782608696,17.0,16.3,7.2,0.0,22.5,92.0
8863,50,18.817391304347822,17.0,16.22394366197183,7.2,0.0,22.5,93.0
9763,50,18.69857142857143,16.796875,16.0,7.2,0.0,25.7,93.0
10663,50,18.6,16.5,16.0,7.2,0.0,25.7,94.0
11563,50,18.518840579710144,16.5,16.0,7.3,0.0,24.1,93.0
12463,50,18.45735294117647,16.5,15.83125,7.3,0.0,24.1,93.0
13363,50,18.4,16.5,15.8,7.5,0.0,29.0,94.0
14263,50,18.320833333333333,16.5,15.8,7.6,0.0,30.6,93.0
15163,50,18.27741935483871,16.5,15.8,7.6,0.0,27.4,94.0
16063,50,18.2,16.5,15.765714285714283,7.6,0.0,27.4,93.0
16963,50,18.15147058823529,16.5,15.513043478260869,7.6,0.0,22.5,94.0
17863,50,18.1,16.45714285714286,15.5,7.5,0.0,22.5,94.0
18763,50,18.02465753424657,16.08108108108108,15.5,7.6,0.0,20.9,94.0
19663,50,18.0,16.0,15.5,7.7,0.0,22.5,93.0
20563,50,17.92112676056338,16.0,15.5,7.8,0.0,17.7,93.0
21463,50,17.9,16.0,15.497101449275362,7.8,0.0,22.5,93.0
22363,50,17.81081081081081,16.0,15.369565217391305,7.7,0.0,22.5,93.0
23263,50,17.8,16.0,15.3,7.7,0.0,24.1,93.0
24163,50,17.73698630136986,16.0,15.3,7.6,0.0,24.1,94.0
25063,50,17.7,16.0,15.3,7.5,0.0,19.3,94.0
25963,50,17.659701492537316,16.0,15.3,7.4,5.0,19.3,95.0
26863,50,17.6,16.0,15.3,7.5,9.0,22.5,95.0
27763,50,17.6,16.0,15.3,7.6,10.0,17.7,95.0
28663,50,17.514285714285712,16.0,15.3,7.6,33.0,20.9,95.0
29563,50,17.5,16.0,15.3,7.6,49.0,19.3,95.0
30463,50,17.65,16.0,15.26086956521739,7.8,65.0,17.7,94.0
31363,50,17.6,16.0,15.008450704225352,7.9,91.0,20.9,93.0
32263,50,17.565277777777776,16.0,15.0,8.2,139.0,22.5,93.0
33163,50,17.5,15.929577464788732,15.0,8.3,120.0,22.5,92.0
34063,50,17.496969696969696,15.56338028169014,15.0,8.4,116.0,19.3,92.0
34963,50,17.4,15.5,15.0,8.3,95.0,22.5,91.0
35863,50,17.4,15.5,15.0,8.4,111.0,24.1,91.0
36763,50,17.4,15.5,15.0,8.7,127.0,20.9,91.0
37663,50,17.30144927536232,15.5,14.991176470588234,8.6,218.0,20.9,91.0
38563,50,17.3,15.5,14.95142857142857,9.0,272.0,20.9,89.0
39463,50,17.3,15.5,14.8,9.4,325.0,19.3,88.0
40363,50,17.3,15.5,14.8,9.8,199.0,16.1,86.0
41263,50,17.3,15.5,14.8,10.1,362.0,14.5,85.0
42163,50,17.3,15.5,14.8,10.5,359.0,16.1,84.0
43063,50,17.25857142857143,15.5,14.8,10.5,369.0,17.7,84.0
43963,50,17.2,15.5,14.846875,10.7,362.0,16.1,83.0
44863,50,17.2,15.5,14.994202898550723,10.9,301.0,17.7,83.0
45763,50,17.2,15.5,15.0,10.5,327.0,17.7,84.0
46663,50,17.176470588235293,15.5,14.925714285714289,10.4,385.0,20.9,85.0
47563,50,17.1,15.5,14.8,10.6,399.0,20.9,84.0
48463,50,17.1,15.5,14.8,10.5,185.0,19.3,84.0
49363,50,17.1,15.5,14.89433962264151,10.4,209.0,22.5,85.0
50263,50,17.1,15.5,14.996296296296295,10.1,97.0,16.1,87.0
51163,50,17.1,15.5,15.0,10.1,162.0,14.5,87.0
52063,50,17.1,15.5,15.0,10.3,162.0,19.3,86.0
52963,50,17.1,15.5,15.0,10.3,139.0,22.5,86.0
53863,50,17.1,15.5,15.0,10.2,139.0,17.7,87.0
54763,50,17.1,15.5,15.0,10.2,121.0,17.7,87.0
55663,50,17.1,15.5,15.0,10.1,111.0,17.7,88.0
56563,50,17.1,15.5,15.0,10.0,105.0,22.5,88.0
57463,50,17.058208955223883,15.5,15.0,9.9,72.0,29.0,88.0
58363,50,16.98695652173913,15.5,14.882857142857144,10.0,56.0,19.3,88.0
59263,50,16.9,15.5,14.8,10.0,37.0,20.9,89.0
60163,50,16.89375,15.5,14.8,9.9,29.0,20.9,90.0
61063,50,16.80161290322581,18.084615384615383,15.716923076923075,9.7,11.0,20.9,90.0
61963,50,17.04057971014493,48.314516129032256,38.8483870967742,9.6,5.0,17.7,91.0
62863,50,17.8044776119403,54.5,49.543661971830986,9.6,0.0,17.7,92.0
63763,50,18.52676056338028,54.56521739130435,49.97391304347826,9.5,0.0,17.7,92.0
64663,50,19.11142857142857,54.50684931506849,50.032876712328765,9.4,0.0,22.5,93.0
65563,50,19.55072463768116,54.46376811594202,50.13768115942029,9.4,0.0,29.0,93.0
66463,50,19.97205882352941,53.20289855072464,48.32753623188405,9.6,0.0,27.4,92.0
67363,50,20.49076923076923,54.82835820895523,49.095522388059706,9.8,0.0,33.8,91.0
68263,50,20.833823529411767,54.902777777777786,48.9875,9.9,0.0,33.8,91.0
69163,50,21.08730158730159,55.440298507462686,49.11194029850746,9.9,0.0,35.4,92.0
70063,50,21.33943661971831,55.4469696969697,49.25909090909091,10.0,0.0,33.8,92.0
70963,50,21.54383561643836,55.37142857142857,49.184285714285714,10.1,0.0,32.2,92.0
71863,50,21.75074626865672,55.21126760563381,49.27042253521127,10.2,0.0,30.6,93.0
72763,50,21.775714285714287,53.04166666666666,49.09583333333333,10.2,0.0,29.0,93.0
73663,50,21.805714285714284,54.77611940298508,50.1865671641791,10.3,0.0,19.3,93.0
74563,50,21.960273972602742,55.23529411764706,50.61029411764706,10.3,0.0,20.9,92.0
75463,50,22.143661971830987,55.26086956521739,50.79565217391304,10.3,0.0,22.5,93.0
76363,50,22.23623188405797,55.25735294117648,50.79558823529412,10.4,0.0,25.7,93.0
77263,50,22.34722222222222,53.47887323943662,49.31549295774648,10.4,0.0,25.7,93.0
78163,50,22.458333333333336,54.45588235294117,50.25882352941176,10.4,0.0,25.7,93.0
79063,50,22.6030303030303,52.84782608695652,49.56956521739131,10.5,0.0,19.3,93.0
79963,50,22.62753623188405,35.34027777777778,32.11111111111111,10.5,0.0,22.5,93.0
80863,50,22.455714285714286,26.885245901639344,23.77540983606557,10.5,0.0,25.7,93.0
81763,50,22.175,22.92142857142857,20.77142857142857,10.4,0.0,19.3,93.0
82663,50,21.8536231884058,21.22972972972973,19.83648648648649,10.4,0.0,25.7,93.0
83563,50,21.50144927536232,19.97058823529412,18.958823529411767,10.4,0.0,25.7,93.0
84463,50,21.259154929577463,19.23943661971831,18.392957746478874,10.4,0.0,20.9,93.0
85363,50,21.01044776119403,18.823529411764707,18.057352941176468,10.4,0.0,22.5,93.0
86263,50,20.756521739130434,18.5,17.835616438356162,10.4,0.0,20.9,93.0
763,51,20.63283582089552,18.59558823529412,18.258823529411764,10.3,0.0,22.5,92.0
1663,51,20.49242424242424,18.522058823529413,18.14264705882353,10.2,0.0,22.5,92.0
2563,51,20.267692307692307,18.11290322580645,17.567741935483873,10.1,0.0,24.1,93.0
3463,51,20.10289855072464,18.0,17.381818181818183,10.0,0.0,24.1,92.0
4363,51,19.94857142857143,18.0,17.282857142857143,9.9,0.0,22.5,93.0
5263,51,19.82753623188406,17.7887323943662,17.008450704225353,9.8,0.0,25.7,93.0
6163,51,19.71159420289855,17.5,17.0,9.7,0.0,25.7,93.0
7063,51,19.61230769230769,17.5,16.988235294117647,9.4,0.0,32.2,94.0
7963,51,19.51142857142857,17.5,16.80294117647059,9.3,0.0,29.0,95.0
8863,51,19.431343283582088,17.5,16.8,9.1,0.0,24.1,95.0
9763,51,19.37605633802817,17.5,16.8,9.1,0.0,27.4,95.0
10663,51,19.3,17.5,16.717391304347824,9.0,0.0,29.0,94.0
11563,51,19.253968253968253,17.5,16.5,9.0,0.0,27.4,94.0
12463,51,19.2,17.285714285714285,16.5,9.1,0.0,25.7,93.0
13363,51,19.12394366197183,17.007246376811594,16.5,9.2,0.0,22.5,93.0
14263,51,19.09848484848485,17.0,16.49705882352941,9.2,0.0,16.1,93.0
15163,51,19.004615384615384,17.0,16.385714285714286,9.1,0.0,25.7,93.0
16063,51,19.0,17.0,16.31818181818182,9.2,0.0,43.5,94.0
16963,51,18.93478260869565,17.0,16.3,9.4,0.0,37.0,93.0
17863,51,18.9,17.0,16.3,9.6,0.0,29.0,93.0
18763,51,18.894285714285715,17.0,16.3,9.7,0.0,29.0,93.0
19663,51,18.8,17.0,16.3,10.0,0.0,32.2,93.0
20563,51,18.8,17.0,16.28235294117647,10.3,0.0,32.2,93.0
21463,51,18.73134328358209,18.450704225352112,16.65211267605634,10.6,0.0,25.7,93.0
22363,51,18.895774647887325,46.45774647887324,37.45492957746479,10.8,0.0,29.0,93.0
23263,51,19.55072463768116,35.66428571428572,32.75,11.1,0.0,38.6,92.0
24163,51,19.913235294117648,26.13235294117647,23.90735294117647,11.4,0.0,41.8,91.0
25063,51,20.0,22.18055555555556,20.745833333333334,11.6,0.0,38.6,90.0
25963,51,20.0,20.273972602739725,19.54520547945205,11.6,0.0,33.8,90.0
26863,51,20.30857142857143,19.570422535211268,19.20985915492958,11.6,0.0,30.6,91.0
27763,51,20.581159420289858,19.01408450704225,18.892957746478874,11.3,5.0,32.2,92.0
28663,51,20.12753623188405,18.86231884057971,18.5768115942029,11.2,5.0,30.6,93.0
29563,51,19.91617647058824,18.275362318840585,17.924637681159417,11.0,7.0,25.7,94.0
30463,51,19.716417910447763,18.0,17.652173913043477,10.7,32.0,27.4,94.0
31363,51,19.50294117647059,17.692857142857143,17.261428571428574,10.6,19.0,29.0,95.0
32263,51,19.33283582089552,17.5,17.0,10.3,28.0,30.6,95.0
33163,51,19.18676470588236,17.5,16.845070422535212,10.4,49.0,27.4,95.0
34063,51,19.05797101449276,17.43661971830986,16.8,10.4,83.0,27.4,94.0
34963,51,18.97605633802817,17.0,16.588235294117645,10.4,36.0,27.4,94.0
35863,51,18.9,17.0,16.5,10.4,47.0,27.4,93.0
36763,51,18.818840579710145,17.0,16.5,10.7,132.0,30.6,92.0
37663,51,18.8,17.0,16.5,10.7,123.0,27.4,92.0
38563,51,18.71029411764706,17.0,16.401408450704224,10.7,91.0,29.0,92.0
39463,51,18.7,17.0,16.3,10.7,88.0,27.4,92.0
40363,51,18.63661971830986,17.0,16.3,10.8,113.0,27.4,92.0
41263,51,18.6,17.0,16.3,10.8,127.0,25.7,91.0
42163,51,18.6,17.0,16.3,11.1,274.0,30.6,90.0
43063,51,18.58142857142857,17.0,16.3,11.4,355.0,27.4,87.0
43963,51,18.5,17.0,16.3,11.4,213.0,30.6,85.0
44863,51,18.5,17.0,16.265714285714285,11.7,401.0,32.2,83.0
45763,51,18.5,17.0,16.021428571428572,11.8,391.0,32.2,81.0
46663,51,18.5,17.0,16.0,11.9,410.0,27.4,81.0
47563,51,18.49253731343284,16.992957746478872,16.0,11.9,394.0,27.4,77.0
48463,51,18.40135135135135,16.838235294117645,16.0,11.7,378.0,32.2,76.0
49363,51,18.4,16.53030303030303,16.0,11.6,345.0,30.6,77.0
50263,51,18.4,16.5,16.0,11.4,193.0,33.8,75.0
51163,51,18.365277777777777,16.5,16.0,11.1,90.0,33.8,76.0
52063,51,18.3,16.5,16.0,11.0,118.0,33.8,74.0
52963,51,18.3,16.5,16.0,10.9,146.0,32.2,74.0
53863,51,18.3,16.5,16.0,10.5,146.0,30.6,77.0
54763,51,18.217142857142857,16.5,16.0,10.1,74.0,25.7,75.0
55663,51,18.2,16.5,15.997142857142856,10.1,67.0,29.0,72.0
56563,51,18.2,16.5,15.9887323943662,9.8,95.0,27.4,74.0
57463,51,18.15625,16.5,15.88235294117647,9.3,60.0,27.4,75.0
58363,51,18.1,16.5,15.80923076923077,9.2,28.0,25.7,75.0
59263,51,18.09864864864865,16.5,15.8,9.1,25.0,25.7,75.0
60163,51,18.00735294117647,16.5,15.8,8.9,21.0,25.7,74.0
61063,51,18.0,16.5,15.8955223880597,8.7,12.0,25.7,76.0
61963,51,18.0,16.5,15.854285714285714,8.8,7.0,27.4,77.0
62863,51,17.90735294117647,16.5,15.8,8.8,0.0,29.0,78.0
63763,51,17.9,16.5,15.8,8.6,0.0,29.0,82.0
64663,51,17.819718309859155,16.5,15.8,8.2,0.0,27.4,83.0
65563,51,17.8,16.5,15.8,8.1,0.0,27.4,83.0
66463,51,17.8,26.291666666666668,20.805,7.9,0.0,25.7,80.0
67363,51,18.197142857142858,46.06617647058824,40.24705882352941,7.6,0.0,22.5,81.0
68263,51,18.706060606060607,29.268115942028988,27.54782608695652,7.5,0.0,27.4,77.0
69163,51,18.93088235294117,23.95652173913044,22.60869565217392,7.4,0.0,27.4,76.0
70063,51,19.0,21.12666666666667,20.562666666666665,7.2,0.0,20.9,77.0
70963,51,18.90138888888889,19.0234375,18.45,7.2,0.0,22.5,76.0
71863,51,18.78103448275862,18.096153846153847,17.553846153846155,7.1,0.0,22.5,76.0
72763,51,18.648529411764702,17.5,17.004166666666666,7.1,0.0,22.5,75.0
73663,51,18.535820895522388,17.06818181818182,16.668181818181818,7.0,0.0,22.5,75.0
74563,51,18.39054054054054,17.0,16.43913043478261,6.9,0.0,20.9,76.0
75463,51,18.24931506849315,16.84722222222222,16.3,6.9,0.0,19.3,77.0
76363,51,18.15230769230769,16.698529411764707,16.20294117647059,6.9,0.0,22.5,77.0
77263,51,18.055714285714284,16.5,16.0,7.1,0.0,22.5,78.0
78163,51,18.0,16.5,16.0,7.0,0.0,20.9,79.0
79063,51,17.956,16.5,16.0044776119403,6.9,0.0,24.1,79.0
79963,51,17.86231884057971,16.5,15.852173913043478,6.8,0.0,27.4,79.0
80863,51,17.8,16.5,15.8,6.6,0.0,22.5,80.0
81763,51,17.707246376811593,16.5,15.8,6.4,0.0,22.5,80.0
82663,51,17.696969696969695,16.5,15.616666666666664,6.2,0.0,20.9,81.0
83563,51,17.6,16.492424242424242,15.64090909090909,6.2,0.0,19.3,81.0
84463,51,17.6,16.5,15.67462686567164,6.1,0.0,20.9,81.0
85363,51,17.616666666666667,16.47058823529412,15.680882352941175,6.1,0.0,17.7,81.0
86263,51,17.7,16.5,15.857575757575756,6.2,0.0,20.9,80.0
763,52,17.7,16.5,15.8,6.1,0.0,20.9,81.0
1663,52,17.7,16.5,15.778571428571428,6.0,0.0,20.9,81.0
2563,52,17.7,16.5,15.54285714285714,5.9,0.0,20.9,81.0
3463,52,17.69090909090909,16.443661971830984,15.5,5.9,0.0,25.7,81.0
4363,52,17.6,16.169117647058822,15.5,6.0,0.0,22.5,81.0
5263,52,17.6,16.0,15.5,5.9,0.0,22.5,83.0
6163,52,17.50714285714286,16.0,15.5,5.8,0.0,22.5,83.0
7063,52,17.5,16.0,15.5,5.8,0.0,24.1,83.0
7963,52,17.428169014084506,16.0,15.488888888888887,5.7,0.0,22.5,84.0
8863,52,17.4,16.0,15.386956521739132,5.7,0.0,22.5,87.0
9763,52,17.36,16.0,15.30597014925373,5.6,0.0,22.5,88.0
10663,52,17.3,16.0,15.3,5.6,0.0,19.3,87.0
11563,52,17.3,16.0,15.3,5.6,0.0,22.5,87.0
12463,52,17.216176470588234,16.0,15.3,5.5,0.0,19.3,87.0
13363,52,17.2,16.0,15.3,5.4,0.0,17.7,87.0
14263,52,17.181428571428572,16.0,15.3,5.4,0.0,22.5,87.0
15163,52,17.1,16.0,15.3,5.5,0.0,22.5,87.0
16063,52,17.1,16.0,15.3,5.6,0.0,22.5,87.0
16963,52,17.03636363636364,16.0,15.3,5.5,0.0,19.3,87.0
17863,52,17.0,16.0,15.2955223880597,5.4,0.0,16.1,87.0
18763,52,17.0,16.0,15.273529411764708,5.3,0.0,16.1,88.0
19663,52,16.917391304347824,16.0,15.046153846153846,5.3,0.0,17.7,87.0
20563,52,16.9,16.0,15.0,5.3,0.0,19.3,87.0
21463,52,16.9,17.333333333333336,15.42463768115942,5.3,0.0,20.9,86.0
22363,52,17.088571428571427,46.4469696969697,36.790909090909096,5.2,0.0,19.3,87.0
23263,52,18.04927536231884,54.294117647058826,49.29705882352941,5.1,0.0,16.1,87.0
24163,52,18.919444444444444,54.95070422535211,49.74929577464789,5.0,0.0,16.1,88.0
25063,52,19.58309859154929,55.13888888888889,49.80555555555556,5.1,0.0,17.7,89.0
25963,52,20.02941176470588,42.86231884057971,38.94202898550724,5.0,0.0,16.1,88.0
26863,52,20.13283582089552,50.36231884057971,44.65797101449276,5.1,5.0,12.9,89.0
27763,52,20.58208955223881,38.88028169014085,36.18732394366197,5.2,9.0,17.7,89.0
28663,52,20.735211267605635,28.272058823529413,26.31617647058824,5.3,25.0,17.7,88.0
29563,52,20.338805970149256,23.61764705882353,22.59117647058824,5.4,33.0,19.3,88.0
30463,52,19.907462686567165,20.695652173913043,19.63623188405797,5.4,47.0,17.7,88.0
31363,52,19.53943661971831,19.27941176470588,18.4,5.4,56.0,14.5,88.0
32263,52,19.2536231884058,18.354166666666664,17.7125,5.6,86.0,24.1,87.0
33163,52,18.995890410958904,17.81159420289855,17.213043478260868,6.0,90.0,30.6,85.0
34063,52,18.740579710144928,17.5,16.871641791044777,6.1,105.0,32.2,84.0
34963,52,18.517567567567568,17.021428571428572,16.602857142857143,6.2,109.0,30.6,84.0
35863,52,18.351388888888888,17.0,16.381690140845073,6.4,128.0,29.0,84.0
36763,52,18.19090909090909,16.857142857142858,16.282857142857143,6.6,130.0,29.0,83.0
37663,52,18.06969696969697,16.5,16.01267605633803,6.6,134.0,22.5,82.0
38563,52,17.96986301369863,16.5,16.0,6.7,134.0,20.9,81.0
39463,52,17.880281690140844,16.5,16.0,7.0,186.0,22.5,81.0
40363,52,17.8,16.5,15.859154929577466,7.6,278.0,22.5,80.0
41263,52,17.748529411764707,16.5,15.8,7.8,295.0,25.7,78.0
42163,52,17.7,16.5,15.8,8.0,230.0,25.7,77.0
43063,52,17.7,16.5,15.8,8.2,223.0,27.4,76.0
43963,52,17.64931506849315,16.302816901408452,15.8,8.3,146.0,29.0,78.0
44863,52,17.6,16.014084507042252,15.622535211267609,8.2,163.0,27.4,81.0
45763,52,17.56388888888889,16.0,15.5,8.3,164.0,29.0,82.0
46663,52,17.5,16.0,15.5,8.7,251.0,29.0,84.0
47563,52,17.5,16.0,15.5,9.1,244.0,37.0,84.0
48463,52,17.448611111111113,16.0,15.5,8.9,179.0,30.6,87.0
49363,52,17.4,16.0,15.49090909090909,9.0,144.0,27.4,88.0
50263,52,17.4,16.0,15.33939393939394,8.9,137.0,32.2,89.0
51163,52,17.33142857142857,16.0,15.3,9.0,120.0,33.8,89.0
52063,52,17.3,16.0,15.3,9.6,179.0,30.6,87.0
52963,52,17.3,16.0,15.3,10.0,136.0,30.6,87.0
53863,52,17.25593220338983,16.0,15.3,10.1,81.0,29.0,87.0
54763,52,17.2,16.0,15.3,10.1,97.0,17.7,87.0
55663,52,17.2,16.0,15.295454545454549,10.2,51.0,29.0,86.0
56563,52,17.127536231884058,16.0,15.213043478260868,10.2,65.0,27.4,87.0
57463,52,17.1,16.0,15.044117647058822,10.2,77.0,24.1,88.0
58363,52,17.1,15.940298507462686,15.0,10.1,51.0,29.0,89.0
59263,52,17.010294117647057,15.681818181818182,15.0,9.9,37.0,30.6,90.0
60163,52,17.0,15.507575757575756,15.0,9.8,32.0,29.0,91.0
61063,52,16.97391304347826,15.5,15.0,9.9,18.0,33.8,91.0
61963,52,16.911267605633803,26.0,20.27285714285714,9.9,7.0,30.6,91.0
62863,52,17.461194029850745,52.385714285714286,45.13,10.3,0.0,38.6,91.0
63763,52,18.39384615384615,51.7463768115942,47.50869565217391,10.7,0.0,43.5,90.0
64663,52,18.845454545454547,34.75757575757576,32.13484848484849,10.7,0.0,41.8,91.0
65563,52,18.95846153846154,25.133802816901408,23.58169014084508,10.7,0.0,32.2,92.0
66463,52,18.87846153846154,21.24264705882353,20.163235294117648,10.6,0.0,33.8,93.0
67363,52,18.736666666666668,24.125,22.41029411764706,10.4,0.0,30.6,93.0
68263,52,18.79855072463768,49.08571428571428,42.31428571428572,10.3,0.0,30.6,93.0
69163,52,19.35820895522388,52.39855072463767,49.040579710144925,10.2,0.0,32.2,93.0
70063,52,19.79142857142857,52.61267605633802,47.53239436619718,9.9,0.0,30.6,92.0
70963,52,20.059154929577467,55.40298507462686,49.62985074626866,9.8,0.0,35.4,89.0
71863,52,20.316901408450704,54.73529411764706,49.311764705882354,9.7,0.0,30.6,88.0
72763,52,20.70851063829788,55.10344827586207,50.00689655172414,9.4,0.0,32.2,88.0
73663,52,21.196428571428573,55.125,49.86136363636364,8.8,0.0,32.2,86.0
74563,52,21.576666666666668,55.44827586206897,50.02068965517241,8.6,0.0,29.0,89.0
75463,52,21.890697674418604,55.65454545454545,50.27818181818182,8.7,0.0,33.8,91.0
76363,52,22.16875,55.93103448275862,50.60689655172414,8.8,0.0,25.7,91.0
77263,52,22.51276595744681,54.16,49.722,8.8,0.0,24.1,92.0
78163,52,22.70909090909091,54.3728813559322,50.33728813559322,8.7,0.0,22.5,93.0
79063,52,22.9,54.891304347826086,50.86086956521739,8.7,0.0,29.0,93.0
79963,52,23.10735294117647,55.36486486486486,51.22297297297297,8.8,0.0,35.4,92.0
80863,52,23.202777777777776,53.67142857142856,49.81428571428572,8.6,0.0,32.2,92.0
81763,52,23.407042253521126,50.41666666666667,46.96969696969697,8.2,0.0,29.0,92.0
82663,52,23.22835820895522,35.36619718309859,32.06901408450704,7.6,0.0,27.4,89.0
83563,52,22.833333333333336,27.246153846153845,24.78,7.1,0.0,24.1,87.0
84463,52,22.38955223880597,23.74305555555556,22.1375,6.8,0.0,25.7,87.0
85363,52,21.95757575757576,21.654929577464788,20.57323943661972,6.7,0.0,25.7,86.0
86263,52,21.543478260869566,20.41780821917808,19.605479452054794,6.4,0.0,29.0,85.0
763,53,21.17384615384616,19.664285714285715,18.958571428571428,6.3,0.0,30.6,83.0
1663,53,20.8439393939394,19.112676056338028,18.474647887323943,6.0,0.0,29.0,81.0
2563,53,20.568115942028985,18.767605633802816,18.143661971830987,5.6,0.0,25.7,82.0
3463,53,20.28970588235294,18.5,17.856338028169013,5.3,0.0,24.1,79.0
4363,53,20.063235294117646,18.24264705882353,17.610294117647058,5.2,0.0,25.7,78.0
5263,53,19.86857142857143,18.0,17.401492537313434,4.9,0.0,22.5,83.0
6163,53,19.708571428571428,18.0,17.3,4.8,0.0,24.1,83.0
7063,53,19.54927536231884,17.86231884057971,17.047826086956523,4.8,0.0,25.7,83.0
7963,53,19.429411764705883,17.50714285714286,17.0,4.8,0.0,25.7,83.0
8863,53,19.31304347826087,17.5,16.820289855072463,4.6,0.0,22.5,84.0
9763,53,19.21971830985916,17.5,16.8,4.5,0.0,25.7,83.0
10663,53,19.125806451612902,17.5,16.777941176470588,4.4,0.0,25.7,82.0
11563,53,19.016176470588235,17.5,16.516438356164382,4.4,0.0,24.1,83.0
12463,53,18.96086956521739,17.432835820895523,16.5,4.5,0.0,29.0,82.0
13363,53,18.9,17.013333333333332,16.5,4.6,0.0,25.7,82.0
14263,53,18.8,17.0,16.434285714285714,4.5,0.0,27.4,84.0
15163,53,18.719444444444445,17.0,16.3,4.6,0.0,27.4,84.0
16063,53,18.664615384615384,17.0,16.3,4.7,0.0,29.0,84.0
16963,53,18.6,17.0,16.3,4.4,0.0,27.4,84.0
17863,53,18.532876712328765,17.0,16.3,4.2,0.0,29.0,85.0
18763,53,18.49137931034483,17.0,16.164788732394364,4.3,0.0,29.0,85.0
19663,53,18.4,17.0,16.0,4.3,0.0,27.4,85.0
20563,53,18.379166666666663,17.0,16.0,4.3,0.0,27.4,85.0
21463,53,18.3,18.397058823529413,16.508823529411764,4.3,0.0,27.4,85.0
22363,53,18.44428571428572,47.11290322580645,37.6,4.3,0.0,25.7,85.0
23263,53,19.2536231884058,51.03787878787879,47.224242424242426,4.2,0.0,27.4,86.0
24163,53,19.892753623188405,41.6,37.72857142857143,4.2,0.0,25.7,86.0
25063,53,20.35373134328358,48.88636363636364,44.82575757575758,4.3,0.0,27.4,85.0
25963,53,20.679411764705883,32.815384615384616,30.02307692307692,4.3,0.0,27.4,84.0
26863,53,20.91470588235294,26.0,23.861971830985915,4.3,5.0,27.4,83.0
27763,53,21.155882352941177,22.464788732394364,21.48450704225352,4.4,11.0,30.6,84.0
28663,53,20.95084745762712,21.040983606557376,20.49344262295082,4.3,23.0,25.7,86.0
29563,53,20.535593220338985,19.27868852459016,18.639344262295083,4.4,39.0,24.1,86.0
30463,53,20.15217391304348,18.602941176470587,17.998529411764707,4.6,56.0,25.7,85.0
31363,53,19.82985074626865,18.06716417910448,17.58955223880597,4.8,70.0,27.4,84.0
32263,53,19.527142857142856,17.84722222222222,17.2875,5.1,58.0,27.4,84.0
33163,53,19.28428571428572,17.5,16.9768115942029,5.2,63.0,30.6,81.0
34063,53,19.080281690140843,17.485915492957748,16.795774647887324,5.2,74.0,27.4,84.0
34963,53,18.935211267605634,17.02173913043478,16.534782608695654,5.3,91.0,27.4,84.0
35863,53,18.803030303030305,17.0,16.47714285714286,5.6,137.0,30.6,83.0
36763,53,18.689855072463768,17.0,16.3,6.1,332.0,29.0,82.0
37663,53,18.6,17.0,16.3,6.1,151.0,27.4,80.0
38563,53,18.50144927536232,17.0,16.134328358208954,6.1,157.0,30.6,79.0
39463,53,18.47462686567164,16.941176470588236,16.0,6.4,276.0,30.6,80.0
40363,53,18.4,16.610294117647058,16.0,6.2,243.0,30.6,81.0
41263,53,18.4,16.5,16.0,6.6,371.0,32.2,80.0
42163,53,18.368115942028982,16.5,16.0,7.1,427.0,29.0,76.0
43063,53,18.3,16.5,15.976119402985072,7.3,401.0,30.6,74.0
43963,53,18.3,16.5,15.816901408450704,7.4,550.0,30.6,76.0
44863,53,18.207272727272727,16.5,15.8,7.5,193.0,27.4,77.0
45763,53,18.2,16.5,15.8,7.6,434.0,25.7,75.0
46663,53,18.15,16.5,15.8,7.6,181.0,29.0,73.0
47563,53,18.1,16.5,15.8,7.6,285.0,30.6,74.0
48463,53,18.06515151515152,16.5,15.8,7.8,309.0,27.4,71.0
49363,53,18.0,16.5,15.672058823529412,7.7,232.0,27.4,69.0
50263,53,17.95774647887324,16.5,15.504411764705882,8.1,257.0,24.1,68.0
51163,53,17.9,16.5,15.5,8.1,111.0,22.5,67.0
52063,53,17.838571428571427,16.463768115942027,15.5,7.9,167.0,29.0,65.0
52963,53,17.8,16.130434782608695,15.5,7.6,109.0,25.7,68.0
53863,53,17.745070422535214,16.0,15.5,7.6,186.0,24.1,67.0
54763,53,17.7,16.0,15.5,7.9,123.0,29.0,66.0
55663,53,17.655072463768114,16.0,15.5,7.7,120.0,27.4,67.0
56563,53,17.6,16.0,15.441176470588236,7.6,111.0,25.7,67.0
57463,53,17.556923076923077,16.0,15.305797101449276,7.4,91.0,24.1,69.0
58363,53,17.5,16.0,15.3,7.1,69.0,27.4,70.0
59263,53,17.458823529411767,16.0,15.3,6.8,47.0,20.9,71.0
60163,53,17.4,16.0,15.3,6.7,43.0,20.9,72.0
61063,53,17.35373134328358,16.0,15.3,6.3,14.0,16.1,75.0
61963,53,17.308333333333334,26.66428571428572,20.65142857142857,6.3,14.0,17.7,74.0
62863,53,17.931944444444447,50.94117647058824,43.87352941176471,6.0,5.0,17.7,76.0
63763,53,18.942857142857143,49.294117647058826,44.64705882352941,5.6,0.0,14.5,78.0
64663,53,19.52089552238806,35.507462686567166,31.77164179104478,5.4,0.0,14.5,79.0
65563,53,19.69152542372881,39.33620689655173,36.01551724137931,5.3,0.0,14.5,79.0
66463,53,19.71818181818182,27.78169014084507,26.21549295774648,5.3,0.0,14.5,79.0
67363,53,19.53,23.36029411764705,22.141176470588235,5.3,0.0,16.1,80.0
68263,53,19.07846153846154,20.272058823529413,19.301470588235293,5.2,0.0,19.3,79.0
69163,53,18.62602739726028,18.54225352112676,17.81549295774648,5.1,0.0,17.7,79.0
70063,53,18.37941176470588,17.57246376811594,16.881159420289855,4.9,0.0,14.5,80.0
70963,53,18.240277777777777,18.92957746478873,17.53943661971831,4.8,0.0,14.5,82.0
71863,53,18.294594594594592,45.063380281690144,38.52394366197184,4.6,0.0,14.5,84.0
72763,53,18.82794117647059,33.550724637681164,31.10579710144928,4.6,0.0,12.9,85.0
73663,53,19.124242424242425,24.484375,22.128125,4.6,0.0,16.1,85.0
74563,53,19.2,20.717391304347824,19.066666666666663,4.6,0.0,17.7,84.0
75463,53,19.133898305084745,18.84426229508197,17.57049180327869,4.5,0.0,14.5,85.0
76363,53,18.93636363636364,17.84313725490196,16.82156862745098,4.5,0.0,12.9,85.0
77263,53,18.7044776119403,17.129032258064516,16.324193548387097,4.6,0.0,12.9,86.0
78163,53,18.493548387096773,22.55072463768116,19.72463768115941,4.6,0.0,12.9,86.0
79063,53,18.6125,49.81428571428572,42.97285714285714,4.7,0.0,12.9,86.0
79963,53,19.41492537313433,54.59701492537314,48.85671641791045,4.8,0.0,12.9,86.0
80863,53,20.02,51.83802816901408,46.86901408450704,4.9,0.0,14.5,85.0
81763,53,20.2,33.80555555555556,29.405555555555555,4.9,0.0,12.9,86.0
82663,53,20.138028169014085,25.34328358208955,22.39701492537313,4.9,0.0,8.0,85.0
83563,53,19.94776119402985,21.56153846153846,19.623076923076923,4.7,0.0,3.2,86.0
84463,53,19.66111111111111,19.73076923076924,18.543076923076924,4.5,0.0,4.8,87.0
85363,53,19.320289855072463,18.46212121212121,17.534848484848485,4.3,0.0,3.2,87.0
86263,53,19.025757575757574,17.705882352941178,16.958823529411767,4.2,0.0,4.8,88.0
763,54,18.8,17.5,16.95714285714286,4.3,0.0,12.9,89.0
1663,54,18.652941176470588,17.5,16.996969696969696,4.3,0.0,9.7,88.0
2563,54,18.509722222222223,17.006944444444446,16.608333333333334,4.4,0.0,9.7,86.0
3463,54,18.360869565217392,17.0,16.317391304347826,4.3,0.0,9.7,88.0
4363,54,18.23768115942029,16.72142857142857,16.167142857142856,3.9,0.0,9.7,89.0
5263,54,18.186153846153847,16.944444444444446,16.392063492063492,3.7,0.0,11.3,90.0
6163,54,18.06533333333333,16.537313432835823,16.071641791044776,3.1,0.0,12.9,91.0
7063,54,17.954716981132073,16.5,15.828571428571427,2.1,0.0,16.1,94.0
7963,54,17.841666666666665,16.5,15.795652173913044,1.9,0.0,16.1,95.0
8863,54,17.754285714285714,16.34558823529412,15.508823529411766,1.3,0.0,16.1,95.0
9763,54,17.671830985915495,16.0,15.5,1.0,0.0,14.5,96.0
10663,54,17.588571428571427,16.0,15.496825396825397,0.8,0.0,16.1,97.0
11563,54,17.5,16.0,15.35,0.7,0.0,11.3,97.0
12463,54,17.428985507246377,16.0,15.3,0.6,0.0,12.9,97.0
13363,54,17.375,16.0,15.3,0.5,0.0,11.3,97.0
14263,54,17.3,16.0,15.3,0.4,0.0,14.5,97.0
15163,54,17.22753623188406,16.0,15.251470588235293,0.3,0.0,14.5,97.0
16063,54,17.192857142857143,15.94927536231884,15.0,0.4,0.0,17.7,98.0
16963,54,17.1,15.529850746268655,15.0,0.6,0.0,16.1,98.0
17863,54,17.02857142857143,15.5,14.994444444444444,0.6,0.0,19.3,98.0
18763,54,16.988571428571426,15.5,14.832835820895522,0.6,0.0,20.9,98.0
19663,54,16.9,15.5,14.8,0.6,0.0,20.9,98.0
20563,54,16.886764705882353,15.5,14.8,0.6,0.0,19.3,98.0
21463,54,16.8,16.97142857142857,15.19142857142857,0.7,0.0,17.7,98.0
22363,54,16.919117647058822,46.58333333333333,36.95138888888889,0.8,0.0,14.5,98.0
23263,54,17.58955223880597,54.544117647058826,49.608823529411765,0.6,0.0,12.9,98.0
24163,54,18.254166666666663,55.06338028169014,50.02535211267606,0.6,0.0,11.3,98.0
25063,54,18.7536231884058,55.326086956521735,50.1608695652174,0.5,0.0,9.7,98.0
25963,54,19.14923076923077,53.93181818181819,49.36818181818182,0.6,0.0,12.9,98.0
26863,54,19.3,40.61805555555556,36.78611111111111,0.6,0.0,16.1,98.0
27763,54,19.2986301369863,50.897260273972606,44.76301369863013,0.6,0.0,16.1,98.0
28663,54,19.3,33.73076923076923,31.39384615384615,0.8,7.0,20.9,98.0
29563,54,19.13230769230769,25.05555555555556,23.429166666666667,0.9,9.0,22.5,98.0
30463,54,18.82575757575757,21.388059701492537,19.96417910447761,1.0,11.0,20.9,98.0
31363,54,18.55538461538461,19.426470588235293,18.397058823529413,0.9,13.0,17.7,98.0
32263,54,18.333783783783783,18.24324324324324,17.427027027027027,0.9,25.0,17.7,98.0
33163,54,18.13030303030304,17.485507246376812,16.807246376811595,0.9,25.0,17.7,98.0
34063,54,17.95,17.0,16.34929577464789,0.9,28.0,19.3,98.0
34963,54,17.776923076923076,16.51492537313433,15.943283582089553,1.0,26.0,19.3,98.0
35863,54,17.637142857142855,16.3768115942029,15.708695652173912,1.3,26.0,19.3,98.0
36763,54,17.48095238095238,16.0,15.487878787878788,1.5,26.0,22.5,98.0
37663,54,17.365000000000002,16.0,15.3,1.6,23.0,22.5,98.0
38563,54,17.2,15.88888888888889,15.0,1.6,24.0,19.3,98.0
39463,54,17.156338028169014,15.507246376811594,15.0,1.8,42.0,19.3,98.0
40363,54,17.07391304347826,15.5,14.95714285714286,1.7,51.0,17.7,97.0
41263,54,17.0,15.5,14.812244897959184,0.6,47.0,9.7,97.0
42163,54,16.948076923076922,15.5,14.8,0.7,51.0,11.3,98.0
43063,54,16.9,15.5,14.8,1.0,62.0,11.3,98.0
43963,54,16.8625,15.5,14.8,1.3,56.0,12.9,98.0
44863,54,16.8,15.5,14.8,1.4,40.0,14.5,98.0
45763,54,16.78529411764706,15.5,14.8,1.3,39.0,14.5,97.0
46663,54,16.7,15.5,14.611428571428572,1.3,42.0,16.1,97.0
47563,54,16.68857142857143,15.5,14.5,1.3,40.0,16.1,97.0
48463,54,16.6,15.5,14.5,1.3,46.0,16.1,97.0
49363,54,16.6,15.388059701492535,14.5,1.3,40.0,14.5,97.0
50263,54,16.508955223880598,15.08450704225352,14.5,1.3,56.0,12.9,97.0
51163,54,16.5,15.0,14.5,1.4,51.0,11.3,97.0
52063,54,16.4421875,15.0,14.5,1.6,46.0,12.9,97.0
52963,54,16.4,15.0,14.5,1.6,47.0,12.9,97.0
53863,54,16.389855072463767,15.0,14.5,1.8,56.0,11.3,97.0
54763,54,16.301408450704223,15.0,14.5,1.9,46.0,11.3,97.0
55663,54,16.3,15.0,14.488059701492537,2.0,44.0,11.3,97.0
56563,54,16.221212121212123,15.0,14.311764705882354,2.1,70.0,12.9,96.0
57463,54,16.20735294117647,26.85820895522388,20.540298507462687,2.3,35.0,11.3,96.0
58363,54,16.66949152542373,52.960317460317455,45.55396825396825,2.3,33.0,9.7,96.0
59263,54,17.725373134328358,46.41538461538461,42.90307692307693,2.3,23.0,12.9,96.0
60163,54,18.439344262295084,54.77536231884058,49.30289855072464,2.3,22.0,12.9,96.0
61063,54,19.054166666666667,55.0,49.912121212121214,2.1,18.0,12.9,95.0
61963,54,19.575362318840583,55.0072463768116,49.99130434782609,2.0,12.0,11.3,95.0
62863,54,19.96969696969697,55.0,50.0,1.9,5.0,11.3,95.0
63763,54,20.30793650793651,55.19117647058823,50.03970588235294,1.9,0.0,12.9,94.0
64663,54,20.52769230769231,55.5223880597015,50.24626865671642,1.9,0.0,12.9,94.0
65563,54,20.675,55.5,50.3,2.0,0.0,12.9,93.0
66463,54,20.702985074626863,55.48529411764706,50.3,2.1,0.0,12.9,93.0
67363,54,20.766666666666666,55.44927536231884,50.3,2.1,0.0,12.9,93.0
68263,54,20.812857142857144,55.5,50.3,2.2,0.0,11.3,93.0
69163,54,20.9,55.47857142857144,50.317142857142855,2.2,0.0,12.9,94.0
70063,54,20.94,55.47142857142857,50.38,2.2,0.0,11.3,94.0
70963,54,21.0027397260274,55.471014492753625,50.41014492753623,2.2,0.0,12.9,94.0
71863,54,21.09850746268657,49.11805555555556,45.227777777777774,2.1,0.0,14.5,95.0
72763,54,20.97761194029851,31.967741935483872,28.2241935483871,1.9,0.0,14.5,94.0
73663,54,20.671698113207547,24.866666666666667,22.006666666666668,1.9,0.0,12.9,94.0
74563,54,20.266129032258064,21.04285714285714,19.14,1.9,0.0,14.5,94.0
75463,54,19.914516129032258,19.193548387096776,17.85,1.8,0.0,9.7,94.0
76363,54,19.545,18.1484375,17.0390625,1.9,0.0,12.9,94.0
77263,54,19.159016393442624,17.3828125,16.5171875,1.9,0.0,12.9,94.0
78163,54,18.82622950819672,17.0,16.154545454545453,1.8,0.0,11.3,95.0
79063,54,18.557627118644067,16.524193548387096,15.870967741935484,1.8,0.0,12.9,95.0
79963,54,18.33658536585365,16.5,15.8,1.8,0.0,12.9,95.0
80863,54,18.15,16.5,15.8,1.8,0.0,14.5,95.0
81763,54,17.97826086956522,16.269230769230766,15.55076923076923,1.8,0.0,16.1,95.0
82663,54,17.841666666666665,16.0,15.5,1.9,0.0,14.5,95.0
83563,54,17.735135135135135,16.0,15.326865671641793,1.9,0.0,16.1,95.0
84463,54,17.615384615384617,16.0,15.467605633802815,1.9,0.0,19.3,95.0
85363,54,17.69375,16.0,15.55714285714286,1.8,0.0,17.7,95.0
86263,54,17.7,16.0,15.287142857142856,1.8,0.0,14.5,95.0
763,55,17.7,16.0,15.004285714285714,1.8,0.0,16.1,94.0
1663,55,17.67462686567164,15.6953125,15.0,1.7,0.0,14.5,94.0
2563,55,17.6,15.5,14.970967741935484,1.6,0.0,14.5,94.0
3463,55,17.53134328358209,15.5,14.803030303030305,1.6,0.0,14.5,94.0
4363,55,17.491549295774647,15.5,14.8,1.6,0.0,16.1,94.0
5263,55,17.4,15.5,14.8,1.4,0.0,14.5,94.0
6163,55,17.332558139534886,15.5,14.8,1.4,0.0,16.1,94.0
7063,55,17.261666666666667,15.5,14.66190476190476,1.4,0.0,16.1,93.0
7963,55,17.2,15.5,14.504225352112677,1.4,0.0,16.1,93.0
8863,55,17.112857142857145,15.5,14.5,1.3,0.0,14.5,93.0
9763,55,17.050746268656717,15.455882352941178,14.5,1.4,0.0,19.3,93.0
10663,55,16.9875,15.064285714285711,14.5,1.4,0.0,14.5,93.0
11563,55,16.9,15.0,14.5,1.4,0.0,16.1,93.0
12463,55,16.858333333333334,15.0,14.409859154929578,1.3,0.0,14.5,92.0
13363,55,16.8,15.0,14.3,1.3,0.0,16.1,92.0
14263,55,16.733333333333334,15.0,14.3,1.3,0.0,17.7,92.0
15163,55,16.678571428571427,15.0,14.3,1.3,0.0,16.1,92.0
16063,55,16.6,15.0,14.3,1.4,0.0,17.7,91.0
16963,55,16.54705882352941,15.0,14.3,1.4,0.0,16.1,91.0
17863,55,16.5,15.0,14.3,1.6,0.0,16.1,90.0
18763,55,16.464285714285715,15.0,14.3,1.6,0.0,16.1,91.0
19663,55,16.4,15.0,14.19672131147541,1.6,0.0,14.5,90.0
20563,55,16.353521126760562,15.0,14.004347826086956,1.6,0.0,14.5,90.0
21463,55,16.3,16.228571428571428,14.368571428571428,1.6,0.0,14.5,90.0
22363,55,16.43030303030303,46.01449275362319,36.163768115942034,1.5,0.0,14.5,90.0
23263,55,17.324285714285715,54.24626865671642,49.06417910447762,1.4,0.0,16.1,91.0
24163,55,18.23333333333333,54.56521739130435,49.26376811594203,1.5,0.0,14.5,91.0
25063,55,18.958571428571428,53.73943661971831,48.722535211267605,1.4,0.0,12.9,91.0
25963,55,19.35441176470588,52.72142857142857,48.50285714285714,1.4,0.0,11.3,91.0
26863,55,19.22608695652174,52.719696969696976,46.73636363636364,1.3,7.0,11.3,91.0
27763,55,19.60597014925373,50.19285714285714,44.65857142857143,1.3,12.0,12.9,91.0
28663,55,19.781690140845072,32.20149253731343,27.237313432835823,1.6,42.0,12.9,91.0
29563,55,20.043478260869566,24.383561643835616,21.801369863013697,1.7,62.0,12.9,90.0
30463,55,19.55322580645161,20.94029850746269,19.622388059701493,2.1,23.0,14.5,89.0
31363,55,19.032857142857143,19.007462686567163,18.049253731343285,2.1,25.0,14.5,89.0
32263,55,18.645833333333336,17.803030303030305,17.077272727272728,2.4,49.0,9.7,88.0
33163,55,18.32112676056338,17.130769230769232,16.54153846153846,2.5,40.0,11.3,88.0
34063,55,18.06,16.713235294117645,16.20294117647059,2.8,56.0,17.7,88.0
34963,55,17.813725490196077,16.4375,15.864285714285714,2.9,83.0,17.7,88.0
35863,55,17.645762711864407,16.0,15.580281690140843,3.2,111.0,14.5,87.0
36763,55,17.531884057971016,16.0,15.36,3.3,272.0,14.5,87.0
37663,55,17.436986301369863,15.825757575757574,15.272727272727272,3.6,292.0,16.1,86.0
38563,55,17.364864864864863,15.5,15.004166666666666,3.7,316.0,16.1,86.0
39463,55,17.3,15.5,15.0,4.2,350.0,12.9,85.0
40363,55,17.228787878787877,15.5,14.954285714285714,4.4,390.0,12.9,84.0
41263,55,17.2,15.5,14.8,4.6,338.0,14.5,85.0
42163,55,17.105797101449276,15.5,14.8,4.9,413.0,14.5,84.0
43063,55,17.095652173913045,15.5,14.8,5.1,416.0,12.9,83.0
43963,55,17.0,15.492537313432836,14.7955223880597,5.2,385.0,14.5,82.0
44863,55,17.0,15.253623188405795,14.604347826086956,5.3,292.0,16.1,81.0
45763,55,16.919117647058822,15.00735294117647,14.5,5.2,239.0,14.5,81.0
46663,55,16.9,15.0,14.5,5.1,225.0,14.5,80.0
47563,55,16.866197183098592,15.0,14.5,5.1,244.0,14.5,81.0
48463,55,16.8,15.0,14.5,5.3,199.0,11.3,80.0
49363,55,16.79,15.0,14.454285714285714,5.5,211.0,9.7,80.0
50263,55,16.7,15.0,14.384057971014494,5.7,197.0,9.7,79.0
51163,55,16.675714285714285,15.0,14.3,5.6,179.0,11.3,81.0
52063,55,16.6,15.0,14.3,5.4,146.0,12.9,79.0
52963,55,16.55294117647059,15.0,14.3,5.2,125.0,12.9,77.0
53863,55,16.5,15.0,14.3,5.2,91.0,14.5,78.0
54763,55,16.427777777777777,15.0,14.3,5.1,74.0,12.9,78.0
55663,55,16.4,15.0,14.3,4.9,70.0,16.1,79.0
56563,55,16.313636363636363,15.0,14.3,4.9,51.0,19.3,79.0
57463,55,16.277941176470588,14.97101449275362,14.291304347826088,4.8,39.0,11.3,81.0
58363,55,16.2,14.676470588235292,14.088235294117649,4.6,37.0,12.9,83.0
59263,55,16.184057971014493,14.5,14.0,4.4,18.0,11.3,86.0
60163,55,16.1,14.5,14.0,3.5,14.0,12.9,89.0
61063,55,16.086111111111112,14.5,14.0,3.4,7.0,14.5,90.0
61963,55,16.00735294117647,24.29285714285714,18.824285714285715,3.4,0.0,16.1,90.0
62863,55,16.45,53.17857142857143,45.52285714285715,3.3,0.0,17.7,91.0
63763,55,17.331944444444446,53.82857142857144,49.27142857142857,3.3,0.0,19.3,91.0
64663,55,17.98,50.27692307692308,46.88307692307693,3.2,0.0,19.3,91.0
65563,55,18.371014492753623,36.29166666666667,33.579166666666666,3.2,0.0,22.5,91.0
66463,55,18.4,36.725352112676056,32.67323943661972,3.1,0.0,20.9,91.0
67363,55,18.529577464788733,50.11029411764706,45.57794117647059,2.9,0.0,22.5,92.0
68263,55,18.833962264150944,52.05,48.456,2.9,0.0,27.4,92.0
69163,55,19.14313725490196,52.5,49.0,3.1,0.0,29.0,91.0
70063,55,19.405882352941177,52.5,49.18103448275862,3.3,0.0,29.0,90.0
70963,55,19.628571428571423,52.5,49.3,3.4,0.0,30.6,89.0
71863,55,19.834883720930232,53.05813953488372,48.88372093023256,3.7,0.0,33.8,88.0
72763,55,20.06046511627907,54.65573770491803,49.85737704918033,3.6,0.0,35.4,89.0
73663,55,20.26530612244898,54.708955223880594,50.0,3.6,0.0,38.6,89.0
74563,55,20.44761904761905,54.91666666666666,50.0,3.6,0.0,35.4,90.0
75463,55,20.578333333333333,54.7063492063492,50.0,3.8,0.0,38.6,90.0
76363,55,20.70434782608696,54.35820895522388,50.0,3.9,0.0,38.6,90.0
77263,55,20.952112676056338,53.5,49.8089552238806,4.2,0.0,35.4,89.0
78163,55,21.26901408450704,53.387323943661976,49.61971830985915,4.4,0.0,33.8,88.0
79063,55,21.51621621621621,51.10144927536232,47.97971014492754,4.7,0.0,37.0,89.0
79963,55,21.74109589041096,51.49285714285715,48.94714285714286,4.6,0.0,38.6,89.0
80863,55,21.75,40.46428571428572,38.17857142857143,4.9,0.0,35.4,90.0
81763,55,21.42714285714285,27.63768115942029,24.192753623188405,5.1,0.0,37.0,90.0
82663,55,21.02857142857143,22.666666666666664,20.143939393939394,5.1,0.0,32.2,91.0
83563,55,20.692753623188405,19.948529411764707,18.37794117647059,5.1,0.0,33.8,93.0
84463,55,20.43939393939394,18.66438356164384,17.626027397260273,5.3,0.0,38.6,93.0
85363,55,20.09285714285714,18.192307692307693,17.563076923076924,5.4,0.0,35.4,93.0
86263,55,20.17076923076923,18.035714285714285,17.665714285714284,5.6,0.0,37.0,93.0
763,56,20.35,18.059322033898304,17.828813559322036,5.8,0.0,30.6,94.0
1663,56,19.78208955223881,17.5,16.927142857142858,6.0,0.0,30.6,94.0
2563,56,19.491304347826087,17.035714285714285,16.374285714285712,6.2,0.0,33.8,93.0
3463,56,19.286153846153844,17.0,16.247826086956522,6.2,0.0,32.2,94.0
4363,56,19.1,16.619718309859156,16.0,6.3,0.0,35.4,94.0
5263,56,18.95142857142857,16.5,15.856716417910448,6.4,0.0,35.4,93.0
6163,56,18.83076923076923,16.5,15.689705882352944,6.6,0.0,37.0,93.0
7063,56,18.695833333333333,16.302816901408452,15.5,6.9,0.0,38.6,91.0
7963,56,18.6,16.0,15.410144927536232,6.8,0.0,40.2,92.0
8863,56,18.5,16.0,15.3,7.0,0.0,38.6,91.0
9763,56,18.417142857142856,16.0,15.3,7.1,0.0,43.5,93.0
10663,56,18.347826086956523,16.0,15.07391304347826,7.0,0.0,45.1,93.0
11563,56,18.268115942028984,15.992857142857142,15.0,6.8,0.0,41.8,94.0
12463,56,18.2,15.808823529411764,15.0,6.6,0.0,40.2,94.0
13363,56,18.11780821917808,15.701492537313433,15.0044776119403,6.8,0.0,40.2,94.0
14263,56,18.08533333333333,16.0,15.0,6.8,0.0,29.0,93.0
15163,56,18.0,16.0,15.0,6.9,0.0,32.2,93.0
16063,56,17.946376811594202,15.833333333333334,15.0,7.1,0.0,41.8,93.0
16963,56,17.9,15.528169014084506,15.0,7.1,0.0,40.2,93.0
17863,56,17.815277777777776,15.5,15.0,6.9,0.0,41.8,93.0
18763,56,17.8,15.5,15.0,6.9,0.0,43.5,93.0
19663,56,17.714285714285715,15.5,14.97391304347826,6.9,0.0,43.5,93.0
20563,56,17.7,15.5,14.808450704225354,6.9,0.0,45.1,93.0
21463,56,17.605405405405406,15.5,14.8,7.2,0.0,41.8,91.0
22363,56,17.594444444444445,15.5,14.8,7.3,0.0,46.7,90.0
23263,56,17.5,15.5,14.8,7.3,0.0,48.3,89.0
24163,56,17.5,15.5,14.8,7.3,0.0,40.2,89.0
25063,56,17.404615384615386,15.5,14.8,7.6,0.0,43.5,88.0
25963,56,17.4,15.5,14.8,7.7,0.0,46.7,88.0
26863,56,17.41269841269841,30.76470588235294,23.63676470588236,7.6,5.0,43.5,90.0
27763,56,18.082857142857144,51.232394366197184,45.28591549295775,7.4,7.0,41.8,92.0
28663,56,19.35,54.72388059701492,50.59701492537313,7.3,12.0,38.6,92.0
29563,56,20.20746268656716,54.38524590163935,50.04918032786885,7.5,11.0,38.6,92.0
30463,56,20.85384615384616,54.93478260869565,49.42173913043478,7.7,32.0,40.2,92.0
31363,56,21.15142857142857,53.1056338028169,48.59014084507042,7.7,32.0,40.2,92.0
32263,56,21.40151515151515,54.42253521126761,49.41690140845071,7.7,21.0,38.6,93.0
33163,56,21.54927536231884,38.54054054054054,34.27567567567568,7.8,12.0,43.5,92.0
34063,56,21.369444444444447,27.404411764705884,24.058823529411764,7.9,26.0,45.1,92.0
34963,56,21.05142857142857,22.838028169014084,20.73943661971831,7.9,29.0,45.1,93.0
35863,56,20.708571428571428,20.34090909090909,19.03181818181818,8.3,188.0,33.8,92.0
36763,56,20.372857142857143,18.955882352941178,18.04705882352941,8.5,118.0,35.4,92.0
37663,56,20.075362318840583,18.119402985074625,17.37313432835821,8.6,125.0,37.0,92.0
38563,56,19.804411764705883,17.522058823529413,16.894117647058824,8.6,106.0,33.8,92.0
39463,56,19.553030303030305,17.11764705882353,16.575,8.6,174.0,35.4,93.0
40363,56,19.32898550724638,17.0,16.354794520547948,8.8,144.0,32.2,92.0
41263,56,19.126470588235293,16.680555555555554,16.1375,9.1,160.0,32.2,91.0
42163,56,18.94861111111112,16.5,15.997142857142856,9.3,210.0,32.2,92.0
43063,56,18.819402985074625,16.5,15.8,9.5,209.0,30.6,92.0
43963,56,18.73513513513513,16.5,15.8,9.7,218.0,29.0,92.0
44863,56,18.65217391304348,16.5,15.8,9.9,156.0,37.0,90.0
45763,56,18.6,16.5,15.734375,9.9,162.0,32.2,90.0
46663,56,18.503703703703703,16.448275862068964,15.5,10.1,128.0,37.0,90.0
47563,56,18.5,16.158333333333335,15.5,10.2,167.0,33.8,91.0
48463,56,18.40483870967742,16.325,15.7,10.2,188.0,30.6,91.0
49363,56,18.37833333333333,16.025423728813557,15.5,10.3,175.0,29.0,91.0
50263,56,18.284615384615385,16.0,15.5,9.4,83.0,22.5,93.0
51163,56,18.2,16.0,15.5,9.0,139.0,20.9,92.0
52063,56,18.137096774193548,16.0,15.489830508474578,9.1,120.0,17.7,92.0
52963,56,18.1,16.0,15.314285714285711,9.3,167.0,19.3,91.0
53863,56,18.01095890410959,16.0,15.3,9.3,132.0,22.5,88.0
54763,56,18.0,16.0,15.3,9.1,95.0,20.9,87.0
55663,56,17.904761904761905,16.0,15.3,8.8,49.0,19.3,87.0
56563,56,17.9,16.0,15.3,8.7,70.0,16.1,84.0
57463,56,17.803773584905663,16.0,15.3,8.6,77.0,17.7,83.0
58363,56,17.8,16.0,15.29558823529412,8.5,56.0,16.1,84.0
59263,56,17.742372881355934,16.0,15.013043478260869,8.4,54.0,12.9,85.0
60163,56,17.7,16.0,15.0,8.3,18.0,14.5,85.0
61063,56,17.617910447761194,15.985507246376812,15.008695652173913,8.1,16.0,17.7,85.0
61963,56,17.6,15.965517241379311,15.01551724137931,7.8,14.0,14.5,84.0
62863,56,17.678260869565218,40.559322033898304,31.41186440677966,7.6,0.0,11.3,84.0
63763,56,18.6078125,53.864285714285714,49.027142857142856,7.6,0.0,11.3,84.0
64663,56,19.69838709677419,54.72727272727273,50.018181818181816,7.3,0.0,16.1,82.0
65563,56,20.487692307692303,53.63636363636364,49.28939393939394,7.2,0.0,12.9,83.0
66463,56,20.90735294117647,53.81060606060606,48.98181818181818,7.1,0.0,11.3,81.0
67363,56,21.30597014925373,54.19718309859155,49.41830985915493,6.9,0.0,9.7,80.0
68263,56,21.595081967213115,54.16176470588236,49.47352941176471,6.8,0.0,6.4,80.0
69163,56,21.824242424242424,51.71875,49.309375,6.7,0.0,8.0,82.0
70063,56,22.028125,51.6796875,49.3,6.4,0.0,11.3,81.0
70963,56,22.195238095238096,52.0,49.34571428571429,6.4,0.0,11.3,81.0
71863,56,22.34925373134329,52.01587301587301,49.35714285714285,6.3,0.0,11.3,81.0
72763,56,22.44923076923077,52.030303030303024,49.4030303030303,6.2,0.0,12.9,80.0
73663,56,22.59846153846154,52.0,49.49117647058824,6.1,0.0,11.3,81.0
74563,56,22.74507042253521,52.05714285714286,49.49714285714286,6.0,0.0,9.7,82.0
75463,56,22.87205882352941,51.93181818181819,49.23636363636364,6.0,0.0,11.3,83.0
76363,56,22.98307692307692,52.1044776119403,49.08805970149254,5.9,0.0,12.9,84.0
77263,56,23.1328125,52.14615384615384,49.54615384615384,5.9,0.0,16.1,84.0
78163,56,23.286567164179104,52.31159420289855,49.50869565217391,5.8,0.0,14.5,84.0
79063,56,23.354166666666664,53.61940298507462,49.907462686567165,5.8,0.0,12.9,84.0
79963,56,23.55942028985508,54.90298507462686,50.51343283582089,5.8,0.0,12.9,84.0
80863,56,23.70294117647059,55.0,50.673913043478265,5.7,0.0,11.3,83.0
81763,56,23.85,55.0072463768116,50.79565217391304,5.7,0.0,11.3,82.0
82663,56,23.95483870967742,54.9672131147541,50.80327868852459,5.6,0.0,9.7,82.0
83563,56,24.002777777777776,55.492537313432834,51.0089552238806,5.0,0.0,8.0,83.0
84463,56,23.92,43.598591549295776,40.08028169014084,4.6,0.0,9.7,84.0
85363,56,23.532857142857143,29.428571428571427,26.58714285714285,4.8,0.0,14.5,84.0
86263,56,23.077611940298507,24.253731343283583,21.929850746268656,4.7,0.0,11.3,85.0
763,57,22.65797101449275,22.64788732394366,21.48450704225352,4.7,0.0,12.9,86.0
1663,57,22.288059701492536,20.95652173913044,20.144927536231883,5.0,0.0,14.5,84.0
2563,57,21.93285714285714,19.878571428571423,19.124285714285712,4.8,0.0,14.5,86.0
3463,57,21.59850746268657,19.275362318840585,18.568115942028985,4.9,0.0,12.9,84.0
4363,57,21.286764705882355,18.90579710144928,18.17826086956521,5.0,0.0,12.9,83.0
5263,57,21.013432835820897,18.5,17.897058823529413,4.7,0.0,12.9,84.0
6163,57,20.78529411764706,18.463768115942027,17.691304347826087,4.6,0.0,16.1,84.0
7063,57,20.61076923076923,18.0,17.5,4.7,0.0,16.1,84.0
7963,57,20.44328358208956,18.0,17.317910447761193,5.1,0.0,16.1,84.0
8863,57,20.25857142857143,18.0,17.226027397260275,4.9,0.0,16.1,85.0
9763,57,20.15142857142857,17.76865671641791,17.0,5.1,0.0,17.7,87.0
10663,57,20.03142857142857,17.5,17.0,4.6,0.0,14.5,87.0
11563,57,19.92608695652174,17.5,16.816901408450704,4.8,0.0,17.7,87.0
12463,57,19.83,17.5,16.8,5.3,0.0,19.3,83.0
13363,57,19.735714285714288,17.5,16.8,5.4,0.0,17.7,82.0
14263,57,19.663235294117648,17.5,16.698591549295777,5.4,0.0,17.7,82.0
15163,57,19.58,17.5,16.504347826086956,5.2,0.0,16.1,82.0
16063,57,19.5,17.43918918918919,16.5,5.1,0.0,19.3,84.0
16963,57,19.413043478260867,17.094202898550726,16.5,5.1,0.0,20.9,84.0
17863,57,19.344117647058823,17.0,16.5,5.0,0.0,20.9,84.0
18763,57,19.29583333333333,17.0,16.393939393939394,5.0,0.0,22.5,85.0
19663,57,19.2,17.0,16.3,5.1,0.0,19.3,86.0
20563,57,19.147142857142857,17.0,16.3,5.4,0.0,22.5,85.0
21463,57,19.08235294117647,17.0,16.3,5.6,0.0,22.5,85.0
22363,57,19.0,17.0,16.3,5.7,0.0,22.5,84.0
23263,57,18.974647887323943,17.0,16.119999999999997,5.8,0.0,29.0,83.0
24163,57,18.9,17.0,16.0,5.9,0.0,29.0,83.0
25063,57,18.858823529411765,16.964788732394364,16.0,6.0,0.0,30.6,84.0
25963,57,18.8,16.6,16.0,6.1,0.0,32.2,85.0
26863,57,18.731746031746034,16.5,16.0,6.2,5.0,30.6,86.0
27763,57,18.7,16.5,15.997183098591549,6.3,23.0,29.0,86.0
28663,57,18.7,16.654929577464788,15.9887323943662,6.4,23.0,35.4,88.0
29563,57,18.629166666666663,16.885714285714286,16.0,6.1,53.0,32.2,90.0
30463,57,18.65797101449275,16.767605633802816,16.07605633802817,6.0,16.0,35.4,89.0
31363,57,18.695714285714285,16.613636363636363,15.954545454545451,6.1,32.0,35.4,88.0
32263,57,18.6,16.5,15.8,6.4,33.0,35.4,88.0
33163,57,18.56571428571429,16.5,15.8,6.9,47.0,40.2,87.0
34063,57,18.5,16.5,15.795774647887324,7.3,65.0,38.6,86.0
34963,57,18.484057971014494,16.5,15.641428571428571,7.5,35.0,41.8,86.0
35863,57,18.4,16.5,15.512676056338028,7.8,37.0,37.0,86.0
36763,57,18.4,16.5,15.698591549295775,8.1,230.0,37.0,85.0
37663,57,18.4,16.5,15.8,8.1,306.0,35.4,85.0
38563,57,18.4,16.5,15.891428571428571,8.7,334.0,33.8,85.0
39463,57,18.4,16.5,15.953623188405796,8.3,134.0,37.0,87.0
40363,57,18.377611940298507,16.5,15.8,8.1,98.0,33.8,88.0
41263,57,18.3,16.5,15.8,7.8,116.0,27.4,90.0
42163,57,18.3,16.5,15.8,7.8,128.0,24.1,90.0
43063,57,18.409375,16.5,15.944615384615384,8.1,153.0,24.1,90.0
43963,57,19.48,16.856060606060606,16.154545454545453,8.2,54.0,27.4,90.0
44863,57,19.4234375,16.888059701492537,16.102985074626865,8.1,46.0,25.7,90.0
45763,57,18.96551724137931,16.5,15.893939393939394,8.0,49.0,24.1,92.0
46663,57,18.65652173913044,16.5,15.8,7.9,25.0,22.5,93.0
47563,57,18.44909090909091,16.5,15.637704918032789,7.9,32.0,22.5,93.0
48463,57,18.318571428571428,16.5,15.782857142857145,7.9,47.0,24.1,93.0
49363,57,18.176470588235293,16.234848484848484,15.55,8.0,30.0,24.1,92.0
50263,57,18.098550724637683,16.0,15.5,8.1,135.0,29.0,92.0
51163,57,18.0,16.0,15.5,8.2,109.0,30.6,92.0
52063,57,17.936986301369863,16.0,15.5,8.5,88.0,37.0,90.0
52963,57,17.88939393939394,16.0,15.5,8.6,82.0,33.8,90.0
53863,57,17.8,16.0,15.342424242424244,8.6,65.0,32.2,91.0
54763,57,17.8,16.080645161290324,15.32258064516129,8.6,62.0,32.2,91.0
55663,57,17.83283582089552,35.83846153846154,27.54769230769231,8.8,39.0,30.6,90.0
56563,57,18.64032258064516,53.94852941176471,47.59117647058824,8.8,37.0,33.8,89.0
57463,57,19.51014492753623,52.5,48.6015873015873,8.3,18.0,38.6,90.0
58363,57,19.9109375,36.73134328358209,32.52388059701492,7.6,40.0,29.0,93.0
59263,57,19.9796875,25.88636363636364,22.784848484848485,7.1,40.0,32.2,92.0
60163,57,19.86268656716418,21.846774193548388,19.80161290322581,6.8,19.0,33.8,90.0
61063,57,19.66721311475409,19.96923076923077,18.59846153846154,6.8,11.0,33.8,90.0
61963,57,19.52131147540984,45.525,37.435,6.7,12.0,33.8,90.0
62863,57,19.943548387096776,54.86507936507936,49.36825396825397,6.7,7.0,37.0,89.0
63763,57,20.489393939393945,52.96666666666666,48.575,6.1,0.0,29.0,87.0
64663,57,21.139344262295083,52.909090909090914,49.66666666666667,5.7,0.0,24.1,88.0
65563,57,21.7,52.58571428571429,49.347142857142856,5.6,0.0,30.6,88.0
66463,57,21.62903225806452,52.56521739130435,48.76231884057971,5.4,0.0,29.0,87.0
67363,57,21.592537313432835,40.2463768115942,37.582608695652176,5.2,0.0,24.1,87.0
68263,57,21.5,50.4,46.07384615384616,5.1,0.0,24.1,87.0
69163,57,21.47647058823529,36.044117647058826,32.91029411764706,5.1,0.0,29.0,87.0
70063,57,21.30294117647059,26.272058823529413,23.429411764705883,5.1,0.0,27.4,86.0
70963,57,21.01714285714285,33.98550724637681,29.63623188405797,5.2,0.0,29.0,86.0
71863,57,20.98,48.74603174603175,43.94920634920635,4.7,0.0,25.7,91.0
72763,57,21.1,33.87692307692308,30.584615384615383,4.3,0.0,17.7,93.0
73663,57,21.1,41.6,37.69076923076923,4.5,0.0,25.7,90.0
74563,57,21.094285714285714,27.93181818181818,25.234848484848484,4.3,0.0,24.1,89.0
75463,57,20.928358208955224,22.7089552238806,20.82238805970149,4.2,0.0,30.6,87.0
76363,57,20.692424242424245,33.268115942028984,28.368115942028982,4.0,0.0,29.0,88.0
77263,57,20.74333333333333,43.1271186440678,39.66779661016949,4.1,0.0,30.6,86.0
78163,57,20.9,28.13970588235294,25.56764705882353,4.0,0.0,30.6,86.0
79063,57,20.78181818181818,23.10606060606061,21.05454545454545,3.9,0.0,32.2,85.0
79963,57,20.7,42.51428571428572,38.00571428571429,3.8,0.0,27.4,86.0
80863,57,20.7955223880597,33.44117647058824,31.248529411764707,3.8,0.0,27.4,87.0
81763,57,20.8078125,25.205882352941178,22.736764705882354,3.8,0.0,24.1,87.0
82663,57,20.727941176470587,21.9609375,20.21875,3.4,0.0,19.3,87.0
83563,57,20.55,20.040983606557376,18.852459016393443,3.3,0.0,20.9,86.0
84463,57,20.315384615384616,18.93076923076924,18.04769230769231,3.2,0.0,19.3,85.0
85363,57,20.105263157894736,18.330645161290324,17.541935483870965,3.2,0.0,20.9,84.0
86263,57,19.909230769230767,18.15740740740741,17.901851851851852,3.2,0.0,24.1,84.0
763,58,19.76212121212121,18.02380952380953,17.695238095238096,3.1,0.0,20.9,85.0
1663,58,19.592537313432835,17.816901408450704,17.328169014084505,3.1,0.0,22.5,85.0
2563,58,19.43939393939394,17.5,17.004347826086956,3.1,0.0,24.1,85.0
3463,58,19.28939393939394,17.5,16.805633802816903,3.2,0.0,25.7,84.0
4363,58,19.161194029850744,17.40625,16.7625,3.3,0.0,27.4,83.0
5263,58,19.03913043478261,17.0,16.5,3.4,0.0,29.0,82.0
6163,58,18.942424242424245,17.0,16.5,3.4,0.0,24.1,82.0
7063,58,18.847692307692306,17.0,16.38285714285714,3.6,0.0,27.4,83.0
7963,58,18.746268656716417,17.0,16.3,3.6,0.0,25.7,82.0
8863,58,18.66417910447761,17.0,16.3,3.4,0.0,22.5,83.0
9763,58,18.595652173913045,17.0,16.143478260869564,3.3,0.0,19.3,84.0
10663,58,18.5,16.634328358208954,16.0,3.4,0.0,20.9,84.0
11563,58,18.43582089552239,16.5,16.0,3.3,0.0,20.9,83.0
12463,58,18.398507462686567,16.5,16.0,3.3,0.0,19.3,84.0
13363,58,18.30151515151515,16.5,15.916417910447764,3.4,0.0,20.9,84.0
14263,58,18.24029850746269,16.5,15.8,3.2,0.0,16.1,86.0
15163,58,18.2,16.5,15.8,3.1,0.0,12.9,86.0
16063,58,18.10289855072464,16.5,15.8,3.1,0.0,19.3,86.0
16963,58,18.064705882352943,16.5,15.8,3.1,0.0,19.3,85.0
17863,58,18.0,16.5,15.7,3.0,0.0,14.5,85.0
18763,58,17.935714285714287,16.47142857142857,15.504285714285714,2.9,0.0,14.5,85.0
19663,58,17.89857142857143,16.080882352941178,15.5,2.7,0.0,17.7,85.0
20563,58,17.813333333333333,16.0,15.5,2.7,0.0,22.5,81.0
21463,58,17.796923076923076,17.485714285714288,15.961428571428574,2.6,0.0,22.5,80.0
22363,58,17.928571428571427,47.18382352941176,37.972058823529416,2.2,0.0,16.1,83.0
23263,58,18.78,49.8,45.98571428571428,2.1,0.0,16.1,83.0
24163,58,19.418032786885245,43.86111111111111,38.72037037037037,2.3,0.0,17.7,83.0
25063,58,19.890566037735848,49.7280701754386,45.0719298245614,1.9,0.0,14.5,86.0
25963,58,20.243548387096773,31.190140845070424,27.48028169014085,1.8,0.0,19.3,86.0
26863,58,20.211111111111112,24.477941176470587,22.07647058823529,1.7,7.0,14.5,85.0
27763,58,20.03382352941177,21.36764705882353,19.961764705882352,1.7,12.0,14.5,85.0
28663,58,19.838805970149256,19.56818181818182,18.830303030303032,1.7,39.0,12.9,84.0
29563,58,19.611764705882354,18.75757575757576,18.39848484848485,1.9,47.0,14.5,84.0
30463,58,19.313636363636363,18.16923076923077,17.904615384615386,2.2,30.0,12.9,82.0
31363,58,19.006944444444446,17.44927536231884,16.94927536231884,2.3,26.0,14.5,82.0
32263,58,18.73333333333333,17.0,16.47142857142857,2.6,25.0,12.9,81.0
33163,58,18.503076923076925,16.830985915492956,16.3,2.7,32.0,12.9,82.0
34063,58,18.344285714285714,16.913043478260867,16.418840579710142,2.9,44.0,11.3,80.0
34963,58,18.16716417910448,16.152173913043477,15.740579710144928,3.2,34.0,11.3,77.0
35863,58,19.114705882352943,16.07857142857143,15.517142857142858,3.6,53.0,8.0,79.0
36763,58,17.271875,15.465277777777777,14.681944444444444,3.9,158.0,8.0,78.0
37663,58,16.725454545454546,14.859375,13.89375,4.0,257.0,4.8,79.0
38563,58,16.35,14.62878787878788,13.872727272727271,4.4,227.0,6.4,77.0
39463,58,16.046969696969697,14.5,13.818181818181818,4.8,332.0,9.7,73.0
40363,58,15.938805970149255,14.769230769230768,13.97846153846154,5.3,295.0,8.0,74.0
41263,58,16.18,15.0,14.221875,5.5,341.0,6.4,70.0
42163,58,16.63582089552239,15.380281690140844,14.559154929577463,5.6,394.0,6.4,72.0
43063,58,16.880000000000003,15.5,14.8,6.3,524.0,8.0,63.0
43963,58,17.03970588235294,15.5,14.805797101449276,6.6,316.0,6.4,64.0
44863,58,17.11774193548387,15.5,14.802857142857144,6.1,243.0,4.8,61.0
45763,58,17.2,20.823943661971832,17.153521126760563,6.0,255.0,3.2,60.0
46663,58,17.558333333333334,49.713235294117645,42.35735294117647,5.8,255.0,4.8,60.0
47563,58,18.439344262295084,45.8134328358209,42.66865671641792,6.3,617.0,4.8,60.0
48463,58,19.144285714285715,54.4776119402985,48.89253731343284,5.8,98.0,8.0,71.0
49363,58,19.85,53.467741935483865,49.04838709677419,5.1,109.0,11.3,71.0
50263,58,20.38219178082192,53.919117647058826,48.71029411764706,4.7,165.0,9.7,76.0
51163,58,20.68805970149253,38.49242424242424,34.57727272727273,4.7,97.0,4.8,75.0
52063,58,20.64782608695652,27.84057971014493,25.043478260869566,4.6,81.0,4.8,76.0
52963,58,20.417910447761194,22.615942028985508,20.93478260869565,4.4,63.0,6.4,76.0
53863,58,20.07575757575757,19.97761194029851,18.58208955223881,4.2,30.0,6.4,78.0
54763,58,19.735714285714288,18.49253731343284,17.392537313432836,4.1,28.0,4.8,79.0
55663,58,19.38840579710145,17.61764705882353,16.83235294117647,3.6,19.0,4.8,80.0
56563,58,19.09076923076924,17.111940298507463,16.526865671641794,3.4,20.0,3.2,82.0
57463,58,18.86515151515152,17.0,16.377142857142857,3.0,21.0,4.8,88.0
58363,58,18.61764705882353,16.521428571428572,15.902857142857144,2.9,19.0,4.8,87.0
59263,58,18.40597014925373,17.1231884057971,16.07246376811594,2.8,11.0,3.2,88.0
60163,58,18.330882352941178,37.71830985915493,30.7887323943662,2.7,7.0,8.0,84.0
61063,58,18.87049180327869,51.59859154929577,48.66619718309859,2.5,0.0,8.0,84.0
61963,58,19.563636363636363,47.246153846153845,44.72153846153846,2.3,0.0,3.2,85.0
62863,58,19.90428571428572,31.52898550724637,26.95652173913044,1.8,0.0,0.0,88.0
63763,58,19.926153846153845,24.13235294117647,20.94558823529412,1.7,0.0,1.6,90.0
64663,58,19.77692307692308,20.76865671641791,18.73880597014925,1.6,0.0,3.2,92.0
65563,58,19.5375,18.88888888888889,17.555555555555554,1.7,0.0,3.2,91.0
66463,58,19.303030303030305,18.111940298507463,17.291044776119403,1.6,0.0,3.2,92.0
67363,58,19.04057971014493,17.442028985507246,16.915942028985505,1.5,0.0,1.6,92.0
68263,58,18.78709677419355,23.727941176470587,21.85147058823529,1.4,0.0,0.0,92.0
69163,58,18.83492063492064,46.507462686567166,39.65522388059701,1.4,0.0,0.0,92.0
70063,58,19.40819672131148,53.08870967741935,48.3483870967742,1.3,0.0,0.0,92.0
70963,58,19.989393939393945,52.5,49.151428571428575,1.4,0.0,0.0,93.0
71863,58,20.530645161290323,52.41269841269841,49.195238095238096,1.5,0.0,6.4,92.0
72763,58,20.8484375,52.5,49.3,1.4,0.0,8.0,92.0
73663,58,21.1140625,52.369230769230775,49.13692307692308,1.4,0.0,9.7,92.0
74563,58,21.30793650793651,52.46825396825396,49.3,1.5,0.0,8.0,92.0
75463,58,21.50943396226415,52.0,49.3,1.4,0.0,9.7,92.0
76363,58,21.70377358490566,52.0,49.23389830508474,1.3,0.0,9.7,93.0
77263,58,21.873846153846152,53.76470588235294,49.04264705882353,1.2,0.0,9.7,92.0
78163,58,21.98333333333333,54.36764705882352,50.05147058823529,1.1,0.0,11.3,92.0
79063,58,22.12205882352941,53.3360655737705,49.94262295081968,0.9,0.0,14.5,92.0
79963,58,22.31212121212121,54.2,50.38285714285714,0.9,0.0,14.5,91.0
80863,58,22.48709677419355,55.09230769230769,51.21692307692308,0.9,0.0,12.9,91.0
81763,58,22.6,50.17213114754098,46.93606557377049,0.9,0.0,11.3,92.0
82663,58,22.42131147540984,34.25,30.60625,1.0,0.0,11.3,93.0
83563,58,22.069230769230767,25.80882352941176,23.08235294117647,1.0,0.0,11.3,93.0
84463,58,21.677611940298508,22.35384615384616,20.59076923076924,0.9,0.0,12.9,93.0
85363,58,21.36376811594203,21.35820895522388,21.0,0.9,0.0,11.3,93.0
86263,58,21.001492537313432,19.78985507246377,19.143478260869564,0.8,0.0,12.9,93.0
763,59,20.647058823529413,18.838461538461537,18.17076923076923,0.8,0.0,12.9,93.0
1663,59,20.32089552238806,18.36029411764705,17.66764705882353,0.8,0.0,11.3,92.0
2563,59,20.029850746268657,18.0,17.37323943661972,0.7,0.0,11.3,92.0
3463,59,19.79014084507042,17.669117647058822,17.083823529411767,0.6,0.0,9.7,92.0
4363,59,19.575,17.5,16.875757575757575,0.6,0.0,11.3,92.0
5263,59,19.38823529411765,17.5,16.8,0.4,0.0,11.3,92.0
6163,59,19.252857142857145,17.35211267605634,16.740845070422534,0.3,0.0,12.9,92.0
7063,59,19.12058823529412,17.0,16.5,0.3,0.0,12.9,92.0
7963,59,18.986764705882354,17.0,16.326470588235292,0.3,0.0,12.9,92.0
8863,59,18.88235294117647,17.0,16.3,0.2,0.0,12.9,92.0
9763,59,18.76619718309859,17.0,16.1828125,0.2,0.0,12.9,92.0
10663,59,18.672727272727272,16.60144927536232,16.0,0.2,0.0,14.5,91.0
11563,59,18.58428571428572,16.5,16.0,0.3,0.0,14.5,91.0
12463,59,18.5,16.5,15.95,0.3,0.0,14.5,91.0
13363,59,18.4109375,16.5,15.8,0.3,0.0,14.5,91.0
14263,59,18.355737704918035,16.5,15.8,0.3,0.0,12.9,92.0
15163,59,18.26515151515152,16.5,15.8,0.2,0.0,12.9,92.0
16063,59,18.2,16.5,15.608695652173912,0.3,0.0,17.7,91.0
16963,59,18.11891891891892,16.243055555555554,15.5,0.3,0.0,16.1,91.0
17863,59,18.058208955223883,16.0,15.5,0.3,0.0,16.1,91.0
18763,59,18.0,16.0,15.5,0.3,0.0,12.9,91.0
19663,59,17.90483870967742,16.0,15.47058823529412,0.4,0.0,14.5,92.0
20563,59,17.85068493150685,16.0,15.305714285714284,0.4,0.0,12.9,92.0
21463,59,17.8,17.53174603174603,15.839682539682538,0.6,0.0,14.5,93.0
22363,59,17.94090909090909,47.05147058823529,37.851470588235294,0.6,0.0,11.3,92.0
23263,59,18.804615384615385,54.16923076923077,49.68153846153847,0.6,0.0,11.3,92.0
24163,59,19.53913043478261,40.67460317460318,37.02222222222223,0.6,0.0,9.7,91.0
25063,59,19.95294117647059,51.82575757575758,46.31969696969697,0.5,0.0,6.4,90.0
25963,59,20.33731343283582,36.32142857142857,32.535714285714285,0.6,5.0,9.7,91.0
26863,59,20.381818181818183,26.828125,24.2890625,0.8,9.0,8.0,91.0
27763,59,20.2864406779661,22.889705882352946,21.7,0.8,14.0,6.4,91.0
28663,59,20.09701492537313,20.264285714285712,19.42428571428572,1.2,72.0,8.0,91.0
29563,59,19.792424242424243,18.666666666666664,17.825757575757574,1.6,90.0,11.3,90.0
30463,59,19.49230769230769,17.75735294117647,17.051470588235293,1.9,21.0,12.9,89.0
31363,59,19.219402985074627,17.25,16.61911764705882,2.0,21.0,12.9,88.0
32263,59,18.954545454545453,17.0,16.31044776119403,2.1,23.0,8.0,88.0
33163,59,18.71029411764706,16.50735294117647,16.004411764705882,2.3,25.0,11.3,87.0
34063,59,18.52,16.5,15.84126984126984,2.4,26.0,11.3,88.0
34963,59,18.363888888888887,16.42142857142857,15.782857142857145,2.8,28.0,8.0,89.0
35863,59,18.23380281690141,16.0,15.504545454545454,2.9,69.0,8.0,88.0
36763,59,18.14264705882353,16.0,15.5,2.7,213.0,9.7,89.0
37663,59,18.079104477611946,16.0,15.5,3.1,360.0,9.7,89.0
38563,59,18.0,16.0,15.493650793650792,3.6,362.0,8.0,88.0
39463,59,17.93888888888889,16.0,15.332835820895522,4.1,380.0,9.7,86.0
40363,59,17.9,16.0,15.3,4.3,413.0,11.3,84.0
41263,59,17.804347826086957,16.0,15.3,4.6,446.0,11.3,84.0
42163,59,17.8,16.0,15.3,5.0,446.0,11.3,81.0
43063,59,17.728571428571428,16.0,15.20597014925373,5.3,461.0,11.3,80.0
43963,59,17.7,15.930769230769233,15.0,5.6,483.0,9.7,82.0
44863,59,17.611764705882354,15.546153846153846,15.0,5.2,454.0,9.7,81.0
45763,59,17.58888888888889,15.5,15.0,5.4,450.0,11.3,81.0
46663,59,17.5,15.5,15.0,6.1,443.0,11.3,78.0
47563,59,17.5,15.5,15.0,6.4,445.0,11.3,75.0
48463,59,17.42153846153846,15.5,15.0,6.6,432.0,11.3,72.0
49363,59,17.4,15.5,14.944117647058825,6.6,348.0,8.0,74.0
50263,59,17.4,15.5,14.820289855072463,6.8,302.0,6.4,71.0
51163,59,17.332857142857144,15.5,14.8,6.8,232.0,6.4,68.0
52063,59,17.3,15.5,14.8,6.7,179.0,9.7,69.0
52963,59,17.266666666666666,15.5,14.8,7.1,206.0,6.4,67.0
53863,59,17.2,15.5,14.8,7.1,70.0,9.7,66.0
54763,59,17.186567164179102,15.5,14.8,7.0,304.0,8.0,69.0
55663,59,17.1,15.5,14.8,7.2,81.0,8.0,66.0
56563,59,17.09016393442623,15.5,14.8,7.1,262.0,6.4,66.0
57463,59,17.0,15.5,14.8,6.8,65.0,6.4,65.0
58363,59,17.0,15.5,14.8,6.2,72.0,8.0,65.0
59263,59,16.906666666666666,15.423728813559322,14.6728813559322,6.3,65.0,6.4,63.0
60163,59,16.9,15.07246376811594,14.52173913043478,6.2,19.0,6.4,64.0
61063,59,16.85076923076923,15.015151515151516,14.5,5.6,30.0,6.4,68.0
61963,59,16.8,25.39855072463768,19.85072463768116,5.4,25.0,6.4,68.0
62863,59,17.253623188405797,52.92537313432835,45.89253731343284,5.2,23.0,6.4,66.0
63763,59,18.24848484848485,53.544117647058826,49.16029411764706,5.1,21.0,6.4,66.0
64663,59,18.88636363636364,39.6,36.90615384615385,4.7,0.0,6.4,67.0
65563,59,19.152380952380952,45.91044776119403,42.507462686567166,4.3,0.0,6.4,69.0
66463,59,19.422388059701493,32.484375,29.5453125,4.1,0.0,8.0,70.0
67363,59,19.413043478260867,24.63432835820896,21.934328358208955,3.9,0.0,8.0,71.0
68263,59,19.28095238095237,21.014705882352946,19.5,3.8,0.0,9.7,71.0
69163,59,19.063235294117646,18.897058823529413,17.99411764705882,3.8,0.0,9.7,71.0
70063,59,18.741666666666667,17.6484375,16.890625,3.4,0.0,9.7,72.0
70963,59,18.45694444444445,17.761194029850746,16.940298507462686,3.3,0.0,9.7,73.0
71863,59,18.31746031746032,45.365671641791046,36.974626865671645,3.1,0.0,6.4,74.0
72763,59,18.85,54.40845070422536,49.767605633802816,3.1,0.0,11.3,74.0
73663,59,19.49718309859155,51.257575757575765,47.60757575757576,3.1,0.0,9.7,74.0
74563,59,20.04893617021277,53.620000000000005,49.448,3.0,0.0,11.3,75.0
75463,59,20.516666666666666,53.814516129032256,49.36290322580645,2.7,0.0,11.3,76.0
76363,59,20.69807692307692,54.13636363636364,49.57090909090909,2.7,0.0,11.3,76.0
77263,59,20.76909090909091,54.4375,50.473214285714285,2.7,0.0,12.9,75.0
78163,59,20.895,38.65384615384615,35.32820512820513,2.6,0.0,14.5,75.0
79063,59,20.84090909090909,50.68939393939394,45.81666666666667,2.6,0.0,14.5,75.0
79963,59,20.86060606060606,39.88461538461539,36.449230769230766,2.7,0.0,14.5,74.0
80863,59,20.746938775510205,50.32954545454545,45.87045454545454,2.7,0.0,14.5,73.0
81763,59,20.734782608695653,31.9609375,28.85,2.8,0.0,11.3,72.0
82663,59,20.566666666666663,24.21538461538461,21.60153846153846,2.7,0.0,12.9,72.0
83563,59,20.284745762711864,20.62280701754386,18.857894736842105,2.5,0.0,12.9,73.0
84463,59,20.0968253968254,19.128571428571423,18.052857142857142,2.3,0.0,12.9,74.0
85363,59,20.749295774647887,18.99264705882353,18.52941176470588,2.3,0.0,11.3,76.0
86263,59,20.50161290322581,18.38235294117647,18.00294117647059,1.9,0.0,14.5,78.0
763,60,19.764285714285712,17.7112676056338,17.174647887323943,1.9,0.0,14.5,78.0
1663,60,19.4,17.34090909090909,16.739393939393942,1.8,0.0,11.3,79.0
2563,60,19.105633802816904,17.0,16.5,1.9,0.0,14.5,80.0
3463,60,18.860869565217392,17.0,16.494285714285716,1.8,0.0,16.1,82.0
4363,60,18.647142857142857,16.676470588235293,16.30294117647059,1.8,0.0,16.1,83.0
5263,60,18.465714285714284,16.5,16.066176470588236,1.7,0.0,16.1,84.0
6163,60,18.3375,16.5,15.922388059701492,1.7,0.0,14.5,84.0
7063,60,18.19710144927536,16.47101449275362,15.8,1.7,0.0,14.5,85.0
7963,60,18.08055555555556,16.044117647058822,15.544117647058822,1.6,0.0,14.5,85.0
8863,60,17.97826086956522,16.0,15.5,1.5,0.0,14.5,85.0
9763,60,17.884057971014492,16.0,15.314084507042253,1.5,0.0,14.5,85.0
10663,60,17.8,16.0,15.3,1.5,0.0,14.5,86.0
11563,60,17.712857142857143,16.0,15.3,1.5,0.0,14.5,87.0
12463,60,17.642028985507245,16.0,15.095652173913043,1.6,0.0,16.1,87.0
13363,60,17.5955223880597,15.842857142857142,15.0,1.6,0.0,14.5,87.0
14263,60,17.5,15.527777777777777,15.0,1.6,0.0,14.5,87.0
15163,60,17.435714285714287,15.5,15.0,1.6,0.0,12.9,87.0
16063,60,17.395454545454548,15.5,15.0,1.6,0.0,11.3,87.0
16963,60,17.3,15.5,14.915151515151516,1.6,0.0,12.9,88.0
17863,60,17.265714285714285,15.5,14.8,1.5,0.0,12.9,88.0
18763,60,17.2,15.5,14.8,1.5,0.0,12.9,89.0
19663,60,17.12957746478873,15.5,14.8,1.6,0.0,14.5,89.0
20563,60,17.086956521739133,15.5,14.8,1.6,0.0,14.5,89.0
21463,60,17.0,16.97142857142857,15.261428571428572,1.6,0.0,11.3,90.0
22363,60,17.186764705882354,46.635714285714286,36.81857142857143,1.6,0.0,11.3,90.0
23263,60,18.1015625,55.02205882352941,49.58235294117647,1.7,0.0,12.9,91.0
24163,60,18.98307692307692,55.5,50.15,1.8,0.0,12.9,91.0
25063,60,19.563076923076924,45.34285714285714,41.47571428571429,1.8,0.0,12.9,92.0
25963,60,19.82686567164179,47.11111111111111,41.83809523809524,1.8,7.0,14.5,92.0
26863,60,20.298529411764708,41.5625,39.475,1.9,12.0,12.9,92.0
27763,60,19.82537313432836,28.043478260869563,25.90579710144928,2.1,21.0,16.1,92.0
28663,60,19.644285714285715,23.14788732394366,21.59295774647888,2.5,69.0,12.9,90.0
29563,60,19.43968253968254,20.375,19.30294117647059,2.7,91.0,11.3,89.0
30463,60,19.25970149253732,18.91044776119403,18.23134328358209,2.9,30.0,9.7,89.0
31363,60,19.00757575757576,17.88235294117647,17.30294117647059,2.9,35.0,9.7,90.0
32263,60,18.75142857142857,17.313432835820898,16.883582089552238,3.1,97.0,9.7,90.0
33163,60,18.523529411764702,16.923076923076923,16.392307692307693,3.5,146.0,12.9,88.0
34063,60,18.32794117647059,16.5,16.102857142857143,3.9,165.0,12.9,87.0
34963,60,18.14857142857143,16.4296875,15.890625,3.9,188.0,16.1,87.0
35863,60,17.990909090909092,16.0,15.610294117647058,4.5,132.0,14.5,86.0
36763,60,17.849122807017544,16.0,15.5,4.4,258.0,14.5,86.0
37663,60,17.775362318840582,16.0,15.336619718309858,5.1,475.0,12.9,83.0
38563,60,17.7,16.0,15.3,5.1,342.0,12.9,82.0
39463,60,17.609722222222224,15.80714285714286,15.3,5.2,438.0,16.1,81.0
40363,60,17.59846153846154,15.5,15.27826086956522,5.3,109.0,16.1,80.0
41263,60,17.501538461538463,15.5,15.021428571428572,5.8,656.0,14.5,78.0
42163,60,17.48840579710145,15.5,15.0,5.3,202.0,12.9,80.0
43063,60,17.4,15.5,15.0,5.7,230.0,14.5,79.0
43963,60,17.4,15.5,15.004285714285714,5.9,318.0,14.5,75.0
44863,60,17.4,15.5,15.00909090909091,5.8,227.0,14.5,75.0
45763,60,17.37794117647059,15.5,15.0,5.9,621.0,12.9,74.0
46663,60,17.3,15.5,14.815151515151516,6.4,149.0,14.5,71.0
47563,60,17.255223880597015,15.5,14.8,6.7,457.0,12.9,71.0
48463,60,17.2,15.5,14.8,6.8,394.0,12.9,69.0
49363,60,17.156521739130433,15.5,14.8,7.1,532.0,16.1,68.0
50263,60,17.1,15.5,14.777941176470588,7.6,445.0,14.5,68.0
51163,60,17.04328358208955,15.388059701492535,14.526865671641792,6.9,58.0,16.1,67.0
52063,60,16.995454545454546,15.066176470588236,14.5,6.1,49.0,12.9,71.0
52963,60,16.9,15.0,14.5,5.9,87.0,12.9,72.0
53863,60,16.9,15.0,14.5,6.0,42.0,11.3,70.0
54763,60,16.868115942028986,15.0,14.5,6.9,311.0,12.9,66.0
55663,60,16.8,15.0,14.5,7.4,318.0,14.5,64.0
56563,60,16.8,15.0,14.5,7.4,209.0,12.9,65.0
57463,60,16.730769230769234,15.0,14.493548387096777,5.9,28.0,16.1,65.0
58363,60,16.7,15.0,14.36268656716418,6.0,114.0,14.5,70.0
59263,60,16.629850746268655,15.0,14.303030303030305,6.1,54.0,16.1,71.0
60163,60,16.6,15.0,14.3,5.7,86.0,14.5,73.0
61063,60,16.57704918032787,15.0,14.3,5.2,44.0,16.1,75.0
61963,60,16.51044776119403,25.161016949152543,19.62033898305085,4.8,25.0,12.9,77.0
62863,60,17.108064516129033,53.15873015873016,46.03968253968255,4.4,9.0,12.9,78.0
63763,60,18.208064516129035,54.5,50.218032786885246,4.1,7.0,12.9,78.0
64663,60,19.18,52.53787878787879,49.15,3.7,0.0,14.5,79.0
65563,60,19.71212121212121,49.582089552238806,46.53731343283582,3.7,0.0,16.1,79.0
66463,60,19.984057971014494,50.34090909090909,47.08181818181818,3.7,0.0,17.7,80.0
67363,60,20.164615384615384,52.33076923076923,49.355384615384615,3.5,0.0,12.9,81.0
68263,60,20.36769230769231,51.4921875,48.56875,3.2,0.0,11.3,82.0
69163,60,20.60322580645161,51.967741935483865,49.20645161290322,3.1,0.0,11.3,82.0
70063,60,20.7,53.80357142857143,49.63214285714285,3.0,0.0,12.9,82.0
70963,60,20.750819672131147,55.0,50.53015873015873,2.9,0.0,11.3,82.0
71863,60,20.85593220338983,55.16666666666666,50.54,2.8,0.0,12.9,82.0
72763,60,20.967241379310344,55.05,50.5,2.7,0.0,11.3,83.0
73663,60,21.06716417910448,55.0,50.51451612903226,2.7,0.0,11.3,84.0
74563,60,21.204545454545453,54.41935483870968,49.303225806451614,2.6,0.0,11.3,84.0
75463,60,21.42153846153846,46.05833333333333,41.19833333333334,2.3,0.0,12.9,85.0
76363,60,21.46190476190476,30.13432835820896,25.7,2.3,0.0,12.9,85.0
77263,60,21.1890625,24.056451612903224,21.00161290322581,2.2,0.0,12.9,85.0
78163,60,20.788235294117648,20.96153846153846,19.03692307692308,2.2,0.0,12.9,85.0
79063,60,20.370149253731345,19.18840579710145,17.82753623188406,2.0,0.0,9.7,85.0
79963,60,19.97910447761194,18.34848484848485,17.54848484848485,1.8,0.0,9.7,86.0
80863,60,19.63088235294118,17.63768115942029,16.952173913043477,1.8,0.0,11.3,86.0
81763,60,19.3109375,17.18840579710145,16.565217391304348,1.7,0.0,8.0,86.0
82663,60,19.092537313432835,17.328358208955223,17.01492537313433,1.8,0.0,11.3,85.0
83563,60,18.88095238095238,17.0,16.387878787878787,1.7,0.0,9.7,85.0
84463,60,18.67538461538461,16.58730158730159,16.04285714285714,1.6,0.0,9.7,85.0
85363,60,18.51212121212121,16.5,15.884375,1.6,0.0,11.3,85.0
86263,60,18.36060606060606,16.5,15.8,1.6,0.0,12.9,85.0
763,61,18.254794520547943,16.478571428571428,15.731428571428571,1.6,0.0,12.9,85.0
1663,61,18.15873015873016,16.401408450704224,15.690140845070422,1.4,0.0,9.7,85.0
2563,61,18.05,16.0,15.5,1.4,0.0,12.9,85.0
3463,61,17.94,16.0,15.365625,1.3,0.0,12.9,86.0
4363,61,17.8375,16.0,15.3,1.4,0.0,11.3,85.0
5263,61,17.75714285714286,16.0,15.265714285714283,1.3,0.0,14.5,86.0
6163,61,17.676119402985073,15.955882352941178,15.0,1.3,0.0,14.5,86.0
7063,61,17.6,15.52898550724638,15.0,1.6,0.0,19.3,84.0
7963,61,17.504166666666666,15.5,15.0,1.6,0.0,16.1,84.0
8863,61,17.436764705882354,15.5,14.966197183098592,1.4,0.0,16.1,85.0
9763,61,17.39402985074627,15.5,14.802985074626866,1.3,0.0,12.9,85.0
10663,61,17.3,15.5,14.8,1.0,0.0,11.3,87.0
11563,61,17.241176470588236,15.5,14.8,1.1,0.0,14.5,86.0
12463,61,17.196923076923078,15.5,14.8,1.1,0.0,17.7,86.0
13363,61,17.1,15.5,14.751470588235293,1.1,0.0,16.1,87.0
14263,61,17.04264705882353,15.5,14.508695652173913,1.1,0.0,19.3,86.0
15163,61,16.995588235294118,15.493055555555554,14.5,1.1,0.0,17.7,87.0
16063,61,16.90153846153846,15.25373134328358,14.5,1.0,0.0,17.7,86.0
16963,61,16.886764705882353,15.022388059701491,14.5,0.9,0.0,17.7,86.0
17863,61,16.8,15.0,14.5,1.0,0.0,19.3,86.0
18763,61,16.792753623188407,15.0,14.5,1.0,0.0,20.9,85.0
19663,61,16.7,15.0,14.5,1.1,0.0,20.9,85.0
20563,61,16.648529411764706,15.0,14.391666666666666,1.2,0.0,20.9,85.0
21463,61,16.6,16.475806451612904,14.769354838709678,1.3,0.0,20.9,84.0
22363,61,16.764615384615386,45.85820895522388,36.57462686567165,1.3,0.0,20.9,84.0
23263,61,17.711428571428574,54.125,49.23088235294118,1.4,0.0,22.5,85.0
24163,61,18.59857142857143,54.84057971014492,49.74782608695652,1.4,0.0,19.3,86.0
25063,61,19.297260273972604,55.176056338028175,49.80845070422535,1.4,0.0,22.5,86.0
25963,61,19.831818181818186,52.852112676056336,48.55774647887324,1.4,7.0,24.1,86.0
26863,61,20.10757575757576,43.0,39.263636363636365,1.6,12.0,22.5,85.0
27763,61,20.229577464788733,33.70149253731343,32.65373134328358,2.1,30.0,24.1,84.0
28663,61,20.047887323943662,26.89166666666667,25.07,2.7,72.0,24.1,83.0
29563,61,19.68260869565217,21.51408450704225,19.945070422535213,2.8,72.0,25.7,83.0
30463,61,19.34225352112676,19.15714285714286,18.014285714285712,3.1,35.0,27.4,82.0
31363,61,19.02857142857143,17.90714285714286,17.052857142857142,3.2,35.0,27.4,82.0
32263,61,18.728571428571428,17.19402985074627,16.44776119402985,3.4,40.0,25.7,81.0
33163,61,18.45,16.652173913043477,16.015942028985506,3.8,42.0,29.0,77.0
34063,61,18.195652173913043,16.40714285714286,15.735714285714286,4.1,49.0,25.7,76.0
34963,61,17.977464788732394,16.0,15.5,4.3,57.0,22.5,77.0
35863,61,17.79491525423729,16.0,15.405084745762712,4.6,76.0,25.7,77.0
36763,61,17.647692307692306,16.0,15.3,4.9,285.0,22.5,77.0
37663,61,17.525352112676057,15.54285714285714,15.274285714285714,5.3,353.0,27.4,75.0
38563,61,17.42173913043478,15.5,15.0,5.6,322.0,25.7,74.0
39463,61,17.32089552238806,15.5,15.0,5.8,315.0,24.1,74.0
40363,61,17.24142857142857,15.5,14.945714285714285,6.1,350.0,24.1,72.0
41263,61,17.192957746478875,15.5,14.802857142857144,6.5,455.0,25.7,69.0
42163,61,17.1,15.5,14.8,6.6,330.0,25.7,66.0
43063,61,17.066666666666666,15.5,14.8,6.8,276.0,29.0,64.0
43963,61,17.0,15.492753623188406,14.77826086956522,7.1,515.0,22.5,70.0
44863,61,16.965217391304346,15.1984126984127,14.50952380952381,7.0,543.0,25.7,70.0
45763,61,16.9,15.007042253521126,14.5,7.3,527.0,20.9,69.0
46663,61,16.9,15.0,14.5,7.6,462.0,22.5,69.0
47563,61,16.822388059701492,15.0,14.5,7.2,512.0,22.5,72.0
48463,61,16.8,15.0,14.434285714285716,6.9,62.0,24.1,70.0
49363,61,16.752173913043478,15.0,14.302857142857144,6.3,68.0,17.7,74.0
50263,61,16.7,15.0,14.3,7.1,218.0,27.4,72.0
51163,61,16.650746268656714,15.0,14.3,6.6,167.0,24.1,74.0
52063,61,16.6,15.0,14.3,6.2,149.0,22.5,75.0
52963,61,16.554545454545455,15.0,14.3,6.2,213.0,25.7,75.0
53863,61,16.5,15.0,14.3,5.8,153.0,27.4,80.0
54763,61,16.473846153846154,15.0,14.295384615384616,5.8,161.0,20.9,80.0
55663,61,16.4,15.0,14.213636363636365,5.9,125.0,20.9,80.0
56563,61,16.37878787878788,15.0,14.01451612903226,5.9,120.0,17.7,80.0
57463,61,16.3,15.0,14.0,5.7,83.0,17.7,80.0
58363,61,16.270149253731343,14.933823529411764,14.0,5.6,81.0,24.1,80.0
59263,61,16.2,14.698529411764708,14.0,5.5,54.0,20.9,81.0
60163,61,16.2,14.514492753623188,14.0,5.2,51.0,25.7,82.0
61063,61,16.1044776119403,14.5,14.0,4.8,33.0,27.4,84.0
61963,61,16.1,25.225352112676056,19.469014084507045,4.5,18.0,29.0,85.0
62863,61,16.517910447761192,52.17647058823529,45.46176470588235,4.4,11.0,29.0,86.0
63763,61,17.505714285714284,52.338235294117645,47.813235294117646,4.3,8.0,29.0,85.0
64663,61,18.418840579710142,54.63970588235294,48.85,3.6,0.0,29.0,90.0
65563,61,19.227272727272727,55.22058823529412,49.94705882352942,2.9,0.0,24.1,92.0
66463,61,19.806451612903224,55.16197183098592,49.96338028169014,2.8,0.0,29.0,92.0
67363,61,20.152941176470588,42.11971830985915,38.47042253521127,3.2,0.0,29.0,90.0
68263,61,20.1,52.31428571428571,46.77,3.7,0.0,35.4,86.0
69163,61,20.22238805970149,54.507575757575765,50.25454545454546,3.8,0.0,35.4,85.0
70063,61,20.415942028985505,54.5,50.3,3.9,0.0,37.0,84.0
70963,61,20.594202898550726,54.659090909090914,50.32121212121212,3.8,0.0,33.8,83.0
71863,61,20.74029850746269,54.789855072463766,50.46521739130435,3.6,0.0,29.0,83.0
72763,61,20.892857142857142,49.76923076923077,45.72923076923077,3.7,0.0,30.6,81.0
73663,61,20.904761904761905,53.625,48.934375,3.8,0.0,32.2,81.0
74563,61,21.0,53.1328125,48.4671875,3.9,0.0,33.8,78.0
75463,61,21.15147058823529,53.969230769230776,49.238461538461536,4.1,0.0,32.2,76.0
76363,61,21.22923076923077,54.483870967741936,49.251612903225805,4.0,0.0,25.7,77.0
77263,61,21.337878787878783,54.43939393939394,49.00454545454546,3.4,0.0,19.3,81.0
78163,61,21.444444444444446,54.094202898550726,49.05942028985508,3.1,0.0,17.7,84.0
79063,61,21.49411764705882,47.54109589041096,43.083561643835615,2.8,0.0,17.7,85.0
79963,61,21.338571428571427,46.0234375,40.09375,2.8,0.0,17.7,84.0
80863,61,21.377142857142857,44.41891891891892,42.018918918918914,2.8,0.0,17.7,83.0
81763,61,21.563636363636363,30.56716417910448,28.89850746268657,2.8,0.0,16.1,83.0
82663,61,21.6030303030303,25.102941176470587,23.554411764705883,3.1,0.0,14.5,78.0
83563,61,21.25076923076923,21.580882352941178,20.24411764705882,2.7,0.0,14.5,83.0
84463,61,20.903076923076924,19.9140625,18.9140625,2.4,0.0,9.7,85.0
85363,61,20.526666666666667,18.87121212121212,18.134848484848483,2.3,0.0,9.7,84.0
86263,61,20.119696969696967,18.227941176470587,17.60735294117647,2.5,0.0,9.7,84.0
763,62,19.78142857142857,17.71014492753623,17.121739130434783,2.4,0.0,11.3,87.0
1663,62,19.48,17.391304347826086,16.746376811594203,2.7,0.0,8.0,87.0
2563,62,19.22388059701493,17.0,16.419402985074626,3.0,0.0,8.0,86.0
3463,62,19.0,16.934782608695652,16.169565217391302,2.8,0.0,4.8,85.0
4363,62,18.825,16.5,15.952941176470588,2.3,0.0,4.8,88.0
5263,62,18.655882352941177,16.5,15.8,2.1,0.0,0.0,89.0
6163,62,18.52753623188406,16.5,15.617391304347825,1.9,0.0,1.6,90.0
7063,62,18.407042253521126,16.291044776119403,15.5,1.6,0.0,1.6,91.0
7963,62,18.285714285714285,16.0,15.485507246376812,1.3,0.0,3.2,91.0
8863,62,18.18888888888889,16.0,15.3,1.1,0.0,0.0,92.0
9763,62,18.094666666666665,16.0,15.3,0.9,0.0,1.6,92.0
10663,62,18.0,16.0,15.3,0.7,0.0,0.0,93.0
11563,62,17.908955223880596,16.0,15.195652173913045,0.7,0.0,1.6,94.0
12463,62,17.82794117647059,16.0,15.0,0.5,0.0,1.6,93.0
13363,62,17.761333333333333,16.0,15.0,0.4,0.0,1.6,95.0
14263,62,17.697222222222223,15.866197183098592,15.0,0.3,0.0,0.0,94.0
15163,62,17.601408450704223,15.529850746268655,15.0,0.3,0.0,0.0,94.0
16063,62,17.545833333333334,15.5,15.0,0.2,0.0,0.0,94.0
16963,62,17.49857142857143,15.5,14.918309859154927,0.1,0.0,0.0,94.0
17863,62,17.4,15.5,14.8,0.1,0.0,0.0,95.0
18763,62,17.34264705882353,15.5,14.8,-0.1,0.0,1.6,95.0
19663,62,17.285714285714285,15.5,14.8,-0.3,0.0,1.6,95.0
20563,62,17.2,15.5,14.8,-0.3,0.0,0.0,95.0
21463,62,17.15373134328358,16.91044776119403,15.228358208955225,-0.2,0.0,0.0,95.0
22363,62,17.308695652173913,46.92028985507246,37.04782608695652,0.0,0.0,0.0,95.0
23263,62,18.30508474576272,54.895833333333336,49.52777777777778,-0.1,0.0,0.0,94.0
24163,62,19.323880597014927,55.43283582089553,50.0179104477612,-0.3,0.0,0.0,94.0
25063,62,20.08939393939394,55.5,50.3063492063492,-0.4,0.0,0.0,95.0
25963,62,20.619354838709675,46.26515151515152,42.154545454545456,-0.4,7.0,0.0,95.0
26863,62,20.653030303030302,44.91304347826087,39.9768115942029,-0.2,14.0,3.2,96.0
27763,62,20.78630136986301,40.76027397260274,38.04931506849315,-0.2,18.0,3.2,96.0
28663,62,20.569444444444446,27.378571428571423,25.548571428571428,0.3,37.0,4.8,96.0
29563,62,20.29848484848485,21.392857142857142,19.765714285714285,0.5,47.0,3.2,96.0
30463,62,19.847142857142856,19.22058823529412,18.08235294117647,1.1,77.0,4.8,96.0
31363,62,19.437313432835825,17.933823529411764,17.091176470588234,1.3,74.0,3.2,96.0
32263,62,19.11304347826087,17.161971830985916,16.438028169014082,1.7,79.0,3.2,96.0
33163,62,18.81212121212121,16.6,15.963076923076922,2.1,74.0,3.2,94.0
34063,62,18.55588235294117,16.365671641791046,15.697014925373134,2.4,104.0,4.8,91.0
34963,62,18.34179104477612,16.0,15.48840579710145,2.5,107.0,4.8,91.0
35863,62,18.13846153846153,16.0,15.305797101449276,2.8,141.0,6.4,91.0
36763,62,17.956338028169014,15.969230769230768,15.212307692307691,3.2,200.0,8.0,89.0
37663,62,17.819402985074625,15.514084507042252,15.0,3.4,206.0,8.0,88.0
38563,62,17.708571428571428,15.5,14.997183098591549,3.8,272.0,6.4,88.0
39463,62,17.602985074626865,15.5,14.808955223880597,4.2,244.0,6.4,86.0
40363,62,17.50144927536232,15.5,14.8,4.0,130.0,6.4,87.0
41263,62,17.4,15.5,14.725,3.8,163.0,8.0,87.0
42163,62,17.323287671232876,15.47101449275362,14.5,3.9,197.0,8.0,86.0
43063,62,17.26615384615385,15.078571428571427,14.5,4.2,223.0,8.0,86.0
43963,62,17.2,15.0,14.5,4.2,165.0,8.0,86.0
44863,62,17.111267605633802,15.0,14.430434782608696,4.2,142.0,9.7,88.0
45763,62,17.064615384615387,15.0,14.3,4.2,174.0,11.3,89.0
46663,62,17.0,15.0,14.3,4.3,139.0,9.7,90.0
47563,62,16.924637681159417,15.0,14.3,4.3,118.0,12.9,89.0
48463,62,16.898529411764706,15.0,14.3,4.3,90.0,12.9,89.0
49363,62,16.802857142857142,15.0,14.26818181818182,4.4,96.0,9.7,89.0
50263,62,16.778787878787877,15.0,14.008955223880596,4.4,109.0,11.3,89.0
51163,62,16.7,15.0,14.0,4.4,100.0,14.5,89.0
52063,62,16.627536231884058,14.984848484848484,14.0,4.3,56.0,14.5,90.0
52963,62,16.6,14.871428571428572,14.0,4.3,91.0,14.5,90.0
53863,62,16.51304347826087,14.52898550724638,14.0,4.4,58.0,12.9,90.0
54763,62,16.494202898550725,14.5,14.0,4.4,62.0,11.3,90.0
55663,62,16.4,14.5,13.913846153846157,4.4,28.0,14.5,90.0
56563,62,16.369230769230768,14.5,13.8,4.3,23.0,11.3,90.0
57463,62,16.3,14.5,13.8,4.3,19.0,11.3,91.0
58363,62,16.246153846153845,14.5,13.8,4.2,16.0,12.9,91.0
59263,62,16.2,14.5,13.8,4.2,11.0,12.9,92.0
60163,62,16.175,14.5,13.8,4.2,9.0,11.3,92.0
61063,62,16.1,14.5,13.8,4.2,5.0,12.9,92.0
61963,62,16.1,24.68115942028985,19.04057971014493,4.1,0.0,12.9,93.0
62863,62,16.477941176470587,52.51428571428571,45.66285714285714,4.2,0.0,11.3,94.0
63763,62,17.338571428571427,53.8560606060606,49.57575757575758,4.2,0.0,11.3,94.0
64663,62,18.21692307692308,55.0,49.86,4.1,0.0,12.9,96.0
65563,62,18.90909090909091,46.38405797101449,42.30144927536232,4.1,0.0,12.9,96.0
66463,62,19.15757575757576,42.77083333333333,39.05277777777778,4.1,0.0,9.7,96.0
67363,62,19.44848484848485,40.524193548387096,37.53387096774193,4.1,0.0,12.9,96.0
68263,62,19.465079365079365,26.887931034482754,23.25,4.2,0.0,12.9,97.0
69163,62,19.275757575757574,21.70175438596491,19.261403508771927,4.3,0.0,12.9,97.0
70063,62,18.961290322580645,19.13114754098361,17.634426229508197,4.3,0.0,16.1,97.0
70963,62,18.631818181818183,17.873015873015873,17.07936507936508,4.4,0.0,14.5,97.0
71863,62,18.392857142857142,17.36111111111111,16.656944444444445,4.4,0.0,14.5,97.0
72763,62,18.26176470588236,42.56818181818182,34.67878787878788,4.5,0.0,14.5,98.0
73663,62,18.82686567164179,39.46212121212121,35.8969696969697,4.5,0.0,12.9,98.0
74563,62,19.10151515151515,26.935714285714283,24.014285714285712,4.6,0.0,11.3,98.0
75463,62,19.06515151515152,30.0,26.392957746478874,4.3,0.0,16.1,97.0
76363,62,19.285507246376813,47.63194444444444,42.11111111111111,4.3,0.0,11.3,98.0
77263,62,19.6328125,31.492957746478872,28.26056338028169,3.8,0.0,14.5,97.0
78163,62,19.5546875,44.082089552238806,38.95223880597015,3.5,0.0,19.3,96.0
79063,62,19.79705882352941,52.014084507042256,48.640845070422536,3.3,0.0,16.1,96.0
79963,62,20.11343283582089,43.578125,41.25625,3.3,0.0,14.5,96.0
80863,62,20.143478260869564,38.14492753623188,36.09130434782609,3.2,0.0,14.5,96.0
81763,62,20.05857142857143,27.909090909090907,25.35606060606061,3.2,0.0,12.9,96.0
82663,62,19.86984126984127,22.63432835820896,20.501492537313432,3.2,0.0,11.3,97.0
83563,62,19.61343283582089,19.75735294117647,18.54558823529412,3.1,0.0,12.9,97.0
84463,62,19.34492753623189,18.309859154929576,17.383098591549295,3.1,0.0,12.9,97.0
85363,62,19.05857142857143,17.365671641791046,16.677611940298508,3.1,0.0,16.1,97.0
86263,62,18.769565217391303,16.835714285714285,16.18285714285714,3.1,0.0,14.5,97.0
763,63,18.489393939393945,16.5,15.866666666666664,3.1,0.0,17.7,97.0
1663,63,18.22898550724637,16.06338028169014,15.567605633802817,3.0,0.0,17.7,97.0
2563,63,17.997101449275362,16.0,15.37826086956522,3.1,0.0,16.1,97.0
3463,63,17.79848484848485,15.972222222222223,15.279166666666663,3.0,0.0,12.9,97.0
4363,63,17.64109589041096,15.521428571428572,15.0,3.1,0.0,14.5,97.0
5263,63,17.513698630136986,15.5,15.0,3.1,0.0,14.5,97.0
6163,63,17.493333333333332,15.535714285714286,15.064285714285711,3.1,0.0,16.1,97.0
7063,63,17.444117647058825,15.935714285714289,15.402857142857144,3.1,0.0,16.1,97.0
7963,63,17.38507462686567,15.5,15.130434782608695,3.1,0.0,14.5,97.0
8863,63,17.3,15.5,15.0,3.1,0.0,17.7,97.0
9763,63,17.22714285714286,15.5,15.0,3.1,0.0,17.7,97.0
10663,63,17.175,15.5,14.884057971014494,3.0,0.0,16.1,97.0
11563,63,17.087878787878786,15.5,14.8,3.0,0.0,16.1,97.0
12463,63,17.0,15.5,14.8,3.1,0.0,19.3,97.0
13363,63,16.91549295774648,15.5,14.8,3.1,0.0,17.7,97.0
14263,63,16.891935483870967,15.5,14.761428571428572,3.1,0.0,17.7,97.0
15163,63,16.8,15.1328125,14.5046875,3.1,0.0,14.5,97.0
16063,63,16.78082191780822,15.0,14.5,3.2,0.0,14.5,97.0
16963,63,16.7,15.0,14.5,3.2,0.0,14.5,98.0
17863,63,16.647058823529413,15.0,14.5,3.3,0.0,16.1,98.0
18763,63,16.6,15.0,14.5,3.4,0.0,12.9,98.0
19663,63,16.5421875,15.0,14.373333333333331,3.5,0.0,14.5,98.0
20563,63,16.5,15.0,14.3,3.6,0.0,14.5,98.0
21463,63,16.470422535211267,15.0,14.3,3.7,0.0,12.9,98.0
22363,63,16.4,15.0,14.3,3.7,0.0,12.9,98.0
23263,63,16.4,16.014705882352942,14.588235294117649,3.7,0.0,16.1,98.0
24163,63,16.541428571428572,44.83333333333333,35.369565217391305,3.8,0.0,14.5,98.0
25063,63,17.42112676056338,42.173913043478265,39.22898550724638,3.8,0.0,14.5,98.0
25963,63,17.94655172413793,37.35294117647059,33.93529411764706,3.9,0.0,14.5,98.0
26863,63,18.30454545454545,33.43181818181818,30.9030303030303,3.9,0.0,12.9,98.0
27763,63,18.391176470588235,23.77941176470588,21.675,4.0,0.0,16.1,98.0
28663,63,18.25714285714286,19.964285714285715,18.532857142857143,4.1,5.0,14.5,98.0
29563,63,18.08405797101449,17.950704225352112,17.004225352112677,4.1,7.0,12.9,98.0
30463,63,17.86376811594203,16.84558823529412,16.169117647058822,4.3,7.0,14.5,99.0
31363,63,17.66060606060606,23.615384615384617,20.46,4.4,11.0,12.9,99.0
32263,63,17.842105263157897,43.90298507462687,38.44477611940299,4.6,12.0,12.9,99.0
33163,63,18.276712328767125,28.44776119402985,25.547761194029853,4.7,16.0,11.3,99.0
34063,63,18.36805555555556,22.073529411764707,20.064705882352943,4.8,19.0,8.0,99.0
34963,63,18.26714285714285,19.23134328358209,18.092537313432835,4.9,28.0,6.4,99.0
35863,63,18.13230769230769,17.83582089552239,17.05223880597015,5.1,33.0,8.0,99.0
36763,63,17.946153846153845,16.864406779661017,16.23728813559322,5.2,47.0,4.8,99.0
37663,63,17.775,16.387096774193548,15.84516129032258,5.3,83.0,4.8,99.0
38563,63,17.585135135135136,16.036764705882355,15.685294117647056,5.4,74.0,4.8,99.0
39463,63,17.42028985507246,20.30434782608696,18.04057971014493,5.7,88.0,3.2,99.0
40363,63,17.60289855072464,49.81159420289855,41.92028985507246,5.8,88.0,4.8,99.0
41263,63,18.445714285714285,54.26470588235294,49.87647058823529,5.8,56.0,3.2,99.0
42163,63,18.993939393939392,54.02857142857143,50.135714285714286,5.8,97.0,4.8,99.0
43063,63,17.804109589041097,52.91549295774648,49.153521126760566,5.8,54.0,1.6,99.0
43963,63,17.404285714285713,36.67910447761194,34.05522388059701,5.8,104.0,0.0,99.0
44863,63,17.93050847457627,26.33098591549296,24.61549295774648,5.9,123.0,0.0,99.0
45763,63,18.3265625,21.74264705882353,20.63088235294118,6.0,120.0,0.0,99.0
46663,63,18.413698630136984,19.344827586206897,18.593103448275865,6.1,98.0,0.0,99.0
47563,63,18.4,18.041666666666664,17.429166666666667,6.1,53.0,3.2,99.0
48463,63,18.309803921568623,17.261194029850746,16.725373134328358,5.8,51.0,4.8,99.0
49363,63,18.121739130434783,16.61627906976744,16.18139534883721,5.8,47.0,3.2,99.0
50263,63,17.964615384615385,16.5,15.91044776119403,5.8,58.0,3.2,99.0
51163,63,17.816666666666666,16.089041095890412,15.668493150684933,5.8,56.0,1.6,99.0
52063,63,17.663013698630138,16.0,15.482857142857142,5.9,40.0,1.6,99.0
52963,63,17.536923076923078,16.0,15.3,5.9,53.0,1.6,99.0
53863,63,17.416,15.69,15.186000000000002,5.9,32.0,1.6,99.0
54763,63,17.31044776119403,15.5,15.0,5.8,23.0,1.6,99.0
55663,63,17.222388059701494,15.5,15.0,5.8,40.0,1.6,99.0
56563,63,17.16,15.5,14.912676056338029,5.9,45.0,0.0,99.0
57463,63,17.1,15.5,14.8,5.9,56.0,3.2,99.0
58363,63,17.003125,15.5,14.8,5.9,21.0,3.2,99.0
59263,63,17.0,15.5,14.8,5.8,26.0,4.8,99.0
60163,63,17.0,15.5,14.8,5.8,21.0,3.2,99.0
61063,63,17.0,15.5,14.8,5.7,33.0,3.2,99.0
61963,63,16.98548387096774,15.5,14.8,5.7,14.0,1.6,99.0
62863,63,16.9,15.5,14.8,5.6,23.0,1.6,98.0
63763,63,16.9,15.5,14.65857142857143,5.7,18.0,1.6,98.0
64663,63,16.817391304347826,15.196969696969695,14.5,5.6,0.0,1.6,98.0
65563,63,16.8,15.0,14.5,5.4,0.0,3.2,99.0
66463,63,16.774242424242424,15.0,14.5,5.3,0.0,3.2,99.0
67363,63,16.7,15.0,14.5,5.2,0.0,3.2,98.0
68263,63,16.679411764705883,15.0,14.389855072463767,5.1,0.0,3.2,98.0
69163,63,16.6,15.0,14.3,5.0,0.0,3.2,99.0
70063,63,16.591803278688523,15.0,14.3,4.9,0.0,1.6,99.0
70963,63,16.5,15.0,14.28153846153846,4.9,0.0,1.6,99.0
71863,63,16.49838709677419,15.0,14.0,4.8,0.0,4.8,99.0
72763,63,16.4015625,14.853846153846154,14.0,4.7,0.0,3.2,99.0
73663,63,16.4,14.5,14.0,4.7,0.0,0.0,99.0
74563,63,16.374242424242425,22.73809523809524,18.022222222222226,4.7,0.0,0.0,99.0
75463,63,16.655714285714286,51.01694915254237,43.87966101694916,4.7,0.0,0.0,99.0
76363,63,17.413235294117648,53.266129032258064,49.36451612903225,4.7,0.0,0.0,99.0
77263,63,18.09705882352941,53.5,49.5609375,4.8,0.0,3.2,99.0
78163,63,18.6578125,53.386792452830186,49.64150943396227,4.8,0.0,4.8,99.0
79063,63,19.131034482758626,53.88461538461538,49.83384615384615,4.8,0.0,6.4,99.0
79963,63,19.531944444444445,54.84507042253521,50.21549295774648,4.7,0.0,4.8,99.0
80863,63,19.84918032786885,55.0,50.480327868852456,4.5,0.0,4.8,99.0
81763,63,20.12982456140351,54.91538461538462,50.47692307692308,4.5,0.0,4.8,99.0
82663,63,20.42794117647059,53.97826086956521,49.81739130434782,4.5,0.0,3.2,99.0
83563,63,20.61076923076923,54.68253968253968,50.7063492063492,4.5,0.0,3.2,99.0
84463,63,20.749253731343284,54.94202898550725,50.8,4.5,0.0,3.2,99.0
85363,63,20.90142857142857,54.97826086956521,50.86666666666667,4.5,0.0,3.2,99.0
86263,63,21.03913043478261,55.0,50.99722222222222,4.5,0.0,0.0,99.0
763,64,21.16760563380281,45.85074626865672,42.71641791044776,4.4,0.0,3.2,99.0
1663,64,21.145714285714284,30.522058823529413,27.330882352941178,4.5,0.0,1.6,99.0
2563,64,20.88309859154929,24.323529411764707,22.18676470588236,4.6,0.0,0.0,99.0
3463,64,20.57692307692308,21.228571428571428,19.91,4.5,0.0,0.0,99.0
4363,64,20.22205882352941,20.09285714285714,19.60857142857143,4.5,0.0,0.0,99.0
5263,64,19.90735294117647,18.770833333333336,18.35,4.6,0.0,0.0,99.0
6163,64,19.61343283582089,17.97761194029851,17.432835820895523,4.6,0.0,3.2,99.0
7063,64,19.333333333333336,17.4672131147541,16.880327868852458,4.5,0.0,4.8,99.0
7963,64,19.074193548387097,17.0,16.373529411764707,4.4,0.0,3.2,99.0
8863,64,18.813432835820898,16.714285714285715,16.047142857142855,4.3,0.0,3.2,99.0
9763,64,18.63731343283582,16.628571428571426,16.27857142857143,4.3,0.0,3.2,99.0
10663,64,18.537142857142857,16.5,16.050704225352113,4.3,0.0,1.6,99.0
11563,64,18.428571428571427,16.5,16.0,4.2,0.0,0.0,99.0
12463,64,18.332394366197185,16.5,15.847761194029852,4.2,0.0,1.6,99.0
13363,64,18.2234375,16.5,15.8,4.2,0.0,0.0,99.0
14263,64,18.14,16.5,15.8,4.2,0.0,0.0,99.0
15163,64,18.077611940298507,16.139705882352942,15.55735294117647,4.2,0.0,0.0,99.0
16063,64,18.0,16.0,15.5,4.2,0.0,1.6,99.0
16963,64,17.911764705882355,16.0,15.5,3.8,0.0,4.8,99.0
17863,64,17.856060606060606,16.0,15.491428571428573,2.7,0.0,11.3,97.0
18763,64,17.8,16.0,15.3,2.2,0.0,9.7,97.0
19663,64,17.729166666666664,16.0,15.3,2.1,0.0,8.0,97.0
20563,64,17.695890410958903,16.0,15.3,2.1,0.0,6.4,98.0
21463,64,17.6,16.0,15.3,2.2,0.0,4.8,98.0
22363,64,17.570967741935483,16.0,15.125,2.2,0.0,1.6,98.0
23263,64,17.5,15.90909090909091,15.0,2.6,0.0,3.2,98.0
24163,64,17.462857142857143,15.543478260869566,15.0,2.7,0.0,3.2,98.0
25063,64,17.4,15.5,15.0,3.1,0.0,8.0,98.0
25963,64,17.356923076923074,15.5,15.0,3.2,0.0,6.4,97.0
26863,64,17.3,15.5,15.0,3.1,16.0,1.6,96.0
27763,64,17.27058823529412,15.530303030303031,15.00909090909091,3.1,18.0,1.6,97.0
28663,64,17.288235294117648,35.63235294117647,28.40735294117647,3.4,84.0,0.0,97.0
29563,64,17.815714285714286,29.82575757575757,28.01818181818182,4.0,65.0,1.6,97.0
30463,64,18.19508196721312,23.11764705882353,21.85147058823529,4.3,67.0,8.0,95.0
31363,64,18.350980392156863,19.704545454545453,19.003030303030304,4.3,66.0,6.4,92.0
32263,64,18.3,17.97142857142857,17.318571428571428,4.7,49.0,8.0,91.0
33163,64,18.22835820895522,17.139705882352942,16.58529411764706,4.8,83.0,9.7,90.0
34063,64,18.118309859154927,16.59285714285714,16.137142857142855,5.0,100.0,8.0,91.0
34963,64,17.97027027027027,16.274193548387096,15.832258064516129,5.3,113.0,8.0,91.0
35863,64,17.833783783783783,16.0,15.578260869565218,5.2,111.0,12.9,91.0
36763,64,17.716666666666665,16.0,15.44857142857143,5.3,134.0,12.9,91.0
37663,64,17.576119402985075,15.93661971830986,15.3,5.5,116.0,12.9,90.0
38563,64,17.469565217391303,15.567164179104475,15.30597014925373,5.4,81.0,12.9,91.0
39463,64,17.4,15.657142857142858,15.205714285714285,5.4,100.0,8.0,91.0
40363,64,17.31142857142857,15.5,14.990769230769232,5.5,83.0,8.0,91.0
41263,64,17.29402985074627,15.5,14.87462686567164,5.6,98.0,8.0,90.0
42163,64,17.201449275362318,15.5,15.0,5.7,105.0,8.0,90.0
43063,64,17.2,15.5,15.0,5.9,102.0,6.4,89.0
43963,64,17.2,15.5,15.0,6.2,207.0,4.8,88.0
44863,64,17.2,15.5,15.0,7.2,373.0,1.6,83.0
45763,64,17.164615384615384,15.5,15.0,7.4,179.0,1.6,76.0
46663,64,17.1,15.5,14.997101449275362,7.7,206.0,4.8,80.0
47563,64,17.1,17.25,15.557575757575757,7.5,188.0,4.8,84.0
48463,64,17.320967741935483,47.578125,38.534375,7.2,139.0,8.0,86.0
49363,64,18.28846153846154,54.45192307692307,49.89807692307692,7.0,102.0,6.4,86.0
50263,64,19.231034482758623,54.5,50.37384615384615,6.9,97.0,6.4,88.0
51163,64,19.537288135593226,51.4609375,47.8734375,6.8,88.0,6.4,88.0
52063,64,19.01969696969697,51.92857142857143,47.67142857142857,6.8,165.0,4.8,87.0
52963,64,19.13714285714285,53.32089552238806,48.97910447761194,6.9,183.0,4.8,87.0
53863,64,19.648529411764702,51.67460317460317,46.43968253968254,8.1,499.0,4.8,80.0
54763,64,20.065625,53.63235294117648,48.65588235294118,8.7,329.0,6.4,80.0
55663,64,20.29047619047619,37.00714285714285,31.95,8.4,83.0,8.0,79.0
56563,64,20.26774193548388,26.98360655737705,22.891803278688524,8.0,113.0,4.8,80.0
57463,64,20.13731343283582,39.61363636363636,34.26515151515152,7.3,25.0,3.2,82.0
58363,64,20.379710144927536,53.64705882352941,48.483823529411765,6.9,47.0,3.2,81.0
59263,64,20.984285714285715,55.47826086956521,50.46666666666667,7.1,83.0,4.8,82.0
60163,64,21.46857142857143,55.69402985074627,50.77761194029851,7.4,63.0,4.8,81.0
61063,64,21.843478260869567,55.84057971014492,50.837681159420285,7.4,56.0,6.4,81.0
61963,64,22.135,55.85,50.90857142857143,7.1,37.0,4.8,81.0
62863,64,22.37794117647059,55.90151515151515,50.98787878787879,6.7,23.0,1.6,82.0
63763,64,22.563636363636363,55.98507462686568,51.0,6.3,17.0,0.0,82.0
64663,64,22.744927536231884,52.56617647058823,49.48676470588235,5.4,5.0,0.0,84.0
65563,64,22.74285714285714,53.85,48.998571428571424,5.0,0.0,1.6,85.0
66463,64,22.7,55.71212121212121,50.56666666666667,4.4,0.0,1.6,86.0
67363,64,22.656060606060606,54.99285714285715,49.98857142857143,3.5,0.0,0.0,87.0
68263,64,22.69154929577465,55.65441176470588,50.94558823529412,3.2,0.0,0.0,90.0
69163,64,22.70735294117647,56.43283582089553,51.26567164179105,2.9,0.0,0.0,91.0
70063,64,22.937313432835825,57.6268656716418,52.51641791044776,2.7,0.0,0.0,91.0
70963,64,23.05074626865672,54.963235294117645,52.01911764705883,2.6,0.0,0.0,93.0
71863,64,22.9,46.44776119402985,42.68208955223881,2.4,0.0,0.0,92.0
72763,64,22.760294117647057,30.659090909090907,26.30151515151515,2.3,0.0,0.0,93.0
73663,64,22.4609375,24.419117647058822,21.59705882352941,2.1,0.0,0.0,93.0
74563,64,22.08955223880597,21.954545454545453,20.643939393939394,1.8,0.0,0.0,93.0
75463,64,21.692957746478875,19.926470588235293,18.78529411764706,1.8,0.0,0.0,94.0
76363,64,21.332394366197185,18.82258064516129,17.75,2.3,0.0,1.6,95.0
77263,64,21.00289855072464,18.19402985074627,17.32089552238806,2.7,0.0,0.0,95.0
78163,64,20.72112676056338,17.723880597014926,17.070149253731344,2.8,0.0,1.6,95.0
79063,64,20.52173913043478,17.559701492537314,17.01492537313433,3.1,0.0,0.0,94.0
79963,64,20.34925373134329,17.5,16.857575757575756,3.2,0.0,0.0,94.0
80863,64,20.19705882352941,17.5,16.684615384615384,3.3,0.0,0.0,94.0
81763,64,20.069117647058825,17.47142857142857,16.5,3.4,0.0,3.2,93.0
82663,64,19.96153846153846,17.02238805970149,16.416417910447763,3.6,0.0,1.6,92.0
83563,64,19.87536231884058,17.0,16.3,3.9,0.0,3.2,89.0
84463,64,20.05373134328358,17.40151515151515,16.990909090909092,4.2,0.0,4.8,90.0
85363,64,21.01969696969697,17.852941176470587,17.313235294117646,4.4,0.0,6.4,89.0
86263,64,20.49710144927536,17.5,16.74285714285714,4.4,0.0,4.8,88.0
763,65,19.986764705882354,17.166666666666664,16.461904761904762,4.4,0.0,3.2,87.0
1663,65,19.701492537313435,17.0,16.3,4.4,0.0,3.2,87.0
2563,65,19.52638888888889,17.0,16.3,4.3,0.0,1.6,88.0
3463,65,19.37818181818182,17.0,16.3,4.3,0.0,4.8,85.0
4363,65,19.265671641791045,17.0,16.263076923076923,4.4,0.0,6.4,86.0
5263,65,19.17246376811594,16.993150684931507,16.0,4.5,0.0,4.8,85.0
6163,65,19.071014492753623,16.615384615384617,16.0,4.4,0.0,4.8,85.0
7063,65,19.0,16.5,15.996875,4.3,0.0,3.2,85.0
7963,65,18.917391304347824,16.5,15.811764705882354,4.3,0.0,6.4,85.0
8863,65,18.8536231884058,16.5,15.8,4.4,0.0,6.4,85.0
9763,65,18.78636363636364,16.5,15.8,4.6,0.0,4.8,86.0
10663,65,18.7,16.5,15.790769230769232,4.8,0.0,4.8,86.0
11563,65,18.641538461538463,16.5,15.598507462686566,4.6,0.0,1.6,87.0
12463,65,18.6,16.5,15.581818181818182,4.6,0.0,4.8,88.0
13363,65,18.53970588235294,16.5,15.764179104477613,4.6,0.0,1.6,88.0
14263,65,18.5,16.5,15.5,4.7,0.0,4.8,88.0
15163,65,18.40151515151515,16.492753623188406,15.5,4.6,0.0,1.6,88.0
16063,65,18.37910447761194,16.115384615384617,15.5,4.6,0.0,3.2,88.0
16963,65,18.3,16.0,15.5,4.6,0.0,3.2,88.0
17863,65,18.22615384615385,16.0,15.5,4.4,0.0,3.2,89.0
18763,65,18.2,16.0,15.5,4.2,0.0,8.0,89.0
19663,65,18.10952380952381,16.0,15.43939393939394,4.1,0.0,4.8,89.0
20563,65,18.09054054054054,16.0,15.303125,4.1,0.0,4.8,89.0
21463,65,18.0,17.638461538461538,15.841538461538462,4.1,0.0,3.2,89.0
22363,65,18.186153846153847,48.471014492753625,39.2927536231884,4.1,0.0,0.0,90.0
23263,65,19.01969696969697,54.99264705882352,50.24705882352941,4.1,0.0,0.0,90.0
24163,65,19.77285714285714,53.97857142857144,50.05857142857143,4.1,0.0,0.0,91.0
25063,65,20.244444444444447,41.25,37.39428571428572,4.1,0.0,1.6,93.0
25963,65,20.54090909090909,51.6796875,47.146875,4.1,11.0,3.2,93.0
26863,65,20.77462686567164,43.14393939393939,39.2469696969697,4.1,18.0,1.6,94.0
27763,65,20.9,36.84057971014492,33.94927536231884,4.1,20.0,1.6,94.0
28663,65,20.85606060606061,26.544776119402982,24.12985074626865,4.2,26.0,3.2,93.0
29563,65,20.841538461538462,22.26865671641791,21.13582089552239,4.3,30.0,1.6,93.0
30463,65,21.00144927536232,20.5,19.863235294117647,4.4,49.0,4.8,92.0
31363,65,20.382608695652173,18.1984126984127,17.668253968253968,4.7,72.0,4.8,92.0
32263,65,19.97377049180328,17.625,16.91470588235294,4.9,107.0,4.8,91.0
33163,65,19.669696969696968,17.214285714285715,16.59047619047619,5.1,121.0,6.4,90.0
34063,65,19.40144927536232,17.0,16.317391304347826,5.3,142.0,6.4,90.0
34963,65,19.193939393939395,16.73972602739726,16.147945205479452,5.4,118.0,8.0,89.0
35863,65,18.99117647058824,16.5,16.0,5.6,137.0,9.7,88.0
36763,65,18.83809523809524,16.5,15.927272727272728,5.8,149.0,8.0,88.0
37663,65,18.70147058823529,16.5,15.8,5.9,190.0,8.0,87.0
38563,65,18.6,16.5,15.8,6.1,185.0,6.4,86.0
39463,65,18.507692307692302,16.5,15.713043478260868,6.6,202.0,4.8,82.0
40363,65,18.455714285714286,16.190140845070424,15.5,6.7,357.0,6.4,82.0
41263,65,18.4,16.0,15.5,6.8,214.0,8.0,83.0
42163,65,18.351666666666667,16.0,15.5,6.9,204.0,4.8,84.0
43063,65,18.29117647058824,16.0,15.5,6.9,102.0,4.8,84.0
43963,65,18.2,16.0,15.444927536231884,6.7,86.0,6.4,86.0
44863,65,18.15820895522388,16.0,15.3,6.6,153.0,4.8,86.0
45763,65,18.1,16.0,15.3,6.9,211.0,3.2,87.0
46663,65,18.02608695652174,16.0,15.3,6.7,172.0,6.4,86.0
47563,65,17.99824561403509,16.0,15.3,7.6,192.0,6.4,81.0
48463,65,17.902898550724636,16.0,15.3,8.3,330.0,3.2,78.0
49363,65,17.9,16.0,15.3,8.4,444.0,6.4,76.0
50263,65,17.83150684931507,16.0,15.273134328358209,9.0,439.0,6.4,73.0
51163,65,17.8,16.0,15.092957746478874,9.4,332.0,3.2,74.0
52063,65,17.765671641791045,15.992857142857142,15.004285714285714,9.7,374.0,6.4,68.0
52963,65,17.7,15.916666666666666,15.0,9.4,100.0,9.7,73.0
53863,65,17.694366197183097,15.628571428571428,15.0,8.9,327.0,6.4,72.0
54763,65,17.6,15.507246376811594,15.0,9.3,360.0,4.8,72.0
55663,65,17.6,15.5,15.0,9.0,288.0,4.8,72.0
56563,65,17.57076923076923,15.5,15.0,9.2,238.0,4.8,71.0
57463,65,17.5,15.5,15.0,9.2,35.0,6.4,69.0
58363,65,17.5,15.5,15.0,8.8,42.0,3.2,71.0
59263,65,17.451470588235292,15.5,15.0,8.3,74.0,3.2,74.0
60163,65,17.4,15.5,15.0,8.0,40.0,3.2,75.0
61063,65,17.370149253731345,15.5,14.957746478873238,7.8,25.0,4.8,76.0
61963,65,17.310294117647057,26.39516129032258,20.59193548387097,7.8,7.0,3.2,76.0
62863,65,17.801538461538463,53.921875,47.09375,7.6,0.0,6.4,77.0
63763,65,18.64776119402985,53.514084507042256,49.31267605633803,6.2,0.0,11.3,83.0
64663,65,19.23333333333333,44.825,41.41166666666667,5.8,0.0,8.0,87.0
65563,65,19.496969696969696,44.18253968253968,39.53492063492063,5.6,0.0,9.7,88.0
66463,65,19.85147058823529,44.68939393939394,40.67575757575757,5.4,0.0,9.7,89.0
67363,65,20.0,29.43181818181818,26.76363636363636,5.4,0.0,8.0,89.0
68263,65,19.87538461538461,23.666666666666664,22.05,5.4,0.0,11.3,90.0
69163,65,19.63283582089552,20.584615384615383,19.624615384615385,5.4,0.0,9.7,90.0
70063,65,19.348333333333333,20.9344262295082,19.86065573770492,5.2,0.0,6.4,89.0
70963,65,19.22753623188406,47.30769230769231,40.87076923076923,5.1,0.0,6.4,89.0
71863,65,19.5089552238806,35.138461538461534,32.63692307692308,5.1,0.0,8.0,89.0
72763,65,19.633333333333333,41.94852941176471,36.57058823529412,5.1,0.0,8.0,90.0
73663,65,19.904615384615383,42.276119402985074,38.11492537313433,5.2,0.0,8.0,89.0
74563,65,19.9484375,27.962686567164177,24.907462686567165,5.2,0.0,8.0,89.0
75463,65,19.743548387096773,23.926470588235293,23.57647058823529,4.8,0.0,8.0,89.0
76363,65,19.5515625,22.7887323943662,22.01830985915493,4.6,0.0,9.7,89.0
77263,65,19.47941176470588,35.47727272727273,30.08333333333333,4.6,0.0,9.7,89.0
78163,65,19.996875,54.4453125,49.20625,4.5,0.0,9.7,89.0
79063,65,20.7044776119403,53.00714285714285,48.97285714285714,4.6,0.0,11.3,89.0
79963,65,20.97611940298508,54.340909090909086,48.88333333333333,4.6,0.0,12.9,88.0
80863,65,21.26060606060605,57.149253731343286,52.31492537313433,4.7,0.0,11.3,88.0
81763,65,21.50434782608696,57.27941176470588,52.8,4.7,0.0,11.3,89.0
82663,65,21.71384615384616,57.31060606060606,52.8030303030303,4.5,0.0,12.9,90.0
83563,65,21.91617647058824,57.19565217391304,52.8,4.2,0.0,12.9,91.0
84463,65,22.07272727272727,49.1,45.9,3.9,0.0,9.7,92.0
85363,65,22.275,33.0078125,30.6703125,3.8,0.0,9.7,92.0
86263,65,22.15,25.03125,22.5625,3.7,0.0,9.7,92.0
763,66,21.79672131147541,21.52307692307692,19.76153846153846,3.7,0.0,12.9,93.0
1663,66,21.38358208955224,19.60869565217392,18.35072463768116,3.7,0.0,11.3,92.0
2563,66,20.971212121212123,18.5,17.49855072463768,3.7,0.0,12.9,92.0
3463,66,20.63283582089552,18.2578125,17.6890625,3.6,0.0,12.9,92.0
4363,66,20.3179104477612,17.924242424242426,17.31818181818182,3.5,0.0,12.9,92.0
5263,66,20.0125,17.5,16.874193548387098,3.4,0.0,12.9,92.0
6163,66,19.74848484848485,17.402985074626866,16.616417910447762,3.4,0.0,14.5,92.0
7063,66,19.50757575757576,17.0,16.48235294117647,3.3,0.0,14.5,92.0
7963,66,19.31818181818182,17.0,16.3,3.1,0.0,9.7,93.0
8863,66,19.153030303030302,17.0,16.250746268656716,3.0,0.0,9.7,93.0
9763,66,19.014705882352946,16.88135593220339,16.0,2.9,0.0,11.3,93.0
10663,66,18.889855072463767,16.5,16.0,2.8,0.0,11.3,92.0
11563,66,18.77164179104478,16.5,15.883582089552238,2.8,0.0,12.9,92.0
12463,66,18.665714285714284,16.5,15.8,2.9,0.0,12.9,92.0
13363,66,18.58730158730159,16.5,15.8,2.8,0.0,14.5,92.0
14263,66,18.49861111111111,16.5,15.709090909090907,2.6,0.0,11.3,92.0
15163,66,18.401587301587305,16.5,15.564285714285711,2.7,0.0,12.9,92.0
16063,66,18.375,16.5,15.5,2.7,0.0,14.5,92.0
16963,66,18.297101449275363,16.24264705882353,15.5,2.7,0.0,14.5,92.0
17863,66,18.2,16.0,15.48181818181818,2.6,0.0,14.5,92.0
18763,66,18.14927536231884,16.0,15.303030303030305,2.6,0.0,16.1,92.0
19663,66,18.09130434782609,16.0,15.3,2.7,0.0,16.1,92.0
20563,66,18.0,16.0,15.3,2.7,0.0,14.5,92.0
21463,66,17.941538461538464,17.885245901639344,15.939344262295084,2.7,0.0,12.9,92.0
22363,66,18.108450704225355,49.42424242424242,39.75606060606061,2.6,0.0,9.7,92.0
23263,66,19.065671641791045,56.95454545454545,51.58787878787879,2.8,0.0,12.9,90.0
24163,66,19.916901408450705,47.959016393442624,43.44590163934426,3.0,0.0,14.5,89.0
25063,66,20.24328358208956,49.507462686567166,43.495522388059705,2.9,7.0,9.7,89.0
25963,66,20.6515625,44.13970588235294,39.569117647058825,3.2,12.0,14.5,89.0
26863,66,20.72205882352941,29.2109375,25.3515625,3.3,35.0,14.5,88.0
27763,66,20.57971014492754,23.803030303030305,21.66515151515152,3.6,52.0,20.9,89.0
28663,66,20.411940298507464,21.485714285714288,20.88571428571429,4.4,127.0,17.7,85.0
29563,66,20.19855072463768,19.692857142857143,19.25714285714286,4.8,93.0,14.5,83.0
30463,66,19.819402985074625,18.308823529411764,17.66764705882353,5.0,142.0,12.9,83.0
31363,66,19.47462686567164,17.56060606060606,16.903030303030302,5.0,37.0,12.9,84.0
32263,66,19.19090909090909,17.044117647058822,16.432352941176468,4.8,62.0,14.5,87.0
33163,66,18.94754098360656,16.85185185185185,16.177777777777777,4.9,39.0,16.1,87.0
34063,66,18.7453125,16.5,16.0,5.0,38.0,12.9,88.0
34963,66,18.614705882352943,16.5,15.959420289855071,5.2,49.0,12.9,86.0
35863,66,18.501538461538463,16.5,15.81714285714286,5.3,72.0,14.5,85.0
36763,66,18.41212121212121,16.5,15.803076923076924,5.8,369.0,16.1,85.0
37663,66,18.3972602739726,16.5,15.8,6.6,401.0,16.1,81.0
38563,66,18.3,16.5,15.8,6.7,420.0,14.5,80.0
39463,66,18.25,16.475,15.8,7.3,473.0,11.3,78.0
40363,66,18.2,16.19402985074627,15.697014925373134,8.1,455.0,11.3,76.0
41263,66,18.179411764705883,16.0,15.5,8.2,209.0,12.9,75.0
42163,66,18.1,16.0,15.5,8.1,292.0,14.5,74.0
43063,66,18.07638888888889,16.0,15.5,7.7,127.0,11.3,76.0
43963,66,18.0,16.0,15.433333333333334,7.3,100.0,9.7,77.0
44863,66,17.954285714285714,16.0,15.3,7.4,195.0,6.4,76.0
45763,66,17.9,16.0,15.3,7.7,212.0,9.7,74.0
46663,66,17.885915492957746,16.0,15.3,7.9,244.0,8.0,73.0
47563,66,17.8,16.0,15.3,8.1,264.0,9.7,73.0
48463,66,17.8,16.0,15.3,8.3,357.0,11.3,71.0
49363,66,17.8,16.0,15.3,8.7,316.0,14.5,68.0
50263,66,17.79705882352941,16.0,15.152307692307692,8.4,220.0,16.1,69.0
51163,66,17.7,15.992424242424244,15.0,7.9,176.0,16.1,73.0
52063,66,17.7,15.907142857142858,15.0,7.2,113.0,16.1,73.0
52963,66,17.615942028985508,15.569444444444446,15.0,7.1,108.0,14.5,74.0
53863,66,17.6,15.5,15.0,7.3,165.0,8.0,76.0
54763,66,17.538805970149255,15.5,15.0,7.4,151.0,8.0,75.0
55663,66,17.5,15.5,15.0,7.4,172.0,9.7,73.0
56563,66,17.43857142857143,15.5,15.0,7.3,51.0,8.0,74.0
57463,66,17.4,15.5,15.0,6.9,49.0,12.9,75.0
58363,66,17.32153846153846,15.5,15.0,6.6,58.0,14.5,78.0
59263,66,17.3,15.5,15.0,6.1,42.0,14.5,75.0
60163,66,17.225396825396825,15.5,14.997014925373133,5.9,58.0,16.1,78.0
61063,66,17.2,15.5,14.991304347826087,5.7,39.0,11.3,81.0
61963,66,17.13809523809524,26.602941176470587,20.70441176470588,5.8,26.0,8.0,81.0
62863,66,17.567605633802817,55.21428571428571,48.14428571428572,5.4,7.0,16.1,82.0
63763,66,18.588235294117645,51.57692307692307,48.19538461538461,5.4,5.0,9.7,82.0
64663,66,19.24153846153846,42.29230769230769,37.21846153846154,5.3,0.0,9.7,81.0
65563,66,19.548529411764708,56.385714285714286,50.35285714285714,5.3,0.0,12.9,79.0
66463,66,20.1875,53.46212121212121,49.73636363636364,5.2,0.0,8.0,79.0
67363,66,20.65384615384616,42.05072463768117,38.78840579710145,5.1,0.0,11.3,79.0
68263,66,20.689855072463768,28.95774647887324,24.61971830985916,5.1,0.0,14.5,80.0
69163,66,20.45942028985507,23.34375,20.7421875,5.1,0.0,17.7,82.0
70063,66,20.0546875,20.296875,18.43125,4.9,0.0,19.3,84.0
70963,66,19.60735294117647,18.784615384615385,17.66923076923077,4.9,0.0,22.5,85.0
71863,66,19.211764705882352,18.205882352941178,17.898529411764706,5.0,0.0,24.1,85.0
72763,66,18.86031746031746,17.359375,16.7921875,5.0,0.0,25.7,85.0
73663,66,18.580882352941178,17.0,16.330882352941178,5.1,0.0,29.0,85.0
74563,66,18.347826086956523,16.52898550724638,15.979710144927536,5.2,0.0,30.6,86.0
75463,66,18.153030303030302,27.42957746478873,22.602816901408453,5.2,0.0,30.6,85.0
76363,66,18.515714285714285,56.16176470588236,49.34117647058824,5.1,0.0,27.4,87.0
77263,66,19.39848484848485,57.5,52.6774647887324,5.2,0.0,32.2,86.0
78163,66,20.08529411764706,57.51470588235294,52.820588235294125,5.4,0.0,37.0,85.0
79063,66,20.67910447761194,58.91666666666666,53.4969696969697,5.4,0.0,33.8,85.0
79963,66,21.251470588235293,58.51515151515152,53.474242424242426,5.4,0.0,30.6,85.0
80863,66,21.669565217391305,54.41666666666666,50.2939393939394,5.6,0.0,22.5,86.0
81763,66,21.69253731343284,35.61594202898551,32.427536231884055,5.9,0.0,25.7,86.0
82663,66,21.295714285714286,26.34126984126984,24.422222222222224,5.9,0.0,33.8,87.0
83563,66,20.86769230769231,22.30597014925373,20.85820895522388,5.8,0.0,32.2,89.0
84463,66,20.47352941176471,20.15441176470588,19.108823529411765,5.6,0.0,25.7,92.0
85363,66,20.082608695652176,19.11764705882353,18.583823529411767,5.5,0.0,24.1,93.0
86263,66,19.770149253731343,18.49275362318841,18.13768115942029,5.5,0.0,27.4,93.0
763,67,19.5,18.3046875,18.346875,5.6,0.0,25.7,93.0
1663,67,19.22,17.693548387096776,17.203225806451613,5.6,0.0,24.1,93.0
2563,67,18.991304347826087,17.44927536231884,16.757971014492753,5.6,0.0,22.5,93.0
3463,67,18.81764705882353,17.0,16.496923076923075,5.8,0.0,22.5,93.0
4363,67,18.65882352941177,17.0,16.302985074626868,5.9,0.0,22.5,93.0
5263,67,18.546875,16.93939393939394,16.18181818181818,6.0,0.0,24.1,92.0
6163,67,18.446031746031743,16.507042253521128,16.0,6.0,0.0,19.3,92.0
7063,67,18.3375,16.5,15.921212121212122,6.1,0.0,20.9,91.0
7963,67,18.263768115942028,16.5,15.8,6.1,0.0,20.9,91.0
8863,67,18.198529411764707,16.5,15.8,6.1,0.0,17.7,90.0
9763,67,18.10606060606061,16.5,15.643478260869566,6.1,0.0,17.7,91.0
10663,67,18.04927536231884,16.458333333333336,15.5,6.5,0.0,20.9,90.0
11563,67,17.991304347826087,16.02941176470588,15.5,6.4,0.0,20.9,90.0
12463,67,17.9,16.0,15.5,6.3,0.0,17.7,91.0
13363,67,17.843478260869567,16.0,15.404347826086957,6.3,0.0,20.9,92.0
14263,67,17.8,16.0,15.3,6.3,0.0,24.1,92.0
15163,67,17.755072463768116,16.0,15.3,6.4,0.0,20.9,92.0
16063,67,17.7,16.0,15.3,6.4,0.0,14.5,92.0
16963,67,17.698666666666668,16.0,15.3,6.2,0.0,17.7,91.0
17863,67,17.610294117647058,16.0,15.3,6.1,0.0,24.1,91.0
18763,67,17.6,16.0,15.156716417910449,6.1,0.0,24.1,91.0
19663,67,17.5109375,16.0,15.0,5.7,0.0,19.3,91.0
20563,67,17.5,15.984615384615385,15.0,5.6,0.0,19.3,92.0
21463,67,17.47142857142857,17.44927536231884,15.601449275362318,5.6,0.0,20.9,91.0
22363,67,17.696923076923078,49.23134328358209,39.997014925373136,5.5,0.0,17.7,91.0
23263,67,18.7089552238806,57.01470588235294,51.851470588235294,5.4,0.0,17.7,91.0
24163,67,19.644927536231883,56.590277777777786,51.60972222222222,5.2,0.0,17.7,92.0
25063,67,20.184848484848484,42.97727272727273,38.03030303030303,5.2,5.0,17.7,92.0
25963,67,20.501492537313432,54.81343283582089,49.04776119402985,5.3,12.0,20.9,92.0
26863,67,20.711940298507464,36.30714285714286,33.739999999999995,5.4,30.0,19.3,91.0
27763,67,21.256521739130434,27.006944444444446,25.916666666666668,5.6,46.0,16.1,90.0
28663,67,20.99571428571429,23.291044776119403,22.68358208955224,5.8,70.0,16.1,89.0
29563,67,20.58405797101449,20.57638888888889,19.95138888888889,5.9,98.0,17.7,90.0
30463,67,20.149253731343286,18.97826086956522,18.282608695652176,6.3,144.0,24.1,89.0
31363,67,19.77272727272728,18.121428571428574,17.48,6.3,54.0,29.0,88.0
32263,67,19.45217391304348,17.514492753623188,16.963768115942027,6.4,74.0,27.4,87.0
33163,67,19.197222222222223,17.171641791044777,16.665671641791043,6.7,76.0,27.4,85.0
34063,67,18.970149253731343,17.0,16.434285714285714,6.7,49.0,24.1,83.0
34963,67,18.7765625,16.772058823529413,16.3,7.1,69.0,27.4,82.0
35863,67,18.6,16.5,16.012328767123286,7.2,83.0,29.0,81.0
36763,67,18.452112676056338,16.5,15.957575757575755,7.4,355.0,27.4,82.0
37663,67,18.333333333333336,16.5,15.8,7.8,362.0,29.0,78.0
38563,67,18.23035714285714,16.5,15.8,8.1,420.0,29.0,78.0
39463,67,18.13225806451613,16.477272727272727,15.645454545454546,8.3,450.0,30.6,77.0
40363,67,18.0671875,16.107692307692307,15.5,8.6,464.0,32.2,74.0
41263,67,18.0,16.0,15.5,9.1,461.0,35.4,73.0
42163,67,17.929333333333332,16.0,15.5,9.2,439.0,35.4,74.0
43063,67,17.9,16.0,15.5,9.3,606.0,32.2,73.0
43963,67,17.862068965517242,16.0,15.419402985074626,9.2,357.0,35.4,74.0
44863,67,17.8,16.0,15.3,9.0,193.0,35.4,72.0
45763,67,17.798461538461538,16.0,15.3,9.2,340.0,38.6,73.0
46663,67,17.703030303030303,16.0,15.3,8.7,353.0,32.2,77.0
47563,67,17.7,16.0,15.244285714285716,8.9,329.0,35.4,74.0
48463,67,17.6,16.0,15.009375,9.2,353.0,40.2,73.0
49363,67,17.6,16.0,15.0,9.4,352.0,40.2,73.0
50263,67,17.544776119402986,15.982758620689657,15.0,9.6,348.0,35.4,71.0
51163,67,17.5,15.8515625,15.0,9.8,149.0,32.2,70.0
52063,67,17.5,15.545454545454549,15.0,9.6,327.0,35.4,70.0
52963,67,17.414285714285715,15.5,15.0,9.7,383.0,37.0,66.0
53863,67,17.4,15.5,15.0,9.9,330.0,29.0,69.0
54763,67,17.397142857142857,15.5,15.0,9.6,132.0,32.2,65.0
55663,67,17.30289855072464,15.5,14.96470588235294,9.3,113.0,30.6,65.0
56563,67,17.3,15.5,14.86031746031746,8.3,88.0,35.4,76.0
57463,67,17.22089552238806,15.5,14.8,7.3,62.0,29.0,84.0
58363,67,17.2,15.5,14.8,7.4,81.0,27.4,83.0
59263,67,17.142424242424244,15.5,14.8,7.9,84.0,27.4,78.0
60163,67,17.1,15.5,14.8,7.9,32.0,29.0,75.0
61063,67,17.05294117647059,15.5,14.8,7.9,42.0,24.1,75.0
61963,67,17.01194029850746,26.195652173913043,20.59130434782609,7.9,44.0,27.4,75.0
62863,67,17.68181818181818,55.449152542372886,48.68135593220339,7.7,14.0,27.4,76.0
63763,67,18.771621621621623,56.62698412698413,52.52222222222222,7.6,11.0,25.7,75.0
64663,67,19.429411764705883,43.40909090909091,40.27727272727272,7.4,5.0,25.7,75.0
65563,67,19.711428571428574,52.44202898550725,47.836231884057966,7.2,0.0,25.7,76.0
66463,67,20.060294117647057,39.40441176470589,36.12205882352941,7.2,0.0,24.1,75.0
67363,67,20.01388888888889,27.32608695652174,24.994202898550725,7.2,0.0,22.5,75.0
68263,67,19.830303030303032,40.484375,35.540625,7.3,0.0,22.5,75.0
69163,67,20.02537313432836,45.16428571428572,41.93571428571428,7.2,0.0,22.5,77.0
70063,67,20.095652173913045,29.38059701492537,26.81194029850746,7.1,0.0,24.1,78.0
70963,67,19.92878787878788,23.328358208955223,21.77164179104478,6.8,0.0,22.5,80.0
71863,67,19.68939393939394,29.84507042253521,27.20422535211268,6.8,0.0,25.7,78.0
72763,67,19.645714285714284,40.07352941176471,37.201470588235296,7.0,0.0,24.1,77.0
73663,67,19.6734375,29.70338983050848,28.406779661016948,6.6,0.0,20.9,79.0
74563,67,19.516417910447764,23.80597014925373,22.72388059701493,6.6,0.0,22.5,78.0
75463,67,19.336231884057973,20.61029411764705,19.536764705882355,6.4,0.0,22.5,79.0
76363,67,19.16818181818181,19.14788732394366,18.281690140845072,6.5,0.0,24.1,78.0
77263,67,19.00161290322581,18.22222222222222,17.517460317460316,6.6,0.0,25.7,78.0
78163,67,18.79855072463768,17.63768115942029,17.12608695652174,6.4,0.0,20.9,80.0
79063,67,18.6015873015873,18.25862068965517,18.17758620689656,6.4,0.0,24.1,81.0
79963,67,18.41864406779661,17.263636363636362,16.64909090909091,6.4,0.0,22.5,83.0
80863,67,18.237142857142857,16.735294117647058,16.07941176470588,6.5,0.0,22.5,83.0
81763,67,18.071428571428573,16.5,15.81764705882353,6.5,0.0,19.3,84.0
82663,67,17.93380281690141,16.321428571428573,15.632857142857144,6.6,0.0,20.9,83.0
83563,67,17.786764705882355,16.0,15.5,6.8,0.0,22.5,81.0
84463,67,17.67846153846154,16.0,15.393939393939394,6.9,0.0,16.1,80.0
85363,67,17.6,16.21212121212121,15.59848484848485,6.8,0.0,19.3,78.0
86263,67,17.7796875,16.96969696969697,16.54848484848485,6.9,0.0,20.9,76.0
763,68,19.4859375,17.17910447761194,16.63731343283582,7.2,0.0,24.1,76.0
1663,68,18.854098360655737,16.676470588235293,16.0,7.7,0.0,24.1,74.0
2563,68,18.322857142857146,16.31818181818182,15.559090909090909,7.8,0.0,22.5,73.0
3463,68,17.882608695652173,16.0,15.350704225352112,8.1,0.0,27.4,75.0
4363,68,17.65076923076923,16.0,15.3,7.5,0.0,22.5,81.0
5263,68,17.584375,16.264285714285712,15.612857142857145,6.8,0.0,20.9,88.0
6163,68,17.490000000000002,16.0,15.5,6.7,0.0,22.5,90.0
7063,68,17.4,16.0,15.357971014492753,6.8,0.0,37.0,91.0
7963,68,17.308823529411764,16.0,15.3,6.7,0.0,32.2,92.0
8863,68,17.250704225352113,16.0,15.3,6.6,0.0,27.4,91.0
9763,68,17.2,15.942028985507246,15.069565217391304,6.5,0.0,22.5,92.0
10663,68,17.112857142857145,15.566176470588236,15.0,6.9,0.0,32.2,91.0
11563,68,17.073529411764707,15.5,15.0,7.0,0.0,30.6,92.0
12463,68,17.0,15.5,15.0,6.8,0.0,27.4,91.0
13363,68,16.97101449275362,15.5,14.962857142857144,6.7,0.0,24.1,91.0
14263,68,16.9,15.5,14.802857142857144,6.4,0.0,25.7,91.0
15163,68,16.9,15.5,14.8,6.4,0.0,20.9,91.0
16063,68,16.826086956521742,15.5,14.8,6.3,0.0,24.1,91.0
16963,68,16.8,15.5,14.8,6.4,0.0,24.1,90.0
17863,68,16.8,15.5,14.8,6.3,0.0,24.1,89.0
18763,68,16.7044776119403,15.5,14.8,6.4,0.0,29.0,89.0
19663,68,16.7,15.5,14.8,6.3,0.0,29.0,89.0
20563,68,16.65,15.5,14.777272727272727,6.3,0.0,29.0,88.0
21463,68,16.6,17.283582089552237,15.229850746268657,6.4,0.0,29.0,87.0
22363,68,16.84057971014493,50.707142857142856,43.66428571428572,6.4,0.0,29.0,87.0
23263,68,17.53181818181818,50.32835820895522,46.26119402985075,6.3,0.0,29.0,88.0
24163,68,18.048529411764708,50.79577464788732,47.14225352112676,6.2,0.0,29.0,88.0
25063,68,18.40149253731344,49.875,46.51911764705882,6.1,11.0,25.7,88.0
25963,68,18.6271186440678,50.65909090909091,47.345454545454544,5.9,14.0,22.5,88.0
26863,68,18.833823529411767,50.26865671641791,47.04328358208956,5.9,49.0,27.4,87.0
27763,68,19.020289855072463,45.17910447761194,41.549253731343285,5.8,49.0,24.1,87.0
28663,68,19.297101449275363,33.68181818181818,32.2969696969697,5.8,53.0,22.5,87.0
29563,68,19.20655737704918,26.328358208955223,25.44626865671642,5.8,63.0,20.9,87.0
30463,68,18.9,21.201492537313435,19.63731343283582,5.8,183.0,17.7,87.0
31363,68,18.58253968253968,18.71538461538461,17.58923076923077,6.0,127.0,16.1,86.0
32263,68,18.298529411764708,17.464788732394364,16.540845070422534,6.2,26.0,12.9,83.0
33163,68,18.064705882352943,16.765625,15.96875,6.4,26.0,12.9,82.0
34063,68,17.852941176470587,16.49285714285714,15.645714285714286,6.6,28.0,16.1,78.0
34963,68,17.70714285714286,16.01492537313433,15.446268656716418,6.8,30.0,17.7,74.0
35863,68,17.553521126760565,16.0,15.3,7.2,378.0,16.1,72.0
36763,68,17.431343283582088,16.0,15.15211267605634,7.6,453.0,14.5,73.0
37663,68,17.31142857142857,15.861538461538462,15.0,8.1,541.0,16.1,70.0
38563,68,17.2078125,15.514705882352942,15.0,8.1,445.0,17.7,71.0
39463,68,17.12121212121212,15.5,15.0,8.3,475.0,19.3,69.0
40363,68,17.032857142857143,15.5,14.988059701492537,8.3,480.0,19.3,65.0
41263,68,16.971875,15.5,14.803030303030305,8.6,492.0,20.9,64.0
42163,68,16.9,15.5,14.8,9.0,501.0,16.1,65.0
43063,68,16.8578125,15.5,14.8,9.3,520.0,17.7,62.0
43963,68,16.8,15.5,14.8,9.4,508.0,19.3,60.0
44863,68,16.8,15.5,14.8,9.3,527.0,20.9,61.0
45763,68,16.74848484848485,15.5,14.8,9.8,515.0,20.9,59.0
46663,68,16.7,15.5,14.777611940298508,9.7,517.0,25.7,56.0
47563,68,16.69705882352941,15.5,14.546478873239437,9.9,504.0,22.5,56.0
48463,68,16.604285714285716,15.5,14.5,10.0,492.0,20.9,56.0
49363,68,16.6,15.43846153846154,14.5,10.2,464.0,17.7,59.0
50263,68,16.581818181818182,15.083333333333334,14.5,9.9,107.0,17.7,59.0
51163,68,16.5,15.007462686567164,14.5,9.4,248.0,19.3,60.0
52063,68,16.5,15.0,14.5,9.8,339.0,20.9,59.0
52963,68,16.5,15.0,14.5,10.1,361.0,19.3,56.0
53863,68,16.5,15.0,14.5,10.3,376.0,16.1,58.0
54763,68,16.469565217391303,15.0,14.5,10.3,306.0,14.5,59.0
55663,68,16.4,15.0,14.452941176470588,10.1,141.0,17.7,58.0
56563,68,16.4,15.0,14.361971830985915,10.1,132.0,14.5,59.0
57463,68,16.4,15.0,14.3,9.8,127.0,16.1,58.0
58363,68,16.4,15.0,14.3,9.5,74.0,16.1,59.0
59263,68,16.310769230769232,15.0,14.3,9.3,81.0,16.1,60.0
60163,68,16.3,15.0,14.3,9.2,84.0,11.3,61.0
61063,68,16.265714285714285,15.0,14.3,8.9,47.0,9.7,65.0
61963,68,16.22714285714286,31.294117647058822,24.59705882352941,8.8,42.0,3.2,66.0
62863,68,16.765217391304347,49.7910447761194,46.00149253731343,8.4,23.0,8.0,68.0
63763,68,17.369565217391305,44.93076923076923,41.89846153846154,8.2,19.0,6.4,69.0
64663,68,17.72835820895522,45.088235294117645,41.84264705882353,7.6,0.0,4.8,70.0
65563,68,17.941791044776117,43.89583333333333,41.480555555555554,7.2,0.0,8.0,73.0
66463,68,18.081159420289858,44.62878787878788,41.7090909090909,6.8,0.0,6.4,76.0
67363,68,18.192857142857143,43.82575757575758,41.595454545454544,6.6,0.0,10.5,77.0
68263,68,18.216666666666665,44.80147058823529,41.826470588235296,6.5,0.0,9.7,78.0
69163,68,18.30909090909091,44.75,41.809090909090905,6.5,0.0,14.5,79.0
70063,68,18.414492753623183,45.77777777777778,42.72380952380952,6.5,0.0,16.1,80.0
70963,68,18.5,43.87671232876712,41.675342465753424,6.5,0.0,12.9,79.0
71863,68,18.5,44.80821917808219,42.013698630136986,6.4,0.0,14.5,81.0
72763,68,18.59076923076924,47.48550724637681,43.40289855072464,6.3,0.0,14.5,82.0
73663,68,18.841428571428573,53.58088235294117,49.31617647058824,6.3,0.0,16.1,82.0
74563,68,18.9,52.3943661971831,49.111267605633806,6.3,0.0,12.9,81.0
75463,68,18.830882352941178,50.957142857142856,46.67857142857143,6.1,0.0,9.7,82.0
76363,68,18.872857142857143,52.90441176470588,49.36323529411764,6.0,0.0,9.7,82.0
77263,68,18.9,53.76515151515152,50.24393939393939,5.8,0.0,8.0,83.0
78163,68,18.930434782608696,54.10869565217392,50.17536231884058,5.7,0.0,4.8,83.0
79063,68,19.27704918032787,53.54838709677419,50.23870967741935,5.4,0.0,4.8,84.0
79963,68,19.455714285714286,53.15942028985508,50.69565217391305,5.4,0.0,8.0,85.0
80863,68,19.5,51.73134328358209,47.497014925373136,5.4,0.0,9.7,84.0
81763,68,19.44117647058824,34.50757575757576,30.53787878787879,5.5,0.0,6.4,84.0
82663,68,19.19206349206349,25.107692307692307,22.646153846153844,5.2,0.0,3.2,85.0
83563,68,18.871641791044777,21.12121212121212,19.381818181818183,5.0,0.0,1.6,86.0
84463,68,18.53787878787879,21.34090909090909,21.80151515151515,4.7,0.0,1.6,87.0
85363,68,18.216666666666665,19.5327868852459,18.90655737704918,4.5,0.0,3.2,87.0
86263,68,17.907462686567165,17.889705882352942,17.02647058823529,4.2,0.0,1.6,87.0
763,69,17.64324324324324,17.014084507042252,16.198591549295777,4.0,0.0,0.0,88.0
1663,69,17.408823529411766,16.5,15.744776119402983,3.8,0.0,0.0,89.0
2563,69,17.207246376811593,16.115942028985508,15.439130434782609,3.6,0.0,0.0,90.0
3463,69,17.041428571428572,16.0,15.3,3.5,0.0,0.0,89.0
4363,69,16.938235294117646,16.041666666666664,15.397222222222222,3.4,0.0,0.0,89.0
5263,69,16.9,16.5,16.13731343283582,3.6,0.0,4.8,87.0
6163,69,16.884285714285717,16.075757575757574,15.40151515151515,3.4,0.0,3.2,88.0
7063,69,16.8,16.0,15.110294117647058,3.4,0.0,3.2,89.0
7963,69,16.744927536231884,15.83846153846154,15.0,3.8,0.0,3.2,87.0
8863,69,16.675,15.5,14.938709677419354,4.0,0.0,4.8,87.0
9763,69,16.6,15.5,14.8,4.1,0.0,4.8,87.0
10663,69,16.525757575757574,15.5,14.8,3.8,0.0,1.6,88.0
11563,69,16.49857142857143,15.5,14.8,4.0,0.0,4.8,87.0
12463,69,16.401492537313434,15.5,14.62608695652174,4.6,0.0,6.4,84.0
13363,69,16.378571428571426,15.5,14.5,4.7,0.0,4.8,82.0
14263,69,16.3,15.5,14.5,4.6,0.0,6.4,84.0
15163,69,16.239705882352943,15.5,14.5,4.5,0.0,4.8,83.0
16063,69,16.2,15.246376811594205,14.5,4.5,0.0,4.8,84.0
16963,69,16.173846153846153,15.007575757575756,14.5,4.4,0.0,6.4,84.0
17863,69,16.1,15.0,14.482352941176469,4.8,0.0,8.0,83.0
18763,69,16.1,15.0,14.31492537313433,5.3,0.0,8.0,81.0
19663,69,16.008450704225353,15.0,14.3,6.1,0.0,16.1,77.0
20563,69,16.0,15.0,14.3,6.2,0.0,16.1,75.0
21463,69,15.972131147540985,17.361538461538462,15.109230769230768,6.1,0.0,1.6,76.0
22363,69,16.114754098360656,50.09230769230769,43.80923076923077,5.9,0.0,4.8,78.0
23263,69,16.6,49.78358208955224,45.98059701492537,5.7,0.0,4.8,79.0
24163,69,17.03181818181818,49.25757575757576,45.99848484848485,5.8,5.0,6.4,79.0
25063,69,17.375757575757575,49.563380281690144,45.926760563380284,5.7,11.0,4.8,78.0
25963,69,17.644117647058824,49.97794117647059,46.76617647058824,5.8,12.0,4.8,78.0
26863,69,18.08904109589041,49.99264705882353,46.60588235294118,5.7,25.0,4.8,79.0
27763,69,18.58169014084508,53.02941176470588,49.59264705882353,6.0,26.0,8.0,75.0
28663,69,18.68939393939394,38.18840579710145,35.44347826086956,6.2,32.0,9.7,74.0
29563,69,18.770149253731343,53.14492753623189,47.731884057971016,6.3,24.0,9.7,74.0
30463,69,18.497222222222224,53.11029411764706,50.50882352941176,6.4,26.0,3.2,78.0
31363,69,18.133333333333333,46.76119402985075,44.4179104477612,6.4,42.0,3.2,78.0
32263,69,18.566666666666663,31.529850746268657,28.18358208955224,6.6,54.0,3.2,76.0
33163,69,18.553521126760565,23.76056338028169,21.38450704225352,6.7,51.0,8.0,76.0
34063,69,18.378260869565217,20.285714285714285,18.82,6.6,56.0,3.2,78.0
34963,69,18.12133333333333,18.47887323943662,17.48450704225352,6.5,56.0,3.2,80.0
35863,69,17.852777777777778,17.484848484848484,16.707575757575757,6.6,58.0,3.2,80.0
36763,69,17.598507462686566,16.80597014925373,16.16268656716418,6.6,63.0,6.4,79.0
37663,69,17.382089552238806,16.485714285714288,15.79857142857143,6.7,67.0,4.8,78.0
38563,69,17.1640625,16.0,15.493846153846151,6.9,120.0,4.8,80.0
39463,69,16.961194029850745,16.0,15.302985074626866,7.7,257.0,3.2,81.0
40363,69,16.833333333333336,15.814285714285711,15.15,8.1,236.0,1.6,80.0
41263,69,16.739705882352943,15.5,15.0,8.7,248.0,1.6,78.0
42163,69,16.62537313432836,15.5,14.926027397260274,8.8,65.0,3.2,78.0
43063,69,16.538805970149255,15.5,14.8,8.9,98.0,1.6,81.0
43963,69,16.486567164179103,15.5,14.8,9.0,72.0,4.8,79.0
44863,69,16.4,15.5,14.529577464788732,8.9,67.0,4.8,86.0
45763,69,16.334848484848486,15.3955223880597,14.5,8.9,114.0,4.8,82.0
46663,69,16.3,15.058823529411764,14.5,9.4,84.0,11.3,85.0
47563,69,16.215942028985506,15.0,14.5,9.6,108.0,9.7,85.0
48463,69,16.2,15.0,14.372727272727271,9.6,111.0,9.7,84.0
49363,69,16.198591549295777,15.0,14.3,10.1,151.0,9.7,84.0
50263,69,16.1,15.0,14.3,10.1,121.0,11.3,83.0
51163,69,16.1,15.0,14.3,10.0,146.0,9.7,84.0
52063,69,16.06,15.0,14.3,10.0,69.0,6.4,83.0
52963,69,16.0,15.0,14.29558823529412,9.5,39.0,3.2,79.0
53863,69,16.0,15.0,14.12794117647059,9.4,74.0,3.2,84.0
54763,69,15.95441176470588,15.0,14.0,9.8,151.0,6.4,87.0
55663,69,15.9,15.0,14.0,10.1,142.0,8.0,86.0
56563,69,15.9,15.0,14.0,10.1,95.0,8.0,87.0
57463,69,15.9,15.0,14.0,10.2,109.0,6.4,86.0
58363,69,15.844285714285714,15.0,14.0,10.3,88.0,8.0,85.0
59263,69,15.8,15.0,14.0,10.3,130.0,14.5,85.0
60163,69,15.836231884057971,15.0,14.12205882352941,10.2,111.0,17.7,85.0
61063,69,16.98840579710145,15.333333333333334,14.747826086956522,9.9,47.0,16.1,86.0
61963,69,17.483823529411765,29.11940298507463,22.71044776119403,9.7,33.0,16.1,87.0
62863,69,17.113235294117647,56.630769230769225,50.36923076923077,9.2,19.0,11.3,87.0
63763,69,18.15116279069768,56.25,52.16041666666666,9.1,12.0,9.7,88.0
64663,69,18.74285714285714,51.6842105263158,47.36578947368421,8.9,0.0,11.3,89.0
65563,69,19.039473684210527,50.46875,46.340625,8.9,0.0,12.9,89.0
66463,69,19.248648648648647,50.05882352941176,45.64705882352941,8.8,0.0,14.5,89.0
67363,69,19.39130434782609,55.407407407407405,50.89074074074074,8.9,0.0,19.3,87.0
68263,69,19.495384615384616,50.0,46.24307692307692,8.9,0.0,16.1,89.0
69163,69,19.41818181818181,49.88970588235294,45.57794117647059,8.8,0.0,14.5,89.0
70063,69,19.44264705882353,54.90322580645161,50.08064516129032,8.9,0.0,11.3,90.0
70963,69,19.521538461538466,51.61194029850746,46.9910447761194,8.8,0.0,11.3,90.0
71863,69,19.6,52.780303030303024,48.30757575757576,8.7,0.0,9.7,92.0
72763,69,19.6,52.483870967741936,47.6241935483871,8.6,0.0,9.7,92.0
73663,69,19.67611940298508,50.776119402985074,46.91044776119403,8.7,0.0,9.7,91.0
74563,69,19.688235294117646,50.89230769230769,46.69076923076923,8.8,0.0,9.7,90.0
75463,69,19.7,54.47826086956521,49.24202898550725,8.9,0.0,6.4,89.0
76363,69,19.795238095238098,51.838235294117645,47.88970588235294,8.8,0.0,3.2,91.0
77263,69,19.8,50.46376811594203,46.62608695652174,8.6,0.0,4.8,92.0
78163,69,19.85735294117647,51.47014925373135,46.91194029850746,8.6,0.0,3.2,92.0
79063,69,19.9,51.10606060606061,47.53939393939394,8.4,0.0,3.2,93.0
79963,69,19.93478260869565,52.7,47.53428571428572,8.4,0.0,4.8,92.0
80863,69,19.98030303030303,38.64705882352941,33.319117647058825,8.7,0.0,6.4,90.0
81763,69,19.795384615384613,27.442857142857143,22.947142857142858,8.8,0.0,6.4,90.0
82663,69,19.4741935483871,22.02941176470588,19.652941176470588,9.1,0.0,9.7,89.0
83563,69,19.171875,19.615942028985508,17.955072463768115,9.2,0.0,11.3,88.0
84463,69,18.85538461538461,18.307142857142857,17.034285714285716,9.3,0.0,12.9,88.0
85363,69,18.588059701492536,17.56153846153846,16.455384615384617,9.3,0.0,12.9,87.0
86263,69,18.34375,17.0,16.088235294117645,9.3,0.0,14.5,87.0
763,70,18.1375,16.634328358208954,15.826865671641793,9.2,0.0,14.5,88.0
1663,70,17.95,16.5,15.517142857142858,9.0,0.0,14.5,89.0
2563,70,17.772222222222222,16.413043478260867,15.6231884057971,8.9,0.0,11.3,89.0
3463,70,17.63235294117647,16.42537313432836,15.755223880597017,8.9,0.0,9.7,88.0
4363,70,17.505714285714284,16.0,15.47101449275362,8.9,0.0,12.9,88.0
5263,70,17.407246376811592,16.0,15.3,9.0,0.0,14.5,87.0
6163,70,17.28787878787879,16.0,15.22058823529412,9.0,0.0,12.9,87.0
7063,70,17.18840579710145,16.0,15.0,8.9,0.0,12.9,87.0
7963,70,17.092753623188408,15.921428571428573,15.0,9.0,0.0,14.5,86.0
8863,70,17.0,15.542253521126762,14.9887323943662,9.0,0.0,14.5,85.0
9763,70,16.907575757575756,15.5,14.80597014925373,9.0,0.0,11.3,85.0
10663,70,16.855384615384615,15.5,14.8,8.9,0.0,9.7,86.0
11563,70,16.8,15.5,14.8,8.9,0.0,11.3,87.0
12463,70,16.745588235294118,15.5,14.8,8.9,0.0,11.3,87.0
13363,70,16.7,15.5,14.7955223880597,8.8,0.0,11.3,87.0
14263,70,16.613636363636363,15.5,14.56,8.8,0.0,6.4,88.0
15163,70,16.6,15.5,14.5,8.7,0.0,6.4,88.0
16063,70,16.517142857142858,15.5,14.5,8.6,0.0,3.2,89.0
16963,70,16.5,15.5,14.5,8.6,0.0,6.4,89.0
17863,70,16.46818181818182,15.5,14.5,8.6,0.0,4.8,89.0
18763,70,16.4,15.47058823529412,14.5,8.6,0.0,4.8,89.0
19663,70,16.4,15.185714285714289,14.5,8.6,0.0,11.3,89.0
20563,70,16.324193548387097,15.0,14.461194029850745,8.7,0.0,11.3,89.0
21463,70,16.3,15.0,14.328985507246378,8.8,0.0,19.3,89.0
22363,70,16.267164179104476,15.0,14.3,8.7,0.0,14.5,89.0
23263,70,16.2,16.84722222222222,14.947222222222225,8.6,0.0,11.3,90.0
24163,70,16.416417910447763,50.76428571428572,42.34285714285714,8.6,0.0,14.5,90.0
25063,70,17.237313432835823,54.125,50.078125,8.6,0.0,12.9,91.0
25963,70,17.809859154929576,44.8,40.37285714285714,8.5,9.0,12.9,90.0
26863,70,18.155555555555555,42.34090909090909,38.766666666666666,8.7,16.0,14.5,89.0
27763,70,18.28648648648649,28.216417910447763,24.513432835820897,8.8,12.0,14.5,89.0
28663,70,18.1734375,22.22388059701493,20.39402985074627,8.9,14.0,12.9,88.0
29563,70,18.0,19.414285714285715,18.275714285714287,8.9,16.0,12.9,88.0
30463,70,17.805633802816903,17.950704225352112,17.121126760563378,8.9,51.0,16.1,89.0
31363,70,17.62608695652174,17.15277777777778,16.444444444444446,9.0,52.0,12.9,89.0
32263,70,17.464788732394364,19.785714285714285,18.875714285714288,9.2,77.0,14.5,88.0
33163,70,17.48235294117647,21.72463768115941,21.04927536231884,9.2,80.0,16.1,88.0
34063,70,17.356451612903225,18.61111111111111,17.6375,9.3,58.0,16.1,89.0
34963,70,17.232835820895524,17.205882352941178,16.352941176470587,9.3,51.0,14.5,88.0
35863,70,17.08939393939394,16.528169014084504,15.773239436619718,9.2,46.0,14.5,89.0
36763,70,16.953030303030303,16.073529411764707,15.441176470588236,9.2,60.0,17.7,90.0
37663,70,16.861764705882354,16.0,15.3,9.2,72.0,14.5,91.0
38563,70,16.795384615384613,15.857142857142858,15.068571428571428,9.3,72.0,16.1,90.0
39463,70,16.7,15.5,15.0,9.5,97.0,11.3,89.0
40363,70,16.638805970149257,15.5,15.0,9.7,114.0,9.7,89.0
41263,70,16.6,15.5,14.877611940298507,9.9,163.0,12.9,88.0
42163,70,16.6,15.5,14.8,10.2,257.0,16.1,86.0
43063,70,16.523809523809526,15.5,14.8,10.7,338.0,14.5,85.0
43963,70,16.5,15.5,14.8,11.2,462.0,14.5,83.0
44863,70,16.5,15.5,14.8,12.3,689.0,14.5,79.0
45763,70,16.4453125,16.565217391304348,15.58840579710145,12.5,306.0,16.1,78.0
46663,70,16.44516129032258,34.5625,27.2984375,12.1,410.0,17.7,80.0
47563,70,17.10392156862745,57.36363636363636,51.623636363636365,12.0,274.0,16.1,80.0
48463,70,18.112765957446808,57.79545454545455,52.48863636363636,12.0,246.0,12.9,80.0
49363,70,18.81304347826087,57.98717948717949,52.70512820512821,11.8,229.0,17.7,81.0
50263,70,19.405,57.782051282051285,52.87435897435897,11.6,232.0,17.7,81.0
51163,70,19.81111111111111,58.12745098039216,53.239215686274505,12.4,473.0,14.5,80.0
52063,70,20.12941176470588,57.85714285714285,52.9,13.3,230.0,12.9,74.0
52963,70,20.44142857142857,51.95070422535211,48.15070422535212,13.1,285.0,11.3,76.0
53863,70,20.53382352941177,55.00704225352113,50.81830985915493,13.9,218.0,9.7,73.0
54763,70,20.6,52.280303030303024,48.61818181818182,13.3,199.0,8.0,74.0
55663,70,20.6,52.4927536231884,49.23768115942029,12.3,88.0,11.3,77.0
56563,70,20.58636363636364,50.55384615384615,47.40923076923077,12.0,65.0,8.0,80.0
57463,70,20.423880597014925,35.16666666666667,31.21159420289855,11.7,39.0,6.4,81.0
58363,70,20.086153846153845,26.24242424242424,22.95151515151515,11.5,40.0,6.4,82.0
59263,70,19.740625,22.063492063492063,20.05396825396825,11.3,34.0,4.8,83.0
60163,70,19.404545454545453,19.87121212121212,18.592424242424244,11.2,19.0,4.8,83.0
61063,70,19.09117647058824,18.6171875,17.6875,10.8,14.0,6.4,86.0
61963,70,18.82769230769231,17.823529411764707,17.097058823529412,10.4,11.0,4.8,90.0
62863,70,18.597101449275364,17.43846153846154,16.698461538461537,10.2,11.0,1.6,91.0
63763,70,18.42549019607843,17.0,16.40869565217391,10.0,7.0,0.0,91.0
64663,70,18.223809523809525,22.21875,19.26875,9.9,0.0,0.0,92.0
65563,70,18.38909090909091,54.4375,47.61666666666667,9.8,0.0,0.0,92.0
66463,70,18.954237288135594,55.7,51.865,9.8,0.0,0.0,92.0
67363,70,19.4156862745098,55.7,52.04222222222222,9.8,0.0,3.2,92.0
68263,70,19.747169811320752,56.74468085106383,52.22127659574468,9.6,0.0,4.8,92.0
69163,70,20.010169491525424,55.99193548387096,52.0258064516129,9.4,0.0,6.4,93.0
70063,70,20.1955223880597,56.02857142857143,51.99428571428572,9.3,0.0,4.8,94.0
70963,70,20.33582089552239,56.97727272727273,52.60151515151515,9.2,0.0,3.2,94.0
71863,70,20.44761904761905,56.26119402985074,52.035820895522384,9.2,0.0,4.8,94.0
72763,70,20.57619047619048,56.094202898550726,51.92028985507246,9.3,0.0,4.8,94.0
73663,70,20.658461538461538,55.94202898550725,52.243478260869566,9.3,0.0,4.8,93.0
74563,70,20.659375,50.10869565217392,46.47536231884058,9.3,0.0,1.6,93.0
75463,70,20.676470588235293,56.63432835820895,52.34328358208956,9.2,0.0,0.0,93.0
76363,70,20.75846153846154,56.07575757575758,51.833333333333336,9.2,0.0,1.6,92.0
77263,70,20.87205882352941,56.15942028985508,52.03768115942029,9.2,0.0,0.0,91.0
78163,70,20.94264705882353,56.088235294117645,52.23235294117647,9.2,0.0,0.0,91.0
79063,70,21.0,57.01470588235294,52.49264705882352,9.2,0.0,0.0,91.0
79963,70,21.09701492537313,54.23134328358209,50.7044776119403,9.2,0.0,0.0,91.0
80863,70,21.11290322580645,39.9375,36.86875,9.3,0.0,0.0,91.0
81763,70,21.07121212121212,29.56617647058824,28.97352941176471,9.3,0.0,6.4,91.0
82663,70,20.72142857142857,23.67910447761194,22.028358208955225,9.0,0.0,8.0,93.0
83563,70,20.37313432835821,20.94117647058824,19.65882352941177,8.8,0.0,8.0,94.0
84463,70,20.03939393939394,19.44117647058824,18.432352941176468,8.6,0.0,11.3,95.0
85363,70,19.72923076923077,18.60144927536232,17.7,8.4,0.0,6.4,96.0
86263,70,19.44923076923077,18.007246376811594,17.22173913043478,8.4,0.0,6.4,96.0
763,71,19.22238805970149,17.594202898550726,16.901449275362317,8.3,0.0,8.0,96.0
1663,71,18.99857142857143,17.5,16.643661971830987,8.3,0.0,8.0,97.0
2563,71,18.83970588235294,17.5,17.21363636363636,8.2,0.0,6.4,97.0
3463,71,18.67826086956521,17.328358208955223,16.556716417910447,8.2,0.0,4.8,97.0
4363,71,18.563235294117646,17.0,16.3,8.2,0.0,3.2,96.0
5263,71,18.46575342465753,17.0,16.03529411764706,8.3,0.0,1.6,96.0
6163,71,18.39558823529412,17.0,16.0,8.3,0.0,0.0,96.0
7063,71,18.3,16.823076923076922,15.941538461538462,8.3,0.0,1.6,96.0
7963,71,18.217460317460315,16.5,15.8,8.3,0.0,0.0,96.0
8863,71,18.17377049180328,16.5,15.8,8.3,0.0,0.0,96.0
9763,71,18.1,16.5,15.8,8.3,0.0,1.6,96.0
10663,71,18.03636363636364,16.5,15.775806451612905,8.3,0.0,0.0,96.0
11563,71,18.0,16.5,15.522058823529411,8.3,0.0,0.0,96.0
12463,71,17.92142857142857,16.5,15.5,8.4,0.0,3.2,96.0
13363,71,17.9,16.5,15.5,8.4,0.0,1.6,96.0
14263,71,17.818032786885247,16.5,15.5,8.3,0.0,0.0,96.0
15163,71,17.8,16.5,15.5,8.3,0.0,0.0,96.0
16063,71,17.75,16.5,15.5,8.2,0.0,0.0,96.0
16963,71,17.7,16.467741935483872,15.496774193548386,8.3,0.0,6.4,96.0
17863,71,17.68695652173913,16.23134328358209,15.398507462686569,8.4,0.0,3.2,95.0
18763,71,17.6,16.0,15.3,8.4,0.0,1.6,95.0
19663,71,17.6,16.0,15.3,8.4,0.0,1.6,95.0
20563,71,17.53709677419355,16.0,15.3,8.5,0.0,9.7,94.0
21463,71,17.5,16.0,15.3,8.5,0.0,6.4,94.0
22363,71,17.5,16.0,15.3,8.4,0.0,4.8,94.0
23263,71,17.429032258064517,16.0,15.3,8.6,0.0,8.0,93.0
24163,71,17.4,16.0,15.3,8.5,0.0,4.8,92.0
25063,71,17.4,16.0,15.3,8.6,12.0,4.8,93.0
25963,71,17.307462686567163,16.0,15.251470588235293,8.5,23.0,3.2,93.0
26863,71,17.3,16.0,15.113043478260868,8.9,46.0,16.1,91.0
27763,71,17.3,16.0,15.004545454545454,9.0,47.0,16.1,90.0
28663,71,17.3,16.0,15.0,9.1,30.0,12.9,89.0
29563,71,17.297014925373134,16.0,15.082608695652176,9.1,65.0,9.7,89.0
30463,71,17.351470588235294,16.218309859154928,15.435211267605634,9.4,67.0,8.0,86.0
31363,71,17.371428571428574,16.014705882352942,15.229411764705882,9.6,93.0,9.7,87.0
32263,71,17.31639344262295,28.10869565217392,22.94782608695652,9.8,111.0,12.9,85.0
33163,71,17.6109375,31.89516129032258,30.114516129032257,10.1,149.0,14.5,86.0
34063,71,17.828358208955223,23.46923076923077,21.356923076923074,10.2,137.0,12.9,85.0
34963,71,17.9,19.973333333333333,18.574666666666666,10.4,83.0,12.9,84.0
35863,71,17.9,18.24285714285714,17.31,10.9,459.0,12.9,80.0
36763,71,17.9,17.955882352941178,18.161764705882355,11.1,202.0,12.9,80.0
37663,71,17.8328125,17.84090909090909,17.746969696969696,11.1,190.0,14.5,80.0
38563,71,17.798529411764708,17.3046875,17.1125,11.2,253.0,14.5,80.0
39463,71,17.70441176470588,17.28125,17.2328125,11.2,142.0,12.9,80.0
40363,71,17.655072463768114,16.82089552238806,16.598507462686566,11.2,102.0,9.7,80.0
41263,71,17.53970588235294,16.430769230769233,15.73846153846154,11.1,70.0,9.7,80.0
42163,71,17.452238805970147,16.528169014084504,16.264788732394365,10.8,110.0,11.3,82.0
43063,71,17.523880597014927,37.05223880597015,30.90149253731343,12.0,782.0,14.5,81.0
43963,71,17.914285714285715,26.979166666666668,25.8,12.1,179.0,14.5,76.0
44863,71,18.14626865671642,40.09701492537313,34.30298507462687,11.6,232.0,14.5,78.0
45763,71,18.68918918918919,56.92753623188406,51.685507246376815,11.7,197.0,12.9,79.0
46663,71,19.38793103448276,55.35,51.94333333333333,11.1,14.0,12.9,80.0
47563,71,19.766666666666666,54.19166666666666,50.595,10.5,21.0,14.5,82.0
48463,71,20.042,52.49,49.146,9.7,28.0,19.3,86.0
49363,71,20.18367346938776,53.88524590163935,49.572131147540986,9.4,49.0,12.9,88.0
50263,71,20.2828125,52.9375,50.266666666666666,9.3,155.0,11.3,89.0
51163,71,20.46029411764706,35.24626865671642,32.55820895522388,9.4,137.0,9.7,89.0
52063,71,20.44029850746269,26.574626865671643,24.702985074626863,9.6,72.0,12.9,88.0
52963,71,20.20508474576271,22.188524590163933,20.337704918032788,9.6,114.0,16.1,88.0
53863,71,19.915625,19.86567164179105,18.65671641791045,9.4,79.0,17.7,87.0
54763,71,19.6203125,18.672131147540984,17.744262295081967,9.3,126.0,16.1,87.0
55663,71,19.311864406779662,17.859375,17.121875,9.5,154.0,14.5,86.0
56563,71,19.095,17.5,16.834482758620688,9.5,135.0,17.7,85.0
57463,71,18.86382978723404,20.96938775510204,19.048979591836734,9.4,101.0,17.7,84.0
58363,71,19.002222222222223,52.92857142857143,44.33877551020409,9.4,81.0,17.7,83.0
59263,71,19.794117647058822,57.21875,51.95625,9.6,127.0,17.7,82.0
60163,71,20.482222222222223,56.71428571428571,52.33265306122449,9.6,109.0,19.3,80.0
61063,71,20.93260869565217,56.46666666666666,51.74888888888889,9.8,125.0,19.3,77.0
61963,71,21.214925373134328,53.32857142857144,50.03285714285714,9.9,116.0,19.3,74.0
62863,71,21.31492537313433,43.07575757575758,38.17575757575757,9.5,34.0,19.3,75.0
63763,71,21.443478260869565,53.44366197183099,48.50281690140845,9.1,18.0,19.3,76.0
64663,71,21.5,45.28225806451613,39.8,9.0,16.0,17.7,76.0
65563,71,21.501492537313432,48.2421875,43.475,8.4,0.0,16.1,79.0
66463,71,21.4,31.734375,28.74375,8.0,0.0,11.3,81.0
67363,71,21.10277777777777,24.8,22.86769230769231,7.8,0.0,9.7,83.0
68263,71,20.784615384615385,21.716417910447763,20.523880597014927,7.5,0.0,17.7,84.0
69163,71,20.50142857142857,19.91044776119403,18.94029850746269,7.3,0.0,14.5,84.0
70063,71,20.194117647058825,18.932835820895523,18.12686567164179,7.1,0.0,14.5,86.0
70963,71,19.913043478260867,18.309859154929576,17.612676056338028,6.8,0.0,16.1,87.0
71863,71,19.64776119402985,17.9453125,17.1921875,6.7,0.0,16.1,88.0
72763,71,19.41515151515152,17.5,16.880000000000003,6.6,0.0,17.7,89.0
73663,71,19.24029850746269,17.5,16.629850746268655,6.4,0.0,22.5,89.0
74563,71,19.04769230769231,17.069230769230767,16.355384615384615,6.3,0.0,20.9,89.0
75463,71,18.921875,17.0,16.261290322580646,6.3,0.0,19.3,90.0
76363,71,18.78709677419355,17.0,16.0,6.3,0.0,22.5,89.0
77263,71,18.665671641791043,17.0,16.0,6.2,0.0,20.9,89.0
78163,71,18.57826086956522,16.930555555555554,15.991666666666664,6.1,0.0,22.5,89.0
79063,71,18.49848484848485,16.515151515151516,15.812121212121212,6.1,0.0,22.5,89.0
79963,71,18.40144927536232,16.5,15.8,6.1,0.0,22.5,89.0
80863,71,18.361538461538466,16.5,15.8,6.0,0.0,19.3,89.0
81763,71,18.3,16.52941176470588,15.891176470588237,5.8,0.0,20.9,89.0
82663,71,18.382758620689653,16.52173913043478,16.0,5.8,0.0,20.9,89.0
83563,71,18.4,16.5,15.964179104477612,5.6,0.0,19.3,90.0
84463,71,18.415,16.5,15.964516129032258,5.4,0.0,16.1,90.0
85363,71,18.40277777777778,16.553030303030305,15.915151515151516,5.4,0.0,17.7,90.0
86263,71,18.471621621621622,17.0,16.356716417910448,5.4,0.0,20.9,89.0
763,72,19.929850746268656,17.272727272727273,16.56818181818182,5.4,0.0,19.3,89.0
1663,72,19.65,17.0,16.321428571428573,5.3,0.0,19.3,90.0
2563,72,19.208695652173912,16.828358208955223,15.91044776119403,5.2,0.0,17.7,89.0
3463,72,18.822222222222223,16.5,15.730434782608697,5.1,0.0,19.3,90.0
4363,72,18.509090909090908,16.5,15.5,5.2,0.0,19.3,89.0
5263,72,18.29859154929577,16.5,15.482089552238808,5.1,0.0,19.3,89.0
6163,72,18.14666666666667,16.203389830508474,15.34406779661017,5.1,0.0,19.3,89.0
7063,72,18.0359375,16.5,15.71492537313433,5.0,0.0,22.5,88.0
7963,72,17.991304347826087,16.5,15.8,5.1,0.0,24.1,88.0
8863,72,17.9,16.5,15.782089552238808,4.9,0.0,25.7,88.0
9763,72,17.86769230769231,16.5,15.64090909090909,4.9,0.0,27.4,88.0
10663,72,17.8,16.5,15.791044776119405,5.1,0.0,29.0,87.0
11563,72,17.766666666666666,16.5,15.761428571428572,5.3,0.0,32.2,86.0
12463,72,17.7,16.5,15.630434782608695,5.5,0.0,32.2,84.0
13363,72,17.64090909090909,16.45714285714286,15.5,5.5,0.0,29.0,84.0
14263,72,17.6,16.233870967741936,15.5,5.6,0.0,25.7,85.0
15163,72,17.559154929577467,16.0,15.5,5.8,0.0,27.4,81.0
16063,72,17.5,16.0,15.5,6.3,0.0,30.6,74.0
16963,72,17.5,16.0,15.341095890410958,6.7,0.0,29.0,70.0
17863,72,17.423076923076923,16.0,15.3,7.0,0.0,29.0,69.0
18763,72,17.4,16.0,15.3,7.2,0.0,32.2,70.0
19663,72,17.4,16.0,15.3,6.7,0.0,35.4,79.0
20563,72,17.34090909090909,16.0,15.3,6.4,0.0,32.2,83.0
21463,72,17.3,17.307692307692307,15.638461538461538,6.8,0.0,30.6,86.0
22363,72,17.477777777777778,48.572580645161295,39.01774193548387,6.6,0.0,32.2,88.0
23263,72,18.36428571428572,56.62068965517242,51.92758620689655,6.3,0.0,29.0,90.0
24163,72,19.211666666666662,52.377049180327866,48.77049180327869,6.3,0.0,25.7,91.0
25063,72,19.722033898305085,45.7,41.01833333333333,6.3,11.0,25.7,92.0
25963,72,20.057575757575755,50.221428571428575,46.43857142857143,6.4,11.0,24.1,92.0
26863,72,20.2,32.80769230769231,29.01384615384616,6.3,12.0,20.9,92.0
27763,72,20.142424242424244,25.742857142857144,23.537142857142857,6.5,23.0,20.9,91.0
28663,72,20.073529411764707,22.25735294117647,21.286764705882355,7.0,28.0,22.5,90.0
29563,72,19.898275862068964,19.89814814814815,19.04814814814815,7.3,84.0,24.1,90.0
30463,72,19.68064516129032,18.73333333333333,18.078333333333333,7.6,113.0,17.7,89.0
31363,72,19.41509433962264,18.0,17.424137931034483,7.9,168.0,24.1,86.0
32263,72,19.213235294117645,17.52112676056338,17.109859154929577,8.2,135.0,19.3,83.0
33163,72,19.016176470588235,17.29365079365079,16.831746031746032,8.3,165.0,20.9,81.0
34063,72,18.84861111111111,17.0,16.61304347826087,8.4,100.0,19.3,79.0
34963,72,18.68958333333333,17.0,16.647692307692306,8.6,98.0,19.3,78.0
35863,72,18.566666666666663,17.0,16.383870967741935,8.9,352.0,20.9,73.0
36763,72,18.442424242424245,16.676470588235293,16.14558823529412,9.2,376.0,22.5,72.0
37663,72,18.24375,16.78787878787879,16.259090909090908,9.7,485.0,22.5,71.0
38563,72,17.9421875,16.903225806451612,16.303225806451614,9.7,458.0,25.7,68.0
39463,72,17.796969696969697,16.5,16.04153846153846,9.8,146.0,20.9,68.0
40363,72,18.780555555555555,16.5,15.976470588235292,9.6,232.0,22.5,66.0
41263,72,18.0,16.443661971830984,15.740845070422534,9.3,163.0,24.1,66.0
42163,72,17.932258064516127,16.0,15.4864406779661,9.7,285.0,19.3,68.0
43063,72,17.845454545454547,16.0,15.441379310344828,10.0,346.0,19.3,67.0
43963,72,17.8,16.0,15.5,9.9,301.0,27.4,67.0
44863,72,17.724242424242426,16.0,15.5,9.9,283.0,20.9,67.0
45763,72,17.7,16.0,15.5,10.1,288.0,24.1,67.0
46663,72,17.644776119402984,16.0,15.5,10.6,629.0,19.3,66.0
47563,72,17.6,16.0,15.5,10.7,267.0,22.5,64.0
48463,72,17.6,16.0,15.466666666666663,10.3,265.0,24.1,66.0
49363,72,17.527941176470588,16.0,15.345070422535212,10.9,436.0,20.9,67.0
50263,72,17.5,16.0,15.302857142857144,10.6,221.0,24.1,67.0
51163,72,17.5,16.0,15.3,10.6,262.0,24.1,68.0
52063,72,17.475757575757576,16.0,15.3,10.4,195.0,22.5,68.0
52963,72,17.4,16.0,15.3,10.5,308.0,22.5,69.0
53863,72,17.4,16.0,15.23913043478261,10.7,223.0,20.9,68.0
54763,72,17.27887323943662,16.0,15.274647887323942,11.1,396.0,24.1,66.0
55663,72,17.148275862068964,16.0,15.22622950819672,11.2,397.0,25.7,65.0
56563,72,17.028787878787877,15.985714285714286,15.0,10.9,267.0,25.7,65.0
57463,72,16.88769230769231,15.553846153846155,15.0,10.2,98.0,19.3,68.0
58363,72,16.80151515151515,15.62121212121212,15.0,10.0,113.0,22.5,69.0
59263,72,16.810294117647057,15.93939393939394,15.00909090909091,10.0,91.0,19.3,69.0
60163,72,16.937142857142856,41.67142857142857,31.93285714285714,9.8,69.0,20.9,70.0
61063,72,17.64179104477612,56.638461538461534,50.92,9.6,51.0,16.1,72.0
61963,72,18.476388888888888,51.58955223880597,47.53283582089553,9.4,46.0,16.1,74.0
62863,72,18.929310344827588,33.46296296296296,29.044444444444444,9.3,30.0,16.1,75.0
63763,72,19.0,24.901785714285715,21.93035714285714,9.2,21.0,12.9,77.0
64663,72,18.944927536231884,21.661764705882355,19.90441176470588,9.1,5.0,22.5,78.0
65563,72,18.941666666666663,41.789855072463766,36.6536231884058,9.0,0.0,17.7,79.0
66463,72,19.59230769230769,53.57246376811594,50.64057971014493,8.9,0.0,11.3,79.0
67363,72,20.16,57.59701492537314,52.974626865671645,8.9,0.0,12.9,80.0
68263,72,20.5796875,57.69014084507042,51.69014084507042,9.5,0.0,27.4,78.0
69163,72,20.964285714285715,54.63970588235294,49.69558823529412,9.8,0.0,29.0,77.0
70063,72,21.153030303030302,52.419117647058826,47.54117647058824,10.7,0.0,40.2,73.0
70963,72,21.05333333333333,34.15,29.206666666666667,10.6,0.0,32.2,74.0
71863,72,20.77,38.859375,33.4484375,10.7,0.0,35.4,76.0
72763,72,20.75797101449276,46.8030303030303,41.584848484848486,10.8,0.0,33.8,77.0
73663,72,20.8,30.15151515151515,25.76212121212121,10.7,0.0,33.8,77.0
74563,72,20.666666666666664,24.07462686567164,21.150746268656714,10.9,0.0,35.4,78.0
75463,72,20.42727272727273,27.007936507936503,23.725396825396825,10.7,0.0,35.4,80.0
76363,72,20.4031746031746,50.60294117647059,43.86617647058824,10.9,0.0,33.8,80.0
77263,72,20.6,33.20454545454545,29.16515151515152,11.1,0.0,29.0,80.0
78163,72,20.57605633802817,25.14179104477612,23.016417910447764,11.1,0.0,29.0,80.0
79063,72,20.385185185185183,21.69090909090909,20.345454545454547,11.1,0.0,27.4,80.0
79963,72,20.09130434782609,19.865079365079364,18.825396825396822,11.0,0.0,30.6,80.0
80863,72,19.846153846153847,22.47761194029851,21.57462686567164,10.9,0.0,30.6,79.0
81763,72,19.68805970149253,21.392857142857142,20.321428571428573,10.9,0.0,32.2,80.0
82663,72,19.60454545454545,19.402985074626866,18.665671641791043,10.8,0.0,27.4,81.0
83563,72,19.55084745762712,18.491525423728813,17.87457627118644,10.8,0.0,25.7,81.0
84463,72,19.38653846153846,17.619565217391305,16.77608695652174,10.8,0.0,29.0,81.0
85363,72,19.245454545454542,17.125,16.361538461538462,10.8,0.0,33.8,82.0
86263,72,19.103508771929825,17.0,16.04137931034483,10.8,0.0,30.6,84.0
763,73,18.98805970149254,16.602941176470587,15.93235294117647,10.7,0.0,33.8,85.0
1663,73,18.895714285714284,16.5,15.8,10.8,0.0,35.4,86.0
2563,73,18.79264705882353,16.5,15.8,10.7,0.0,37.0,86.0
3463,73,18.7,16.5,15.522388059701491,10.7,0.0,35.4,87.0
4363,73,18.61384615384616,16.5,15.5,10.8,0.0,32.2,87.0
5263,73,18.552857142857142,16.5,15.5,10.8,0.0,32.2,87.0
6163,73,18.5,16.392857142857142,15.5,10.9,0.0,32.2,87.0
7063,73,18.40428571428572,16.014084507042252,15.38450704225352,10.8,0.0,25.7,88.0
7963,73,18.391935483870967,16.19402985074627,15.383582089552238,10.9,0.0,30.6,87.0
8863,73,18.31176470588236,16.5,15.74,11.1,0.0,33.8,86.0
9763,73,18.3,16.5,15.8,11.1,0.0,32.2,87.0
10663,73,18.29014084507042,16.5,15.8,10.9,0.0,33.8,87.0
11563,73,18.2,16.5,15.8,10.9,0.0,35.4,88.0
12463,73,18.2,16.5,15.8,10.8,0.0,35.4,89.0
13363,73,18.19692307692308,16.5,15.8,10.7,0.0,38.6,90.0
14263,73,18.10597014925373,16.5,15.8,10.5,0.0,37.0,92.0
15163,73,18.1,16.5,15.7955223880597,10.5,0.0,37.0,92.0
16063,73,18.1,16.5,15.591935483870966,10.6,0.0,35.4,91.0
16963,73,18.004347826086956,16.5,15.5044776119403,10.6,0.0,35.4,91.0
17863,73,18.0,16.5,15.5,10.6,0.0,32.2,91.0
18763,73,18.0,16.5,15.5,10.7,0.0,35.4,91.0
19663,73,17.916666666666664,16.5,15.5,10.7,0.0,37.0,90.0
20563,73,17.9,16.5,15.5,10.7,0.0,37.0,90.0
21463,73,17.894117647058824,17.838028169014084,15.969014084507045,10.5,0.0,41.8,90.0
22363,73,18.056944444444447,49.27464788732394,39.47887323943662,10.4,0.0,43.5,87.0
23263,73,18.94428571428572,52.71014492753624,48.45942028985508,10.0,0.0,37.0,84.0
24163,73,19.70483870967742,43.77272727272727,38.46545454545454,9.7,5.0,40.2,81.0
25063,73,20.177777777777777,48.45890410958904,43.773972602739725,9.2,11.0,40.2,81.0
25963,73,20.4,31.588235294117645,29.086764705882352,9.1,14.0,38.6,81.0
26863,73,20.37727272727273,24.753521126760564,23.556338028169016,9.0,40.0,37.0,80.0
27763,73,20.17727272727273,21.37301587301588,20.2,9.0,47.0,33.8,81.0
28663,73,19.935593220338983,19.75438596491228,18.98771929824561,9.0,128.0,35.4,80.0
29563,73,19.686153846153847,18.580882352941178,17.826470588235292,9.1,190.0,33.8,78.0
30463,73,19.46,18.0,17.355319148936168,9.2,197.0,35.4,77.0
31363,73,,,,9.2,225.0,38.6,75.0
32263,73,19.00555555555556,17.076923076923077,16.661538461538463,9.1,62.0,32.2,73.0
33163,73,18.93387096774193,17.0,16.5,9.2,65.0,27.4,72.0
34063,73,18.789655172413795,17.0,16.5,9.4,65.0,38.6,66.0
34963,73,18.683333333333334,17.0,16.32898550724638,9.7,79.0,33.8,64.0
35863,73,18.6,17.0,16.3,9.9,388.0,37.0,65.0
36763,73,18.516666666666666,17.0,16.3,10.2,388.0,38.6,64.0
37663,73,18.5,16.971153846153847,16.21923076923077,10.3,439.0,37.0,66.0
38563,73,18.413888888888888,16.671875,16.0,10.4,451.0,33.8,68.0
39463,73,18.4,16.5,16.0,10.7,478.0,38.6,68.0
40363,73,18.368115942028982,16.5,16.0,10.8,489.0,37.0,67.0
41263,73,18.3,16.5,16.0,10.9,533.0,35.4,66.0
42163,73,18.295384615384613,16.5,15.935294117647056,10.7,234.0,33.8,68.0
43063,73,18.201351351351352,16.5,15.8,10.8,708.0,40.2,69.0
43963,73,18.2,16.5,15.8,10.8,606.0,38.6,69.0
44863,73,18.2,16.5,15.8,10.3,195.0,32.2,71.0
45763,73,18.119696969696967,16.5,15.8,10.3,151.0,40.2,74.0
46663,73,18.1,16.5,15.8,9.2,195.0,37.0,82.0
47563,73,18.097101449275364,16.5,15.8,9.7,526.0,32.2,79.0
48463,73,18.0,16.5,15.745454545454546,10.1,265.0,32.2,75.0
49363,73,18.0,16.5,15.504615384615386,10.4,214.0,40.2,69.0
50263,73,17.9796875,16.5,15.5,10.5,369.0,40.2,66.0
51163,73,17.9,16.5,15.5,10.4,76.0,37.0,65.0
52063,73,17.9,16.492753623188406,15.5,11.1,492.0,32.2,65.0
52963,73,17.876785714285713,16.416666666666664,15.5,10.7,158.0,35.4,62.0
53863,73,17.8,16.203125,15.5,10.3,84.0,38.6,64.0
54763,73,17.8,16.0,15.5,8.7,364.0,35.4,81.0
55663,73,17.8,16.0,15.5,8.8,118.0,32.2,79.0
56563,73,17.7,16.0,15.5,9.2,117.0,30.6,73.0
57463,73,17.7,16.0,15.5,9.4,127.0,33.8,69.0
58363,73,17.7,16.0,15.494117647058824,9.6,105.0,30.6,66.0
59263,73,17.63142857142857,16.0,15.46,9.4,77.0,32.2,67.0
60163,73,17.6,16.0,15.317910447761191,7.9,58.0,38.6,81.0
61063,73,17.571014492753623,16.0,15.3,6.6,53.0,29.0,86.0
61963,73,17.511111111111113,27.0,21.048529411764708,6.8,49.0,22.5,84.0
62863,73,18.21969696969697,54.97916666666666,47.86111111111111,6.9,39.0,19.3,83.0
63763,73,19.309375,40.13235294117647,36.686764705882354,7.0,20.0,16.1,84.0
64663,73,19.678571428571427,44.18571428571428,38.70428571428572,6.9,5.0,22.5,84.0
65563,73,19.84852941176471,30.484848484848488,29.63030303030304,6.7,0.0,20.9,82.0
66463,73,19.75217391304348,23.67391304347825,22.969565217391303,6.6,0.0,20.9,82.0
67363,73,19.563636363636363,21.381944444444446,20.870833333333334,6.4,0.0,19.3,83.0
68263,73,19.30862068965517,26.801470588235293,23.548529411764708,6.3,0.0,19.3,85.0
69163,73,19.429850746268656,56.23529411764706,49.72058823529412,6.3,0.0,17.7,86.0
70063,73,19.882089552238806,54.44615384615385,49.97538461538461,6.2,0.0,20.9,85.0
70963,73,20.16818181818181,54.75,50.41428571428572,6.1,0.0,20.9,85.0
71863,73,20.34852941176471,53.51470588235294,49.98235294117647,5.9,0.0,20.9,83.0
72763,73,20.503030303030304,55.21538461538462,51.18153846153847,5.8,0.0,22.5,84.0
73663,73,20.6,44.64393939393939,41.14242424242424,5.9,0.0,24.1,83.0
74563,73,20.55806451612904,49.82089552238806,45.58358208955224,5.9,0.0,20.9,84.0
75463,73,20.559016393442626,36.80769230769231,33.68923076923077,5.9,0.0,22.5,83.0
76363,73,20.37121212121212,26.394366197183096,24.469014084507045,6.0,0.0,24.1,82.0
77263,73,20.103076923076923,22.28985507246377,20.84057971014493,5.9,0.0,25.7,83.0
78163,73,19.82878787878788,20.419117647058822,19.33970588235294,5.8,0.0,22.5,84.0
79063,73,19.71617647058824,47.3015873015873,40.990476190476194,5.8,0.0,22.5,84.0
79963,73,20.06338028169014,41.0,37.47619047619048,5.7,0.0,25.7,84.0
80863,73,20.31212121212121,28.07971014492754,25.318840579710145,5.7,0.0,24.1,83.0
81763,73,20.155882352941177,22.98529411764705,21.07205882352941,5.7,0.0,24.1,80.0
82663,73,19.88823529411765,20.41269841269841,19.039682539682538,5.8,0.0,25.7,78.0
83563,73,19.60153846153846,19.1875,18.2625,5.8,0.0,24.1,78.0
84463,73,19.385294117647057,19.47101449275362,20.155072463768114,5.8,0.0,24.1,79.0
85363,73,19.194117647058825,19.136986301369863,19.197260273972603,5.9,0.0,25.7,80.0
86263,73,18.99117647058824,18.25,17.773529411764706,5.8,0.0,20.9,82.0
763,74,18.79206349206349,17.558823529411764,16.72352941176471,5.9,0.0,22.5,84.0
1663,74,18.59852941176471,17.022058823529413,16.28970588235294,5.9,0.0,19.3,83.0
2563,74,18.445714285714285,16.919117647058822,16.0,6.0,0.0,17.7,83.0
3463,74,18.322972972972973,16.5,15.852173913043478,6.1,0.0,19.3,84.0
4363,74,18.291935483870965,16.5,15.922388059701492,5.9,0.0,25.7,86.0
5263,74,18.20281690140845,16.5,15.8,5.8,0.0,24.1,84.0
6163,74,18.2,16.57857142857143,15.964285714285714,5.9,0.0,22.5,82.0
7063,74,18.172222222222224,16.57462686567164,16.05373134328358,5.8,0.0,17.7,82.0
7963,74,18.1,16.5,16.0,5.8,0.0,16.1,82.0
8863,74,18.057534246575344,16.5,16.0,5.7,0.0,17.7,83.0
9763,74,18.0,16.5,15.990625,5.6,0.0,19.3,85.0
10663,74,17.936986301369863,16.5,15.85151515151515,5.6,0.0,20.9,87.0
11563,74,17.9,16.5,15.8,5.7,0.0,22.5,86.0
12463,74,17.802739726027397,16.5,15.8,5.9,0.0,20.9,86.0
13363,74,17.8,16.5,15.8,6.0,0.0,17.7,86.0
14263,74,17.70294117647059,16.5,15.8,5.9,0.0,14.5,87.0
15163,74,17.6953125,16.5,15.73913043478261,5.9,0.0,14.5,87.0
16063,74,17.6,16.5,15.508823529411766,5.8,0.0,17.7,86.0
16963,74,17.6,16.47887323943662,15.5,5.7,0.0,19.3,86.0
17863,74,17.50857142857143,16.1044776119403,15.5,5.6,0.0,17.7,86.0
18763,74,17.5,16.0,15.5,5.5,0.0,19.3,86.0
19663,74,17.40909090909091,16.0,15.5,5.5,0.0,19.3,87.0
20563,74,17.4,16.0,15.496875,5.5,0.0,22.5,87.0
21463,74,17.332203389830507,17.614035087719298,15.943859649122809,5.4,0.0,20.9,89.0
22363,74,17.6,52.48484848484848,43.766666666666666,5.6,0.0,25.7,88.0
23263,74,18.507692307692302,55.56153846153846,50.74923076923077,5.4,0.0,22.5,88.0
24163,74,19.2231884057971,47.18115942028986,42.88985507246377,5.4,4.0,22.5,89.0
25063,74,19.623880597014924,50.47857142857143,45.191428571428574,5.4,26.0,24.1,89.0
25963,74,20.046268656716418,43.97058823529412,41.16764705882353,5.5,35.0,24.1,90.0
26863,74,20.633823529411764,31.75735294117647,29.897058823529413,5.8,49.0,24.1,88.0
27763,74,20.6953125,27.21311475409836,27.772131147540986,5.8,53.0,20.9,88.0
28663,74,20.316666666666663,24.053030303030305,24.524242424242424,6.1,134.0,25.7,88.0
29563,74,19.90757575757576,21.03846153846154,20.189230769230768,6.3,81.0,22.5,88.0
30463,74,19.51818181818182,19.10606060606061,18.277272727272727,6.4,84.0,24.1,87.0
31363,74,19.184057971014493,18.125,17.398529411764706,6.7,84.0,24.1,86.0
32263,74,18.912280701754387,17.50862068965517,16.917241379310347,6.9,72.0,20.9,85.0
33163,74,18.70625,17.22826086956522,16.65,7.2,100.0,22.5,83.0
34063,74,18.54117647058824,17.0,16.395652173913042,7.7,79.0,25.7,83.0
34963,74,18.42753623188406,17.0,16.3,8.1,139.0,27.4,80.0
35863,74,18.33,16.6953125,16.215625,8.3,294.0,25.7,80.0
36763,74,18.20384615384616,16.5,16.0,8.7,274.0,25.7,79.0
37663,74,18.104166666666664,16.5,16.0,9.1,399.0,24.1,77.0
38563,74,18.034782608695654,16.5,16.0,9.4,329.0,25.7,76.0
39463,74,17.984375,16.5,15.843636363636364,9.8,302.0,24.1,76.0
40363,74,17.9,16.5,15.8,9.8,204.0,25.7,76.0
41263,74,17.827027027027025,16.5,15.8,9.7,163.0,19.3,78.0
42163,74,17.8,16.5,15.8,9.6,161.0,22.5,79.0
43063,74,17.722388059701494,16.5,15.64776119402985,9.8,227.0,32.2,80.0
43963,74,17.7,16.36231884057971,15.5,10.2,246.0,29.0,79.0
44863,74,17.66346153846154,16.043478260869566,15.5,10.7,274.0,27.4,77.0
45763,74,17.6,16.0,15.5,10.9,257.0,27.4,76.0
46663,74,17.6,16.0,15.5,11.3,327.0,29.0,75.0
47563,74,17.6,16.0,15.5,11.8,334.0,29.0,73.0
48463,74,17.520454545454548,16.0,15.5,11.8,338.0,27.4,71.0
49363,74,17.5,16.0,15.493846153846151,12.2,466.0,32.2,68.0
50263,74,17.5,16.0,15.344776119402985,12.2,276.0,32.2,66.0
51163,74,17.5,16.0,15.3,12.5,443.0,30.6,67.0
52063,74,17.456923076923076,16.0,15.3,12.7,239.0,24.1,66.0
52963,74,17.4,16.0,15.3,12.8,429.0,27.4,65.0
53863,74,17.4,16.0,15.3,12.2,207.0,29.0,70.0
54763,74,17.384285714285717,16.0,15.3,11.8,141.0,27.4,73.0
55663,74,17.3,16.0,15.3,11.4,139.0,20.9,77.0
56563,74,17.3,16.0,15.3,11.6,134.0,20.9,78.0
57463,74,17.3,16.0,15.3,11.6,151.0,17.7,79.0
58363,74,17.228571428571428,16.0,15.3,11.7,86.0,16.1,78.0
59263,74,17.2,16.0,15.28235294117647,11.5,72.0,17.7,78.0
60163,74,17.2,16.0,15.290769230769232,11.4,83.0,24.1,77.0
61063,74,17.17462686567164,16.0,15.211764705882354,11.6,77.0,20.9,77.0
61963,74,17.123880597014924,28.0,23.20441176470588,11.3,28.0,19.3,78.0
62863,74,17.521212121212123,43.20588235294117,39.88823529411765,10.9,18.0,17.7,79.0
63763,74,18.057352941176468,44.72857142857143,42.28428571428572,10.8,14.0,19.3,80.0
64663,74,18.50289855072464,46.14925373134328,42.37164179104478,10.6,9.0,14.5,80.0
65563,74,18.93478260869565,46.81159420289855,42.94927536231884,10.5,0.0,14.5,81.0
66463,74,19.25,45.60869565217392,42.38840579710145,10.3,0.0,14.5,82.0
67363,74,19.45652173913044,46.789855072463766,42.94927536231884,10.1,0.0,17.7,81.0
68263,74,19.625,46.3,43.23230769230769,9.9,0.0,24.1,83.0
69163,74,19.639130434782608,46.78030303030303,43.52121212121212,9.7,0.0,27.4,86.0
70063,74,19.602985074626865,39.42307692307692,36.37230769230769,9.5,0.0,25.7,86.0
70963,74,19.63188405797101,56.54225352112676,49.81971830985916,9.6,0.0,27.4,85.0
71863,74,20.029850746268657,55.8203125,50.8625,9.6,0.0,32.2,84.0
72763,74,20.40571428571429,57.16666666666666,51.937681159420286,9.8,0.0,33.8,83.0
73663,74,20.96181818181818,56.62903225806451,51.71935483870968,9.7,0.0,30.6,84.0
74563,74,21.40833333333333,57.328125,51.8203125,9.7,0.0,30.6,83.0
75463,74,21.706060606060607,56.85,51.865,9.8,0.0,32.2,81.0
76363,74,21.965151515151515,57.74193548387096,52.06290322580645,9.8,0.0,32.2,81.0
77263,74,22.054098360655736,55.958333333333336,51.725,9.5,0.0,30.6,80.0
78163,74,21.80161290322581,55.64754098360656,51.359016393442616,9.6,0.0,29.0,80.0
79063,74,21.698461538461537,56.641666666666666,51.88333333333334,9.7,0.0,27.4,81.0
79963,74,21.578333333333333,55.77049180327869,51.588524590163935,9.8,0.0,27.4,80.0
80863,74,21.4828125,50.66666666666667,46.78666666666667,9.9,0.0,25.7,80.0
81763,74,21.28030303030303,33.29166666666667,29.885,9.8,0.0,25.7,80.0
82663,74,21.04769230769231,26.97761194029851,25.22388059701493,9.8,0.0,27.4,80.0
83563,74,21.23030303030303,24.00793650793651,23.9968253968254,9.8,0.0,25.7,80.0
84463,74,21.097101449275364,22.19402985074627,22.001492537313432,9.9,0.0,29.0,79.0
85363,74,20.640579710144927,20.537313432835823,20.31641791044776,10.4,0.0,33.8,77.0
86263,74,20.266176470588235,19.52112676056338,18.864788732394366,10.4,0.0,37.0,76.0
763,75,19.93913043478261,18.725352112676056,17.99718309859155,10.3,0.0,33.8,77.0
1663,75,19.65151515151515,18.267241379310345,17.560344827586206,10.3,0.0,30.6,78.0
2563,75,19.4,18.0,17.267692307692307,10.3,0.0,30.6,77.0
3463,75,19.1955223880597,17.606060606060606,16.993939393939392,10.1,0.0,27.4,80.0
4363,75,19.02,17.5,16.808823529411764,10.2,0.0,30.6,79.0
5263,75,18.873529411764707,17.5,16.570588235294117,10.3,0.0,33.8,80.0
6163,75,18.74142857142857,17.27941176470588,16.5,10.2,0.0,32.2,80.0
7063,75,18.62463768115942,17.0,16.36984126984127,9.9,0.0,29.0,81.0
7963,75,18.534246575342465,17.0,16.3,9.8,0.0,27.4,82.0
8863,75,18.45,17.0,16.3,10.2,0.0,33.8,80.0
9763,75,18.4,17.0,16.195652173913043,10.2,0.0,30.6,81.0
10663,75,18.303125,17.0,16.0,9.6,0.0,25.7,85.0
11563,75,18.2625,17.0,16.0,9.3,0.0,27.4,85.0
12463,75,18.2,17.0,16.0,9.4,0.0,25.7,85.0
13363,75,18.14788732394366,16.98507462686567,16.0,9.5,0.0,24.1,85.0
14263,75,18.1,16.724637681159418,16.0,9.6,0.0,25.7,85.0
15163,75,18.04558823529412,16.507692307692306,16.0,9.6,0.0,25.7,85.0
16063,75,18.0,16.5,15.95,9.6,0.0,29.0,86.0
16963,75,17.964179104477612,16.5,15.814285714285711,9.5,0.0,25.7,87.0
17863,75,17.9,16.5,15.8,9.3,0.0,24.1,89.0
18763,75,17.8703125,16.5,15.8,9.3,0.0,27.4,89.0
19663,75,17.8,16.5,15.8,9.5,0.0,27.4,87.0
20563,75,17.8,16.5,15.8,9.6,0.0,22.5,87.0
21463,75,17.758064516129032,17.93181818181818,16.257575757575758,9.6,0.0,30.6,86.0
22363,75,17.99848484848485,52.92537313432835,43.93283582089553,9.5,0.0,29.0,87.0
23263,75,18.83972602739726,51.97794117647059,48.37058823529412,9.4,0.0,27.4,88.0
24163,75,19.36911764705882,41.64406779661017,36.80847457627119,9.4,0.0,27.4,87.0
25063,75,19.824615384615385,50.885714285714286,46.112857142857145,9.3,0.0,22.5,89.0
25963,75,20.155072463768114,32.46923076923077,29.92153846153846,9.2,9.0,20.9,89.0
26863,75,20.07941176470588,26.03030303030303,25.09090909090909,9.0,11.0,22.5,91.0
27763,75,19.93142857142857,24.058823529411764,24.15882352941177,8.8,11.0,17.7,92.0
28663,75,19.83134328358209,21.94696969696969,22.51818181818182,8.7,37.0,16.1,92.0
29563,75,19.53970588235294,20.246268656716417,19.859701492537315,8.8,26.0,20.9,90.0
30463,75,19.288235294117648,18.86764705882353,18.17058823529412,8.9,113.0,19.3,87.0
31363,75,19.07619047619048,18.091549295774648,17.4056338028169,9.0,51.0,27.4,84.0
32263,75,18.94857142857143,17.577464788732392,16.96056338028169,9.6,40.0,32.2,81.0
33163,75,18.83714285714285,17.5,16.8,9.5,60.0,32.2,81.0
34063,75,18.72571428571429,17.102941176470587,16.53529411764706,9.9,98.0,30.6,80.0
34963,75,18.62394366197183,17.0,16.474285714285713,10.1,169.0,29.0,79.0
35863,75,18.50714285714286,17.0,16.3,10.4,406.0,29.0,79.0
36763,75,18.4,17.0,16.3,10.6,364.0,30.6,78.0
37663,75,18.33384615384616,17.0,16.219047619047622,10.6,290.0,30.6,79.0
38563,75,18.27272727272728,17.0,16.0,10.9,225.0,24.1,79.0
39463,75,18.2,16.691176470588236,16.0,10.8,608.0,24.1,82.0
40363,75,18.127397260273973,16.50714285714286,16.0,10.8,526.0,29.0,81.0
41263,75,18.1,16.5,16.0,11.1,659.0,37.0,78.0
42163,75,18.1,16.5,16.0,11.2,279.0,35.4,76.0
43063,75,18.06603773584905,16.5,15.873529411764707,10.1,181.0,37.0,82.0
43963,75,18.0,16.5,15.8,10.4,348.0,35.4,80.0
44863,75,18.0,16.5,15.8,10.8,345.0,32.2,77.0
45763,75,17.92535211267606,16.5,15.8,10.3,102.0,30.6,81.0
46663,75,17.891304347826086,16.5,15.8,9.0,40.0,27.4,83.0
47563,75,17.8,16.5,15.8,7.2,120.0,24.1,92.0
48463,75,17.78787878787879,16.5,15.8,7.2,60.0,20.9,93.0
49363,75,17.7,16.5,15.795714285714286,6.7,97.0,24.1,92.0
50263,75,17.677611940298508,16.5,15.697014925373134,6.2,77.0,25.7,90.0
51163,75,17.6,16.5,15.576119402985077,5.9,109.0,25.7,90.0
52063,75,17.6,16.5,15.5,5.9,155.0,20.9,91.0
52963,75,17.51818181818182,16.5,15.5,5.7,132.0,22.5,89.0
53863,75,17.5,16.5,15.5,6.1,158.0,17.7,89.0
54763,75,17.5,16.5,15.5,6.3,394.0,19.3,89.0
55663,75,17.456521739130434,16.45205479452055,15.5,6.2,91.0,24.1,87.0
56563,75,17.4,16.198529411764707,15.5,6.3,302.0,20.9,88.0
57463,75,17.4,16.021428571428572,15.5,6.8,153.0,25.7,81.0
58363,75,17.36,16.0,15.5,6.8,62.0,20.9,78.0
59263,75,17.3,16.0,15.494444444444444,6.2,69.0,25.7,80.0
60163,75,17.3,16.0,15.5,5.8,56.0,22.5,81.0
61063,75,17.233333333333334,16.0,15.5,5.9,91.0,20.9,79.0
61963,75,17.208823529411767,29.66923076923077,23.23384615384615,5.9,81.0,19.3,79.0
62863,75,17.77638888888889,56.09558823529412,50.92647058823529,5.8,18.0,12.9,79.0
63763,75,18.607142857142858,52.09848484848485,48.47727272727273,5.6,21.0,16.1,78.0
64663,75,19.06818181818182,44.35714285714285,39.81269841269842,4.6,12.0,12.9,83.0
65563,75,19.444117647058825,51.10869565217392,47.0072463768116,4.3,5.0,11.3,83.0
66463,75,19.69696969696969,32.84782608695652,29.63478260869565,4.3,0.0,16.1,78.0
67363,75,19.60909090909091,25.02898550724638,23.189855072463768,4.3,0.0,19.3,74.0
68263,75,19.444927536231884,43.07462686567165,37.87611940298508,3.9,0.0,20.9,75.0
69163,75,19.69848484848485,42.80882352941176,39.52794117647058,3.7,0.0,19.3,79.0
70063,75,19.795652173913044,28.55882352941176,26.38970588235294,3.4,0.0,20.9,80.0
70963,75,19.634722222222223,23.401639344262296,21.878688524590164,3.2,0.0,22.5,80.0
71863,75,19.396875,22.40151515151515,21.10909090909091,3.3,0.0,24.1,81.0
72763,75,19.2231884057971,45.42957746478873,39.65492957746479,3.3,0.0,24.1,81.0
73663,75,19.595454545454547,54.88461538461538,51.34153846153846,3.2,0.0,25.7,82.0
74563,75,20.03521126760564,55.62857142857143,50.731428571428566,3.2,0.0,27.4,81.0
75463,75,20.330882352941178,55.30357142857143,51.0375,3.0,0.0,27.4,84.0
76363,75,20.810294117647057,55.65573770491803,52.51639344262295,2.8,0.0,20.9,84.0
77263,75,21.04285714285714,55.47727272727273,52.02575757575757,3.0,0.0,24.1,83.0
78163,75,21.14090909090909,50.54861111111111,48.57361111111111,2.8,0.0,24.1,85.0
79063,75,20.93088235294117,42.76086956521739,38.584057971014495,2.9,0.0,29.0,85.0
79963,75,20.966666666666665,50.80281690140845,47.62957746478873,2.7,0.0,20.9,85.0
80863,75,20.7672131147541,33.76229508196722,30.81475409836066,2.9,0.0,24.1,85.0
81763,75,20.330303030303032,25.666666666666668,24.00454545454545,2.8,0.0,24.1,88.0
82663,75,19.960344827586205,21.915384615384617,20.52769230769231,2.6,0.0,20.9,89.0
83563,75,19.731746031746034,19.963235294117645,18.87794117647059,2.8,0.0,20.9,89.0
84463,75,19.558461538461536,19.3,19.04,3.1,0.0,25.7,88.0
85363,75,19.3375,18.86029411764705,18.661764705882355,3.1,0.0,27.4,88.0
86263,75,19.11714285714286,18.57857142857143,18.34857142857143,3.1,0.0,20.9,87.0
763,76,18.922033898305084,17.931034482758623,17.272413793103446,3.1,0.0,22.5,86.0
1663,76,18.703225806451613,17.5,16.83939393939394,3.1,0.0,22.5,87.0
2563,76,18.52394366197183,17.297101449275363,16.51304347826087,3.1,0.0,25.7,88.0
3463,76,18.368115942028982,17.0,16.37272727272727,3.3,0.0,25.7,87.0
4363,76,18.235211267605635,17.0,16.3,3.4,0.0,24.1,87.0
5263,76,18.109859154929577,17.0,16.049253731343285,3.3,0.0,19.3,90.0
6163,76,17.988235294117647,16.73846153846154,16.0,3.3,0.0,22.5,92.0
7063,76,17.889041095890413,16.5,15.918309859154927,2.8,0.0,19.3,93.0
7963,76,17.8,16.5,15.8,2.7,0.0,17.7,94.0
8863,76,17.715068493150685,16.5,15.8,3.1,0.0,25.7,93.0
9763,76,17.64848484848485,16.5,15.713698630136983,3.1,0.0,22.5,93.0
10663,76,17.59365079365079,16.5,15.504545454545454,3.1,0.0,24.1,93.0
11563,76,17.5,16.5,15.5,3.2,0.0,19.3,93.0
12463,76,17.444285714285716,16.36885245901639,15.5,3.2,0.0,20.9,93.0
13363,76,17.4,16.007246376811594,15.5,3.3,0.0,22.5,93.0
14263,76,17.31230769230769,16.0,15.43684210526316,3.3,0.0,17.7,93.0
15163,76,17.295384615384613,16.0,15.3,3.3,0.0,17.7,93.0
16063,76,17.204225352112676,16.0,15.3,3.4,0.0,19.3,93.0
16963,76,17.1953125,16.0,15.3,3.5,0.0,25.7,91.0
17863,76,17.101612903225806,16.0,15.3,3.4,0.0,24.1,91.0
18763,76,17.083870967741937,16.0,15.264179104477613,3.5,0.0,20.9,92.0
19663,76,17.0,16.0,15.026865671641792,3.5,0.0,22.5,92.0
20563,76,16.98030303030303,16.0,15.0,3.5,0.0,27.4,93.0
21463,76,16.9,17.692857142857143,15.607142857142858,3.5,0.0,20.9,93.0
22363,76,17.175714285714285,52.54285714285714,43.707142857142856,3.5,0.0,20.9,92.0
23263,76,18.13870967741936,55.271428571428565,50.94857142857143,3.4,7.0,24.1,93.0
24163,76,18.925714285714285,56.07352941176471,51.44705882352942,3.6,9.0,20.9,93.0
25063,76,20.02173913043478,54.88888888888889,51.37619047619048,3.8,19.0,22.5,93.0
25963,76,20.595454545454547,51.34328358208956,48.07761194029851,3.9,30.0,22.5,92.0
26863,76,20.58955223880597,40.891304347826086,37.90869565217391,4.0,33.0,20.9,92.0
27763,76,20.482089552238808,51.02112676056338,46.680281690140845,4.0,46.0,22.5,92.0
28663,76,20.57826086956522,33.11363636363636,30.18181818181818,4.0,62.0,24.1,91.0
29563,76,20.34117647058824,25.522058823529413,23.469117647058823,3.8,81.0,25.7,92.0
30463,76,20.0044776119403,21.81159420289855,20.35652173913044,4.0,98.0,29.0,92.0
31363,76,19.644776119402984,19.76086956521739,18.7,4.3,105.0,29.0,92.0
32263,76,19.307462686567163,18.52941176470588,17.705882352941178,4.9,146.0,22.5,91.0
33163,76,18.99705882352941,17.785714285714285,17.09,5.2,134.0,22.5,90.0
34063,76,18.71212121212121,17.32857142857143,16.662857142857142,5.6,174.0,20.9,89.0
34963,76,18.475,17.0,16.370588235294118,5.8,162.0,19.3,89.0
35863,76,18.250819672131147,16.73943661971831,16.12676056338028,5.8,171.0,20.9,90.0
36763,76,18.06417910447761,16.5,15.969230769230768,5.9,165.0,19.3,91.0
37663,76,17.905714285714286,16.5,15.8,5.9,183.0,17.7,91.0
38563,76,17.772131147540982,16.5,15.75909090909091,5.9,204.0,17.7,91.0
39463,76,17.660714285714285,16.269230769230766,15.5,6.1,227.0,25.7,90.0
40363,76,17.575,16.0,15.5,6.7,248.0,22.5,91.0
41263,76,17.5,16.0,15.465714285714284,7.2,260.0,22.5,92.0
42163,76,17.414285714285715,16.0,15.30923076923077,7.3,343.0,24.1,91.0
43063,76,17.395652173913042,16.0,15.3,7.0,244.0,25.7,90.0
43963,76,17.30151515151515,16.0,15.3,7.1,323.0,27.4,91.0
44863,76,17.3,16.0,15.3,7.3,234.0,22.5,91.0
45763,76,17.236363636363638,16.0,15.263636363636362,7.3,244.0,25.7,91.0
46663,76,17.2,16.0,15.025352112676057,7.6,230.0,29.0,91.0
47563,76,17.2,16.0,15.0,7.7,258.0,30.6,91.0
48463,76,17.1,16.0,15.0,8.1,278.0,33.8,90.0
49363,76,17.1,15.985074626865671,15.0,8.3,287.0,33.8,89.0
50263,76,17.1,15.75,15.0,8.5,186.0,37.0,89.0
51163,76,17.01076923076923,15.514925373134329,15.0,8.6,232.0,35.4,88.0
52063,76,17.0,15.5,15.0,8.7,146.0,38.6,87.0
52963,76,16.95671641791045,15.5,14.962318840579709,8.9,169.0,40.2,87.0
53863,76,16.9,15.5,14.81904761904762,8.8,158.0,40.2,88.0
54763,76,16.9,15.5,14.8,9.0,146.0,40.2,87.0
55663,76,16.80151515151515,15.5,14.949253731343283,9.0,149.0,38.6,88.0
56563,76,16.8,15.5,14.825806451612902,9.1,114.0,38.6,88.0
57463,76,16.793846153846154,15.5,14.8,9.0,62.0,37.0,88.0
58363,76,16.81044776119403,15.515384615384615,14.984615384615385,8.9,40.0,38.6,89.0
59263,76,16.8,15.5,14.905555555555557,8.8,33.0,37.0,91.0
60163,76,16.72622950819672,15.5,14.8,8.7,54.0,33.8,91.0
61063,76,16.7,15.5,14.8,8.7,16.0,33.8,92.0
61963,76,16.734285714285715,30.33571428571428,23.588571428571427,8.7,32.0,33.8,92.0
62863,76,17.415714285714284,56.75352112676056,50.76197183098592,8.6,5.0,33.8,93.0
63763,76,18.275362318840585,56.07352941176471,51.27941176470588,8.6,0.0,25.7,93.0
64663,76,18.90333333333333,49.2936507936508,44.96666666666667,8.6,0.0,29.0,94.0
65563,76,19.184057971014493,49.59558823529412,44.13676470588236,8.5,0.0,24.1,94.0
66463,76,19.48787878787879,46.71739130434783,42.824637681159416,8.6,0.0,25.7,94.0
67363,76,19.63582089552239,45.784615384615385,41.91230769230769,8.7,0.0,27.4,94.0
68263,76,19.63478260869565,30.44927536231884,28.05507246376812,8.7,0.0,27.4,93.0
69163,76,19.41,25.551470588235293,23.72205882352941,8.6,0.0,22.5,94.0
70063,76,19.3439393939394,50.66417910447761,44.45970149253731,8.6,0.0,27.4,94.0
70963,76,19.572857142857146,36.57575757575758,33.125757575757575,8.6,0.0,25.7,94.0
71863,76,19.52272727272728,26.265151515151512,24.112121212121213,8.5,0.0,27.4,94.0
72763,76,19.307246376811595,22.1984126984127,20.72063492063492,8.4,0.0,24.1,94.0
73663,76,19.18,48.54615384615384,42.0,8.4,0.0,24.1,93.0
74563,76,19.503278688524592,39.81428571428572,36.23571428571428,8.3,0.0,22.5,93.0
75463,76,19.562857142857144,27.5,25.2125,8.2,0.0,22.5,93.0
76363,76,19.392857142857142,22.55797101449276,20.968115942028984,8.2,0.0,24.1,93.0
77263,76,19.18030303030303,33.90769230769231,29.081538461538464,8.3,0.0,25.7,93.0
78163,76,19.394202898550724,48.84615384615385,44.152307692307694,8.4,0.0,19.3,93.0
79063,76,19.6,31.43478260869565,28.63188405797101,8.4,0.0,19.3,93.0
79963,76,19.53913043478261,24.26388888888889,22.45138888888889,8.4,0.0,22.5,93.0
80863,76,19.33076923076923,20.971830985915496,19.7056338028169,8.4,0.0,24.1,93.0
81763,76,19.09558823529412,19.198529411764707,18.258823529411764,8.4,0.0,22.5,93.0
82663,76,18.83230769230769,18.20422535211268,17.463380281690142,8.4,0.0,24.1,92.0
83563,76,18.592537313432835,17.691176470588236,17.33235294117647,8.4,0.0,20.9,92.0
84463,76,18.39857142857143,17.21014492753623,16.63623188405797,8.4,0.0,25.7,93.0
85363,76,18.22,16.875,16.13125,8.4,0.0,24.1,93.0
86263,76,18.053521126760565,16.5,15.880597014925376,8.4,0.0,20.9,93.0
763,77,17.913698630136984,16.5,15.87536231884058,8.4,0.0,22.5,92.0
1663,77,17.773972602739725,16.5,16.238888888888887,8.4,0.0,19.3,93.0
2563,77,17.608955223880596,16.5,15.838805970149256,8.3,0.0,16.1,94.0
3463,77,17.455882352941178,16.229166666666664,15.525,8.3,0.0,19.3,94.0
4363,77,17.335211267605636,16.0,15.485915492957748,8.3,0.0,17.7,94.0
5263,77,17.219117647058823,16.0,15.302941176470588,8.1,0.0,19.3,96.0
6163,77,17.119999999999997,16.0,15.3,7.9,0.0,16.1,97.0
7063,77,17.02089552238806,16.0,15.3,7.9,0.0,14.5,97.0
7963,77,16.943283582089553,16.0,15.102985074626869,7.8,0.0,16.1,97.0
8863,77,16.9,16.0,15.0,7.9,0.0,16.1,97.0
9763,77,16.81060606060606,15.97887323943662,15.0,7.9,0.0,16.1,97.0
10663,77,16.8,15.6640625,15.0,7.8,0.0,14.5,97.0
11563,77,16.71818181818182,15.5,15.0,7.7,0.0,12.9,96.0
12463,77,16.682608695652174,15.5,14.88235294117647,7.6,0.0,11.3,96.0
13363,77,16.6,15.5,14.8,7.6,0.0,12.9,96.0
14263,77,16.559154929577467,15.5,14.8,7.5,0.0,12.9,96.0
15163,77,16.5,15.5,14.8,7.4,0.0,11.3,96.0
16063,77,16.44142857142857,15.5,14.8,7.3,0.0,11.3,96.0
16963,77,16.4,15.5,14.8,7.3,0.0,12.9,96.0
17863,77,16.333333333333336,15.5,14.693846153846152,7.1,0.0,11.3,95.0
18763,77,16.3,15.5,14.5,7.1,0.0,11.3,94.0
19663,77,16.238805970149254,15.5,14.5,6.9,0.0,11.3,94.0
20563,77,16.2,15.5,14.5,6.9,0.0,8.0,94.0
21463,77,16.188235294117646,15.5,14.5,6.6,0.0,4.8,96.0
22363,77,16.1,15.431818181818182,14.5,6.5,0.0,6.4,96.0
23263,77,16.1,16.976190476190474,15.071428571428571,6.4,7.0,3.2,96.0
24163,77,16.277941176470588,51.08695652173913,43.142028985507245,6.3,11.0,4.8,96.0
25063,77,16.85076923076923,38.80597014925373,35.67313432835821,6.1,26.0,3.2,96.0
25963,77,17.15138888888889,26.316901408450708,24.4056338028169,6.0,44.0,1.6,97.0
26863,77,17.2,21.42537313432836,20.161194029850744,6.2,77.0,0.0,97.0
27763,77,17.14857142857143,19.0,18.05084745762712,6.3,51.0,0.0,97.0
28663,77,17.032394366197185,17.5703125,16.86875,6.3,54.0,0.0,97.0
29563,77,16.89857142857143,16.803030303030305,16.21363636363636,6.4,53.0,0.0,97.0
30463,77,16.781159420289857,16.350746268656714,15.822388059701492,6.6,60.0,0.0,97.0
31363,77,16.654929577464788,16.0,15.476470588235292,6.6,49.0,1.6,97.0
32263,77,16.633823529411764,39.42537313432835,32.938805970149254,6.8,54.0,4.8,96.0
33163,77,17.02307692307692,35.82835820895522,33.91194029850746,6.9,74.0,3.2,96.0
34063,77,17.291044776119403,25.15909090909091,24.024242424242424,7.1,76.0,6.4,96.0
34963,77,17.455714285714286,21.15441176470588,20.17205882352941,7.2,79.0,4.8,96.0
35863,77,17.536764705882355,18.81617647058824,17.998529411764707,7.4,77.0,6.4,96.0
36763,77,17.68888888888889,18.007692307692306,18.123076923076923,7.5,95.0,8.0,96.0
37663,77,17.405,17.25,17.02741935483871,7.7,72.0,4.8,97.0
38563,77,17.085454545454546,16.555555555555554,16.04126984126984,7.8,75.0,1.6,97.0
39463,77,16.738095238095237,16.0,15.48125,7.6,49.0,1.6,97.0
40363,77,16.446774193548386,15.628571428571428,15.05714285714286,7.7,74.0,1.6,97.0
41263,77,16.19,15.357142857142858,14.638095238095238,7.8,79.0,3.2,97.0
42163,77,15.989285714285714,15.0,14.5,8.1,120.0,6.4,97.0
43063,77,16.0,15.02542372881356,14.5,8.8,181.0,11.3,97.0
43963,77,16.0,15.09848484848485,14.5,9.1,378.0,17.7,95.0
44863,77,15.907017543859649,15.0,14.491044776119404,9.3,104.0,16.1,93.0
45763,77,15.993333333333334,15.0,14.5,9.0,118.0,12.9,95.0
46663,77,16.075806451612902,15.0,14.47846153846154,8.8,105.0,11.3,96.0
47563,77,16.1,15.0,14.46271186440678,8.7,213.0,11.3,97.0
48463,77,16.16769230769231,15.0,14.46,9.0,223.0,12.9,97.0
49363,77,16.2,15.0,14.487301587301587,9.1,127.0,16.1,95.0
50263,77,16.2,15.0,14.417241379310346,9.4,218.0,17.7,94.0
51163,77,16.2,15.113636363636363,14.45151515151515,9.7,230.0,19.3,90.0
52063,77,16.21875,15.446969696969695,14.5,10.0,322.0,20.9,88.0
52963,77,16.29402985074627,15.423076923076923,14.5,10.2,308.0,22.5,87.0
53863,77,16.20714285714286,15.3828125,14.5,9.8,179.0,27.4,86.0
54763,77,16.2,15.078125,14.5,9.8,149.0,25.7,84.0
55663,77,16.2,15.0,14.5,9.8,128.0,24.1,84.0
56563,77,16.2,15.0,14.5,9.9,141.0,22.5,83.0
57463,77,16.2,15.007462686567164,14.5,9.7,139.0,22.5,81.0
58363,77,16.2,15.119402985074624,14.5,9.6,105.0,22.5,81.0
59263,77,16.2,15.0,14.328985507246378,9.5,74.0,19.3,81.0
60163,77,16.2,15.0,14.3,9.5,78.0,17.7,80.0
61063,77,16.2,15.464285714285714,14.392857142857142,9.4,46.0,16.1,80.0
61963,77,16.966666666666665,34.94117647058824,26.76029411764706,9.2,26.0,17.7,81.0
62863,77,17.36911764705882,55.409090909090914,49.38484848484849,9.1,25.0,14.5,82.0
63763,77,17.992424242424242,53.75735294117648,50.17058823529412,8.9,18.0,14.5,83.0
64663,77,18.68181818181818,52.76428571428571,48.121428571428574,8.8,12.0,14.5,85.0
65563,77,19.23076923076924,56.31818181818181,51.7969696969697,8.6,0.0,19.3,86.0
66463,77,19.73275862068965,57.892857142857146,52.37142857142857,8.5,0.0,20.9,85.0
67363,77,20.047761194029853,56.46212121212121,51.48787878787879,8.3,0.0,20.9,85.0
68263,77,20.32112676056338,56.40151515151515,51.52575757575757,8.2,0.0,22.5,85.0
69163,77,20.534782608695654,57.11594202898552,52.18695652173913,8.2,0.0,24.1,85.0
70063,77,20.71159420289855,56.55714285714286,51.404285714285706,8.2,0.0,25.7,83.0
70963,77,20.862121212121213,56.24242424242424,51.45909090909091,8.1,0.0,19.3,83.0
71863,77,20.977272727272727,55.767605633802816,51.212676056338026,8.0,0.0,19.3,83.0
72763,77,21.027941176470588,43.45588235294117,39.28676470588236,7.7,0.0,19.3,84.0
73663,77,20.80149253731344,29.11940298507463,26.08805970149254,7.7,0.0,16.1,84.0
74563,77,20.415942028985505,23.676470588235293,21.54558823529412,7.6,0.0,11.3,87.0
75463,77,19.982857142857146,20.808823529411764,19.28382352941177,7.4,0.0,11.3,90.0
76363,77,19.556716417910447,19.149253731343286,18.06716417910448,7.3,0.0,12.9,91.0
77263,77,19.184722222222224,18.213235294117645,17.32794117647059,7.2,0.0,11.3,92.0
78163,77,18.85774647887324,17.62037037037037,16.87037037037037,7.1,0.0,12.9,92.0
79063,77,18.55573770491804,17.166666666666664,16.50952380952381,6.9,0.0,11.3,92.0
79963,77,18.294520547945204,17.0,16.302857142857142,6.9,0.0,11.3,93.0
80863,77,18.03538461538461,16.73943661971831,16.016901408450703,6.8,0.0,4.8,93.0
81763,77,17.836764705882352,16.5,15.897142857142857,6.8,0.0,6.4,94.0
82663,77,17.675757575757576,16.5,15.8,6.9,0.0,6.4,95.0
83563,77,17.55142857142857,16.5,15.62,7.1,0.0,9.7,95.0
84463,77,17.444285714285716,16.352941176470587,15.5,7.9,0.0,12.9,96.0
85363,77,17.349253731343286,16.28985507246377,15.665217391304347,8.2,0.0,6.4,93.0
86263,77,17.27894736842105,16.042372881355934,15.52542372881356,7.9,0.0,4.8,94.0
763,78,17.2,16.0,15.496825396825397,7.9,0.0,4.8,95.0
1663,78,17.146153846153844,16.0,15.329032258064515,7.8,0.0,3.2,96.0
2563,78,17.1,16.0,15.424242424242426,7.8,0.0,3.2,97.0
3463,78,17.00923076923077,16.0,15.3,9.1,0.0,16.1,98.0
4363,78,16.931343283582088,16.0,15.03913043478261,9.4,0.0,19.3,97.0
5263,78,16.9,16.0,15.0,9.7,0.0,19.3,96.0
6163,78,16.825757575757574,15.886363636363637,15.0,9.7,0.0,17.7,96.0
7063,78,16.8,15.530303030303031,15.0,9.8,0.0,20.9,95.0
7963,78,16.771428571428572,15.5,15.0,9.7,0.0,22.5,95.0
8863,78,16.7,15.5,14.850704225352112,9.7,0.0,25.7,95.0
9763,78,16.7,15.5,14.8,9.7,0.0,22.5,95.0
10663,78,16.6109375,15.5,14.8,9.7,0.0,22.5,95.0
11563,78,16.6,15.5,14.8,9.7,0.0,22.5,95.0
12463,78,16.577611940298507,15.5,14.8,9.7,0.0,22.5,95.0
13363,78,16.5,15.5,14.8,9.6,0.0,19.3,96.0
14263,78,16.5,15.5,14.8,9.6,0.0,22.5,95.0
15163,78,16.478787878787877,15.5,14.8,9.6,0.0,22.5,95.0
16063,78,16.4,15.5,14.695652173913045,9.6,0.0,27.4,95.0
16963,78,16.4,15.5,14.532876712328768,9.6,0.0,27.4,95.0
17863,78,16.38307692307692,15.5,14.5,9.6,0.0,24.1,95.0
18763,78,16.3,15.5,14.5,9.5,0.0,22.5,95.0
19663,78,16.3,15.5,14.5,9.5,0.0,22.5,95.0
20563,78,16.266176470588235,15.5,14.5,9.5,0.0,24.1,95.0
21463,78,16.2,15.492424242424244,14.5,9.6,0.0,27.4,95.0
22363,78,16.2,15.397058823529411,14.5,9.6,0.0,25.7,95.0
23263,78,16.2,17.037313432835823,15.126865671641792,9.6,12.0,24.1,95.0
24163,78,16.473134328358206,51.028985507246375,42.92898550724637,9.6,21.0,24.1,95.0
25063,78,17.192307692307693,39.25714285714285,36.13857142857143,9.6,25.0,24.1,94.0
25963,78,17.482608695652175,26.5774647887324,24.70845070422536,9.6,21.0,24.1,94.0
26863,78,17.559722222222224,21.47142857142857,20.24285714285714,9.6,16.0,24.1,94.0
27763,78,17.494202898550725,19.05072463768116,18.142028985507245,9.7,113.0,24.1,94.0
28663,78,17.372857142857143,17.6875,17.005555555555553,9.7,40.0,24.1,94.0
29563,78,17.27910447761194,17.166666666666664,16.946376811594202,9.6,76.0,24.1,95.0
30463,78,17.286956521739132,16.642857142857142,16.417142857142856,9.6,104.0,25.7,95.0
31363,78,17.281159420289857,16.55223880597015,16.444776119402984,9.6,122.0,22.5,94.0
32263,78,17.1515625,16.176923076923078,15.792307692307691,9.8,132.0,20.9,93.0
33163,78,17.03787878787879,16.0,15.5,9.9,216.0,22.5,91.0
34063,78,16.936764705882354,16.0,15.308823529411764,10.1,214.0,22.5,91.0
34963,78,16.85217391304348,15.917910447761193,15.3,10.2,176.0,22.5,90.0
35863,78,16.793939393939393,15.514285714285714,15.227142857142857,9.7,132.0,22.5,89.0
36763,78,16.7,15.5,15.04285714285714,9.5,202.0,19.3,88.0
37663,78,16.659701492537316,15.5,15.259701492537314,9.4,169.0,20.9,88.0
38563,78,16.6,15.5,15.0,9.2,172.0,22.5,89.0
39463,78,16.6,15.5,15.0,9.4,492.0,17.7,89.0
40363,78,16.507246376811594,15.5,14.937313432835822,9.9,345.0,20.9,86.0
41263,78,16.5,15.714285714285714,15.254285714285714,10.2,299.0,25.7,83.0
42163,78,16.5,15.5,15.124285714285714,10.4,234.0,24.1,81.0
43063,78,16.5,15.5,14.988571428571428,10.0,192.0,22.5,82.0
43963,78,16.5,15.5,14.808695652173911,11.1,594.0,24.1,79.0
44863,78,16.5,15.5,14.8,10.5,193.0,24.1,79.0
45763,78,16.5,15.5,14.8,10.6,343.0,25.7,78.0
46663,78,16.5,15.5,14.894285714285717,10.8,248.0,24.1,76.0
47563,78,16.5,15.5,14.894117647058824,10.4,234.0,22.5,78.0
48463,78,16.5,15.5,14.81492537313433,10.3,218.0,27.4,79.0
49363,78,16.5,15.5,15.0,10.4,294.0,19.3,81.0
50263,78,16.5,15.5,14.834782608695653,10.5,341.0,24.1,77.0
51163,78,16.5,15.5,14.8,11.1,490.0,27.4,71.0
52063,78,16.455072463768115,15.5,14.8,10.6,111.0,27.4,70.0
52963,78,16.4,15.5,14.8,10.9,308.0,22.5,70.0
53863,78,16.4,15.5,14.8,10.4,79.0,19.3,73.0
54763,78,16.330000000000002,15.5,14.8,10.0,123.0,25.7,73.0
55663,78,16.3,15.5,14.791428571428572,9.9,141.0,27.4,74.0
56563,78,16.3,15.5,14.716176470588234,9.3,116.0,25.7,76.0
57463,78,16.292424242424243,15.5,14.51818181818182,9.1,202.0,22.5,75.0
58363,78,16.2,15.5,14.5,9.4,60.0,25.7,72.0
59263,78,16.2,15.472222222222223,14.5,9.2,86.0,25.7,72.0
60163,78,16.2,15.37121212121212,14.5,9.1,56.0,25.7,72.0
61063,78,16.2,15.118055555555554,14.5,8.9,67.0,29.0,71.0
61963,78,16.14558823529412,15.0,14.5,8.7,42.0,24.1,73.0
62863,78,16.1,15.0,14.5,8.0,18.0,29.0,75.0
63763,78,16.1,15.0,14.5,7.8,16.0,27.4,77.0
64663,78,16.055,15.0,14.5,7.7,18.0,22.5,75.0
65563,78,16.0,15.0,14.5,7.4,9.0,20.9,75.0
66463,78,16.0,15.0,14.5,7.1,0.0,17.7,78.0
67363,78,15.936764705882354,15.0,14.5,6.9,0.0,19.3,79.0
68263,78,15.9,15.014285714285714,14.471428571428572,6.2,0.0,19.3,81.0
69163,78,15.9,15.0,14.177272727272728,6.1,0.0,22.5,82.0
70063,78,,,,6.2,0.0,20.9,81.0
70963,78,,,,6.3,0.0,17.7,81.0
71863,78,,,,6.5,0.0,24.1,81.0
72763,78,,,,6.3,0.0,20.9,83.0
73663,78,,,,5.9,0.0,17.7,83.0
74563,78,,,,5.6,0.0,17.7,84.0
75463,78,,,,5.2,0.0,16.1,85.0
76363,78,,,,5.3,0.0,17.7,84.0
77263,78,,,,5.3,0.0,19.3,85.0
78163,78,,,,5.4,0.0,20.9,84.0
79063,78,,,,5.2,0.0,17.7,84.0
79963,78,,,,5.1,0.0,17.7,85.0
80863,78,,,,5.0,0.0,12.9,85.0
81763,78,,,,4.9,0.0,12.9,85.0
82663,78,,,,5.1,0.0,16.1,84.0
83563,78,,,,5.4,0.0,19.3,82.0
84463,78,,,,5.6,0.0,19.3,81.0
85363,78,,,,5.6,0.0,19.3,82.0
86263,78,,,,5.4,0.0,14.5,81.0
763,79,,,,5.1,0.0,12.9,84.0
1663,79,,,,4.9,0.0,14.5,84.0
2563,79,,,,4.8,0.0,12.9,84.0
3463,79,,,,5.2,0.0,14.5,82.0
4363,79,,,,5.0,0.0,12.9,83.0
5263,79,,,,5.0,0.0,16.1,84.0
6163,79,,,,5.2,0.0,19.3,84.0
7063,79,,,,5.6,0.0,19.3,83.0
7963,79,,,,5.7,0.0,20.9,83.0
8863,79,,,,5.8,0.0,20.9,83.0
9763,79,,,,5.7,0.0,19.3,85.0
10663,79,,,,5.9,0.0,20.9,85.0
11563,79,,,,6.0,0.0,22.5,85.0
12463,79,,,,6.2,0.0,22.5,85.0
13363,79,,,,6.6,0.0,29.0,85.0
14263,79,,,,6.7,0.0,25.7,86.0
15163,79,,,,6.9,0.0,22.5,86.0
16063,79,,,,7.5,0.0,29.0,87.0
16963,79,,,,7.7,0.0,33.8,86.0
17863,79,,,,7.7,0.0,29.0,85.0
18763,79,,,,7.7,0.0,27.4,85.0
19663,79,,,,7.7,0.0,29.0,85.0
20563,79,,,,7.7,0.0,29.0,87.0
21463,79,,,,7.5,0.0,24.1,89.0
22363,79,,,,7.6,0.0,27.4,88.0
23263,79,,,,7.8,9.0,25.7,86.0
24163,79,,,,7.8,14.0,30.6,88.0
25063,79,,,,7.7,7.0,30.6,89.0
25963,79,,,,7.2,14.0,35.4,90.0
26863,79,,,,6.5,26.0,25.7,87.0
27763,79,,,,6.2,31.0,27.4,86.0
28663,79,,,,6.1,100.0,25.7,84.0
29563,79,,,,6.2,137.0,22.5,84.0
30463,79,,,,6.2,132.0,24.1,84.0
31363,79,,,,6.3,267.0,22.5,84.0
32263,79,,,,5.9,98.0,30.6,83.0
33163,79,,,,4.8,114.0,27.4,87.0
34063,79,,,,5.3,118.0,25.7,80.0
34963,79,,,,5.8,263.0,25.7,79.0
35863,79,,,,6.7,675.0,27.4,77.0
36763,79,,,,4.9,113.0,25.7,85.0
37663,79,,,,4.9,200.0,24.1,84.0
38563,79,,,,4.4,102.0,29.0,82.0
39463,79,,,,6.1,522.0,29.0,80.0
40363,79,,,,6.7,540.0,29.0,78.0
41263,79,,,,7.2,169.0,27.4,73.0
42163,79,,,,7.1,693.0,19.3,79.0
43063,79,,,,7.9,578.0,25.7,68.0
43963,79,,,,5.9,132.0,33.8,79.0
44863,79,,,,5.5,564.0,29.0,86.0
45763,79,,,,6.9,573.0,30.6,78.0
46663,79,,,,5.3,74.0,35.4,84.0
47563,79,,,,5.0,49.0,25.7,86.0
48463,79,,,,4.1,104.0,27.4,88.0
49363,79,,,,4.2,236.0,20.9,92.0
50263,79,,,,5.6,338.0,20.9,83.0
51163,79,,,,6.2,492.0,19.3,83.0
52063,79,,,,5.9,457.0,29.0,82.0
52963,79,16.1,15.0,14.3,6.7,446.0,20.9,81.0
53863,79,16.1,15.0,14.3,7.0,443.0,24.1,77.0
54763,79,16.1,15.0,14.3,6.8,146.0,22.5,75.0
55663,79,16.05909090909091,15.0,14.3,7.0,371.0,29.0,70.0
56563,79,16.0,15.0,14.3,7.2,358.0,25.7,70.0
57463,79,16.0,15.0,14.3,6.8,83.0,22.5,71.0
58363,79,15.99848484848485,15.0,14.3,5.3,160.0,22.5,80.0
59263,79,15.91044776119403,15.0,14.3,5.3,130.0,19.3,85.0
60163,79,15.9,15.0,14.3,5.9,83.0,27.4,76.0
61063,79,15.9,15.0,14.3,4.7,107.0,24.1,87.0
61963,79,15.847058823529412,27.58208955223881,21.18805970149253,4.4,47.0,20.9,87.0
62863,79,16.682089552238807,56.44615384615385,49.995384615384616,4.6,63.0,17.7,85.0
63763,79,18.06617647058824,58.59230769230769,53.54615384615384,4.8,49.0,20.9,83.0
64663,79,18.932352941176468,59.17647058823529,54.43235294117648,4.6,12.0,17.7,84.0
65563,79,19.48985507246377,54.76086956521739,51.32898550724637,4.3,5.0,20.9,82.0
66463,79,19.7,40.42857142857143,36.83428571428571,3.9,0.0,17.7,83.0
67363,79,19.74090909090909,50.89705882352941,45.92794117647058,3.8,0.0,20.9,83.0
68263,79,19.77058823529412,33.625,30.002941176470586,3.6,0.0,22.5,84.0
69163,79,19.54558823529412,25.06617647058824,22.635294117647057,3.5,0.0,22.5,84.0
70063,79,19.21587301587301,21.57971014492754,20.15797101449275,3.6,0.0,25.7,84.0
70963,79,18.913846153846155,34.3046875,29.8515625,3.6,0.0,25.7,84.0
71863,79,18.691044776119405,33.85507246376812,28.7463768115942,3.7,0.0,29.0,84.0
72763,79,18.704545454545453,50.54838709677419,42.88225806451613,3.6,0.0,29.0,87.0
73663,79,19.123880597014924,56.4765625,49.8140625,3.4,0.0,29.0,86.0
74563,79,19.612121212121213,57.0,50.97941176470589,3.4,0.0,30.6,86.0
75463,79,19.99714285714285,57.0,50.91076923076923,3.4,0.0,30.6,86.0
76363,79,20.30923076923077,57.0,50.93714285714286,3.3,0.0,29.0,86.0
77263,79,20.590140845070422,55.59558823529412,50.114705882352936,3.3,0.0,27.4,87.0
78163,79,20.67230769230769,41.68840579710145,36.197101449275365,3.3,0.0,27.4,87.0
79063,79,20.63285714285714,52.88461538461538,46.61538461538461,3.3,0.0,27.4,87.0
79963,79,20.66029411764706,34.92028985507246,29.6536231884058,3.3,0.0,27.4,87.0
80863,79,20.46029411764706,26.0234375,23.1484375,3.1,0.0,25.7,87.0
81763,79,20.13870967741936,21.809859154929576,20.067605633802817,3.1,0.0,27.4,86.0
82663,79,19.819402985074625,20.007042253521128,18.991549295774647,3.0,0.0,27.4,87.0
83563,79,19.52753623188406,18.79285714285714,18.05142857142857,2.8,0.0,25.7,88.0
84463,79,19.16440677966101,17.955357142857142,17.25714285714286,2.9,0.0,33.8,87.0
85363,79,18.85223880597015,17.5,16.843478260869567,2.6,0.0,29.0,90.0
86263,79,18.537313432835823,17.014492753623188,16.456521739130434,2.4,0.0,19.3,90.0
763,80,18.28985507246377,16.945945945945944,16.263513513513512,2.4,0.0,17.7,90.0
1663,80,18.074242424242424,16.5,16.0,2.3,0.0,20.9,90.0
2563,80,17.86417910447761,16.5,15.85142857142857,2.1,0.0,19.3,90.0
3463,80,17.716417910447763,16.5,15.795714285714286,1.9,0.0,17.7,91.0
4363,80,17.569117647058825,16.115942028985508,15.504347826086956,1.8,0.0,12.9,91.0
5263,80,17.456338028169014,16.0,15.5,2.0,0.0,19.3,91.0
6163,80,17.344117647058823,16.0,15.317391304347826,2.1,0.0,19.3,90.0
7063,80,17.24920634920635,16.0,15.3,2.4,0.0,27.4,89.0
7963,80,17.159701492537316,16.0,15.141428571428571,1.8,0.0,20.9,91.0
8863,80,17.068656716417912,15.90909090909091,15.0,1.6,0.0,17.7,92.0
9763,80,16.99375,15.507142857142858,15.0,1.9,0.0,17.7,91.0
10663,80,16.9,15.5,14.98840579710145,1.9,0.0,19.3,90.0
11563,80,16.838235294117645,15.5,14.810666666666666,1.9,0.0,24.1,90.0
12463,80,16.8,15.5,14.8,1.4,0.0,22.5,93.0
13363,80,16.71363636363636,15.5,14.8,1.5,0.0,25.7,92.0
14263,80,16.65441176470588,15.5,14.791044776119405,1.4,0.0,24.1,91.0
15163,80,16.6,15.5,14.5046875,1.4,0.0,24.1,89.0
16063,80,16.51194029850746,15.5,14.5,1.4,0.0,24.1,89.0
16963,80,16.49718309859155,15.338235294117649,14.5,1.3,0.0,20.9,90.0
17863,80,16.4,15.01388888888889,14.5,1.4,0.0,29.0,89.0
18763,80,16.37391304347826,15.0,14.497101449275362,1.3,0.0,29.0,91.0
19663,80,16.3,15.0,14.340579710144928,0.8,0.0,25.7,94.0
20563,80,16.236764705882354,15.0,14.3,0.6,0.0,30.6,94.0
21463,80,16.2,16.213235294117645,14.642647058823531,0.4,0.0,22.5,96.0
22363,80,16.366666666666667,46.15441176470589,36.252941176470586,0.4,0.0,32.2,96.0
23263,80,17.3625,56.47857142857144,51.08714285714286,0.4,0.0,27.4,95.0
24163,80,18.30434782608696,57.13432835820895,51.83880597014926,0.3,5.0,17.7,96.0
25063,80,19.065671641791045,57.463235294117645,52.02205882352941,0.4,9.0,27.4,96.0
25963,80,19.67205882352941,57.50735294117648,52.26029411764706,0.3,11.0,25.7,96.0
26863,80,20.161764705882355,57.5234375,52.334375,0.4,26.0,27.4,95.0
27763,80,20.48,48.22463768115942,44.60144927536232,0.5,22.0,30.6,95.0
28663,80,20.315384615384616,30.8359375,27.134375,0.6,26.0,29.0,93.0
29563,80,20.003174603174603,24.94202898550725,23.081159420289858,0.6,14.0,30.6,94.0
30463,80,19.60579710144928,21.2112676056338,20.025352112676057,0.7,54.0,32.2,94.0
31363,80,19.212307692307693,19.11971830985916,18.17323943661972,0.8,26.0,32.2,93.0
32263,80,18.83943661971831,17.985714285714288,17.212857142857143,0.8,39.0,35.4,92.0
33163,80,18.506896551724136,17.284615384615385,16.624615384615385,0.8,62.0,33.8,93.0
34063,80,18.23636363636364,16.838709677419352,16.21290322580645,1.2,120.0,27.4,92.0
34963,80,18.015714285714285,16.5,15.930434782608696,1.6,359.0,33.8,92.0
35863,80,17.81818181818182,16.319444444444446,15.779166666666663,2.0,392.0,35.4,88.0
36763,80,17.64848484848485,16.0,15.5,1.9,475.0,37.0,86.0
37663,80,17.514084507042252,16.0,15.381690140845071,2.2,512.0,38.6,87.0
38563,80,17.377142857142857,16.0,15.3,2.2,526.0,40.2,87.0
39463,80,17.266666666666666,15.676470588235292,15.061764705882354,2.7,552.0,38.6,87.0
40363,80,17.15942028985507,15.5,15.0,3.0,554.0,41.8,86.0
41263,80,17.052777777777777,15.5,15.0,3.4,571.0,27.4,88.0
42163,80,16.96060606060606,15.5,14.856338028169016,3.6,571.0,29.0,85.0
43063,80,16.9,15.5,14.8,3.8,587.0,37.0,80.0
43963,80,16.811764705882354,15.5,14.8,3.8,589.0,38.6,80.0
44863,80,16.78529411764706,15.5,14.786956521739132,4.3,587.0,27.4,80.0
45763,80,16.7,15.471428571428572,14.512857142857143,4.5,587.0,29.0,79.0
46663,80,16.63582089552239,15.029850746268655,14.5,4.9,592.0,27.4,77.0
47563,80,16.5955223880597,15.0,14.5,4.7,476.0,25.7,77.0
48463,80,16.5,15.0,14.494202898550723,5.7,591.0,22.5,75.0
49363,80,16.498529411764707,15.0,14.356716417910448,5.7,536.0,24.1,72.0
50263,80,16.40142857142857,15.0,14.3,4.8,172.0,29.0,72.0
51163,80,16.4,15.0,14.3,5.7,670.0,29.0,72.0
52063,80,16.33582089552239,15.0,14.3,4.0,747.0,24.1,82.0
52963,80,16.3,15.0,14.3,3.6,151.0,14.5,83.0
53863,80,16.3,15.0,14.3,5.3,454.0,17.7,70.0
54763,80,16.213432835820896,15.0,14.3,5.8,452.0,25.7,65.0
55663,80,16.2,15.0,14.286764705882351,6.0,403.0,25.7,67.0
56563,80,16.198591549295777,15.0,14.045454545454549,5.9,371.0,27.4,66.0
57463,80,16.101492537313433,15.0,14.0,5.7,174.0,25.7,65.0
58363,80,16.1,14.99264705882353,14.0,5.4,93.0,27.4,62.0
59263,80,16.056521739130435,14.91304347826087,14.0,5.4,118.0,20.9,63.0
60163,80,16.0,14.690140845070422,14.0,5.7,114.0,17.7,65.0
61063,80,15.99264705882353,14.507142857142858,14.0,5.4,125.0,17.7,64.0
61963,80,15.911475409836068,24.73684210526316,19.398245614035087,5.3,95.0,17.7,67.0
62863,80,16.48548387096774,54.0,45.84827586206897,5.1,90.0,17.7,69.0
63763,80,17.739215686274513,56.7843137254902,51.43333333333334,4.9,70.0,14.5,70.0
64663,80,18.686,56.66666666666666,51.4843137254902,4.3,26.0,14.5,73.0
65563,80,19.444230769230767,57.17543859649123,51.626315789473686,3.8,9.0,16.1,75.0
66463,80,19.882089552238806,53.34615384615385,48.932307692307695,3.5,0.0,19.3,76.0
67363,80,20.04179104477612,43.94285714285714,38.72714285714285,3.1,0.0,20.9,78.0
68263,80,20.192424242424245,50.60714285714285,46.23714285714286,3.0,0.0,19.3,80.0
69163,80,20.23692307692308,31.885245901639344,28.3,2.9,0.0,17.7,80.0
70063,80,19.974242424242423,24.65,22.01714285714285,2.9,0.0,14.5,81.0
70963,80,19.591044776119404,21.07857142857143,19.41857142857143,3.0,0.0,17.7,83.0
71863,80,19.24655172413793,35.49107142857143,30.29642857142857,2.3,0.0,20.9,83.0
72763,80,19.47868852459016,44.62068965517241,40.40172413793103,2.3,0.0,19.3,80.0
73663,80,19.7,29.21296296296296,25.566666666666663,2.5,0.0,16.1,78.0
74563,80,19.553846153846155,44.11029411764706,38.319117647058825,2.4,0.0,16.1,80.0
75463,80,19.734375,56.57692307692307,51.95076923076923,2.4,0.0,14.5,82.0
76363,80,20.02089552238806,57.0,52.46811594202899,2.3,0.0,16.1,79.0
77263,80,20.23846153846154,57.09016393442623,52.58360655737705,2.6,0.0,17.7,75.0
78163,80,20.397142857142857,57.621212121212125,53.32575757575758,2.4,0.0,12.9,76.0
79063,80,20.57575757575757,57.333333333333336,52.453968253968256,2.3,0.0,8.0,77.0
79963,80,20.6,41.93181818181818,38.78484848484849,2.1,0.0,8.0,78.0
80863,80,20.464285714285715,28.42537313432836,25.653731343283585,1.8,0.0,4.8,79.0
81763,80,20.14929577464789,23.174242424242426,21.2939393939394,1.7,0.0,6.4,79.0
82663,80,19.76969696969697,20.410958904109588,19.13013698630137,1.6,0.0,6.4,79.0
83563,80,19.324242424242424,18.838709677419352,17.866129032258065,1.5,0.0,4.8,80.0
84463,80,18.87,17.80597014925373,17.046268656716418,1.6,0.0,6.4,80.0
85363,80,18.471212121212123,17.207692307692305,16.543076923076924,1.6,0.0,6.4,81.0
86263,80,18.169117647058822,17.0,16.27857142857143,1.3,0.0,6.4,82.0
763,81,18.024242424242424,16.53787878787879,16.06818181818182,1.3,0.0,4.8,82.0
1663,81,17.7887323943662,16.330882352941178,15.729411764705882,1.3,0.0,4.8,82.0
2563,81,17.565217391304348,16.0,15.373015873015872,1.3,0.0,4.8,82.0
3463,81,17.381690140845073,15.97101449275362,15.091304347826089,0.7,0.0,3.2,83.0
4363,81,17.225757575757576,15.521428571428572,14.95714285714286,0.1,0.0,3.2,85.0
5263,81,17.058823529411764,15.5,14.8,-0.2,0.0,1.6,86.0
6163,81,16.936764705882354,15.5,14.708333333333334,-0.3,0.0,0.0,87.0
7063,81,16.830882352941178,15.5,14.5,-0.4,0.0,0.0,89.0
7963,81,16.734375,15.102941176470589,14.476470588235292,-0.4,0.0,0.0,88.0
8863,81,16.625757575757575,15.0,14.302898550724638,-0.4,0.0,0.0,88.0
9763,81,16.52608695652174,15.0,14.3,-0.6,0.0,0.0,88.0
10663,81,16.45294117647059,15.0,14.295652173913044,-0.6,0.0,0.0,89.0
11563,81,16.372307692307693,15.0,14.030882352941177,-0.5,0.0,0.0,90.0
12463,81,16.28529411764706,15.0,14.0,-0.6,0.0,0.0,90.0
13363,81,16.2,14.97826086956522,14.0,-0.6,0.0,0.0,90.0
14263,81,16.143478260869564,14.628571428571428,13.997142857142856,-0.6,0.0,6.4,91.0
15163,81,16.08970588235294,14.5,13.823529411764708,-0.7,0.0,3.2,90.0
16063,81,16.0,14.5,13.8,-0.4,0.0,4.8,91.0
16963,81,15.94285714285714,14.5,13.8,-0.3,0.0,4.8,90.0
17863,81,15.9,14.5,13.8,-0.2,0.0,3.2,89.0
18763,81,15.80857142857143,14.5,13.78732394366197,-0.3,0.0,1.6,89.0
19663,81,15.77826086956522,14.5,13.516901408450703,-0.2,0.0,3.2,90.0
20563,81,15.7,14.5,13.5,0.1,0.0,4.8,89.0
21463,81,15.64516129032258,15.777777777777777,13.828571428571427,0.4,0.0,4.8,87.0
22363,81,15.7921875,44.131147540983605,35.1344262295082,0.4,0.0,3.2,87.0
23263,81,16.691304347826087,53.33098591549295,49.92394366197183,0.4,7.0,3.2,87.0
24163,81,17.507042253521128,53.5,50.5,0.4,9.0,3.2,88.0
25063,81,18.1,53.58088235294117,50.53235294117647,0.4,19.0,3.2,88.0
25963,81,18.459375,40.83582089552239,38.046268656716414,0.5,26.0,3.2,90.0
26863,81,19.019117647058824,46.492753623188406,42.21014492753624,0.8,40.0,4.8,92.0
27763,81,18.05507246376812,38.69285714285714,37.18,1.1,68.0,6.4,91.0
28663,81,17.69838709677419,28.359154929577464,26.585915492957746,1.4,100.0,9.7,91.0
29563,81,17.672857142857143,22.13235294117647,20.905882352941177,1.7,100.0,8.0,91.0
30463,81,17.5044776119403,19.253521126760564,18.34929577464789,2.1,113.0,8.0,92.0
31363,81,17.2943661971831,17.784615384615385,17.056923076923077,2.3,110.0,11.3,92.0
32263,81,17.071641791044776,16.833333333333336,16.228985507246378,2.6,123.0,11.3,92.0
33163,81,16.864285714285714,16.27941176470588,15.694117647058825,3.0,109.0,14.5,91.0
34063,81,16.71470588235294,15.97058823529412,15.355882352941176,3.1,109.0,14.5,91.0
34963,81,16.561194029850746,15.5,15.009230769230768,3.4,146.0,14.5,88.0
35863,81,16.44848484848485,15.5,14.809090909090909,3.7,105.0,12.9,87.0
36763,81,16.337681159420292,15.208955223880595,14.701492537313433,3.8,97.0,16.1,85.0
37663,81,16.2171875,15.0,14.5,3.8,69.0,16.1,89.0
38563,81,16.12923076923077,15.0,14.346875,3.6,44.0,17.7,90.0
39463,81,16.1,15.0,14.3,3.5,62.0,19.3,91.0
40363,81,15.977272727272728,14.88888888888889,14.12,3.5,53.0,17.7,91.0
41263,81,15.9,14.522727272727272,14.0,3.6,90.0,17.7,91.0
42163,81,15.86,14.5,14.0,3.8,87.0,16.1,91.0
43063,81,15.8,14.5,13.968421052631578,4.1,160.0,17.7,90.0
43963,81,15.725714285714286,14.5,13.8,4.3,91.0,19.3,89.0
44863,81,15.696610169491526,14.5,13.8,4.3,81.0,20.9,89.0
45763,81,15.60222222222222,14.5,13.8,4.3,90.0,19.3,90.0
46663,81,15.595,14.5,13.70655737704918,4.2,70.0,17.7,92.0
47563,81,15.5,14.5,13.51967213114754,3.8,102.0,17.7,91.0
48463,81,15.5,14.5,13.5,3.8,120.0,14.5,91.0
49363,81,15.423076923076923,14.25,13.5,3.4,83.0,17.7,93.0
50263,81,15.39848484848485,14.0,13.5,3.3,72.0,16.1,94.0
51163,81,15.3,14.0,13.445454545454549,3.3,51.0,14.5,95.0
52063,81,15.29718309859155,14.0,13.3,3.4,67.0,14.5,95.0
52963,81,15.201449275362318,14.0,13.3,3.4,52.0,14.5,95.0
53863,81,15.1768115942029,14.0,13.3,3.2,88.0,19.3,95.0
54763,81,15.1,14.0,13.221917808219178,3.0,79.0,20.9,93.0
55663,81,15.080303030303032,14.0,13.016901408450703,2.9,74.0,19.3,93.0
56563,81,15.0,14.0,13.0,3.1,51.0,14.5,93.0
57463,81,15.0,14.0,13.0,3.1,28.0,16.1,92.0
58363,81,14.936363636363636,14.0,13.0,3.1,40.0,14.5,92.0
59263,81,14.9,13.913333333333332,13.0,3.1,44.0,16.1,92.0
60163,81,14.85,13.76027397260274,13.0,3.1,26.0,19.3,91.0
61063,81,14.8,13.5,13.0,3.1,26.0,14.5,92.0
61963,81,14.8,22.813432835820898,17.497014925373133,2.7,14.0,17.7,92.0
62863,81,15.13030303030303,53.791044776119406,45.89850746268657,2.7,7.0,16.1,94.0
63763,81,15.9015625,54.94927536231884,50.40144927536232,2.7,5.0,17.7,94.0
64663,81,16.172727272727272,50.76470588235294,46.64705882352941,2.8,0.0,19.3,93.0
65563,81,16.362121212121213,54.67647058823529,49.69264705882353,2.7,0.0,24.1,94.0
66463,81,16.564285714285713,51.0,46.94,2.6,0.0,17.7,95.0
67363,81,16.6296875,43.33333333333333,39.87391304347826,2.4,0.0,19.3,95.0
68263,81,16.59047619047619,32.47540983606557,29.55573770491804,2.4,0.0,17.7,95.0
69163,81,16.65,46.91044776119403,41.113432835820895,2.6,0.0,17.7,95.0
70063,81,16.98,41.27941176470589,37.24264705882353,2.6,0.0,17.7,96.0
70963,81,17.16984126984127,42.669230769230765,39.20769230769231,2.8,0.0,21.7,95.0
71863,81,17.21969696969697,45.36231884057971,39.34202898550724,2.9,0.0,16.1,95.0
72763,81,17.506060606060608,44.871428571428574,40.981428571428566,3.1,0.0,21.7,94.0
73663,81,17.667605633802815,51.969230769230776,45.93692307692308,3.2,0.0,22.5,94.0
74563,81,17.975714285714286,40.13768115942029,36.150724637681165,3.3,0.0,20.9,93.0
75463,81,17.843055555555555,29.22463768115941,26.189855072463768,3.6,0.0,19.3,94.0
76363,81,17.757534246575343,51.77536231884058,44.95652173913044,3.7,0.0,20.9,92.0
77263,81,17.985714285714288,38.57692307692308,34.744615384615386,3.7,0.0,20.9,92.0
78163,81,17.92676056338028,27.340909090909093,24.3969696969697,3.9,0.0,22.5,93.0
79063,81,17.76153846153846,22.615942028985508,21.02173913043478,3.8,0.0,24.1,93.0
79963,81,17.53636363636364,19.921875,19.1765625,3.6,0.0,25.7,92.0
80863,81,17.256363636363638,18.0390625,17.34375,3.4,0.0,27.4,93.0
81763,81,17.014705882352942,21.455882352941178,19.185294117647057,3.4,0.0,27.4,94.0
82663,81,16.987692307692306,50.69117647058824,41.688235294117646,3.4,0.0,20.9,94.0
83563,81,17.54,55.656716417910445,50.38805970149254,3.6,0.0,20.9,93.0
84463,81,18.10579710144928,40.81428571428572,37.17857142857143,3.7,0.0,22.5,94.0
85363,81,18.17794117647059,27.77692307692308,24.75230769230769,3.8,0.0,22.5,93.0
86263,81,18.019117647058824,22.416666666666664,20.211111111111112,3.8,0.0,24.1,92.0
763,82,17.764788732394365,19.44029850746269,18.15373134328358,3.8,0.0,24.1,91.0
1663,82,17.485294117647058,17.860294117647058,16.95441176470588,3.9,0.0,24.1,91.0
2563,82,17.201492537313435,16.86111111111111,16.18611111111111,3.9,0.0,20.9,90.0
3463,82,16.973584905660378,16.321428571428573,15.68214285714286,3.9,0.0,22.5,90.0
4363,82,16.730434782608697,15.8955223880597,15.276119402985074,4.1,0.0,19.3,93.0
5263,82,16.52173913043478,15.5,14.95076923076923,4.0,0.0,22.5,92.0
6163,82,16.3109375,15.447761194029852,14.759701492537314,3.9,0.0,22.5,91.0
7063,82,16.143939393939394,15.0,14.5,3.9,0.0,20.9,91.0
7963,82,15.994366197183098,15.0,14.365714285714285,3.8,0.0,19.3,93.0
8863,82,15.87121212121212,15.0,14.3,3.8,0.0,19.3,93.0
9763,82,15.757142857142858,14.940298507462686,14.049253731343285,3.8,0.0,24.1,92.0
10663,82,15.6609375,14.514925373134329,14.0,3.7,0.0,24.1,92.0
11563,82,15.574647887323945,14.5,13.955882352941178,3.6,0.0,22.5,93.0
12463,82,15.5,14.5,13.8,3.6,0.0,24.1,93.0
13363,82,15.4078125,14.5,13.8,3.6,0.0,22.5,93.0
14263,82,15.3296875,14.5,13.8,3.4,0.0,22.5,93.0
15163,82,15.3,14.5,13.595652173913043,3.6,0.0,16.1,92.0
16063,82,15.205882352941178,14.5,13.5,3.8,0.0,20.9,93.0
16963,82,15.18,14.364285714285714,13.5,3.8,0.0,19.3,93.0
17863,82,15.1,14.0234375,13.5,3.8,0.0,20.9,91.0
18763,82,15.0640625,14.0,13.497222222222224,3.9,0.0,20.9,91.0
19663,82,15.0,14.0,13.314084507042253,4.0,0.0,17.7,92.0
20563,82,15.0,14.0,13.3,4.1,0.0,17.7,91.0
21463,82,14.916393442622953,15.07462686567164,13.622388059701493,4.1,0.0,19.3,91.0
22363,82,15.048529411764708,46.28030303030303,35.843939393939394,4.0,0.0,19.3,91.0
23263,82,15.88840579710145,56.40714285714286,50.54857142857143,3.9,0.0,17.7,92.0
24163,82,16.734782608695653,56.43478260869565,51.30869565217391,3.8,7.0,16.1,93.0
25063,82,17.72222222222222,54.13432835820895,49.497014925373136,3.9,5.0,12.9,93.0
25963,82,17.309859154929576,52.683098591549296,48.51690140845071,4.1,7.0,16.1,93.0
26863,82,17.113432835820895,54.97058823529412,50.55,4.2,19.0,9.7,94.0
27763,82,18.17246376811594,54.64179104477612,50.98656716417911,4.2,16.0,14.5,92.0
28663,82,18.613235294117647,34.96376811594203,31.569565217391307,4.2,18.0,11.3,93.0
29563,82,18.581159420289858,25.558823529411764,23.46029411764706,4.2,28.0,14.5,94.0
30463,82,18.347457627118644,21.316901408450704,20.112676056338028,4.2,28.0,14.5,94.0
31363,82,18.03333333333333,18.942857142857143,18.127142857142857,4.2,27.0,14.5,94.0
32263,82,17.75714285714286,17.677966101694913,17.05084745762712,4.2,53.0,17.7,93.0
33163,82,17.45,16.75,16.248529411764707,4.3,39.0,17.7,92.0
34063,82,17.2,16.205882352941178,15.75294117647059,4.3,95.0,16.1,93.0
34963,82,16.963768115942027,15.889705882352942,15.385294117647058,4.4,90.0,14.5,93.0
35863,82,16.771014492753622,15.5,15.088235294117649,4.5,69.0,14.5,93.0
36763,82,16.592537313432835,15.5,14.885294117647058,4.6,102.0,14.5,93.0
37663,82,16.443283582089553,15.28125,14.7765625,4.8,216.0,14.5,93.0
38563,82,16.32121212121212,15.0,14.5,5.0,172.0,17.7,90.0
39463,82,16.2,15.0,14.5,5.3,220.0,16.1,90.0
40363,82,16.12686567164179,15.0,14.32608695652174,5.5,111.0,14.5,88.0
41263,82,16.069014084507042,15.0,14.3,5.6,144.0,14.5,88.0
42163,82,16.0,15.0,14.3,5.7,148.0,12.9,87.0
43063,82,15.943478260869565,14.985915492957748,14.101408450704223,5.4,70.0,14.5,89.0
43963,82,15.9,14.569230769230767,14.0,5.4,98.0,14.5,90.0
44863,82,15.86086956521739,14.5,14.0,5.8,223.0,14.5,88.0
45763,82,15.8,14.5,14.0,5.8,154.0,14.5,88.0
46663,82,15.8,14.5,14.0,5.9,144.0,16.1,87.0
47563,82,15.8,14.5,13.991549295774648,6.0,158.0,12.9,87.0
48463,82,15.707462686567164,14.5,13.871641791044777,6.4,218.0,14.5,85.0
49363,82,15.7,14.5,13.8,6.4,202.0,14.5,84.0
50263,82,15.698529411764708,14.5,13.8,6.3,160.0,16.1,83.0
51163,82,15.602898550724635,14.5,13.8,6.3,134.0,12.9,84.0
52063,82,15.6,14.5,13.8,6.2,109.0,12.9,83.0
52963,82,15.584285714285716,14.5,13.8,6.1,130.0,14.5,82.0
53863,82,15.5,14.5,13.8,5.9,116.0,12.9,84.0
54763,82,15.5,14.5,13.8,5.8,111.0,11.3,83.0
55663,82,15.496969696969696,14.5,13.8,5.9,114.0,12.9,83.0
56563,82,15.4,14.5,13.8,5.9,93.0,11.3,81.0
57463,82,15.4,14.5,13.8,6.0,91.0,11.3,84.0
58363,82,15.331428571428573,14.5,13.7,5.8,93.0,14.5,83.0
59263,82,15.3,14.5,13.638805970149257,5.7,53.0,12.9,82.0
60163,82,15.298591549295775,14.463768115942027,13.508695652173913,5.6,46.0,9.7,84.0
61063,82,15.211428571428574,14.316176470588236,13.508823529411766,5.4,30.0,9.7,82.0
61963,82,15.203030303030303,23.69117647058824,18.22647058823529,5.3,28.0,11.3,81.0
62863,82,15.735294117647058,53.86764705882352,46.21911764705882,5.3,23.0,8.0,82.0
63763,82,16.84776119402985,55.99230769230769,51.56307692307693,5.2,18.0,9.7,81.0
64663,82,17.71764705882353,54.65942028985508,50.7231884057971,5.1,11.0,8.0,83.0
65563,82,18.33043478260869,55.59558823529412,51.294117647058826,5.0,7.0,6.4,84.0
66463,82,18.907042253521126,57.40441176470588,53.25147058823529,5.0,0.0,8.0,85.0
67363,82,19.391176470588235,53.47619047619048,50.53492063492063,4.8,0.0,9.7,83.0
68263,82,19.55074626865672,42.29710144927536,38.39565217391304,4.8,0.0,8.0,83.0
69163,82,19.63043478260869,50.81617647058824,47.44852941176471,4.8,0.0,6.4,85.0
70063,82,19.701492537313435,32.3030303030303,29.869696969696967,4.7,0.0,6.4,85.0
70963,82,19.56176470588236,47.213235294117645,42.71029411764706,4.7,0.0,6.4,85.0
71863,82,19.7,36.6231884057971,33.89855072463768,4.6,0.0,6.4,85.0
72763,82,19.59692307692308,26.17692307692308,23.826153846153847,4.6,0.0,6.4,85.0
73663,82,19.313235294117646,27.366197183098592,24.795774647887324,4.6,0.0,9.7,84.0
74563,82,19.2,45.45,39.81285714285714,4.6,0.0,6.4,85.0
75463,82,19.27462686567164,52.514084507042256,45.75211267605634,4.4,0.0,4.8,86.0
76363,82,19.602985074626865,57.25,51.36764705882352,4.4,0.0,6.4,86.0
77263,82,20.03913043478261,58.5,52.847142857142856,4.3,0.0,6.4,85.0
78163,82,20.40714285714286,59.56521739130435,53.70579710144928,4.3,0.0,4.8,86.0
79063,82,20.7125,58.56716417910447,53.00149253731344,4.2,0.0,4.8,85.0
79963,82,20.83731343283582,55.7536231884058,50.41449275362319,4.1,0.0,4.8,85.0
80863,82,20.9,48.1865671641791,44.9134328358209,3.9,0.0,6.4,85.0
81763,82,20.754285714285714,31.80434782608696,28.640579710144927,3.9,0.0,1.6,85.0
82663,82,20.443939393939395,24.204545454545453,22.98787878787879,3.7,0.0,3.2,86.0
83563,82,20.10454545454545,20.6015625,19.2703125,3.6,0.0,3.2,87.0
84463,82,19.75230769230769,18.813432835820898,17.66417910447761,3.6,0.0,4.8,86.0
85363,82,19.416666666666664,17.74264705882353,16.811764705882354,3.5,0.0,3.2,86.0
86263,82,19.09130434782609,17.608695652173914,17.11449275362319,3.2,0.0,4.8,87.0
763,83,18.775,17.088235294117645,16.563235294117646,2.8,0.0,3.2,87.0
1663,83,18.51014492753623,16.932835820895523,16.428358208955224,2.4,0.0,1.6,88.0
2563,83,18.23108108108108,16.5,15.902941176470588,2.2,0.0,0.0,90.0
3463,83,17.995714285714286,16.283582089552237,15.58955223880597,1.9,0.0,0.0,90.0
4363,83,17.77605633802817,16.0,15.398550724637682,1.8,0.0,0.0,91.0
5263,83,17.601470588235294,16.0,15.3,1.7,0.0,6.4,91.0
6163,83,17.44788732394366,16.0,15.055714285714284,1.9,0.0,6.4,91.0
7063,83,17.32112676056338,15.573529411764708,15.0,2.1,0.0,4.8,90.0
7963,83,17.194520547945206,15.5,14.922857142857143,2.2,0.0,3.2,89.0
8863,83,17.07971014492754,15.5,14.8,2.0,0.0,3.2,90.0
9763,83,16.975,15.5,14.8,1.8,0.0,3.2,90.0
10663,83,16.9,15.5,14.68695652173913,1.6,0.0,3.2,90.0
11563,83,16.804411764705883,15.5,14.5,2.3,0.0,8.0,90.0
12463,83,16.745714285714286,15.492957746478874,14.5,2.4,0.0,3.2,88.0
13363,83,16.665714285714284,15.09375,14.5,2.3,0.0,1.6,87.0
14263,83,16.6,15.0,14.48181818181818,1.8,0.0,0.0,88.0
15163,83,16.50923076923077,15.0,14.305714285714284,1.6,0.0,3.2,89.0
16063,83,16.471212121212123,15.0,14.3,1.4,0.0,6.4,90.0
16963,83,16.4,15.0,14.3,1.1,0.0,3.2,90.0
17863,83,16.33235294117647,15.0,14.3,0.8,0.0,3.2,92.0
18763,83,16.275,15.0,14.28235294117647,0.5,0.0,0.0,92.0
19663,83,16.2,15.0,14.044117647058822,0.5,0.0,0.0,92.0
20563,83,16.17058823529412,15.0,14.0,0.3,0.0,0.0,92.0
21463,83,16.1,16.25714285714286,14.388571428571428,0.3,0.0,0.0,93.0
22363,83,16.240000000000002,46.66176470588236,36.601470588235294,0.2,7.0,0.0,93.0
23263,83,17.137142857142855,55.98550724637681,51.11594202898551,0.4,16.0,0.0,93.0
24163,83,18.037313432835823,56.1231884057971,51.89565217391304,0.9,19.0,4.8,91.0
25063,83,18.756521739130434,55.53571428571429,51.82857142857144,1.3,25.0,3.2,89.0
25963,83,19.16031746031746,41.865671641791046,38.116417910447765,1.7,26.0,1.6,88.0
26863,83,19.426865671641792,52.04477611940298,47.3,2.1,30.0,1.6,89.0
27763,83,19.86716417910448,34.64179104477612,31.513432835820897,2.5,174.0,0.0,87.0
28663,83,17.40821917808219,21.919117647058822,20.99411764705882,3.3,209.0,1.6,85.0
29563,83,16.754929577464786,19.40441176470588,18.62058823529412,3.8,234.0,3.2,82.0
30463,83,17.273529411764706,18.39855072463768,17.67246376811594,4.4,285.0,1.6,78.0
31363,83,17.45,17.391304347826086,16.763768115942028,4.9,305.0,3.2,78.0
32263,83,17.5,16.875,16.358823529411765,5.4,338.0,4.8,77.0
33163,83,17.5,16.5,15.984285714285717,5.7,301.0,4.8,77.0
34063,83,17.5,16.224637681159418,15.8,6.0,156.0,4.8,76.0
34963,83,17.42727272727273,16.0,15.57391304347826,6.5,462.0,3.2,70.0
35863,83,17.4,16.0,15.496969696969696,7.6,302.0,3.2,73.0
36763,83,17.34328358208955,16.0,15.311111111111112,7.8,417.0,3.2,71.0
37663,83,17.3,15.608695652173912,15.3,8.1,427.0,3.2,66.0
38563,83,17.291044776119403,15.5,15.276190476190475,8.3,430.0,6.4,65.0
39463,83,17.2,15.5,15.013432835820897,8.2,360.0,6.4,65.0
40363,83,17.2,15.5,15.0,8.2,309.0,6.4,66.0
41263,83,17.113636363636363,15.5,15.0,8.5,301.0,6.4,65.0
42163,83,17.1,15.5,15.0,9.0,350.0,4.8,62.0
43063,83,17.038095238095238,15.5,14.908823529411766,9.3,308.0,4.8,57.0
43963,83,17.0,15.5,14.8,9.8,364.0,8.0,51.0
44863,83,17.0,15.5,14.8,9.7,343.0,11.3,50.0
45763,83,16.93582089552239,15.5,14.8,9.9,403.0,8.0,56.0
46663,83,16.9,15.5,14.8,10.3,397.0,6.4,53.0
47563,83,16.9,15.5,14.8,10.5,420.0,8.0,51.0
48463,83,16.887301587301586,15.5,14.8,10.6,445.0,6.4,52.0
49363,83,16.8,15.361538461538462,14.76769230769231,10.7,338.0,6.4,54.0
50263,83,16.8,15.137681159420293,14.556521739130435,11.1,397.0,6.4,55.0
51163,83,16.8,15.0,14.5,11.3,371.0,8.0,56.0
52063,83,16.795384615384613,15.0,14.5,11.2,346.0,8.0,55.0
52963,83,16.704545454545453,15.0,14.5,11.1,262.0,8.0,54.0
53863,83,16.7,15.0,14.5,11.3,302.0,8.0,54.0
54763,83,16.7,15.0,14.5,11.1,244.0,8.0,53.0
55663,83,16.66764705882353,15.0,14.5,11.4,334.0,6.4,54.0
56563,83,16.6,15.0,14.5,11.7,251.0,11.3,52.0
57463,83,16.6,15.0,14.5,11.5,172.0,9.7,49.0
58363,83,16.6,15.0,14.5,11.2,171.0,11.3,51.0
59263,83,16.6,15.0,14.5,11.1,134.0,9.7,52.0
60163,83,16.51076923076923,15.0,14.5,11.2,127.0,11.3,52.0
61063,83,16.5,15.0,14.5,10.9,90.0,8.0,54.0
61963,83,16.501470588235293,25.87878787878788,20.05151515151515,10.6,76.0,8.0,55.0
62863,83,17.083333333333336,54.79545454545455,46.77272727272727,10.3,62.0,6.4,60.0
63763,83,18.21,57.0,51.60579710144928,10.0,40.0,6.4,61.0
64663,83,19.059154929577467,52.53521126760563,48.03239436619718,9.7,25.0,6.4,63.0
65563,83,19.47164179104477,45.36619718309859,40.00845070422535,9.4,16.0,4.8,65.0
66463,83,19.83432835820896,50.53731343283582,45.9,8.9,0.0,4.8,67.0
67363,83,19.99571428571429,32.417910447761194,28.7910447761194,8.7,0.0,4.8,69.0
68263,83,19.82205882352941,24.774647887323944,22.50985915492958,8.4,0.0,4.8,71.0
69163,83,19.5265625,21.46527777777778,20.052777777777777,8.3,0.0,6.4,69.0
70063,83,19.25,36.94117647058824,31.785294117647062,8.1,0.0,8.0,65.0
70963,83,19.41846153846154,38.50806451612903,35.096774193548384,8.1,0.0,6.4,61.0
71863,83,19.5421875,26.807142857142857,24.02,7.8,0.0,8.0,62.0
72763,83,19.47058823529412,21.8768115942029,20.404347826086955,7.7,0.0,9.7,60.0
73663,83,19.30307692307692,19.27857142857143,18.05,7.4,0.0,9.7,60.0
74563,83,19.03636363636364,17.942028985507246,17.0231884057971,7.4,0.0,8.0,60.0
75463,83,18.807352941176468,17.21527777777778,16.441666666666666,7.4,0.0,9.7,60.0
76363,83,18.582608695652176,16.860294117647058,16.260294117647057,7.3,0.0,9.7,61.0
77263,83,18.40144927536232,16.5,15.894117647058824,7.3,0.0,8.0,61.0
78163,83,18.208219178082192,16.064285714285713,15.577142857142857,7.2,0.0,8.0,62.0
79063,83,18.05507246376812,16.0,15.414705882352942,7.2,0.0,8.0,62.0
79963,83,17.942424242424245,16.0,15.330303030303032,7.2,0.0,8.0,62.0
80863,83,17.75211267605634,16.0,15.305797101449276,7.3,0.0,9.7,61.0
81763,83,17.607246376811595,16.0,15.3,7.1,0.0,8.0,61.0
82663,83,17.47,16.0,15.3,7.3,0.0,9.7,60.0
83563,83,17.354545454545452,15.65068493150685,15.049315068493147,7.2,0.0,9.7,59.0
84463,83,17.25735294117647,15.5,15.0,7.0,0.0,4.8,58.0
85363,83,17.2,15.5,15.0,7.3,0.0,8.0,48.0
86263,83,17.16086956521739,15.5,15.0,7.2,0.0,9.7,48.0
763,84,17.1,15.5,14.990769230769232,7.2,0.0,11.3,48.0
1663,84,17.018840579710144,15.5,14.803030303030305,7.1,0.0,8.0,50.0
2563,84,16.98695652173913,15.5,14.8,6.6,0.0,3.2,55.0
3463,84,16.9,15.5,14.8,6.1,0.0,3.2,53.0
4363,84,16.9,15.5,14.7875,6.6,0.0,6.4,41.0
5263,84,16.809859154929576,15.5,14.547826086956524,6.8,0.0,3.2,39.0
6163,84,16.8,15.49264705882353,14.5,7.0,0.0,6.4,33.0
7063,84,16.746969696969696,15.316176470588236,14.5,7.8,0.0,9.7,36.0
7963,84,16.7,15.021428571428572,14.5,7.6,0.0,6.4,38.0
8863,84,16.636764705882353,15.0,14.5,6.2,0.0,1.6,47.0
9763,84,16.6,15.0,14.5,6.6,0.0,4.8,45.0
10663,84,16.53939393939394,15.0,14.493846153846151,7.3,0.0,9.7,42.0
11563,84,16.5,15.0,14.370588235294118,6.8,0.0,9.7,44.0
12463,84,16.440298507462686,15.0,14.3,6.0,0.0,9.7,52.0
13363,84,16.4,15.0,14.3,3.7,0.0,8.0,71.0
14263,84,16.3484375,15.0,14.3,2.9,0.0,3.2,74.0
15163,84,16.3,15.0,14.3,2.6,0.0,1.6,74.0
16063,84,16.240579710144928,15.0,14.3,3.4,0.0,6.4,62.0
16963,84,16.2,15.0,14.3,3.5,0.0,6.4,65.0
17863,84,16.18181818181818,15.0,14.3,4.7,0.0,9.7,43.0
18763,84,16.1,15.0,14.13943661971831,5.5,0.0,11.3,42.0
19663,84,16.1,15.0,14.012857142857143,6.0,0.0,9.7,36.0
20563,84,16.007462686567163,15.0,14.0,6.4,0.0,11.3,35.0
21463,84,16.0,15.0,14.0,6.6,5.0,14.5,35.0
22363,84,15.96470588235294,14.833333333333334,14.0,6.5,7.0,11.3,36.0
23263,84,15.9,16.106060606060606,14.4,6.3,19.0,8.0,38.0
24163,84,16.119672131147542,47.26428571428572,36.934285714285714,5.8,26.0,9.7,42.0
25063,84,17.07794117647059,49.7063492063492,45.7063492063492,6.1,39.0,9.7,37.0
25963,84,17.934782608695652,44.34558823529412,39.169117647058826,6.8,44.0,9.7,35.0
26863,84,18.60149253731344,39.56521739130435,36.09710144927536,7.3,42.0,12.9,38.0
27763,84,19.057142857142857,27.17910447761194,24.23134328358209,7.7,104.0,9.7,40.0
28663,84,19.2953125,22.246268656716417,21.06268656716417,8.1,176.0,9.7,39.0
29563,84,18.595454545454547,19.63636363636364,18.796969696969697,8.6,272.0,11.3,38.0
30463,84,18.47272727272728,18.282608695652176,17.757971014492753,9.0,311.0,11.3,41.0
31363,84,18.270491803278688,17.674242424242426,17.496969696969696,9.2,318.0,11.3,42.0
32263,84,18.079310344827583,16.890625,16.484375,9.7,364.0,11.3,40.0
33163,84,17.8578125,16.5,16.036231884057973,10.1,322.0,11.3,41.0
34063,84,17.690322580645162,16.035714285714285,15.77,10.2,65.0,16.1,41.0
34963,84,17.54179104477612,16.0,15.5,10.6,301.0,14.5,43.0
35863,84,17.392753623188405,15.80597014925373,15.32089552238806,11.2,466.0,14.5,41.0
36763,84,17.274242424242424,15.5,15.3,11.7,457.0,12.9,43.0
37663,84,17.183333333333334,15.5,15.08695652173913,12.1,476.0,11.3,45.0
38563,84,17.095454545454547,15.5,15.0,12.3,483.0,11.3,42.0
39463,84,17.0,15.5,15.0,12.6,424.0,11.3,45.0
40363,84,16.931884057971015,15.5,15.0,12.8,557.0,11.3,44.0
41263,84,16.9,15.5,14.8231884057971,13.2,548.0,14.5,43.0
42163,84,16.82089552238806,15.5,14.8,13.6,617.0,11.3,43.0
43063,84,16.8,15.5,14.8,14.0,534.0,12.9,37.0
43963,84,16.782608695652176,15.5,14.8,14.2,452.0,12.9,38.0
44863,84,16.701639344262297,15.5,14.8,14.8,621.0,14.5,34.0
45763,84,16.7,15.456521739130434,14.8,15.1,620.0,12.9,27.0
46663,84,16.669696969696968,15.253623188405795,14.8,15.1,610.0,16.1,31.0
47563,84,16.6,15.109375,14.8,15.5,599.0,12.9,29.0
48463,84,16.6,15.00735294117647,14.786764705882351,15.5,589.0,12.9,34.0
49363,84,16.598507462686566,15.0,14.634328358208956,15.7,582.0,12.9,34.0
50263,84,16.50588235294118,15.0,14.55,15.7,557.0,14.5,32.0
51163,84,16.5,15.0,14.5,15.8,543.0,14.5,32.0
52063,84,16.5,15.0,14.5,16.3,517.0,12.9,32.0
52963,84,16.5,15.0,14.5,16.2,490.0,14.5,31.0
53863,84,16.5,15.0,14.5,15.9,466.0,12.9,33.0
54763,84,16.497101449275362,15.0,14.5,16.2,443.0,12.9,32.0
55663,84,16.416901408450705,15.0,14.5,16.4,436.0,12.9,32.0
56563,84,16.4,15.0,14.5,15.8,325.0,12.9,34.0
57463,84,16.4,15.0,14.5,15.3,192.0,11.3,35.0
58363,84,16.4,15.0,14.5,15.3,188.0,11.3,37.0
59263,84,16.482857142857142,15.0,14.5,15.1,53.0,8.0,37.0
60163,84,16.5,15.05,14.54285714285714,15.1,58.0,9.7,38.0
61063,84,16.5,15.156716417910449,14.697014925373134,14.9,56.0,9.7,38.0
61963,84,16.442857142857143,15.0,14.5,14.8,95.0,8.0,38.0
62863,84,16.4,15.0,14.5,14.7,51.0,6.4,39.0
63763,84,16.359701492537315,15.0,14.47846153846154,14.5,45.0,4.8,42.0
64663,84,16.3,15.0,14.3,14.0,26.0,6.4,44.0
65563,84,16.20625,15.0,14.3,13.2,18.0,8.0,45.0
66463,84,16.2,15.0,14.3,12.3,7.0,9.7,45.0
67363,84,16.22741935483871,15.0,14.3,11.8,3.0,9.7,46.0
68263,84,16.42173913043478,15.0,14.442028985507246,11.3,0.0,8.0,47.0
69163,84,16.4,15.0,14.5,11.3,0.0,8.0,47.0
70063,84,16.325454545454544,15.0,14.482142857142858,11.1,0.0,8.0,47.0
70963,84,16.3,15.0,14.495652173913044,10.9,0.0,6.4,47.0
71863,84,16.20909090909091,15.0,14.3,10.7,0.0,8.0,48.0
72763,84,16.2,15.0,14.3,10.6,0.0,8.0,48.0
73663,84,16.2,15.0,14.3,10.6,0.0,6.4,49.0
74563,84,16.2,15.0,14.3,10.5,0.0,8.0,50.0
75463,84,16.184,15.0,14.3,10.3,0.0,4.8,51.0
76363,84,16.1,15.0,14.055555555555554,10.2,0.0,6.4,52.0
77263,84,16.1,15.0,14.0,9.7,0.0,4.8,54.0
78163,84,16.069230769230767,14.98913043478261,14.0,9.4,0.0,3.2,57.0
79063,84,16.0,14.961538461538462,14.0,8.7,0.0,1.6,59.0
79963,84,16.0,14.625,14.0,7.7,0.0,1.6,63.0
80863,84,16.0,14.625,14.0,7.1,0.0,0.0,65.0
81763,84,16.0,14.884615384615383,14.0,6.9,0.0,0.0,66.0
82663,84,16.0,14.9,14.0,6.4,0.0,0.0,66.0
83563,84,15.996363636363636,15.0,14.0,6.2,0.0,0.0,67.0
84463,84,15.9,14.973684210526317,14.0,5.9,0.0,0.0,68.0
85363,84,15.9,14.955882352941178,14.03529411764706,5.9,0.0,1.6,69.0
86263,84,15.9,15.0,14.3,7.0,0.0,1.6,64.0
763,85,15.9,15.0,14.208695652173912,7.1,0.0,3.2,64.0
1663,85,15.9,15.0,14.0044776119403,6.7,0.0,1.6,66.0
2563,85,15.9,15.0,14.0,6.4,0.0,1.6,67.0
3463,85,15.847058823529412,14.920289855072465,14.0,6.1,0.0,0.0,68.0
4363,85,15.8,14.633802816901408,14.0,6.1,0.0,0.0,68.0
5263,85,15.8,14.540540540540542,14.0,5.7,0.0,0.0,70.0
6163,85,15.8,14.5,14.0,5.7,0.0,0.0,70.0
7063,85,15.733333333333334,14.5,14.0,5.7,0.0,0.0,70.0
7963,85,15.7,14.5,14.0,5.9,0.0,1.6,69.0
8863,85,15.7,14.5,14.0,5.9,0.0,1.6,69.0
9763,85,15.7,14.5,14.0,5.6,0.0,0.0,70.0
10663,85,15.63181818181818,14.5,14.0,5.1,0.0,0.0,71.0
11563,85,15.6,14.5,13.95072463768116,4.9,0.0,0.0,73.0
12463,85,15.6,14.5,13.85,4.8,0.0,0.0,73.0
13363,85,15.6,14.5,13.8,4.6,0.0,0.0,73.0
14263,85,15.527941176470588,14.5,13.8,4.1,0.0,0.0,74.0
15163,85,15.5,14.5,13.8,3.9,0.0,0.0,75.0
16063,85,15.5,14.5,13.8,3.9,0.0,0.0,77.0
16963,85,15.5,14.5,13.8,4.1,0.0,0.0,76.0
17863,85,15.40735294117647,14.5,13.8,4.1,0.0,0.0,76.0
18763,85,15.4,14.5,13.8,3.8,0.0,0.0,76.0
19663,85,15.4,15.776119402985074,14.102985074626869,3.9,0.0,0.0,74.0
20563,85,15.565671641791043,46.07352941176471,36.03823529411765,4.0,0.0,0.0,72.0
21463,85,16.432835820895523,48.059701492537314,43.42686567164179,4.8,0.0,0.0,72.0
22363,85,17.068115942028985,29.785714285714285,25.152857142857144,4.4,0.0,0.0,74.0
23263,85,17.294117647058822,22.88732394366197,19.79859154929577,3.8,0.0,0.0,75.0
24163,85,17.3,19.41891891891892,17.62837837837838,3.6,0.0,1.6,78.0
25063,85,17.22941176470588,17.705882352941178,16.686764705882354,3.2,5.0,0.0,81.0
25963,85,17.140845070422536,33.81884057971014,28.13768115942029,3.2,7.0,1.6,81.0
26863,85,17.698529411764707,38.375,35.4828125,4.1,12.0,3.2,77.0
27763,85,17.883333333333333,25.765151515151512,23.95,4.1,25.0,0.0,78.0
28663,85,16.656923076923075,20.49275362318841,18.95217391304348,3.9,32.0,1.6,80.0
29563,85,16.117391304347827,18.178571428571427,17.134285714285717,4.3,42.0,6.4,78.0
30463,85,16.307462686567163,17.24264705882353,16.766176470588235,5.2,47.0,6.4,76.0
31363,85,16.47910447761194,16.545454545454547,16.00151515151515,5.7,77.0,6.4,75.0
32263,85,16.5,16.02238805970149,15.62537313432836,7.0,230.0,6.4,72.0
33163,85,16.5,15.82089552238806,15.37462686567164,8.1,294.0,3.2,65.0
34063,85,16.5,15.5,15.260294117647058,9.6,297.0,4.8,51.0
34963,85,16.5,15.5,15.0,10.2,261.0,4.8,49.0
35863,85,16.455882352941178,15.5,14.994202898550723,10.5,362.0,6.4,49.0
36763,85,16.455072463768115,15.5,14.977941176470589,10.6,153.0,6.4,50.0
37663,85,16.394117647058824,15.5,15.30144927536232,9.9,144.0,6.4,54.0
38563,85,15.644117647058824,15.191780821917808,14.576712328767124,9.9,227.0,4.8,57.0
39463,85,15.168181818181818,15.0,14.137142857142855,10.3,431.0,4.8,59.0
40363,85,15.16,14.777777777777777,14.0,10.7,394.0,4.8,57.0
41263,85,14.885714285714286,14.5,13.949253731343283,11.1,406.0,4.8,54.0
42163,85,14.765671641791045,14.5,13.74705882352941,11.6,504.0,6.4,56.0
43063,85,14.109523809523813,14.05072463768116,13.346376811594205,11.9,626.0,8.0,50.0
43963,85,14.21639344262295,14.0,13.3,12.6,610.0,6.4,51.0
44863,85,13.946969696969695,14.0,13.15737704918033,13.5,592.0,6.4,49.0
45763,85,13.838709677419354,14.0,13.019354838709678,13.9,596.0,6.4,51.0
46663,85,13.9,14.0,13.0044776119403,13.8,599.0,9.7,47.0
47563,85,13.888571428571428,14.0,13.125806451612902,13.7,605.0,9.7,47.0
48463,85,14.09,14.0,13.3,14.1,610.0,9.7,49.0
49363,85,14.304347826086955,14.0,13.3,14.3,610.0,11.3,54.0
50263,85,14.452857142857145,14.0,13.3,14.5,605.0,12.9,58.0
51163,85,14.60597014925373,14.0,13.315151515151516,14.2,591.0,11.3,60.0
52063,85,14.8768115942029,14.0,13.390625,14.0,584.0,14.5,59.0
52963,85,14.969565217391304,14.007246376811594,13.5,13.4,541.0,12.9,61.0
53863,85,14.992424242424244,14.030769230769232,13.5,13.6,554.0,11.3,60.0
54763,85,15.03181818181818,14.12878787878788,13.5,14.1,533.0,11.3,58.0
55663,85,15.133962264150943,14.098214285714286,13.5,14.5,496.0,6.4,58.0
56563,85,15.21764705882353,14.471153846153843,13.5,14.4,462.0,6.4,58.0
57463,85,15.3,14.5,13.5,14.9,445.0,6.4,58.0
58363,85,15.3,14.5,13.603846153846154,15.3,424.0,6.4,56.0
59263,85,15.374468085106384,14.5,13.5,15.2,392.0,8.0,57.0
60163,85,15.4,14.439655172413794,13.5,15.1,351.0,8.0,59.0
61063,85,15.28936170212766,14.403846153846157,13.528846153846157,14.9,211.0,8.0,58.0
61963,85,14.964,14.0,13.35098039215686,14.6,160.0,8.0,59.0
62863,85,14.852941176470589,14.0,13.3,14.2,109.0,8.0,61.0
63763,85,14.990384615384617,14.0,13.481132075471695,13.4,108.0,9.7,64.0
64663,85,15.084782608695653,14.0,13.5,13.2,77.0,4.8,65.0
65563,85,15.1,14.375,13.5,13.1,74.0,1.6,66.0
66463,85,15.283050847457629,40.54237288135593,30.81694915254237,12.7,65.0,4.8,66.0
67363,85,16.28,54.26923076923077,49.49230769230769,12.2,44.0,0.0,69.0
68263,85,17.08490566037736,54.51063829787235,50.636170212765954,12.1,30.0,3.2,70.0
69163,85,17.731372549019607,53.43137254901961,50.24705882352941,11.8,23.0,1.6,71.0
70063,85,18.20175438596491,56.71153846153847,51.79423076923077,11.5,9.0,3.2,73.0
70963,85,18.519230769230766,56.66037735849056,51.73018867924528,11.1,0.0,4.8,73.0
71863,85,18.815384615384616,58.48181818181818,53.04,10.8,0.0,6.4,74.0
72763,85,19.109615384615385,57.91803278688525,52.9327868852459,10.4,0.0,8.0,75.0
73663,85,19.34,57.767857142857146,52.91607142857144,10.1,0.0,8.0,76.0
74563,85,19.54716981132076,57.98936170212765,52.87234042553191,9.7,0.0,11.3,77.0
75463,85,19.722916666666663,58.17021276595744,53.05531914893616,9.8,0.0,11.3,76.0
76363,85,19.868085106382978,58.20930232558139,53.38604651162791,9.6,0.0,9.7,77.0
77263,85,20.03953488372093,57.92045454545455,53.05227272727272,9.5,0.0,11.3,76.0
78163,85,20.157777777777778,51.2843137254902,47.59411764705882,9.3,0.0,11.3,76.0
79063,85,20.728571428571428,37.46296296296296,35.88703703703704,8.9,0.0,9.7,77.0
79963,85,20.78846153846154,28.946428571428573,28.180357142857144,8.6,0.0,11.3,78.0
80863,85,20.28125,23.11111111111111,21.68888888888889,8.6,0.0,4.8,78.0
81763,85,19.835849056603774,20.173076923076923,19.14038461538461,8.2,0.0,6.4,79.0
82663,85,19.419607843137253,18.764705882352946,17.929411764705883,8.0,0.0,9.7,79.0
83563,85,19.1,18.307692307692307,18.244230769230768,7.5,0.0,9.7,79.0
84463,85,18.82075471698113,17.925925925925927,17.712962962962962,7.9,0.0,4.8,77.0
85363,85,18.60754716981132,17.45614035087719,16.945614035087722,7.7,0.0,1.6,77.0
86263,85,18.41929824561404,17.0,16.49655172413793,7.6,0.0,1.6,77.0
763,86,18.259183673469387,16.830357142857142,16.235714285714288,7.6,0.0,3.2,77.0
1663,86,18.12586206896552,16.5,16.0,7.3,0.0,3.2,78.0
2563,86,17.996153846153845,16.5,15.834615384615384,7.2,0.0,4.8,78.0
3463,86,17.9,16.5,15.8,7.8,0.0,6.4,74.0
4363,86,17.801923076923078,16.440677966101696,15.744067796610173,7.6,0.0,4.8,74.0
5263,86,17.747169811320752,16.044444444444444,15.5,7.4,0.0,4.8,75.0
6163,86,17.683636363636364,16.0,15.5,7.2,0.0,3.2,76.0
7063,86,17.6,16.0,15.5,7.1,0.0,8.0,76.0
7963,86,17.541509433962265,16.0,15.438983050847458,6.9,0.0,1.6,76.0
8863,86,17.5,16.0,15.3,6.9,0.0,4.8,76.0
9763,86,17.407272727272726,16.0,15.3,6.6,0.0,1.6,77.0
10663,86,17.38867924528302,16.0,15.3,6.4,0.0,3.2,78.0
11563,86,17.3,16.0,15.257894736842104,6.1,0.0,1.6,80.0
12463,86,17.287755102040816,16.0,15.005769230769232,5.8,0.0,1.6,80.0
13363,86,17.2,15.705357142857142,15.0,5.5,0.0,1.6,81.0
14263,86,17.198,15.50943396226415,15.0,5.5,0.0,4.8,80.0
15163,86,17.10377358490566,15.5,15.0,5.6,0.0,0.0,76.0
16063,86,17.1,15.5,15.0,5.2,0.0,0.0,77.0
16963,86,17.010526315789473,15.5,14.93684210526316,4.9,0.0,1.6,77.0
17863,86,17.0,17.54385964912281,15.605263157894736,4.7,0.0,3.2,77.0
18763,86,17.12549019607843,51.77,43.82,4.6,0.0,3.2,78.0
19663,86,17.77068965517241,52.43220338983051,49.46271186440679,5.3,0.0,1.6,72.0
20563,86,18.23636363636364,49.94166666666667,47.41666666666667,5.6,0.0,1.6,71.0
21463,86,18.48448275862069,45.97058823529412,43.65490196078432,5.7,0.0,4.8,70.0
22363,86,18.623214285714287,44.92028985507246,42.62173913043478,5.6,0.0,3.2,70.0
23263,86,18.719402985074627,45.9469696969697,43.21969696969697,5.3,0.0,3.2,72.0
24163,86,18.88387096774193,48.72727272727273,45.843939393939394,5.3,0.0,3.2,72.0
25063,86,18.768115942028984,35.029411764705884,33.33970588235294,4.9,0.0,4.8,88.0
25963,86,18.01538461538461,25.75757575757576,25.38030303030304,4.9,7.0,3.2,89.0
26863,86,17.831818181818182,22.535714285714285,22.49285714285714,4.5,19.0,1.6,90.0
27763,86,17.80144927536232,20.014705882352946,19.77647058823529,4.3,25.0,0.0,89.0
28663,86,17.8,18.085714285714285,17.28,4.3,32.0,1.6,90.0
29563,86,17.767142857142858,17.178571428571427,16.424285714285713,4.6,35.0,4.8,91.0
30463,86,17.7,16.644927536231883,16.0,5.4,46.0,3.2,87.0
31363,86,17.61044776119403,16.5,15.8,5.6,66.0,3.2,88.0
32263,86,17.544117647058822,16.106060606060606,15.572727272727272,6.0,153.0,0.0,86.0
33163,86,17.5,16.0,15.5,7.0,193.0,3.2,84.0
34063,86,17.5,16.0,15.440845070422537,7.9,244.0,4.8,79.0
34963,86,17.42153846153846,16.0,15.3,8.4,253.0,4.8,76.0
35863,86,17.4,16.0,15.3,9.0,316.0,6.4,74.0
36763,86,17.4,16.0,15.3,9.6,360.0,8.0,68.0
37663,86,17.35223880597015,16.0,15.3,10.0,84.0,9.7,66.0
38563,86,17.3,16.0,15.3,10.3,397.0,11.3,65.0
39463,86,17.3,15.932835820895525,15.210447761194027,11.4,503.0,11.3,61.0
40363,86,17.3,15.61764705882353,15.004411764705882,11.7,499.0,11.3,60.0
41263,86,17.208571428571428,15.5078125,15.0,12.2,522.0,11.3,59.0
42163,86,17.2,15.5,15.0,12.2,547.0,11.3,60.0
43063,86,17.2,15.5,15.0,12.3,566.0,11.3,59.0
43963,86,17.2,15.5,15.0,12.1,575.0,11.3,61.0
44863,86,17.147058823529413,15.5,15.0,12.3,589.0,11.3,62.0
45763,86,17.1,15.5,15.0,12.6,589.0,9.7,63.0
46663,86,17.1,15.5,14.882857142857144,12.6,605.0,11.3,63.0
47563,86,17.1,15.5,14.8,12.6,603.0,11.3,63.0
48463,86,17.026865671641794,15.5,14.8,12.7,608.0,12.9,58.0
49363,86,17.0,15.5,14.8,12.8,601.0,12.9,63.0
50263,86,17.0,15.5,14.8,12.7,598.0,12.9,66.0
51163,86,16.942647058823532,15.5,14.8,13.1,587.0,9.7,65.0
52063,86,16.9,15.5,14.8,13.1,575.0,11.3,63.0
52963,86,16.9,15.5,14.8,13.4,572.0,9.7,60.0
53863,86,16.9,15.5,14.8,13.8,534.0,11.3,55.0
54763,86,16.859375,15.5,14.8,13.8,540.0,9.7,54.0
55663,86,16.8,15.5,14.8,13.9,519.0,11.3,51.0
56563,86,16.8,15.5,14.8,13.7,482.0,11.3,48.0
57463,86,16.8,15.5,14.8,13.2,454.0,14.5,49.0
58363,86,16.797142857142855,28.753521126760564,22.77323943661972,12.6,431.0,14.5,52.0
59263,86,17.22105263157895,54.9016393442623,50.81639344262295,12.3,399.0,12.9,53.0
60163,86,17.8703125,52.05797101449275,49.18115942028986,12.1,388.0,12.9,53.0
61063,86,18.291666666666664,45.83561643835616,43.93835616438356,10.8,246.0,16.1,57.0
61963,86,18.531147540983607,45.33333333333333,42.91159420289855,10.3,160.0,14.5,62.0
62863,86,18.67142857142857,45.81159420289855,43.28405797101449,9.9,81.0,14.5,68.0
63763,86,18.78135593220339,43.07142857142857,40.74444444444445,9.7,81.0,11.3,71.0
64663,86,18.871641791044777,47.88059701492537,44.77014925373134,9.4,77.0,9.7,76.0
65563,86,18.95409836065574,45.10483870967742,42.714516129032255,9.1,70.0,9.7,79.0
66463,86,19.0,45.60294117647059,43.32058823529412,8.7,42.0,8.0,81.0
67363,86,19.0,43.088235294117645,40.77647058823529,8.4,43.0,6.4,81.0
68263,86,19.015942028985503,47.31428571428572,44.55285714285714,8.1,37.0,3.2,84.0
69163,86,19.03333333333333,41.94615384615385,39.55846153846154,7.8,19.0,4.8,85.0
70063,86,19.0,44.20289855072464,42.00869565217391,7.3,7.0,4.8,88.0
70963,86,19.0,45.29850746268657,42.09701492537313,6.7,0.0,6.4,90.0
71863,86,19.044444444444444,46.289855072463766,44.231884057971016,6.1,0.0,8.0,91.0
72763,86,19.101408450704223,45.76086956521739,41.58115942028986,6.1,0.0,8.0,92.0
73663,86,19.25294117647059,45.97058823529412,43.66176470588236,6.0,0.0,8.0,92.0
74563,86,19.331884057971017,44.9765625,42.2328125,5.9,0.0,6.4,93.0
75463,86,19.4296875,47.49264705882353,44.57352941176471,5.9,0.0,9.7,93.0
76363,86,19.5,43.88405797101449,41.48550724637681,5.8,0.0,9.7,93.0
77263,86,19.5,44.221428571428575,41.25,5.6,0.0,9.7,92.0
78163,86,19.469117647058823,34.484848484848484,30.3969696969697,5.6,0.0,8.0,92.0
79063,86,19.433333333333334,53.61194029850746,47.65522388059701,5.6,0.0,8.0,92.0
79963,86,19.711940298507464,53.80281690140845,50.14929577464788,5.6,0.0,8.0,92.0
80863,86,19.90615384615385,53.68382352941177,50.46029411764706,5.7,0.0,8.0,92.0
81763,86,20.06969696969697,44.707142857142856,42.387142857142855,5.7,0.0,6.4,92.0
82663,86,20.034782608695654,29.985915492957748,27.50422535211268,5.7,0.0,6.4,92.0
83563,86,19.782608695652176,23.41549295774648,21.874647887323945,5.6,0.0,8.0,92.0
84463,86,19.439705882352943,20.42957746478873,19.222535211267605,5.6,0.0,9.7,93.0
85363,86,19.16764705882353,19.11428571428572,18.43142857142857,5.6,0.0,9.7,92.0
86263,86,19.014705882352946,18.37313432835821,17.950746268656715,5.6,0.0,8.0,92.0
763,87,18.824242424242424,17.917910447761194,17.534328358208956,5.5,0.0,9.7,92.0
1663,87,18.558208955223883,17.42361111111111,16.709722222222222,5.4,0.0,8.0,92.0
2563,87,18.336231884057973,17.0,16.35,5.4,0.0,8.0,92.0
3463,87,18.133333333333333,16.869565217391305,16.065217391304348,5.4,0.0,4.8,93.0
4363,87,17.95945945945946,16.5,15.947058823529412,5.4,0.0,8.0,92.0
5263,87,17.83150684931507,16.5,15.8,5.4,0.0,8.0,92.0
6163,87,17.719444444444445,16.5,15.754166666666666,5.4,0.0,4.8,92.0
7063,87,17.62054794520548,16.5,15.5,5.4,0.0,4.8,93.0
7963,87,17.533846153846152,16.185714285714287,15.5,5.5,0.0,4.8,92.0
8863,87,17.462857142857143,16.0,15.5,5.4,0.0,3.2,92.0
9763,87,17.4,16.0,15.362857142857145,5.4,0.0,1.6,92.0
10663,87,17.307142857142857,16.0,15.3,5.4,0.0,0.0,92.0
11563,87,17.28030303030303,16.0,15.3,5.3,0.0,1.6,93.0
12463,87,17.2,16.0,15.3,5.3,0.0,3.2,93.0
13363,87,17.17142857142857,16.0,15.3,5.3,0.0,3.2,94.0
14263,87,17.1,16.0,15.048529411764708,5.3,0.0,1.6,94.0
15163,87,17.056060606060605,16.0,15.0,5.3,0.0,1.6,94.0
16063,87,17.0,16.0,15.0,5.4,0.0,1.6,94.0
16963,87,16.97391304347826,15.985915492957748,15.0,5.3,0.0,0.0,94.0
17863,87,16.9,17.40714285714286,15.597142857142856,5.3,0.0,0.0,94.0
18763,87,17.074285714285715,49.73880597014925,41.13582089552239,5.3,0.0,0.0,94.0
19663,87,17.785507246376813,56.84126984126984,52.819047619047616,5.3,0.0,0.0,94.0
20563,87,18.429411764705883,54.78571428571429,51.29857142857143,5.3,0.0,0.0,94.0
21463,87,18.93188405797101,53.61194029850746,50.44328358208956,5.3,0.0,1.6,95.0
22363,87,19.28970588235294,54.7536231884058,50.9231884057971,5.3,0.0,0.0,95.0
23263,87,19.580882352941178,53.80147058823529,50.59852941176471,5.3,0.0,1.6,95.0
24163,87,19.88309859154929,52.69565217391304,49.06376811594203,5.3,0.0,0.0,95.0
25063,87,20.01875,36.294117647058826,33.42941176470588,5.3,0.0,0.0,96.0
25963,87,20.060294117647057,27.140845070422536,26.57323943661972,5.4,0.0,0.0,96.0
26863,87,19.60483870967742,22.338709677419352,21.39677419354839,5.4,5.0,0.0,96.0
27763,87,19.09558823529412,23.88059701492537,22.144776119402984,5.4,9.0,1.6,96.0
28663,87,18.846376811594205,53.26190476190476,46.614285714285714,5.4,25.0,3.2,96.0
29563,87,19.00144927536232,55.00714285714285,51.51571428571428,5.5,16.0,1.6,96.0
30463,87,18.93846153846154,56.22058823529412,52.18970588235294,5.5,26.0,0.0,97.0
31363,87,19.56176470588236,55.73571428571429,52.30714285714286,5.6,21.0,1.6,96.0
32263,87,20.016666666666666,55.60869565217392,52.1536231884058,5.6,21.0,1.6,96.0
33163,87,20.394366197183096,57.31343283582089,53.08358208955224,5.6,33.0,1.6,97.0
34063,87,20.756716417910447,54.86764705882352,51.22352941176471,5.8,25.0,0.0,97.0
34963,87,21.03333333333333,56.333333333333336,52.58115942028985,5.8,25.0,1.6,96.0
35863,87,21.2625,55.789855072463766,51.36231884057971,5.7,39.0,0.0,96.0
36763,87,21.48695652173913,54.789855072463766,51.20434782608696,5.8,49.0,1.6,96.0
37663,87,21.68840579710145,57.45945945945946,52.52972972972973,6.0,46.0,1.6,96.0
38563,87,21.919696969696968,58.83098591549295,54.05915492957746,6.0,57.0,4.8,96.0
39463,87,22.167142857142856,57.56849315068494,53.57123287671233,6.2,69.0,4.8,95.0
40363,87,22.3,49.32352941176471,45.475,6.2,77.0,4.8,95.0
41263,87,22.144285714285715,32.36029411764706,28.75735294117647,6.2,74.0,4.8,95.0
42163,87,21.79402985074627,24.77857142857143,23.705714285714286,6.3,85.0,3.2,95.0
43063,87,21.288059701492536,20.964285714285715,20.16,6.6,81.0,3.2,94.0
43963,87,20.846969696969698,19.785714285714285,18.92,6.8,155.0,6.4,94.0
44863,87,20.493939393939392,18.892307692307693,18.16307692307692,6.9,139.0,6.4,93.0
45763,87,20.165217391304346,18.359154929577464,17.630985915492957,7.0,129.0,6.4,92.0
46663,87,19.89402985074627,18.0,17.255384615384617,7.2,146.0,6.4,92.0
47563,87,19.673529411764708,17.625,16.983333333333334,7.5,193.0,4.8,91.0
48463,87,19.463768115942027,17.5,16.9,7.8,200.0,6.4,89.0
49363,87,18.814705882352943,17.2,16.503076923076925,7.8,193.0,6.4,89.0
50263,87,17.72142857142857,16.274647887323944,15.454929577464789,7.8,172.0,9.7,88.0
51163,87,17.013636363636362,15.95714285714286,14.971428571428572,8.1,250.0,6.4,88.0
52063,87,16.57826086956522,15.50735294117647,14.602941176470589,8.4,207.0,8.0,86.0
52963,87,16.19710144927536,15.147058823529411,14.31764705882353,8.7,638.0,8.0,86.0
53863,87,16.586764705882352,41.23571428571428,32.677142857142854,9.1,531.0,8.0,84.0
54763,87,17.508474576271187,56.17741935483871,51.5983870967742,9.3,394.0,6.4,83.0
55663,87,18.59264705882353,57.71014492753624,52.79565217391304,9.3,297.0,8.0,82.0
56563,87,19.8296875,58.69565217391304,52.82753623188406,9.3,311.0,8.0,82.0
57463,87,20.656060606060606,58.06617647058823,52.66176470588236,9.2,232.0,8.0,82.0
58363,87,21.17101449275362,50.12857142857143,45.09142857142857,9.2,188.0,8.0,82.0
59263,87,21.3,32.17142857142857,28.26428571428572,8.9,156.0,6.4,83.0
60163,87,21.15774647887324,25.15217391304348,22.92173913043478,8.6,105.0,6.4,84.0
61063,87,20.865277777777777,21.88571428571429,20.411428571428573,8.1,53.0,3.2,85.0
61963,87,20.55857142857143,20.12686567164179,19.150746268656714,7.9,35.0,4.8,86.0
62863,87,20.209230769230768,18.93076923076924,18.13384615384616,7.7,40.0,4.8,87.0
63763,87,19.9390625,32.173913043478265,27.515942028985503,7.6,25.0,3.2,87.0
64663,87,20.19264705882353,56.75,49.99411764705882,7.4,9.0,3.2,87.0
65563,87,20.84788732394366,57.52985074626865,52.19850746268656,7.3,12.0,6.4,88.0
66463,87,21.32898550724638,57.364285714285714,53.39571428571429,7.1,19.0,6.4,89.0
67363,87,21.57205882352941,57.34848484848485,53.2969696969697,7.1,28.0,6.4,89.0
68263,87,21.793055555555554,55.530303030303024,52.28939393939394,7.1,26.0,4.8,89.0
69163,87,21.803125,57.0,52.85,7.1,14.0,6.4,89.0
70063,87,21.928571428571427,57.80769230769231,54.04923076923077,7.1,5.0,6.4,89.0
70963,87,22.02941176470588,55.262711864406775,51.37966101694915,7.1,0.0,6.4,89.0
71863,87,21.97272727272728,55.27966101694915,52.03389830508475,7.1,0.0,8.0,90.0
72763,87,21.624615384615385,56.5,52.56923076923077,7.0,0.0,6.4,92.0
73663,87,21.3875,54.40350877192982,51.56491228070176,7.0,0.0,6.4,93.0
74563,87,20.77936507936508,53.1060606060606,50.36515151515151,6.9,0.0,6.4,93.0
75463,87,19.311475409836067,53.61111111111111,50.53015873015873,6.8,0.0,8.0,93.0
76363,87,18.49516129032257,52.8939393939394,50.45454545454545,6.7,0.0,6.4,93.0
77263,87,17.71967213114754,52.88135593220339,50.40508474576272,6.6,0.0,4.8,93.0
78163,87,17.236363636363638,47.76923076923077,45.33846153846154,6.5,0.0,4.8,94.0
79063,87,18.441666666666663,31.71014492753623,30.51304347826087,6.5,0.0,4.8,94.0
79963,87,19.37121212121212,27.2890625,27.56875,6.4,0.0,4.8,94.0
80863,87,19.762686567164177,23.33076923076923,21.96923076923077,6.4,0.0,1.6,94.0
81763,87,19.894202898550724,20.66417910447761,19.28955223880597,6.4,0.0,4.8,94.0
82663,87,19.802857142857142,19.419117647058822,18.23529411764705,6.5,0.0,3.2,94.0
83563,87,19.71538461538461,18.683823529411764,17.644117647058824,6.6,0.0,4.8,94.0
84463,87,19.57272727272727,18.227272727272727,17.31818181818182,6.6,0.0,3.2,94.0
85363,87,19.469565217391303,18.0,17.22714285714286,6.4,0.0,3.2,93.0
86263,87,19.344117647058823,17.866197183098592,16.985915492957748,6.1,0.0,0.0,94.0
763,88,19.237142857142857,17.5,16.8,5.9,0.0,0.0,94.0
1663,88,19.12794117647059,17.5,16.64142857142857,5.8,0.0,1.6,95.0
2563,88,19.01014492753623,17.5,16.5,5.9,0.0,4.8,95.0
3463,88,18.926315789473684,17.403225806451612,16.42258064516129,5.9,0.0,0.0,95.0
4363,88,18.869565217391305,17.0,16.3,6.1,0.0,1.6,96.0
5263,88,18.78695652173913,17.0,16.3,6.1,0.0,3.2,95.0
6163,88,18.7,17.0,16.240000000000002,5.9,0.0,1.6,95.0
7063,88,18.65671641791045,17.0,16.0,5.9,0.0,3.2,95.0
7963,88,18.6,17.0,16.0,5.9,0.0,4.8,96.0
8863,88,18.530882352941177,17.0,16.0,6.1,0.0,4.8,96.0
9763,88,18.5,17.0,16.0,6.1,0.0,4.8,96.0
10663,88,18.43188405797101,17.0,15.931428571428572,6.3,0.0,3.2,96.0
11563,88,18.4,16.71014492753623,15.8,6.3,0.0,1.6,96.0
12463,88,18.3672131147541,16.5,15.8,6.6,0.0,0.0,97.0
13363,88,18.3,16.5,15.8,6.9,0.0,1.6,97.0
14263,88,18.26111111111112,16.5,15.8,7.4,0.0,0.0,97.0
15163,88,18.2,16.5,15.8,7.5,0.0,3.2,97.0
16063,88,18.2,16.5,15.785245901639346,7.5,0.0,0.0,96.0
16963,88,18.10428571428572,16.5,15.533870967741937,7.4,0.0,0.0,96.0
17863,88,18.1,18.49305555555556,16.325,7.1,0.0,1.6,96.0
18763,88,18.259420289855072,50.971428571428575,44.565714285714286,7.1,0.0,0.0,96.0
19663,88,18.75072463768116,44.24305555555556,40.016666666666666,7.1,0.0,0.0,96.0
20563,88,19.16338028169014,48.68181818181818,45.83787878787879,7.2,0.0,0.0,97.0
21463,88,19.44696969696969,45.65873015873016,41.24603174603175,7.2,0.0,0.0,97.0
22363,88,19.705797101449274,46.59090909090909,43.38939393939394,7.1,0.0,0.0,96.0
23263,88,19.85373134328358,48.47794117647059,44.002941176470586,6.9,0.0,0.0,97.0
24163,88,20.154545454545453,39.84558823529412,38.97352941176471,7.0,0.0,0.0,97.0
25063,88,20.38615384615385,28.49264705882353,26.90882352941176,7.4,0.0,0.0,98.0
25963,88,20.432394366197183,25.598591549295776,26.311267605633805,7.7,11.0,4.8,97.0
26863,88,20.133333333333333,22.049295774647888,21.07887323943662,7.9,18.0,11.3,96.0
27763,88,19.89846153846154,19.644927536231883,18.48695652173913,8.0,26.0,11.3,94.0
28663,88,19.71044776119403,18.51408450704225,17.485915492957748,8.2,49.0,11.3,92.0
29563,88,19.53125,17.88235294117647,16.95294117647059,8.3,77.0,11.3,91.0
30463,88,19.368253968253967,17.5,16.67704918032787,8.4,74.0,8.0,90.0
31363,88,19.26363636363636,17.338028169014084,16.49718309859155,8.5,85.0,12.9,90.0
32263,88,19.137878787878787,17.0,16.31388888888889,9.1,156.0,9.7,87.0
33163,88,18.98695652173913,17.0,16.295833333333334,9.6,197.0,11.3,85.0
34063,88,18.862121212121213,17.0,16.03,10.0,195.0,6.4,85.0
34963,88,18.72058823529412,17.0,16.0,10.2,238.0,8.0,83.0
35863,88,18.57878787878788,16.573529411764707,16.0,10.8,239.0,6.4,80.0
36763,88,18.469117647058823,16.5,15.816901408450704,10.8,160.0,4.8,80.0
37663,88,18.380000000000003,16.5,15.8,10.7,155.0,6.4,80.0
38563,88,18.3,16.5,15.8,10.7,93.0,4.8,80.0
39463,88,18.203333333333333,16.5,15.8,10.2,123.0,9.7,86.0
40363,88,18.2,16.5,15.8,10.0,174.0,8.0,87.0
41263,88,18.17833333333333,16.5,15.675862068965518,9.8,144.0,4.8,87.0
42163,88,18.1,16.5,15.5,9.4,128.0,3.2,89.0
43063,88,18.1,16.5,15.5,9.6,141.0,4.8,90.0
43963,88,18.1,16.5,15.5,9.4,174.0,4.8,91.0
44863,88,18.04714285714285,16.5,15.5,9.6,181.0,4.8,92.0
45763,88,18.0,16.5,15.5,9.7,150.0,3.2,91.0
46663,88,18.0,16.5,15.5,9.8,127.0,4.8,92.0
47563,88,18.0,16.5,15.5,9.9,77.0,1.6,93.0
48463,88,17.90869565217391,16.5,15.5,10.2,69.0,4.8,94.0
49363,88,17.9,16.47887323943662,15.5,10.4,97.0,9.7,94.0
50263,88,17.9,16.32638888888889,15.5,10.8,178.0,11.3,94.0
51163,88,17.9,16.15714285714286,15.5,11.0,153.0,8.0,93.0
52063,88,17.851666666666667,16.057142857142857,15.5,11.1,93.0,9.7,92.0
52963,88,17.8,16.029850746268657,15.5,11.1,146.0,14.5,93.0
53863,88,17.8,16.0,15.5,11.3,176.0,9.7,94.0
54763,88,17.8,16.0,15.488571428571428,11.4,135.0,11.3,91.0
55663,88,17.8,16.0,15.445454545454549,11.8,260.0,20.9,90.0
56563,88,17.8,16.0,15.388235294117646,11.9,241.0,20.9,89.0
57463,88,17.8,16.0,15.330985915492956,12.3,165.0,22.5,85.0
58363,88,17.82121212121212,29.92537313432836,23.73880597014925,12.3,132.0,25.7,86.0
59263,88,18.61044776119403,53.471014492753625,48.971014492753625,12.3,139.0,20.9,86.0
60163,88,19.3703125,51.69565217391304,47.278260869565216,12.3,128.0,22.5,86.0
61063,88,19.8530303030303,52.34166666666666,48.29166666666667,12.4,137.0,24.1,85.0
61963,88,20.192753623188405,50.95833333333333,47.66388888888889,12.4,91.0,24.1,85.0
62863,88,20.4344262295082,50.75714285714285,47.64142857142857,12.3,49.0,22.5,85.0
63763,88,20.50714285714286,44.80714285714286,41.817142857142855,12.2,66.0,19.3,86.0
64663,88,20.687323943661973,52.20588235294117,48.701470588235296,12.2,62.0,20.9,86.0
65563,88,20.93768115942029,51.86986301369863,48.2986301369863,12.1,65.0,17.7,87.0
66463,88,21.01846153846154,51.266129032258064,47.96612903225807,12.1,77.0,19.3,86.0
67363,88,21.09268292682927,50.22549019607843,46.77254901960784,12.1,65.0,22.5,87.0
68263,88,21.195348837209306,56.8469387755102,52.12244897959183,11.9,28.0,19.3,88.0
69163,88,21.46444444444445,56.020833333333336,51.91458333333334,11.7,12.0,16.1,89.0
70063,88,21.710638297872343,56.09803921568628,51.82745098039216,11.6,7.0,19.3,89.0
70963,88,22.03333333333333,57.17924528301887,52.007547169811325,11.6,3.0,14.5,89.0
71863,88,22.3265306122449,57.79166666666666,51.85,11.7,0.0,19.3,87.0
72763,88,22.51372549019608,56.11538461538462,50.86730769230769,11.7,0.0,12.9,87.0
73663,88,22.6,56.68461538461538,52.49076923076923,11.6,0.0,12.9,88.0
74563,88,22.6,56.0078125,51.928125,11.5,0.0,9.7,88.0
75463,88,22.66610169491525,55.291044776119406,51.52388059701492,11.3,0.0,17.7,89.0
76363,88,22.7,55.69852941176471,52.252941176470586,11.2,0.0,22.5,90.0
77263,88,22.7,57.20149253731344,52.3089552238806,11.0,0.0,20.9,91.0
78163,88,22.830882352941178,52.03731343283582,49.32686567164179,10.9,0.0,24.1,91.0
79063,88,22.831884057971017,35.45522388059702,33.33731343283582,10.6,0.0,22.5,92.0
79963,88,22.62941176470588,27.792857142857144,26.76142857142857,10.5,0.0,19.3,92.0
80863,88,22.744776119402985,25.4296875,25.8875,10.4,0.0,24.1,91.0
81763,88,22.25507246376812,22.38636363636364,21.66818181818181,10.4,0.0,22.5,92.0
82663,88,21.81384615384616,20.463768115942027,19.662318840579708,10.4,0.0,24.1,91.0
83563,88,21.415942028985505,19.4921875,18.74375,10.5,0.0,22.5,91.0
84463,88,21.057142857142857,18.985915492957748,18.22676056338028,10.6,0.0,22.5,91.0
85363,88,20.76716417910448,18.5,17.891176470588235,10.6,0.0,19.3,91.0
86263,88,20.51142857142857,18.49275362318841,17.66086956521739,10.4,0.0,20.9,91.0
763,89,20.27910447761194,18.02307692307692,17.432307692307692,10.3,0.0,16.1,92.0
1663,89,20.07538461538461,18.0,17.3,10.5,0.0,22.5,91.0
2563,89,19.911764705882355,18.0,17.061764705882354,10.7,0.0,20.9,90.0
3463,89,19.76197183098592,17.866197183098592,17.0,10.9,0.0,19.3,89.0
4363,89,19.638805970149257,17.5,16.929577464788732,10.8,0.0,20.9,89.0
5263,89,19.51764705882353,17.5,16.802857142857142,10.6,0.0,20.9,90.0
6163,89,19.42121212121212,17.5,16.8,10.5,0.0,22.5,91.0
7063,89,19.335384615384616,17.5,16.795454545454547,10.3,0.0,22.5,92.0
7963,89,19.28450704225352,17.5,16.569565217391304,10.3,0.0,22.5,93.0
8863,89,19.2,17.5,16.5,10.3,0.0,20.9,93.0
9763,89,19.14225352112676,17.5,16.5,10.3,0.0,25.7,92.0
10663,89,19.098550724637683,17.5,16.5,10.3,0.0,22.5,93.0
11563,89,19.00441176470588,17.4296875,16.5,10.2,0.0,24.1,93.0
12463,89,19.0,17.0625,16.415625,10.2,0.0,27.4,92.0
13363,89,18.93478260869565,17.0,16.30289855072464,10.3,0.0,25.7,92.0
14263,89,18.9,17.0,16.3,10.4,0.0,24.1,92.0
15163,89,18.85909090909091,17.0,16.3,10.4,0.0,22.5,92.0
16063,89,18.8,17.0,16.3,10.5,0.0,24.1,92.0
16963,89,18.754285714285714,17.0,16.3,10.4,0.0,25.7,91.0
17863,89,18.7,18.70422535211268,16.932394366197183,10.3,0.0,19.3,92.0
18763,89,18.97941176470588,52.05147058823529,44.03235294117647,10.2,0.0,16.1,92.0
19663,89,19.880000000000003,45.94444444444444,42.766666666666666,10.4,0.0,19.3,91.0
20563,89,20.42028985507246,51.81428571428571,47.31,10.5,0.0,20.9,91.0
21463,89,20.93428571428572,43.88235294117647,40.76323529411765,10.6,0.0,17.7,90.0
22363,89,21.15223880597015,29.375,27.756944444444446,10.4,0.0,19.3,91.0
23263,89,21.067605633802817,23.919117647058822,22.84705882352941,10.6,0.0,20.9,90.0
24163,89,20.88428571428572,21.216417910447763,20.35223880597015,10.6,0.0,19.3,90.0
25063,89,20.67826086956521,20.573529411764707,20.698529411764707,10.6,0.0,22.5,88.0
25963,89,21.043661971830986,19.869230769230768,19.764615384615382,10.6,7.0,20.9,88.0
26863,89,20.626153846153848,19.544776119402982,19.62686567164179,10.6,16.0,19.3,88.0
27763,89,20.3179104477612,18.7536231884058,18.48260869565217,10.7,21.0,19.3,88.0
28663,89,20.084375,18.145833333333336,17.530555555555555,10.9,25.0,22.5,87.0
29563,89,19.858461538461537,17.84558823529412,17.141176470588235,10.9,37.0,22.5,87.0
30463,89,19.65671641791045,17.5,16.903125,11.1,54.0,22.5,87.0
31363,89,19.465217391304343,17.5,16.8,11.3,74.0,22.5,86.0
32263,89,19.33913043478261,17.5,16.595652173913045,11.4,102.0,24.1,85.0
33163,89,19.2359375,17.371428571428574,16.5,11.2,74.0,19.3,86.0
34063,89,19.13521126760564,17.0078125,16.5,11.3,63.0,14.5,87.0
34963,89,19.096969696969698,17.0,16.5,11.3,94.0,16.1,88.0
35863,89,19.0,17.0,16.5,11.4,125.0,14.5,87.0
36763,89,19.0,17.0,16.5,11.7,315.0,16.1,86.0
37663,89,19.0,17.0,16.49142857142857,12.5,199.0,16.1,84.0
38563,89,18.93768115942029,17.0,16.378873239436622,12.7,230.0,16.1,82.0
39463,89,18.9,17.0,16.3,12.1,125.0,19.3,84.0
40363,89,18.898591549295777,17.0,16.3,12.5,186.0,16.1,83.0
41263,89,18.805454545454545,17.0,16.3,12.7,190.0,14.5,82.0
42163,89,18.8,17.0,16.3,12.6,189.0,16.1,83.0
43063,89,18.8,17.0,16.3,12.4,146.0,12.9,84.0
43963,89,18.752238805970148,17.0,16.3,12.4,139.0,12.9,84.0
44863,89,18.7,17.0,16.3,12.4,148.0,16.1,83.0
45763,89,18.7,17.0,16.3,12.5,132.0,12.9,84.0
46663,89,18.698507462686567,17.0,16.3,12.5,199.0,14.5,86.0
47563,89,18.60833333333333,17.0,16.286764705882355,12.5,209.0,17.7,84.0
48463,89,18.6,17.0,16.269117647058824,12.5,153.0,17.7,84.0
49363,89,18.6,17.0,16.194366197183097,12.4,150.0,17.7,85.0
50263,89,18.6,17.0,16.05217391304348,12.4,88.0,16.1,85.0
51163,89,18.597101449275364,17.0,16.0,12.3,192.0,17.7,87.0
52063,89,18.5015625,17.0,16.0,12.4,163.0,19.3,88.0
52963,89,18.5,17.0,16.0,12.4,199.0,20.9,86.0
53863,89,18.5,17.0,16.0,12.5,209.0,20.9,87.0
54763,89,18.5,17.0,16.0,12.5,236.0,19.3,87.0
55663,89,18.5,17.0,16.0,12.7,288.0,20.9,86.0
56563,89,18.5,17.0,16.0,12.7,290.0,20.9,86.0
57463,89,18.5,17.0,16.0,13.1,301.0,22.5,83.0
58363,89,18.440350877192984,17.0,16.0,13.2,276.0,20.9,83.0
59263,89,18.4,17.0,16.0,13.5,503.0,20.9,83.0
60163,89,18.4,17.0,16.0,13.9,423.0,17.7,82.0
61063,89,18.35833333333333,17.0,16.137142857142855,13.7,230.0,19.3,81.0
61963,89,18.3,19.717741935483872,17.35483870967742,13.3,218.0,19.3,83.0
62863,89,18.36949152542373,24.25,23.17058823529412,12.9,142.0,19.3,84.0
63763,89,18.585915492957746,43.83606557377049,37.91967213114754,12.6,126.0,17.7,85.0
64663,89,19.16417910447761,43.46153846153847,40.94,12.3,62.0,9.7,86.0
65563,89,19.62,43.33606557377049,37.65901639344263,12.1,32.0,9.7,87.0
66463,89,19.877611940298507,29.98412698412698,27.3015873015873,11.8,30.0,9.7,88.0
67363,89,19.927868852459017,24.3768115942029,23.38840579710145,11.6,28.0,14.5,88.0
68263,89,19.837096774193547,21.328125,20.5203125,11.4,19.0,19.3,89.0
69163,89,19.65,19.82089552238806,19.45522388059701,11.3,9.0,20.9,89.0
70063,89,19.51,37.98529411764706,32.95,11.2,7.0,20.9,89.0
70963,89,19.739393939393945,40.5,37.430882352941175,11.3,1.0,22.5,89.0
71863,89,19.965079365079365,27.92465753424657,25.58219178082192,11.3,0.0,20.9,89.0
72763,89,20.0,23.186567164179102,21.64776119402985,11.3,0.0,22.5,89.0
73663,89,19.94782608695652,20.6953125,19.690625,11.4,0.0,27.4,88.0
74563,89,19.80625,19.40441176470588,18.62794117647059,11.5,0.0,25.7,88.0
75463,89,19.644776119402984,18.41780821917808,17.7986301369863,11.4,0.0,25.7,88.0
76363,89,19.45151515151515,18.296875,18.046875,11.3,0.0,22.5,90.0
77263,89,19.32089552238806,18.015873015873016,17.663492063492065,11.2,0.0,20.9,91.0
78163,89,19.201612903225808,17.984126984126984,17.904761904761905,11.2,0.0,22.5,91.0
79063,89,19.15625,18.0,17.6,11.2,0.0,19.3,91.0
79963,89,19.04769230769231,17.761194029850746,17.340298507462684,11.3,0.0,17.7,91.0
80863,89,18.943548387096776,17.5,16.88955223880597,11.2,0.0,14.5,93.0
81763,89,18.84193548387097,17.5,16.64090909090909,10.7,0.0,9.7,95.0
82663,89,18.75072463768116,17.40441176470588,16.698529411764707,10.6,0.0,9.7,96.0
83563,89,18.7,17.45,16.624285714285712,10.4,0.0,9.7,96.0
84463,89,18.7,17.264285714285712,16.63285714285714,10.4,0.0,8.0,97.0
85363,89,18.7,17.307692307692307,16.573846153846155,10.6,0.0,11.3,97.0
86263,89,18.6469696969697,17.0,16.378260869565217,10.8,0.0,14.5,96.0
763,90,18.6,17.0,16.3,10.8,0.0,14.5,96.0
1663,90,18.6,17.0,16.3,10.8,0.0,14.5,96.0
2563,90,18.5375,17.0,16.3,10.8,0.0,14.5,96.0
3463,90,18.5,17.0,16.3,10.8,0.0,14.5,96.0
4363,90,18.5,17.0,16.264179104477613,10.8,0.0,14.5,96.0
5263,90,18.436986301369863,17.0,16.03,10.8,0.0,14.5,96.0
6163,90,18.4,17.0,16.0,10.8,0.0,14.5,96.0
7063,90,18.4,17.0,16.0,10.8,0.0,14.5,96.0
7963,90,18.4,17.0,16.0,10.8,0.0,14.5,96.0
8863,90,18.309459459459458,17.0,16.03913043478261,10.8,0.0,14.5,96.0
9763,90,18.3,17.0,16.291176470588233,10.8,0.0,14.5,96.0
10663,90,18.3,17.0,16.05294117647059,10.8,0.0,14.5,96.0
11563,90,18.231884057971016,17.0,16.0,10.8,0.0,14.5,96.0
12463,90,18.2,17.0,16.0,10.8,0.0,14.5,96.0
13363,90,18.2,17.0,16.0,10.8,0.0,14.5,96.0
14263,90,18.14647887323944,17.0,16.0,10.8,0.0,14.5,96.0
15163,90,18.1,17.0,16.0,10.8,0.0,14.5,96.0
16063,90,18.1,16.964285714285715,16.0,10.8,0.0,14.5,96.0
16963,90,18.1,16.90714285714286,16.0,10.8,0.0,14.5,96.0
17863,90,18.009677419354837,18.558823529411764,16.629411764705882,10.8,0.0,14.5,96.0
18763,90,18.254929577464782,52.25735294117648,44.048529411764704,10.8,0.0,14.5,96.0
19663,90,19.056521739130435,55.48484848484848,51.990909090909085,10.8,0.0,14.5,96.0
20563,90,19.698529411764707,48.05714285714286,45.21857142857143,10.8,0.0,14.5,96.0
21463,90,19.99714285714285,46.44285714285714,41.85142857142857,10.8,0.0,14.5,96.0
22363,90,20.35079365079365,48.27464788732394,44.75915492957746,10.8,0.0,14.5,96.0
23263,90,20.57464788732394,50.57142857142857,46.67142857142857,10.8,0.0,14.5,96.0
24163,90,20.75522388059701,37.231884057971016,33.9,10.8,0.0,14.5,96.0
25063,90,20.852857142857143,28.507042253521128,28.04366197183099,10.8,0.0,14.5,96.0
25963,90,20.75142857142857,24.401408450704224,24.35211267605634,10.8,0.0,14.5,96.0
26863,90,20.46212121212121,21.28985507246377,20.517391304347825,10.8,0.0,14.5,96.0
27763,90,20.15,19.716417910447763,18.94029850746269,10.8,0.0,14.5,96.0
28663,90,19.8887323943662,18.801470588235293,18.16470588235294,10.8,0.0,14.5,96.0
29563,90,19.65652173913044,18.3015873015873,17.63809523809524,10.8,0.0,14.5,96.0
30463,90,19.47714285714286,18.0,17.384057971014492,10.8,0.0,14.5,96.0
31363,90,19.35820895522388,17.955882352941178,17.225,10.8,0.0,14.5,96.0
32263,90,19.24848484848485,17.5,17.0,10.8,0.0,14.5,96.0
33163,90,19.122857142857143,17.5,16.888235294117646,10.8,0.0,14.5,96.0
34063,90,19.0,17.5,16.8,10.8,0.0,14.5,96.0
34963,90,18.908450704225352,17.5,16.787837837837838,10.8,0.0,14.5,96.0
35863,90,18.9,17.5,16.567164179104477,10.8,0.0,14.5,96.0
36763,90,18.87121212121212,17.5,16.5,10.8,0.0,14.5,96.0
37663,90,18.8,17.435714285714287,16.5,10.8,0.0,14.5,96.0
38563,90,18.8,17.075757575757574,16.5,10.8,0.0,14.5,96.0
39463,90,18.77391304347826,17.00735294117647,16.5,10.8,0.0,14.5,96.0
40363,90,18.7,17.0,16.5,10.8,0.0,14.5,96.0
41263,90,18.7,17.0,16.411764705882355,10.8,0.0,14.5,96.0
42163,90,18.7,17.0,16.3,10.8,0.0,14.5,96.0
43063,90,18.64857142857143,17.0,16.3,10.8,0.0,14.5,96.0
43963,90,18.6,17.0,16.3,10.8,0.0,14.5,96.0
44863,90,18.6,17.0,16.3,8.9,0.0,29.0,87.0
45763,90,18.6,17.0,16.3,8.9,0.0,29.0,87.0
46663,90,18.57894736842105,17.0,16.3,8.9,0.0,29.0,87.0
47563,90,18.5,17.0,16.3,8.9,0.0,29.0,87.0
48463,90,18.5,17.0,16.3,8.9,0.0,29.0,87.0
49363,90,18.5,17.0,16.3,8.9,0.0,29.0,87.0
50263,90,18.480555555555554,17.0,16.20909090909091,8.9,0.0,29.0,87.0
51163,90,18.4,17.0,16.013432835820897,8.9,0.0,29.0,87.0
52063,90,18.4,17.0,16.008695652173913,8.9,0.0,29.0,87.0
52963,90,18.4,17.0,16.0,8.9,0.0,29.0,87.0
53863,90,18.4,17.0,16.0,8.9,0.0,29.0,87.0
54763,90,18.4,17.0,16.0,8.9,0.0,29.0,87.0
55663,90,18.355405405405406,17.0,16.0,8.9,0.0,29.0,87.0
56563,90,18.3,17.0,16.0,8.9,0.0,29.0,87.0
57463,90,18.3,17.0,16.0,8.9,0.0,29.0,87.0
58363,90,18.31627906976744,30.321428571428573,24.048571428571428,8.9,0.0,29.0,87.0
59263,90,18.79014084507042,51.04347826086956,46.94927536231884,8.9,0.0,29.0,87.0
60163,90,19.37575757575757,33.08695652173913,29.968115942028987,8.9,0.0,29.0,87.0
61063,90,19.58358208955224,25.4375,23.2890625,8.9,0.0,29.0,87.0
61963,90,19.6,22.02173913043478,20.655072463768114,8.9,0.0,29.0,87.0
62863,90,19.55942028985508,20.073529411764707,19.2,8.9,0.0,29.0,87.0
63763,90,19.455,19.31578947368421,18.555263157894736,8.9,0.0,29.0,87.0
64663,90,,,,8.9,0.0,29.0,87.0
65563,90,19.2,18.0,17.44,8.9,0.0,29.0,87.0
66463,90,19.10806451612904,29.309523809523807,25.187301587301587,8.9,0.0,29.0,87.0
67363,90,19.40816326530612,49.0686274509804,45.74901960784314,8.9,0.0,29.0,87.0
68263,90,19.71587301587301,36.08333333333333,33.97121212121212,8.9,0.0,29.0,87.0
69163,90,19.8,28.053846153846155,26.635384615384616,8.9,0.0,29.0,87.0
70063,90,19.79846153846153,23.684615384615384,22.50923076923077,8.9,0.0,29.0,87.0
70963,90,19.7,21.140350877192983,20.203508771929823,8.9,0.0,29.0,87.0
71863,90,19.573469387755104,19.642857142857142,18.916326530612245,8.9,0.0,29.0,87.0
72763,90,19.441509433962263,18.63888888888889,18.03333333333333,8.9,0.0,29.0,87.0
73663,90,19.319117647058825,18.15441176470588,17.641176470588235,8.9,0.0,29.0,87.0
74563,90,19.183333333333334,18.0,17.385294117647057,8.9,0.0,29.0,87.0
75463,90,19.062857142857144,17.607692307692307,17.235384615384614,8.9,0.0,29.0,87.0
76363,90,18.974242424242423,17.5,17.0,8.9,0.0,29.0,87.0
77263,90,18.86949152542373,17.5,16.983870967741936,8.9,0.0,29.0,87.0
78163,90,18.78,17.5,16.8,8.9,0.0,29.0,87.0
79063,90,18.7,17.5,16.8,8.9,0.0,29.0,87.0
79963,90,18.61860465116279,17.5,16.84259259259259,8.9,0.0,29.0,87.0
80863,90,18.5453125,17.5,16.79814814814815,8.9,0.0,29.0,87.0
81763,90,18.498214285714287,17.22641509433962,16.5,8.9,0.0,29.0,87.0
82663,90,18.436507936507937,17.37313432835821,16.952238805970147,8.9,0.0,29.0,87.0
83563,90,18.4,17.5,16.814705882352943,8.9,0.0,29.0,87.0
84463,90,18.40428571428572,17.346153846153847,16.567692307692308,8.9,0.0,29.0,87.0
85363,90,18.40410958904109,17.5,16.916417910447763,8.9,0.0,29.0,87.0
86263,90,18.4,17.477941176470587,16.65735294117647,8.9,0.0,29.0,87.0
763,91,18.4,17.028169014084504,16.390140845070423,8.9,0.0,29.0,87.0
1663,91,18.33731343283582,17.0,16.3,8.9,0.0,29.0,87.0
2563,91,18.3,17.0,16.3,8.9,0.0,29.0,87.0
3463,91,18.24406779661017,17.0,16.267692307692307,8.9,0.0,29.0,87.0
4363,91,18.2,17.0,16.055714285714284,8.8,0.0,27.4,87.0
5263,91,18.15970149253732,17.0,16.0,8.8,0.0,27.4,87.0
6163,91,18.1,17.0,16.0,8.7,0.0,24.1,88.0
7063,91,18.098550724637683,17.0,16.0,8.7,0.0,24.1,88.0
7963,91,18.00144927536232,16.8,16.0,8.7,0.0,19.3,88.0
8863,91,18.0,16.5,16.0,8.5,0.0,17.7,88.0
9763,91,18.0,16.5,16.0,8.6,0.0,12.9,88.0
10663,91,17.917391304347824,16.5,15.997101449275362,8.5,0.0,4.8,88.0
11563,91,17.9,16.5,15.913432835820895,8.6,0.0,8.0,88.0
12463,91,17.898611111111112,16.5,15.82,8.3,0.0,11.3,88.0
13363,91,17.807692307692307,16.5,15.8,8.3,0.0,19.3,88.0
14263,91,17.8,16.5,15.8,8.3,0.0,8.0,88.0
15163,91,17.8,16.5,15.8,8.2,0.0,8.0,87.0
16063,91,17.76290322580645,16.5,15.8,8.2,0.0,3.2,87.0
16963,91,17.7,16.5,15.8,8.1,0.0,4.8,88.0
17863,91,17.7,16.5,15.8,7.7,0.0,1.6,89.0
18763,91,17.673913043478258,16.5,15.8,7.8,0.0,4.8,88.0
19663,91,17.6,18.559701492537314,16.52238805970149,7.8,0.0,1.6,88.0
20563,91,17.80857142857143,50.198630136986296,43.73835616438356,7.8,0.0,6.4,87.0
21463,91,18.30135135135135,43.02777777777778,38.92916666666667,7.8,0.0,11.3,88.0
22363,91,18.64915254237288,44.1865671641791,42.38208955223881,7.8,0.0,8.0,87.0
23263,91,18.925,41.26470588235294,38.46764705882353,7.9,0.0,4.8,87.0
24163,91,19.10151515151515,40.65492957746479,38.22394366197183,7.8,0.0,1.6,87.0
25063,91,19.768115942028984,39.05797101449276,38.527536231884056,7.7,9.0,0.0,88.0
25963,91,19.61159420289855,40.046875,38.359375,7.7,14.0,0.0,89.0
26863,91,19.7536231884058,37.17361111111111,35.672222222222224,7.9,28.0,1.6,89.0
27763,91,19.56376811594203,45.317567567567565,41.31216216216216,8.0,33.0,1.6,88.0
28663,91,19.52272727272728,37.5,35.38235294117647,8.2,58.0,3.2,89.0
29563,91,19.449253731343283,27.18382352941176,24.641176470588235,8.3,70.0,3.2,88.0
30463,91,19.3,22.21875,21.1734375,8.6,74.0,1.6,88.0
31363,91,19.127777777777776,19.924242424242426,19.19090909090909,8.8,100.0,3.2,86.0
32263,91,18.95441176470588,18.76865671641791,18.161194029850744,9.4,132.0,4.8,85.0
33163,91,18.77910447761194,18.10606060606061,17.528787878787877,9.6,130.0,4.8,84.0
34063,91,18.63492063492064,17.6171875,17.1265625,9.7,125.0,4.8,83.0
34963,91,18.52428571428572,17.5,16.84848484848485,9.8,125.0,6.4,83.0
35863,91,18.407462686567165,17.066176470588236,16.61911764705882,9.7,120.0,6.4,85.0
36763,91,18.30983606557377,17.0,16.5,9.6,113.0,8.0,84.0
37663,91,18.2089552238806,17.0,16.337142857142858,9.4,179.0,11.3,86.0
38563,91,18.124242424242425,17.0,16.3,9.4,122.0,9.7,85.0
39463,91,18.0578125,17.0,16.27391304347826,9.3,121.0,11.3,86.0
40363,91,18.0,16.70634920634921,16.0,9.3,105.0,8.0,86.0
41263,91,17.91492537313433,16.5,16.0,9.3,102.0,9.7,86.0
42163,91,17.9,16.5,16.0,9.5,176.0,11.3,86.0
43063,91,17.82153846153846,16.5,16.0,9.9,209.0,9.7,85.0
43963,91,17.8,16.5,15.98153846153846,9.7,142.0,12.9,86.0
44863,91,17.8,16.5,15.845714285714283,9.9,130.0,6.4,86.0
45763,91,17.8,16.5,15.8,9.9,121.0,8.0,85.0
46663,91,17.8,16.5,15.8,9.9,193.0,8.0,87.0
47563,91,17.8,16.5,15.8,10.7,406.0,8.0,84.0
48463,91,17.708695652173912,16.5,15.8,11.3,686.0,9.7,79.0
49363,91,17.7,16.5,15.8,12.0,566.0,9.7,77.0
50263,91,17.7,16.5,15.8,12.0,83.0,9.7,74.0
51163,91,17.7,16.5,15.8,12.6,659.0,9.7,73.0
52063,91,17.7,16.5,15.8,13.5,663.0,9.7,68.0
52963,91,17.7,16.5,15.8,13.7,654.0,12.9,67.0
53863,91,17.7,16.5,15.8,13.8,547.0,16.1,65.0
54763,91,17.656923076923075,16.5,15.8,13.9,531.0,16.1,63.0
55663,91,17.6,16.5,15.70597014925373,13.8,541.0,14.5,65.0
56563,91,17.6,16.5,15.522727272727272,14.2,594.0,12.9,65.0
57463,91,17.549253731343285,16.5,15.5,13.9,413.0,16.1,60.0
58363,91,17.5,16.5,15.5,14.0,548.0,14.5,62.0
59263,91,17.5,16.5,15.5,14.1,352.0,17.7,66.0
60163,91,17.5,16.5,15.5,13.3,162.0,16.1,69.0
61063,91,17.428985507246377,16.5,15.5,11.8,33.0,19.3,72.0
61963,91,17.4,16.5,15.5,11.0,156.0,16.1,78.0
62863,91,17.4,16.5,15.5,10.9,72.0,14.5,81.0
63763,91,17.4,16.5,15.5,11.2,116.0,14.5,81.0
64663,91,17.4,16.49264705882353,15.5,11.7,88.0,19.3,76.0
65563,91,17.336764705882352,16.441176470588236,15.5,11.8,81.0,17.7,76.0
66463,91,17.3,16.283582089552237,15.5,11.5,83.0,17.7,79.0
67363,91,17.3,16.1015625,15.5,11.3,25.0,16.1,78.0
68263,91,17.24561403508772,16.0,15.5,10.6,23.0,14.5,81.0
69163,91,17.2,16.0,15.5,10.4,28.0,16.1,80.0
70063,91,17.2,16.0,15.5,10.4,12.0,17.7,79.0
70963,91,17.187272727272727,16.0,15.5,10.1,7.0,17.7,79.0
71863,91,17.1,16.0,15.5,9.7,0.0,16.1,80.0
72763,91,17.1,16.0,15.5,9.4,0.0,14.5,81.0
73663,91,17.1,16.0,15.42753623188406,9.2,0.0,14.5,80.0
74563,91,17.058823529411764,16.0,15.308955223880597,9.1,0.0,14.5,79.0
75463,91,17.0,16.0,15.3,8.9,0.0,12.9,79.0
76363,91,17.0,16.0,15.3,8.8,0.0,14.5,79.0
77263,91,17.0,16.0,15.3,8.7,0.0,12.9,80.0
78163,91,17.0,16.0,15.3,8.6,0.0,16.1,80.0
79063,91,16.93,16.0,15.3,8.6,0.0,14.5,80.0
79963,91,16.9,16.0,15.3,8.4,0.0,14.5,81.0
80863,91,16.9,16.0,15.3,8.2,0.0,16.1,82.0
81763,91,16.9,16.0,15.3,8.2,0.0,14.5,83.0
82663,91,16.9,16.0,15.3,7.9,0.0,16.1,84.0
83563,91,16.840625,16.0,15.3,7.8,0.0,16.1,84.0
84463,91,16.8,16.0,15.3,7.6,0.0,16.1,85.0
85363,91,16.8,16.0,15.3,7.5,0.0,14.5,84.0
86263,91,16.8,16.0,15.3,7.4,0.0,14.5,84.0
763,92,16.8,16.0,15.3,7.4,0.0,14.5,84.0
1663,92,16.73035714285714,16.0,15.3,7.4,0.0,12.9,84.0
2563,92,16.7,16.0,15.3,7.3,0.0,14.5,84.0
3463,92,16.7,16.0,15.3,7.1,0.0,12.9,84.0
4363,92,16.664864864864864,16.0,15.3,6.9,0.0,14.5,85.0
5263,92,16.6,16.0,15.3,6.7,0.0,11.3,85.0
6163,92,16.6,16.0,15.3,6.6,0.0,11.3,86.0
7063,92,16.6,16.0,15.17910447761194,6.4,0.0,9.7,85.0
7963,92,16.531884057971016,16.0,15.0044776119403,6.4,0.0,8.0,85.0
8863,92,16.5,16.0,15.0,6.1,0.0,8.0,85.0
9763,92,16.5,16.0,15.0,6.0,0.0,6.4,86.0
10663,92,16.5,15.992424242424244,15.0,5.9,0.0,9.7,86.0
11563,92,16.498591549295774,15.8828125,15.0,5.8,0.0,9.7,85.0
12463,92,16.4125,15.671641791044776,15.0,5.8,0.0,11.3,85.0
13363,92,16.4,15.530303030303031,15.0,5.7,0.0,11.3,85.0
14263,92,16.4,15.5,15.0,5.8,0.0,8.0,84.0
15163,92,16.4,15.5,15.0,5.7,0.0,8.0,84.0
16063,92,16.34776119402985,15.5,15.0,5.6,0.0,11.3,83.0
16963,92,16.3,15.5,15.0,5.5,0.0,11.3,84.0
17863,92,16.3,15.5,15.0,5.4,0.0,8.0,84.0
18763,92,16.28666666666667,15.5,14.99016393442623,5.3,0.0,9.7,84.0
19663,92,16.2015625,17.114285714285714,15.392857142857142,5.2,0.0,9.7,84.0
20563,92,16.365671641791046,50.40909090909091,43.48030303030304,5.0,0.0,9.7,84.0
21463,92,16.853846153846156,51.19718309859155,47.94084507042253,4.9,0.0,9.7,84.0
22363,92,17.264615384615386,47.57462686567165,44.93283582089553,4.9,0.0,11.3,84.0
23263,92,17.501492537313432,44.89855072463768,42.9,4.8,0.0,12.9,85.0
24163,92,17.673529411764708,46.23571428571428,43.47285714285714,4.8,0.0,12.9,86.0
25063,92,17.844776119402987,43.72602739726028,41.7054794520548,4.7,11.0,12.9,87.0
25963,92,18.058208955223883,47.61764705882353,44.41617647058824,4.7,18.0,11.3,87.0
26863,92,18.31159420289855,44.81944444444444,42.95833333333333,4.8,23.0,9.7,87.0
27763,92,18.457971014492752,42.21641791044776,40.2,4.9,25.0,9.7,87.0
28663,92,18.52463768115942,45.6268656716418,41.59402985074627,5.3,30.0,6.4,86.0
29563,92,18.684722222222224,38.09558823529412,35.34264705882353,5.7,37.0,9.7,85.0
30463,92,18.7,28.63970588235294,26.725,6.2,33.0,9.7,82.0
31363,92,18.62608695652174,23.48611111111111,21.9625,6.6,211.0,9.7,82.0
32263,92,18.486153846153847,20.301470588235293,19.21029411764706,7.1,272.0,9.7,80.0
33163,92,18.31805555555556,18.54615384615385,17.712307692307693,7.7,311.0,11.3,77.0
34063,92,18.14776119402985,17.726027397260275,17.002739726027396,8.0,348.0,14.5,75.0
34963,92,18.014705882352946,17.228571428571428,16.59,8.4,364.0,11.3,75.0
35863,92,17.87272727272727,17.0,16.33283582089552,8.7,411.0,14.5,75.0
36763,92,17.764179104477613,16.608695652173914,16.07826086956522,8.8,461.0,14.5,77.0
37663,92,17.661538461538463,16.5,15.997101449275362,8.9,334.0,14.5,79.0
38563,92,17.592307692307692,16.5,15.808955223880597,9.1,533.0,14.5,78.0
39463,92,17.5,16.5,15.8,9.6,541.0,12.9,73.0
40363,92,17.41492537313433,16.5,15.7203125,10.0,578.0,14.5,67.0
41263,92,17.34090909090909,16.114285714285714,15.5,10.1,584.0,16.1,66.0
42163,92,17.292424242424243,16.0,15.5,10.2,596.0,17.7,66.0
43063,92,17.2,16.0,15.5,10.8,633.0,14.5,65.0
43963,92,17.192424242424245,16.0,15.468571428571428,10.9,691.0,16.1,64.0
44863,92,17.1,16.0,15.302941176470588,11.2,640.0,12.9,62.0
45763,92,17.1,16.0,15.3,11.3,648.0,14.5,61.0
46663,92,17.020289855072463,16.0,15.3,11.9,675.0,12.9,59.0
47563,92,17.0,16.0,15.308955223880597,11.7,700.0,16.1,60.0
48463,92,17.03134328358209,16.0,15.519354838709678,11.7,185.0,11.3,59.0
49363,92,18.73380281690141,16.40625,15.834375,12.1,751.0,12.9,58.0
50263,92,17.55223880597015,16.5,15.771621621621623,12.4,206.0,11.3,57.0
51163,92,17.350746268656714,16.192857142857143,15.5,12.1,227.0,12.9,59.0
52063,92,17.182089552238807,16.014705882352942,15.5,12.3,209.0,16.1,57.0
52963,92,17.1,16.01818181818182,15.5,12.8,670.0,14.5,57.0
53863,92,17.031147540983607,16.0,15.365671641791044,13.4,563.0,12.9,55.0
54763,92,17.0,16.0,15.3,13.5,603.0,12.9,55.0
55663,92,17.0,16.0,15.3,13.6,594.0,14.5,56.0
56563,92,16.97142857142857,16.0,15.3,13.7,158.0,12.9,54.0
57463,92,16.9,16.0,15.3,13.8,517.0,14.5,53.0
58363,92,16.925757575757576,16.02238805970149,15.347761194029852,13.9,499.0,12.9,53.0
59263,92,17.0044776119403,16.007575757575758,15.5,14.2,156.0,11.3,52.0
60163,92,16.991525423728813,16.0,15.416417910447764,13.7,188.0,12.9,54.0
61063,92,16.896923076923077,16.0,15.3,13.7,371.0,14.5,54.0
61963,92,16.9,16.0,15.067164179104475,13.4,158.0,11.3,56.0
62863,92,16.86268656716418,15.96031746031746,15.0,13.1,102.0,12.9,56.0
63763,92,16.785714285714285,15.919117647058822,15.004411764705882,12.9,90.0,11.3,58.0
64663,92,16.7,15.6640625,15.0,12.4,63.0,14.5,58.0
65563,92,16.6125,15.5,14.835820895522389,12.3,77.0,11.3,59.0
66463,92,16.5231884057971,15.5,14.527272727272727,11.8,70.0,9.7,61.0
67363,92,16.45909090909091,15.5,14.663636363636362,11.5,69.0,9.7,62.0
68263,92,16.57017543859649,15.64655172413793,14.886206896551723,10.9,47.0,9.7,63.0
69163,92,16.18939393939394,21.246153846153845,17.336923076923078,10.8,35.0,6.4,65.0
70063,92,15.771428571428572,53.46212121212121,45.85151515151515,10.2,21.0,8.0,66.0
70963,92,16.619402985074625,56.021428571428565,51.76714285714286,9.7,9.0,4.8,69.0
71863,92,17.47352941176471,53.6969696969697,50.7090909090909,8.8,0.0,4.8,71.0
72763,92,17.94848484848485,53.98412698412699,50.23174603174603,8.3,0.0,4.8,73.0
73663,92,18.30289855072464,53.5,50.362857142857145,8.0,0.0,9.7,74.0
74563,92,18.575714285714287,54.84848484848485,50.98787878787879,7.8,0.0,11.3,75.0
75463,92,18.79122807017544,52.64615384615384,49.25692307692308,7.6,0.0,9.7,76.0
76363,92,19.02465753424657,53.47794117647059,50.91470588235294,7.4,0.0,12.9,77.0
77263,92,19.277464788732395,52.3939393939394,49.33787878787879,7.2,0.0,9.7,77.0
78163,92,19.734848484848484,54.42537313432835,49.6,7.1,0.0,12.9,77.0
79063,92,19.961764705882352,37.74242424242424,32.70151515151515,6.9,0.0,14.5,76.0
79963,92,19.824242424242424,27.06716417910448,24.30597014925373,6.8,0.0,14.5,76.0
80863,92,19.516176470588235,22.5703125,21.4578125,6.7,0.0,14.5,76.0
81763,92,20.16923076923077,21.954545454545453,22.503030303030304,6.7,0.0,16.1,74.0
82663,92,19.92089552238805,20.111940298507463,19.749253731343284,6.8,0.0,17.7,73.0
83563,92,19.23181818181818,18.65217391304348,17.940579710144927,6.9,0.0,16.1,74.0
84463,92,18.812676056338027,17.87313432835821,17.18507462686567,6.9,0.0,19.3,76.0
85363,92,18.44861111111112,17.5,16.765753424657536,6.9,0.0,19.3,77.0
86263,92,18.188235294117646,17.04285714285714,16.442857142857143,6.7,0.0,19.3,77.0
763,93,17.967605633802815,17.0,16.3,6.6,0.0,19.3,78.0
1663,93,17.775714285714287,17.0,16.180882352941175,6.6,0.0,19.3,78.0
2563,93,17.62878787878788,16.544776119402986,16.0,6.8,0.0,19.3,77.0
3463,93,17.492753623188406,16.5,15.832876712328764,6.9,0.0,16.1,76.0
4363,93,17.38450704225352,16.5,15.8,7.1,0.0,17.7,76.0
5263,93,17.295454545454547,16.5,15.555714285714284,7.2,0.0,17.7,76.0
6163,93,17.2,16.446153846153845,15.5,7.1,0.0,17.7,76.0
7063,93,17.12463768115942,16.007575757575758,15.39090909090909,7.0,0.0,16.1,75.0
7963,93,17.04328358208955,16.0,15.3,7.2,0.0,20.9,71.0
8863,93,16.990000000000002,16.0,15.3,7.2,0.0,22.5,71.0
9763,93,16.9,16.0,15.3,7.1,0.0,20.9,72.0
10663,93,16.872463768115942,16.0,15.285714285714286,6.9,0.0,20.9,74.0
11563,93,16.8,16.0,15.082258064516129,6.8,0.0,14.5,73.0
12463,93,16.8,16.0,15.0,6.8,0.0,14.5,73.0
13363,93,16.71044776119403,16.0,15.0,6.7,0.0,17.7,74.0
14263,93,16.7,16.0,15.0,6.5,0.0,11.3,74.0
15163,93,16.65,16.0,15.0,6.3,0.0,6.4,75.0
16063,93,16.6,15.90909090909091,15.0,6.5,0.0,8.0,74.0
16963,93,16.58985507246377,15.52173913043478,14.997101449275362,6.2,0.0,3.2,74.0
17863,93,16.5,17.12686567164179,15.36268656716418,5.9,0.0,6.4,75.0
18763,93,16.694117647058825,50.02238805970149,41.45074626865672,6.0,0.0,8.0,75.0
19663,93,17.452857142857145,57.06818181818181,52.97878787878788,6.1,0.0,8.0,76.0
20563,93,18.13088235294118,54.698412698412696,51.41269841269841,6.1,0.0,11.3,77.0
21463,93,18.602816901408453,54.32835820895523,50.60149253731343,5.9,0.0,9.7,79.0
22363,93,18.964383561643835,53.541095890410965,50.34657534246576,6.0,0.0,11.3,79.0
23263,93,19.33768115942029,54.84375,50.2421875,6.2,0.0,16.1,79.0
24163,93,19.705882352941178,53.25,49.696875,6.3,0.0,11.3,78.0
25063,93,19.78985507246377,34.34057971014492,29.843478260869563,6.7,14.0,20.9,77.0
25963,93,19.748529411764707,27.37301587301588,25.084126984126986,7.0,23.0,24.1,75.0
26863,93,19.56818181818182,23.169014084507044,22.432394366197183,7.1,21.0,22.5,74.0
27763,93,19.2768115942029,20.06338028169014,19.03521126760564,7.1,21.0,22.5,75.0
28663,93,19.00392156862745,18.613636363636363,17.75151515151515,6.8,30.0,14.5,78.0
29563,93,18.727941176470587,17.772058823529413,17.054411764705883,6.9,33.0,11.3,79.0
30463,93,18.52638888888889,17.347826086956523,16.652173913043477,7.1,42.0,12.9,78.0
31363,93,18.36417910447761,17.0,16.41014492753623,7.7,209.0,12.9,76.0
32263,93,18.226388888888888,16.970149253731343,16.250746268656716,8.3,158.0,25.7,73.0
33163,93,18.06981132075472,16.506944444444446,16.0,8.6,322.0,29.0,72.0
34063,93,17.95942028985507,16.5,15.96056338028169,9.4,411.0,27.4,69.0
34963,93,17.865671641791046,16.5,15.8,9.8,429.0,24.1,69.0
35863,93,17.765151515151516,16.5,15.8,10.0,221.0,22.5,67.0
36763,93,17.684285714285714,16.5,15.731147540983608,10.6,436.0,17.7,66.0
37663,93,17.6,16.434782608695652,15.5,10.5,209.0,17.7,65.0
38563,93,17.515714285714285,16.03125,15.5,10.2,241.0,20.9,67.0
39463,93,17.5,16.0,15.5,10.3,279.0,11.3,69.0
40363,93,17.434782608695652,16.0,15.5,10.8,220.0,9.7,66.0
41263,93,17.4,16.0,15.5,10.6,229.0,9.7,65.0
42163,93,17.4,16.0,15.408823529411766,10.8,314.0,14.5,65.0
43063,93,17.33283582089552,16.0,15.3,10.8,283.0,32.2,63.0
43963,93,17.3,16.0,15.3,11.3,496.0,30.6,63.0
44863,93,17.3,16.0,15.3,11.3,255.0,32.2,62.0
45763,93,17.3,16.0,15.3,11.3,300.0,32.2,61.0
46663,93,17.25,16.0,15.3,11.4,364.0,20.9,64.0
47563,93,17.2,16.0,15.3,11.2,323.0,27.4,68.0
48463,93,17.2,16.0,15.3,11.1,396.0,32.2,71.0
49363,93,17.192647058823532,16.0,15.295714285714286,10.9,381.0,33.8,71.0
50263,93,17.1,16.0,15.188571428571429,10.4,308.0,37.0,74.0
51163,93,17.1,16.0,15.0609375,10.2,260.0,35.4,73.0
52063,93,17.1,16.0,15.025,9.8,165.0,33.8,75.0
52963,93,17.03,16.0,15.004411764705882,9.7,166.0,30.6,76.0
53863,93,17.0,16.0,15.0,9.8,211.0,30.6,77.0
54763,93,17.0,16.0,15.0,9.9,239.0,33.8,78.0
55663,93,16.952238805970147,16.0,15.0,10.0,237.0,33.8,76.0
56563,93,16.9,16.0,15.0,10.1,216.0,30.6,77.0
57463,93,16.9,16.0,15.0,10.1,214.0,19.3,78.0
58363,93,16.901492537313434,28.25735294117647,22.1,10.1,237.0,20.9,78.0
59263,93,17.36376811594203,56.09558823529412,50.73088235294118,9.9,169.0,27.4,79.0
60163,93,18.13823529411765,53.1044776119403,50.613432835820895,9.8,143.0,27.4,80.0
61063,93,18.692156862745097,53.75373134328358,49.7955223880597,9.8,169.0,29.0,80.0
61963,93,19.108450704225355,42.79850746268657,39.12388059701493,9.9,171.0,27.4,80.0
62863,93,19.38059701492537,53.88059701492538,49.713432835820896,9.8,60.0,24.1,81.0
63763,93,19.75074626865672,36.90909090909091,33.53333333333333,9.7,56.0,25.7,81.0
64663,93,19.775,26.192857142857143,24.31714285714286,9.6,42.0,27.4,82.0
65563,93,19.59130434782609,23.443548387096776,22.088709677419352,9.5,81.0,29.0,84.0
66463,93,19.460317460317462,46.23076923076923,40.37076923076923,9.6,104.0,32.2,83.0
67363,93,19.639130434782608,33.1,29.70923076923077,9.6,100.0,25.7,84.0
68263,93,19.608823529411765,24.90714285714286,22.487142857142857,9.6,84.0,32.2,84.0
69163,93,19.433333333333334,33.57857142857143,29.65714285714285,9.6,30.0,32.2,84.0
70063,93,19.60147058823529,55.27857142857143,50.11,9.5,25.0,32.2,84.0
70963,93,20.09848484848485,55.66417910447761,52.05074626865671,9.4,18.0,35.4,84.0
71863,93,20.54705882352941,56.3955223880597,52.332835820895525,9.4,5.0,35.4,84.0
72763,93,20.807462686567163,56.70454545454545,52.5060606060606,9.3,0.0,38.6,84.0
73663,93,21.18285714285714,55.78571428571429,51.497142857142855,9.3,0.0,37.0,85.0
74563,93,21.89846153846154,57.280303030303024,51.516666666666666,9.3,0.0,33.8,85.0
75463,93,22.46935483870968,58.778688524590166,52.7,9.2,0.0,37.0,86.0
76363,93,22.915625,59.46875,53.428125,9.2,0.0,35.4,87.0
77263,93,23.24857142857143,55.69852941176471,50.42205882352941,9.1,0.0,35.4,86.0
78163,93,23.18805970149253,36.84057971014492,30.633333333333333,9.1,0.0,33.8,86.0
79063,93,22.69117647058824,28.195652173913043,25.64927536231884,9.1,0.0,33.8,87.0
79963,93,22.10153846153846,23.730158730158728,22.15079365079365,9.1,0.0,33.8,86.0
80863,93,21.575,21.20689655172413,20.05862068965517,9.1,0.0,33.8,86.0
81763,93,21.10441176470588,19.91525423728813,19.052542372881355,9.1,0.0,27.4,87.0
82663,93,20.72769230769231,19.149253731343286,18.386567164179105,9.2,0.0,29.0,87.0
83563,93,20.425,18.73134328358209,18.102985074626865,9.3,0.0,27.4,88.0
84463,93,20.11714285714286,18.30952380952381,17.63809523809524,9.3,0.0,27.4,88.0
85363,93,19.86142857142857,18.0,17.36865671641791,9.3,0.0,25.7,87.0
86263,93,19.61785714285714,17.92105263157895,17.142105263157895,9.4,0.0,25.7,87.0
763,94,19.44406779661017,17.5,17.0,9.5,0.0,20.9,88.0
1663,94,19.27068965517241,17.5,16.812698412698413,9.7,0.0,25.7,88.0
2563,94,19.145454545454548,17.5,16.8,9.8,0.0,25.7,88.0
3463,94,19.018840579710144,17.5,16.530434782608697,9.7,0.0,19.3,90.0
4363,94,18.92054794520548,17.23943661971831,16.5,10.6,0.0,32.2,88.0
5263,94,18.832857142857144,17.0,16.48235294117647,10.3,0.0,25.7,89.0
6163,94,18.74084507042253,17.0,16.308823529411764,10.3,0.0,29.0,89.0
7063,94,18.676712328767124,17.0,16.3,10.3,0.0,32.2,89.0
7963,94,18.6,17.0,16.3,10.1,0.0,29.0,91.0
8863,94,18.525,17.0,16.24857142857143,9.9,0.0,29.0,91.0
9763,94,18.490540540540543,17.0,16.0044776119403,9.8,0.0,22.5,92.0
10663,94,18.4,17.0,16.0,9.7,0.0,22.5,92.0
11563,94,18.38955223880597,17.0,16.0,9.4,0.0,20.9,91.0
12463,94,18.3,16.80597014925373,16.0,9.3,0.0,17.7,90.0
13363,94,18.265625,16.5,16.0,9.2,0.0,19.3,90.0
14263,94,18.2,16.5,15.898507462686569,8.7,0.0,19.3,90.0
15163,94,18.178125,16.5,15.8,8.6,0.0,20.9,89.0
16063,94,18.1,16.5,15.8,8.4,0.0,17.7,89.0
16963,94,18.1,16.5,15.8,8.0,0.0,19.3,88.0
17863,94,18.03939393939394,18.00735294117647,16.313235294117646,7.6,0.0,14.5,88.0
18763,94,18.188235294117646,48.56617647058824,39.38088235294118,7.3,0.0,14.5,87.0
19663,94,18.924637681159417,40.78787878787879,37.28939393939394,7.2,0.0,14.5,86.0
20563,94,19.3265625,28.169117647058822,24.90147058823529,7.0,0.0,14.5,86.0
21463,94,19.4,23.184615384615384,21.053846153846155,6.6,0.0,17.7,84.0
22363,94,19.360869565217392,20.541666666666664,19.272222222222226,6.3,0.0,16.1,82.0
23263,94,19.3,20.16935483870968,19.20483870967742,6.2,0.0,17.7,81.0
24163,94,19.342424242424244,41.11940298507463,35.85671641791045,6.1,0.0,16.1,80.0
25063,94,19.665671641791043,30.149253731343283,27.752238805970148,5.8,12.0,9.7,79.0
25963,94,19.825714285714287,23.962686567164177,22.52537313432836,5.6,18.0,14.5,78.0
26863,94,20.37,21.826086956521745,21.42173913043478,5.6,21.0,19.3,78.0
27763,94,19.876470588235293,19.93181818181818,19.445454545454545,5.7,25.0,16.1,78.0
28663,94,19.72714285714286,18.87121212121212,18.36515151515152,5.9,26.0,19.3,78.0
29563,94,19.55797101449276,18.190140845070424,17.674647887323943,6.1,32.0,22.5,76.0
30463,94,19.423529411764708,18.0,17.406060606060606,6.3,37.0,22.5,76.0
31363,94,19.266666666666666,17.539682539682538,17.185714285714287,6.5,42.0,24.1,75.0
32263,94,19.13283582089552,17.5,16.983333333333334,7.1,269.0,14.5,72.0
33163,94,18.98153846153846,17.5,16.8,7.5,323.0,14.5,71.0
34063,94,18.9,17.102941176470587,16.70294117647059,7.9,371.0,20.9,68.0
34963,94,18.80144927536232,17.0,16.5,8.1,404.0,24.1,67.0
35863,94,18.73265306122449,17.0,16.5,8.4,564.0,25.7,66.0
36763,94,18.684057971014493,17.0,16.5,8.6,482.0,17.7,66.0
37663,94,18.6,17.0,16.490163934426228,8.7,420.0,24.1,66.0
38563,94,18.53333333333333,17.0,16.3,8.9,540.0,27.4,67.0
39463,94,18.5,17.0,16.3,9.3,578.0,24.1,65.0
40363,94,18.4986301369863,17.0,16.3,9.7,613.0,25.7,64.0
41263,94,18.406666666666663,17.0,16.3,9.7,642.0,25.7,64.0
42163,94,18.4,17.0,16.3,10.3,566.0,20.9,62.0
43063,94,18.4,17.0,16.108695652173914,9.7,645.0,22.5,63.0
43963,94,18.37361111111111,17.0,16.0,10.2,687.0,22.5,63.0
44863,94,18.3,16.97222222222222,16.0,10.5,619.0,24.1,61.0
45763,94,18.3,16.77941176470588,16.0,10.3,628.0,24.1,62.0
46663,94,18.3,16.59285714285714,16.0,10.9,826.0,22.5,61.0
47563,94,18.3,16.553030303030305,16.0,10.7,218.0,22.5,63.0
48463,94,18.2943661971831,16.514285714285712,16.0,10.7,680.0,24.1,61.0
49363,94,18.20281690140845,16.5,16.0,10.4,735.0,25.7,61.0
50263,94,18.2,16.5,16.0,10.8,301.0,20.9,58.0
51163,94,18.2,16.5,16.0,11.7,837.0,20.9,57.0
52063,94,18.16,16.5,15.975757575757576,11.3,302.0,22.5,57.0
52963,94,18.1,16.5,15.931428571428572,10.6,237.0,24.1,62.0
53863,94,18.1,16.5,15.811940298507462,11.6,671.0,20.9,60.0
54763,94,18.09848484848485,16.5,15.8,11.3,735.0,24.1,61.0
55663,94,18.004347826086956,16.5,15.8,11.1,200.0,22.5,60.0
56563,94,18.0,16.5,15.8,10.7,204.0,20.9,63.0
57463,94,18.0,16.5,15.8,9.8,320.0,25.7,67.0
58363,94,18.004285714285714,26.782608695652176,21.144927536231883,10.0,369.0,25.7,64.0
59263,94,18.554054054054056,48.125,41.99558823529412,10.3,434.0,27.4,60.0
60163,94,19.34202898550725,31.27083333333333,27.76111111111111,10.4,548.0,29.0,62.0
61063,94,19.44,36.32857142857143,31.58428571428572,10.9,223.0,25.7,59.0
61963,94,19.72153846153846,40.463235294117645,37.74264705882353,10.8,206.0,27.4,57.0
62863,94,19.9,27.62676056338028,25.51408450704225,10.2,142.0,25.7,62.0
63763,94,19.855882352941176,22.70289855072464,21.35072463768116,9.9,130.0,20.9,64.0
64663,94,19.7044776119403,20.544776119402982,19.529850746268657,9.6,91.0,22.5,66.0
65563,94,19.504615384615384,21.166666666666664,20.28939393939394,9.7,135.0,19.3,66.0
66463,94,19.41470588235294,40.13709677419355,34.05967741935484,9.4,49.0,24.1,65.0
67363,94,19.91044776119403,54.63235294117648,50.16323529411765,9.0,33.0,25.7,66.0
68263,94,20.745454545454542,54.2463768115942,51.75942028985507,8.8,16.0,22.5,69.0
69163,94,21.238571428571426,56.76086956521739,52.48115942028985,8.7,37.0,22.5,70.0
70063,94,21.6030303030303,50.89516129032258,46.59193548387097,8.5,19.0,17.7,71.0
70963,94,21.637096774193548,33.231884057971016,29.121739130434783,8.3,11.0,16.1,71.0
71863,94,21.347692307692306,25.964788732394368,23.525352112676057,8.3,5.0,17.7,70.0
72763,94,20.986153846153847,22.49264705882353,20.988235294117647,8.2,0.0,16.1,71.0
73663,94,20.68169014084507,20.75,19.69558823529412,8.2,0.0,19.3,72.0
74563,94,20.38714285714285,19.65714285714286,18.83428571428572,7.9,0.0,19.3,75.0
75463,94,20.143939393939394,18.919117647058822,18.266176470588235,7.8,0.0,20.9,76.0
76363,94,19.93,18.4921875,17.815625,7.4,0.0,24.1,77.0
77263,94,19.708695652173912,18.0,17.465217391304346,7.4,0.0,24.1,78.0
78163,94,19.4955223880597,18.0,17.29516129032258,7.3,0.0,22.5,79.0
79063,94,19.325,17.522727272727273,17.009090909090908,7.2,0.0,22.5,76.0
79963,94,19.2,17.507462686567163,17.111940298507463,7.2,0.0,20.9,75.0
80863,94,20.085915492957746,17.984848484848484,17.596969696969698,7.1,0.0,22.5,74.0
81763,94,19.925757575757576,18.0,17.72941176470588,7.1,0.0,20.9,75.0
82663,94,19.56478873239437,17.8955223880597,17.22835820895522,6.9,0.0,22.5,77.0
83563,94,19.336764705882352,17.5,16.903225806451612,6.8,0.0,20.9,80.0
84463,94,19.15230769230769,17.5,16.8,6.7,0.0,24.1,82.0
85363,94,19.00178571428572,17.5,16.8,6.6,0.0,20.9,82.0
86263,94,18.88055555555556,17.5,16.786567164179104,6.7,0.0,17.7,82.0
763,95,18.770909090909093,17.421875,16.528125,6.8,0.0,20.9,80.0
1663,95,18.68888888888889,17.0,16.5,6.8,0.0,17.7,80.0
2563,95,18.6,17.0,16.496923076923075,6.7,0.0,20.9,80.0
3463,95,18.54179104477612,17.0,16.33283582089552,6.7,0.0,20.9,80.0
4363,95,18.5,17.0,16.3,6.9,0.0,24.1,78.0
5263,95,18.40142857142857,17.0,16.3,7.0,0.0,25.7,76.0
6163,95,18.39305555555556,17.0,16.257746478873237,7.0,0.0,27.4,75.0
7063,95,18.3,17.0,16.0044776119403,7.1,0.0,27.4,75.0
7963,95,18.27857142857143,17.0,16.0,7.0,0.0,25.7,75.0
8863,95,18.2,17.0,16.0,6.8,0.0,25.7,75.0
9763,95,18.2,16.713235294117645,16.0,6.8,0.0,25.7,76.0
10663,95,18.121739130434783,16.532258064516128,16.0,6.8,0.0,29.0,77.0
11563,95,18.1,16.5,16.0,6.9,0.0,32.2,77.0
12463,95,18.062857142857144,16.5,15.99705882352941,6.8,0.0,27.4,78.0
13363,95,18.0,16.5,15.898591549295777,6.8,0.0,27.4,78.0
14263,95,18.0,16.5,15.8,6.7,0.0,20.9,79.0
15163,95,17.91267605633803,16.5,15.8,6.8,0.0,20.9,79.0
16063,95,17.9,16.5,15.8,6.9,0.0,24.1,79.0
16963,95,17.85967741935484,16.5,15.8,7.1,0.0,24.1,78.0
17863,95,17.8,17.876923076923077,16.209230769230768,7.0,0.0,20.9,78.0
18763,95,17.966176470588234,48.10869565217392,39.00434782608696,7.1,0.0,22.5,78.0
19663,95,18.744776119402985,54.20289855072464,50.67826086956522,7.1,0.0,22.5,78.0
20563,95,19.38676470588236,42.23770491803278,38.48196721311475,7.1,0.0,22.5,79.0
21463,95,19.826760563380283,49.25373134328358,45.62238805970149,6.9,0.0,17.7,79.0
22363,95,20.18358208955224,31.76119402985075,28.213432835820896,7.0,0.0,14.5,78.0
23263,95,20.212857142857143,25.0,22.2768115942029,7.1,0.0,16.1,76.0
24163,95,20.264705882352946,22.80555555555556,21.85277777777777,7.1,5.0,17.7,76.0
25063,95,20.25441176470588,20.83582089552239,20.35223880597015,7.1,18.0,19.3,75.0
25963,95,19.995652173913044,19.63636363636364,19.19696969696969,7.3,39.0,19.3,74.0
26863,95,19.54927536231884,18.375,17.6578125,7.3,51.0,17.7,76.0
27763,95,19.18181818181818,17.723880597014926,17.029850746268657,7.3,42.0,17.7,77.0
28663,95,18.93142857142857,17.414285714285715,16.667142857142856,7.3,88.0,12.9,78.0
29563,95,18.718309859154928,17.0,16.38918918918919,7.6,116.0,17.7,77.0
30463,95,18.5609375,17.0,16.3,7.8,104.0,22.5,77.0
31363,95,18.457971014492752,17.0,16.09130434782609,7.8,77.0,24.1,76.0
32263,95,18.38611111111112,16.803030303030305,16.0,8.2,234.0,22.5,74.0
33163,95,18.258928571428573,16.5,16.0,8.5,355.0,19.3,74.0
34063,95,18.17536231884058,16.5,15.906849315068492,8.8,320.0,20.9,72.0
34963,95,18.1,16.5,15.8,9.0,405.0,19.3,72.0
35863,95,18.017391304347825,16.5,15.8,9.6,575.0,20.9,71.0
36763,95,18.0,16.5,15.8,9.9,642.0,24.1,69.0
37663,95,18.0,16.5,15.8,9.7,462.0,25.7,70.0
38563,95,17.981428571428573,16.5,15.8,9.7,202.0,20.9,69.0
39463,95,17.9,16.5,15.8,10.0,710.0,19.3,70.0
40363,95,17.9,16.5,15.795774647887324,10.6,717.0,20.9,68.0
41263,95,17.856716417910448,16.5,15.707692307692309,9.4,158.0,20.9,71.0
42163,95,17.8,16.5,15.5,9.5,186.0,19.3,70.0
43063,95,17.8,16.5,15.5,10.2,578.0,22.5,68.0
43963,95,17.8,16.5,15.5,10.1,262.0,17.7,68.0
44863,95,17.712307692307693,16.5,15.5,10.3,559.0,22.5,68.0
45763,95,17.7,16.5,15.5,10.4,306.0,22.5,68.0
46663,95,17.65774647887324,16.456521739130434,15.5,10.3,294.0,19.3,67.0
47563,95,17.6,16.276923076923076,15.5,10.2,380.0,22.5,68.0
48463,95,17.6,16.015625,15.5,10.1,118.0,19.3,68.0
49363,95,17.553623188405798,16.0,15.5,9.8,190.0,19.3,69.0
50263,95,17.5,16.0,15.491428571428573,10.1,255.0,22.5,68.0
51163,95,17.5,16.0,15.33939393939394,10.1,213.0,20.9,68.0
52063,95,17.5,16.0,15.303030303030305,10.4,353.0,22.5,65.0
52963,95,17.421875,16.0,15.306060606060608,10.4,218.0,16.1,64.0
53863,95,17.4,16.0,15.3,10.3,322.0,19.3,69.0
54763,95,17.4,16.0,15.3,10.4,264.0,17.7,68.0
55663,95,17.4,16.0,15.3,10.9,434.0,20.9,67.0
56563,95,17.4,16.0,15.3,10.9,153.0,19.3,66.0
57463,95,17.336923076923078,16.0,15.3,10.5,207.0,17.7,67.0
58363,95,17.31449275362319,26.1231884057971,20.34202898550725,11.1,519.0,20.9,65.0
59263,95,18.06478873239437,53.10185185185185,45.88333333333333,11.2,188.0,16.1,65.0
60163,95,19.1027397260274,41.18461538461538,36.87538461538462,11.4,497.0,17.7,63.0
61063,95,19.73380281690141,44.95238095238095,40.68253968253968,11.4,373.0,17.7,63.0
61963,95,19.81641791044776,30.383333333333333,27.99833333333333,11.4,232.0,16.1,62.0
62863,95,19.449253731343283,26.2,24.64,10.9,199.0,19.3,65.0
63763,95,19.31746031746032,49.588235294117645,44.78676470588236,11.1,198.0,19.3,65.0
64663,95,19.455714285714286,36.01470588235294,32.81029411764706,11.0,185.0,12.9,67.0
65563,95,19.5,26.47142857142857,23.95428571428572,11.0,158.0,16.1,67.0
66463,95,19.42083333333333,22.26056338028169,20.616901408450705,10.4,98.0,16.1,68.0
67363,95,19.324193548387097,20.35384615384616,19.39076923076923,10.3,84.0,16.1,68.0
68263,95,19.27647058823529,18.964285714285715,18.375714285714288,9.9,69.0,19.3,70.0
69163,95,19.046376811594204,18.02272727272728,17.278787878787877,9.8,46.0,17.7,71.0
70063,95,18.8796875,17.5,16.78636363636364,9.5,30.0,14.5,71.0
70963,95,18.717741935483872,17.049180327868854,16.48360655737705,9.2,21.0,17.7,72.0
71863,95,18.55348837209302,17.0,16.3,8.9,5.0,16.1,73.0
72763,95,18.43478260869565,16.992957746478872,16.135211267605634,8.6,0.0,14.5,75.0
73663,95,18.27887323943662,16.614285714285714,16.0,8.3,0.0,17.7,76.0
74563,95,18.1875,16.96212121212121,16.0,8.1,0.0,16.1,77.0
75463,95,18.04920634920635,17.197183098591548,16.29014084507042,7.7,0.0,14.5,78.0
76363,95,18.066666666666663,39.82575757575758,34.07121212121212,7.5,0.0,14.5,79.0
77263,95,18.48767123287672,32.088235294117645,29.827941176470585,7.4,0.0,19.3,79.0
78163,95,18.683333333333334,24.27272727272728,22.419696969696968,7.3,0.0,14.5,79.0
79063,95,18.7,20.87692307692308,19.65230769230769,7.1,0.0,12.9,79.0
79963,95,18.64920634920635,19.123076923076923,18.344615384615384,6.8,0.0,14.5,81.0
80863,95,18.5421875,18.192857142857143,17.57,7.0,0.0,17.7,80.0
81763,95,18.4525,17.74264705882353,17.314705882352943,6.8,0.0,14.5,81.0
82663,95,18.34084507042253,17.43939393939394,16.893939393939394,6.4,0.0,12.9,83.0
83563,95,18.2056338028169,17.0,16.59857142857143,6.4,0.0,14.5,83.0
84463,95,18.1,17.0,16.5,6.3,0.0,16.1,83.0
85363,95,18.09701492537313,17.0,16.5,6.2,0.0,14.5,83.0
86263,95,18.00144927536232,17.0,16.64,6.0,0.0,14.5,84.0
763,96,18.0,17.0,16.810144927536232,6.0,0.0,16.1,84.0
1663,96,17.959154929577466,17.0,16.38125,6.0,0.0,16.1,84.0
2563,96,17.9,16.97826086956522,16.295652173913044,5.9,0.0,12.9,85.0
3463,96,17.820289855072463,16.514285714285712,16.00857142857143,5.8,0.0,12.9,85.0
4363,96,17.8,16.5,16.0,5.7,0.0,14.5,85.0
5263,96,17.735820895522387,16.5,16.0,5.7,0.0,16.1,85.0
6163,96,17.7,16.5,15.958823529411765,5.5,0.0,12.9,85.0
7063,96,17.653030303030302,16.5,15.8,5.4,0.0,12.9,86.0
7963,96,17.6,16.5,15.8,5.4,0.0,12.9,86.0
8863,96,17.544117647058822,16.5,15.8,5.4,0.0,16.1,86.0
9763,96,17.5,16.5,15.8,5.4,0.0,12.9,86.0
10663,96,17.457971014492752,16.5,15.740845070422534,5.3,0.0,12.9,86.0
11563,96,17.4,16.5,15.508695652173913,5.5,0.0,16.1,87.0
12463,96,17.397014925373135,16.493055555555554,15.5,5.5,0.0,14.5,87.0
13363,96,17.3044776119403,16.364285714285714,15.5,5.4,0.0,12.9,88.0
14263,96,17.3,16.073529411764707,15.5,5.6,0.0,16.1,89.0
15163,96,17.3,16.0,15.5,5.6,0.0,16.1,89.0
16063,96,17.218309859154928,16.0,15.5,5.7,0.0,17.7,89.0
16963,96,17.2,16.0,15.5,5.7,0.0,19.3,90.0
17863,96,17.2,17.32089552238806,15.93134328358209,5.7,0.0,19.3,90.0
18763,96,17.4,46.83088235294117,38.55735294117647,6.1,0.0,20.9,90.0
19663,96,18.42297297297297,56.17647058823529,52.13823529411765,6.2,0.0,17.7,89.0
20563,96,19.41764705882353,55.3939393939394,52.05,6.3,0.0,19.3,89.0
21463,96,20.006060606060608,41.90579710144928,38.31739130434782,6.4,0.0,20.9,89.0
22363,96,20.372463768115946,48.55072463768117,45.03768115942029,6.4,0.0,20.9,89.0
23263,96,20.876470588235293,33.89230769230769,31.63230769230769,6.4,0.0,20.9,90.0
24163,96,20.954545454545453,26.46376811594203,24.89565217391304,6.4,9.0,20.9,90.0
25063,96,20.537142857142857,21.889705882352946,20.69264705882353,6.6,14.0,24.1,90.0
25963,96,20.11449275362319,20.085714285714285,19.22142857142857,6.7,35.0,22.5,89.0
26863,96,19.76086956521739,18.98550724637681,18.29420289855073,6.9,47.0,24.1,88.0
27763,96,19.42753623188406,18.295774647887324,17.722535211267605,6.9,53.0,20.9,88.0
28663,96,19.17714285714285,17.884057971014492,17.344927536231886,7.2,53.0,22.5,86.0
29563,96,18.94029850746269,17.5,17.008955223880598,7.2,56.0,20.9,86.0
30463,96,18.74657534246576,17.338028169014084,16.805633802816903,7.3,65.0,24.1,86.0
31363,96,18.566666666666663,17.0,16.57941176470588,7.4,79.0,19.3,85.0
32263,96,18.440579710144927,17.0,16.493939393939392,7.6,139.0,22.5,84.0
33163,96,18.341666666666665,17.0,16.305714285714284,7.8,125.0,20.9,83.0
34063,96,18.252702702702702,17.0,16.3,8.1,190.0,25.7,82.0
34963,96,18.19428571428572,16.67142857142857,16.21,8.2,189.0,25.7,82.0
35863,96,18.101408450704223,16.5,16.0,8.7,387.0,20.9,82.0
36763,96,18.071428571428573,16.5,16.0,8.9,232.0,19.3,81.0
37663,96,18.0,16.5,16.0,9.1,220.0,20.9,80.0
38563,96,18.0,16.5,15.973529411764709,9.3,222.0,17.7,80.0
39463,96,18.0,16.5,15.811428571428571,9.9,647.0,24.1,78.0
40363,96,18.0,16.5,15.8,10.0,295.0,20.9,77.0
41263,96,17.935714285714287,16.5,15.8,10.0,165.0,22.5,78.0
42163,96,17.9,16.5,15.8,10.3,745.0,27.4,77.0
43063,96,17.9,16.5,15.8,10.7,689.0,25.7,77.0
43963,96,17.895714285714284,16.5,15.8,10.7,403.0,25.7,75.0
44863,96,17.8,16.5,15.8,11.1,671.0,25.7,77.0
45763,96,17.8,16.5,15.8,11.3,676.0,25.7,75.0
46663,96,17.8,16.5,15.786956521739132,11.9,708.0,27.4,74.0
47563,96,17.7890625,16.5,15.713043478260868,11.6,515.0,29.0,74.0
48463,96,17.7,16.5,15.54285714285714,12.2,710.0,25.7,71.0
49363,96,17.7,16.5,15.5,12.7,633.0,24.1,70.0
50263,96,17.7,16.5,15.5,12.1,722.0,24.1,73.0
51163,96,17.7,16.492753623188406,15.5,12.9,675.0,24.1,69.0
52063,96,17.648529411764706,16.477941176470587,15.5,12.2,353.0,25.7,71.0
52963,96,17.6,16.298507462686565,15.5,12.1,257.0,22.5,72.0
53863,96,17.6,16.07971014492754,15.5,12.1,737.0,25.7,72.0
54763,96,17.6,16.03030303030303,15.5,12.1,336.0,25.7,70.0
55663,96,17.58529411764706,16.00714285714286,15.5,11.6,334.0,25.7,71.0
56563,96,17.5,16.0,15.5,11.7,248.0,24.1,70.0
57463,96,17.5,16.0,15.5,11.7,214.0,22.5,71.0
58363,96,17.5,25.43478260869565,20.644927536231883,11.7,227.0,22.5,72.0
59263,96,17.966129032258063,50.62903225806452,44.89516129032258,11.2,195.0,22.5,75.0
60163,96,18.71875,43.69166666666667,39.76833333333333,11.1,125.0,22.5,75.0
61063,96,19.3112676056338,42.39230769230769,39.04923076923077,11.1,148.0,20.9,75.0
61963,96,19.67,28.775,25.721666666666664,11.2,165.0,20.9,75.0
62863,96,19.7,23.59701492537313,21.73134328358209,11.1,158.0,20.9,75.0
63763,96,19.575342465753423,20.82857142857143,19.734285714285715,11.0,102.0,19.3,76.0
64663,96,19.391044776119404,19.330645161290324,18.59516129032258,10.7,81.0,19.3,77.0
65563,96,19.206060606060607,18.462686567164177,17.92537313432836,10.6,67.0,20.9,77.0
66463,96,19.02238805970149,18.0,17.5046875,10.4,49.0,19.3,78.0
67363,96,18.916417910447763,36.36764705882353,30.94264705882353,10.3,51.0,19.3,79.0
68263,96,19.49384615384616,55.402777777777786,51.215277777777786,10.2,49.0,22.5,76.0
69163,96,20.359322033898305,56.60144927536233,52.743478260869566,10.2,30.0,19.3,77.0
70063,96,20.98358208955224,57.333333333333336,53.33174603174604,10.1,12.0,20.9,77.0
70963,96,21.505797101449275,57.04545454545455,53.3969696969697,10.0,7.0,22.5,78.0
71863,96,21.87205882352941,56.22794117647059,52.83529411764706,9.7,5.0,16.1,81.0
72763,96,22.228125,56.29166666666666,52.74166666666666,9.4,0.0,14.5,83.0
73663,96,22.491666666666667,57.609375,54.14375,9.1,0.0,16.1,84.0
74563,96,22.685245901639345,57.38059701492538,54.37462686567165,9.1,0.0,17.7,84.0
75463,96,22.7,56.0,53.19705882352942,9.1,0.0,16.1,84.0
76363,96,22.7,50.83582089552239,47.89253731343284,9.1,0.0,17.7,83.0
77263,96,22.572857142857146,42.11971830985915,39.51690140845071,9.0,0.0,16.1,84.0
78163,96,22.327777777777776,31.716417910447763,28.746268656716417,8.9,0.0,16.1,84.0
79063,96,21.98985507246377,25.186567164179102,23.186567164179102,8.9,0.0,12.9,85.0
79963,96,21.63478260869565,22.19117647058824,20.830882352941178,8.8,0.0,12.9,85.0
80863,96,21.319402985074625,20.77868852459016,19.90819672131148,8.6,0.0,17.7,87.0
81763,96,21.05909090909091,19.901639344262296,19.118032786885244,8.4,0.0,17.7,88.0
82663,96,20.76060606060605,19.205882352941178,18.42205882352941,8.1,0.0,19.3,89.0
83563,96,20.498461538461537,18.775362318840585,18.01304347826087,7.9,0.0,19.3,90.0
84463,96,20.237142857142857,18.5,17.787142857142857,7.8,0.0,19.3,90.0
85363,96,20.044117647058822,18.34328358208955,17.5,7.7,0.0,20.9,91.0
86263,96,19.85857142857143,18.0,17.388571428571428,7.6,0.0,20.9,91.0
763,97,19.730882352941176,18.0,17.3,7.6,0.0,20.9,92.0
1663,97,19.5955223880597,18.0,17.117391304347827,7.6,0.0,20.9,92.0
2563,97,19.47941176470588,17.99285714285714,17.0,7.6,0.0,19.3,91.0
3463,97,19.392857142857142,17.54861111111111,17.0,7.6,0.0,17.7,91.0
4363,97,19.3,17.5,16.83235294117647,7.4,0.0,17.7,92.0
5263,97,19.239705882352943,17.5,16.8,7.4,0.0,19.3,93.0
6163,97,19.185915492957747,17.5,16.8,7.4,0.0,17.7,92.0
7063,97,19.1,17.5,16.8,7.4,0.0,16.1,92.0
7963,97,19.034782608695654,17.5,16.5890625,7.4,0.0,16.1,92.0
8863,97,19.0,17.5,16.5,7.4,0.0,16.1,92.0
9763,97,18.929850746268656,17.5,16.5,7.3,0.0,16.1,92.0
10663,97,18.9,17.450704225352112,16.5,7.3,0.0,16.1,92.0
11563,97,18.833823529411767,17.080882352941178,16.5,7.3,0.0,12.9,93.0
12463,97,18.8,17.0,16.478787878787877,7.3,0.0,16.1,93.0
13363,97,18.704615384615387,17.0,16.329850746268654,7.1,0.0,14.5,92.0
14263,97,18.7,17.0,16.3,7.1,0.0,17.7,93.0
15163,97,18.6231884057971,17.0,16.3,7.1,0.0,16.1,93.0
16063,97,18.6,17.0,16.3,7.0,0.0,16.1,93.0
16963,97,18.574242424242424,17.0,16.3,7.1,0.0,17.7,92.0
17863,97,18.5,18.17391304347825,16.728985507246378,7.1,0.0,16.1,92.0
18763,97,18.698529411764707,46.6969696969697,39.29545454545455,7.1,0.0,17.7,92.0
19663,97,19.49855072463768,41.76923076923077,38.60153846153846,7.0,0.0,16.1,92.0
20563,97,20.065625,37.97692307692308,35.44307692307692,6.9,0.0,14.5,92.0
21463,97,20.501538461538463,26.7890625,24.7015625,6.8,0.0,14.5,91.0
22363,97,20.56060606060606,22.76515151515152,21.69090909090909,6.8,0.0,12.9,91.0
23263,97,20.17391304347825,20.925,20.235,6.7,0.0,16.1,91.0
24163,97,20.02753623188406,19.82307692307692,19.23076923076924,6.7,5.0,14.5,90.0
25063,97,19.7955223880597,18.476190476190474,17.796825396825398,6.8,19.0,12.9,90.0
25963,97,19.56086956521739,17.607692307692307,16.99076923076923,6.8,30.0,12.9,90.0
26863,97,19.346969696969698,17.5,17.0,6.9,39.0,14.5,90.0
27763,97,19.18507462686567,17.5,17.0,7.0,44.0,12.9,89.0
28663,97,19.05593220338983,17.5,16.884848484848483,7.2,69.0,16.1,88.0
29563,97,18.954794520547942,17.5,16.8,7.3,77.0,17.7,87.0
30463,97,18.87058823529412,17.46875,16.771875,7.5,118.0,16.1,87.0
31363,97,18.798571428571428,17.088235294117645,16.508823529411764,7.6,137.0,14.5,86.0
32263,97,18.701538461538465,17.0,16.5,8.3,165.0,11.3,84.0
33163,97,18.66527777777777,17.0,16.5,8.4,195.0,12.9,83.0
34063,97,18.6,17.0,16.485507246376812,8.4,250.0,16.1,83.0
34963,97,18.587671232876712,17.0,16.319718309859155,8.7,213.0,16.1,81.0
35863,97,18.5,17.0,16.3,9.0,220.0,16.1,80.0
36763,97,18.5,17.0,16.3,8.9,243.0,17.7,80.0
37663,97,18.44848484848485,17.0,16.3,9.1,134.0,14.5,78.0
38563,97,18.4,17.0,16.3,9.1,132.0,14.5,77.0
39463,97,18.4,17.0,16.3,8.9,130.0,16.1,75.0
40363,97,18.39253731343284,17.0,16.3,9.1,195.0,14.5,76.0
41263,97,18.3,17.0,16.3,9.2,190.0,14.5,77.0
42163,97,18.3,17.0,16.243478260869566,9.4,311.0,16.1,78.0
43063,97,18.3,17.0,16.05238095238095,9.8,246.0,14.5,75.0
43963,97,18.264864864864865,17.0,16.0,9.7,175.0,14.5,75.0
44863,97,18.2,17.0,16.0,9.9,186.0,16.1,74.0
45763,97,18.2,16.97761194029851,16.0,10.0,241.0,12.9,74.0
46663,97,18.2,16.77857142857143,16.0,10.5,174.0,12.9,72.0
47563,97,18.2,16.58450704225352,16.0,10.3,216.0,16.1,75.0
48463,97,18.15254237288136,16.5,16.0,10.1,123.0,14.5,77.0
49363,97,18.1,16.5,16.0,10.7,369.0,11.3,75.0
50263,97,18.1,16.5,16.0,10.7,260.0,16.1,75.0
51163,97,18.1,16.5,16.0,10.6,158.0,16.1,75.0
52063,97,18.1,16.5,16.0,9.7,144.0,16.1,78.0
52963,97,18.01095890410959,16.5,16.0,10.1,343.0,16.1,76.0
53863,97,18.0,16.5,16.0,10.9,519.0,17.7,71.0
54763,97,18.0,16.5,15.994285714285716,11.1,294.0,19.3,71.0
55663,97,17.993150684931507,16.5,15.967164179104476,10.6,190.0,17.7,73.0
56563,97,17.9,16.5,15.9,10.3,178.0,17.7,71.0
57463,97,17.9,16.5,15.835294117647058,10.3,146.0,16.1,70.0
58363,97,17.901492537313434,25.41525423728813,20.635593220338983,10.1,155.0,16.1,70.0
59263,97,18.465714285714284,48.25373134328358,42.961194029850745,10.2,151.0,14.5,69.0
60163,97,19.417142857142856,41.77464788732394,38.65070422535212,10.1,157.0,16.1,69.0
61063,97,19.97352941176471,32.776119402985074,29.540298507462687,9.9,116.0,14.5,70.0
61963,97,20.111940298507463,24.955882352941178,22.61911764705882,10.0,125.0,11.3,70.0
62863,97,20.048529411764708,21.53030303030303,20.12121212121212,9.8,95.0,14.5,71.0
63763,97,19.841538461538462,19.727272727272727,18.83636363636364,9.8,88.0,12.9,71.0
64663,97,19.6,18.725352112676056,18.080281690140843,9.7,90.0,12.9,70.0
65563,97,19.36231884057971,18.402985074626866,18.007462686567163,9.6,84.0,11.3,70.0
66463,97,19.266666666666666,39.936619718309856,34.58732394366197,9.4,51.0,11.3,71.0
67363,97,19.687142857142856,31.72388059701493,29.17910447761194,9.3,39.0,11.3,72.0
68263,97,19.8,24.32575757575757,22.484848484848484,8.9,26.0,14.5,75.0
69163,97,19.7734375,21.28985507246377,20.139130434782608,8.7,21.0,16.1,75.0
70063,97,19.63428571428572,19.692857142857143,18.95,8.5,12.0,14.5,75.0
70963,97,19.46197183098592,18.770833333333336,18.247222222222224,8.4,7.0,17.7,77.0
71863,97,19.308823529411764,18.24264705882353,17.891176470588235,8.1,0.0,14.5,78.0
72763,97,19.133823529411764,18.0,17.598507462686566,8.1,0.0,14.5,78.0
73663,97,18.97076923076923,17.615942028985508,17.355072463768117,7.8,0.0,12.9,79.0
74563,97,18.84848484848485,17.5,17.189705882352943,7.7,0.0,14.5,78.0
75463,97,18.72388059701493,17.5,17.058208955223883,7.6,0.0,14.5,79.0
76363,97,18.626470588235293,17.5,16.89142857142857,7.6,0.0,12.9,79.0
77263,97,18.574,17.310344827586206,16.8,7.3,0.0,12.9,78.0
78163,97,18.5,17.0,16.8,7.3,0.0,12.9,78.0
79063,97,18.42833333333333,17.0,16.572222222222223,7.2,0.0,11.3,78.0
79963,97,18.4,17.0,16.570588235294117,7.1,0.0,11.3,78.0
80863,97,18.4,17.0,16.415384615384617,7.0,0.0,9.7,78.0
81763,97,18.4,17.0,16.3,6.9,0.0,12.9,79.0
82663,97,18.37833333333333,17.0,16.3,6.9,0.0,12.9,78.0
83563,97,18.3,17.0,16.410714285714285,6.9,0.0,14.5,78.0
84463,97,18.3859375,17.028846153846153,16.569230769230767,6.8,0.0,12.9,79.0
85363,97,18.32586206896552,17.0,16.291666666666664,6.8,0.0,12.9,79.0
86263,97,18.23333333333333,17.0,16.005172413793105,6.7,0.0,14.5,79.0
763,98,18.164583333333333,16.775,16.0,6.6,0.0,12.9,79.0
1663,98,18.1,16.5,15.882539682539685,6.5,0.0,12.9,78.0
2563,98,18.01904761904762,16.5,15.8,6.4,0.0,12.9,78.0
3463,98,17.995744680851065,16.5,15.8,6.3,0.0,11.3,78.0
4363,98,17.9,16.5,15.8,6.3,0.0,11.3,78.0
5263,98,17.882758620689653,16.5,15.8,6.2,0.0,11.3,78.0
6163,98,17.8,16.5,15.79,6.2,0.0,9.7,77.0
7063,98,17.8,16.5,15.66190476190476,6.2,0.0,9.7,78.0
7963,98,17.726785714285715,16.5,15.510714285714286,6.2,0.0,11.3,78.0
8863,98,17.7,16.5,15.5,6.2,0.0,11.3,78.0
9763,98,17.687719298245614,16.5,15.5,6.2,0.0,9.7,78.0
10663,98,17.601694915254235,16.5,15.5,6.2,0.0,9.7,78.0
11563,98,17.6,16.5,15.5,6.3,0.0,11.3,79.0
12463,98,17.598214285714285,16.5,15.5,6.3,0.0,9.7,79.0
13363,98,17.5,16.311475409836067,15.5,6.3,0.0,12.9,78.0
14263,98,17.5,16.017543859649123,15.5,6.3,0.0,11.3,78.0
15163,98,17.463934426229507,16.0,15.5,6.2,0.0,9.7,78.0
16063,98,17.4,16.0,15.420754716981133,5.9,0.0,6.4,79.0
16963,98,17.4,16.0,15.30327868852459,5.6,0.0,9.7,80.0
17863,98,17.311475409836067,16.0,15.3,5.6,0.0,9.7,80.0
18763,98,17.3,16.0,15.3,5.7,0.0,11.3,79.0
19663,98,17.266666666666666,17.236363636363638,15.65818181818182,5.8,0.0,9.7,79.0
20563,98,17.461290322580645,43.47368421052632,36.87543859649123,6.0,0.0,9.7,79.0
21463,98,18.327777777777776,35.39830508474576,31.67796610169492,6.2,0.0,9.7,79.0
22363,98,18.675,25.457627118644066,22.15084745762712,6.2,0.0,8.0,79.0
23263,98,18.69154929577465,21.88636363636364,20.083333333333336,6.2,5.0,9.7,79.0
24163,98,18.6,19.464788732394364,18.63661971830986,6.2,9.0,9.7,80.0
25063,98,18.67361111111111,18.8046875,18.44375,6.4,19.0,11.3,79.0
25963,98,18.58235294117647,17.992957746478872,17.618309859154927,6.6,24.0,9.7,79.0
26863,98,18.440845070422533,17.5,17.062686567164178,6.8,47.0,11.3,79.0
27763,98,18.25211267605634,17.283582089552237,16.838805970149256,6.9,63.0,8.0,79.0
28663,98,17.767164179104476,16.983870967741936,16.39677419354839,7.3,84.0,8.0,79.0
29563,98,17.572857142857142,16.5,15.973529411764709,7.6,79.0,9.7,78.0
30463,98,17.54,16.5,15.8,8.1,114.0,11.3,77.0
31363,98,17.833333333333336,16.5,15.8,8.5,137.0,12.9,76.0
32263,98,18.5,16.5,16.008695652173913,8.8,132.0,11.3,75.0
33163,98,18.0,16.5,16.0,8.9,223.0,12.9,74.0
34063,98,17.997101449275362,16.5,16.0,9.2,216.0,9.7,74.0
34963,98,17.9,16.5,16.0,9.4,232.0,11.3,73.0
35863,98,17.833333333333336,16.5,16.0,9.8,279.0,12.9,72.0
36763,98,17.8,16.5,15.942424242424243,9.8,279.0,14.5,72.0
37663,98,17.721212121212123,16.5,15.808695652173911,9.9,355.0,14.5,72.0
38563,98,17.7,16.5,15.8,10.3,543.0,16.1,70.0
39463,98,17.666666666666664,16.5,15.8,11.2,559.0,12.9,68.0
40363,98,17.6,16.5,15.8,11.4,580.0,14.5,67.0
41263,98,17.6,16.5,15.8,11.5,599.0,16.1,67.0
42163,98,17.6,16.5,15.8,11.8,621.0,14.5,68.0
43063,98,17.6,16.5,15.8,12.3,622.0,14.5,66.0
43963,98,17.6,16.5,15.8,12.7,647.0,9.7,65.0
44863,98,17.6,16.5,15.8,13.2,661.0,12.9,63.0
45763,98,17.56086956521739,16.5,15.8,13.6,652.0,9.7,63.0
46663,98,17.5,16.5,15.8,14.3,671.0,9.7,61.0
47563,98,17.5,16.5,15.8,14.9,652.0,9.7,60.0
48463,98,17.5,16.5,15.8,15.4,671.0,11.3,57.0
49363,98,17.5,16.5,15.8,15.7,673.0,9.7,58.0
50263,98,17.5,16.5,15.8,16.2,663.0,9.7,55.0
51163,98,17.5,16.5,15.8,16.3,659.0,11.3,58.0
52063,98,17.48985507246377,16.485294117647058,15.791176470588235,16.6,638.0,9.7,56.0
52963,98,17.450746268656715,16.5,15.795714285714286,16.3,619.0,11.3,57.0
53863,98,17.40625,16.5,15.8,16.6,605.0,11.3,56.0
54763,98,17.4,16.5,15.8,16.9,589.0,9.7,54.0
55663,98,17.398507462686567,16.5,15.8,17.1,577.0,9.7,54.0
56563,98,17.394366197183096,16.5,15.8,17.1,557.0,9.7,54.0
57463,98,17.4,16.5,15.8,17.1,527.0,12.9,53.0
58363,98,17.330882352941178,16.5,15.74,17.3,501.0,9.7,50.0
59263,98,17.3,16.321428571428573,15.5,17.3,420.0,11.3,49.0
60163,98,17.3,16.051470588235293,15.5,17.2,432.0,11.3,50.0
61063,98,17.3,16.0,15.5,17.3,343.0,12.9,51.0
61963,98,17.372413793103448,16.315384615384616,15.536923076923078,16.9,258.0,12.9,49.0
62863,98,17.316326530612244,16.008928571428573,15.5,16.5,216.0,12.9,49.0
63763,98,17.291176470588233,16.0,15.4375,16.3,121.0,11.3,50.0
64663,98,17.2,16.0,15.305479452054794,16.1,114.0,9.7,52.0
65563,98,17.2375,16.0,15.412121212121212,15.9,69.0,9.7,53.0
66463,98,17.373529411764707,16.097014925373134,15.5,15.5,58.0,9.7,57.0
67363,98,17.4,16.43939393939394,15.5,15.2,77.0,8.0,59.0
68263,98,17.37090909090909,16.289473684210527,15.5,14.6,91.0,9.7,59.0
69163,98,17.3,16.00793650793651,15.5,14.3,58.0,11.3,60.0
70063,98,17.211475409836066,16.0,15.5,13.6,23.0,11.3,61.0
70963,98,17.2,22.03846153846154,18.346153846153847,12.9,16.0,12.9,62.0
71863,98,17.644615384615385,52.083333333333336,44.66666666666667,12.3,0.0,12.9,61.0
72763,98,18.89032258064516,55.51754385964912,52.09649122807018,12.0,0.0,12.9,60.0
73663,98,19.75,56.3,52.68727272727273,11.9,0.0,11.3,56.0
74563,98,20.50757575757576,57.0546875,53.1828125,12.1,0.0,16.1,48.0
75463,98,21.243076923076924,57.520833333333336,53.675,12.1,0.0,17.7,40.0
76363,98,21.9,43.8046875,40.3609375,12.2,0.0,11.3,41.0
77263,98,21.98529411764705,29.96376811594203,28.48550724637681,12.1,0.0,12.9,37.0
78163,98,21.639130434782608,24.683823529411764,23.30588235294117,12.2,0.0,19.3,33.0
79063,98,21.2,22.01515151515152,20.903030303030302,11.7,0.0,17.7,38.0
79963,98,20.7796875,20.6328125,19.890625,11.6,0.0,20.9,40.0
80863,98,20.355555555555554,19.514285714285712,18.915714285714284,11.3,0.0,20.9,42.0
81763,98,19.981428571428573,18.768115942028984,18.23333333333333,11.3,0.0,19.3,43.0
82663,98,19.663235294117648,18.26865671641791,17.78955223880597,11.6,0.0,24.1,44.0
83563,98,19.385294117647057,18.0,17.44,11.4,0.0,20.9,47.0
84463,98,19.15797101449275,17.69402985074627,17.286567164179104,11.4,0.0,20.9,50.0
85363,98,18.95441176470588,17.5,17.013235294117646,11.2,0.0,19.3,55.0
86263,98,18.80857142857143,17.5,16.994594594594595,11.3,0.0,22.5,61.0
763,99,18.66857142857143,17.5,16.81714285714286,11.3,0.0,20.9,63.0
1663,99,18.5625,17.3768115942029,16.8,11.4,0.0,20.9,65.0
2563,99,18.47808219178082,17.02173913043478,16.604347826086958,11.4,0.0,20.9,67.0
3463,99,18.4,17.0,16.5,11.5,0.0,20.9,70.0
4363,99,18.327397260273973,17.0,16.5,11.4,0.0,22.5,70.0
5263,99,18.280392156862742,17.0,16.474285714285713,11.4,0.0,19.3,70.0
6163,99,18.2,17.0,16.311940298507462,11.3,0.0,20.9,71.0
7063,99,18.18888888888889,17.0,16.3,11.1,0.0,17.7,72.0
7963,99,18.1,17.0,16.3,10.9,0.0,17.7,74.0
8863,99,18.1,17.0,16.3,10.7,0.0,17.7,75.0
9763,99,18.014492753623188,17.0,16.26086956521739,10.7,0.0,17.7,76.0
10663,99,18.0,17.0,16.02647058823529,10.7,0.0,17.7,76.0
11563,99,17.986301369863014,16.75,16.0,10.7,0.0,16.1,76.0
12463,99,17.9,16.5,16.0,10.7,0.0,16.1,75.0
13363,99,17.9,16.5,16.0,10.6,0.0,16.1,76.0
14263,99,17.846376811594205,16.5,16.0,10.7,0.0,14.5,76.0
15163,99,17.8,16.5,16.0,10.7,0.0,16.1,76.0
16063,99,17.8,16.5,16.0,10.6,0.0,11.3,77.0
16963,99,17.8,16.5,16.0,10.6,0.0,12.9,77.0
17863,99,17.727272727272727,16.5,15.997101449275362,10.7,0.0,16.1,77.0
18763,99,17.7,16.5,15.946268656716418,10.7,0.0,17.7,76.0
19663,99,17.7,16.5,15.87536231884058,10.6,0.0,17.7,77.0
20563,99,17.7,16.5,15.808450704225354,10.4,0.0,19.3,77.0
21463,99,17.7,16.5,15.8,10.2,0.0,17.7,78.0
22363,99,17.7,16.5,15.8,10.2,0.0,16.1,78.0
23263,99,17.768333333333334,16.5,15.805633802816905,10.2,7.0,17.7,78.0
24163,99,17.8,16.5,15.81846153846154,10.3,19.0,19.3,78.0
25063,99,17.8,16.5,16.0,10.4,28.0,17.7,78.0
25963,99,17.856164383561644,16.619402985074625,16.038805970149255,10.6,35.0,17.7,78.0
26863,99,18.016901408450703,16.639344262295083,16.059016393442626,10.9,49.0,17.7,77.0
27763,99,18.09558823529412,16.772058823529413,16.00294117647059,11.1,49.0,19.3,77.0
28663,99,17.965714285714284,16.5,15.8,11.2,47.0,16.1,78.0
29563,99,17.86764705882353,16.5,15.8,11.2,47.0,14.5,79.0
30463,99,17.8,16.5,15.8,11.3,65.0,14.5,79.0
31363,99,17.8,16.5,15.8,11.6,79.0,14.5,78.0
32263,99,17.72361111111111,16.5,15.8,11.8,77.0,17.7,77.0
33163,99,17.7,16.5,15.786764705882351,11.7,76.0,14.5,78.0
34063,99,17.7,16.5,15.71492537313433,11.8,148.0,16.1,78.0
34963,99,17.7,16.5,15.583333333333334,12.1,220.0,14.5,76.0
35863,99,17.7,16.5,15.632857142857144,13.2,320.0,14.5,73.0
36763,99,17.7,16.5,15.51818181818182,13.6,271.0,14.5,71.0
37663,99,17.7,16.5,15.5,13.8,441.0,17.7,70.0
38563,99,17.7,16.5,15.5,14.3,587.0,19.3,68.0
39463,99,17.7,16.5,15.5,14.7,204.0,19.3,66.0
40363,99,17.7,16.5,15.5,14.3,441.0,19.3,68.0
41263,99,17.7,16.5,15.5,15.1,445.0,19.3,66.0
42163,99,17.7,16.5,15.5,15.3,625.0,19.3,66.0
43063,99,17.646478873239438,16.5,15.5,15.8,267.0,19.3,63.0
43963,99,17.604225352112675,16.5,15.5,15.3,322.0,20.9,64.0
44863,99,17.6,16.5,15.5,15.6,594.0,19.3,66.0
45763,99,17.6,16.4375,15.5,15.8,550.0,22.5,62.0
46663,99,17.6,16.484848484848484,15.5,15.4,250.0,17.7,66.0
47563,99,17.6,16.205882352941178,15.5,15.1,204.0,16.1,66.0
48463,99,17.6,16.0,15.5,14.9,230.0,14.5,68.0
49363,99,17.595652173913045,16.0,15.5,14.4,234.0,20.9,70.0
50263,99,17.5,16.0,15.5,14.6,380.0,20.9,70.0
51163,99,17.5,16.0,15.5,14.0,262.0,19.3,72.0
52063,99,17.417391304347824,16.0,15.355072463768115,14.6,735.0,19.3,69.0
52963,99,17.39846153846154,16.0,15.3,14.3,612.0,24.1,67.0
53863,99,17.334782608695654,16.0,15.3,14.1,661.0,22.5,66.0
54763,99,17.3,16.0,15.3,13.1,302.0,25.7,68.0
55663,99,17.3,16.0,15.178260869565218,12.6,251.0,25.7,70.0
56563,99,17.298507462686565,16.0,15.0,12.8,246.0,22.5,68.0
57463,99,17.207462686567162,16.0,15.009375,13.2,522.0,17.7,67.0
58363,99,17.3,16.0,15.08695652173913,13.2,363.0,19.3,66.0
59263,99,17.3,16.0,15.3,12.8,165.0,24.1,66.0
60163,99,17.3,16.0,15.3,12.3,141.0,24.1,65.0
61063,99,17.230769230769234,16.0,15.3,12.0,76.0,19.3,70.0
61963,99,17.2,22.195652173913043,18.144927536231883,11.6,79.0,20.9,72.0
62863,99,17.501470588235293,49.9179104477612,42.85671641791045,10.6,28.0,25.7,77.0
63763,99,18.41346153846154,55.18656716417911,50.86119402985075,10.3,21.0,25.7,78.0
64663,99,19.165671641791043,54.65217391304348,50.9,10.3,25.0,19.3,80.0
65563,99,19.78235294117647,56.69565217391304,52.68405797101449,10.1,47.0,22.5,81.0
66463,99,20.285507246376813,57.68181818181819,53.93333333333334,9.8,7.0,22.5,84.0
67363,99,20.714285714285715,57.8939393939394,54.40454545454545,9.6,23.0,20.9,87.0
68263,99,21.04927536231884,57.06716417910447,53.40298507462686,9.2,28.0,24.1,86.0
69163,99,21.32361111111112,57.5625,53.7796875,8.8,25.0,20.9,85.0
70063,99,21.53472222222222,51.730769230769226,50.50769230769231,8.3,26.0,22.5,84.0
70963,99,21.579104477611946,36.55813953488372,32.860465116279066,8.0,27.0,22.5,83.0
71863,99,21.384375,27.31372549019608,24.186274509803923,7.8,23.0,24.1,82.0
72763,99,21.068115942028985,23.0125,20.9875,7.7,9.0,20.9,83.0
73663,99,20.73880597014925,20.881818181818183,19.443636363636365,7.2,0.0,19.3,82.0
74563,99,20.40428571428572,19.629310344827587,18.555172413793105,6.7,0.0,20.9,83.0
75463,99,20.07121212121212,19.01408450704225,18.280281690140846,6.4,0.0,22.5,83.0
76363,99,19.77627118644068,18.5,18.00714285714286,6.3,0.0,22.5,83.0
77263,99,19.5258064516129,18.23846153846154,17.59384615384615,6.2,0.0,22.5,83.0
78163,99,19.302857142857142,18.0,17.265217391304347,5.9,0.0,19.3,84.0
79063,99,19.09230769230769,17.690140845070424,17.0,5.7,0.0,17.7,83.0
79963,99,18.93768115942029,17.5,16.877777777777776,5.7,0.0,19.3,84.0
80863,99,18.9,17.5,16.96764705882353,5.4,0.0,19.3,86.0
81763,99,18.807352941176468,17.5,16.8969696969697,5.3,0.0,20.9,86.0
82663,99,18.8,17.5,17.275342465753425,5.4,0.0,20.9,84.0
83563,99,18.739393939393945,17.5,16.991549295774647,5.3,0.0,19.3,84.0
84463,99,18.7,17.5,16.805882352941175,5.3,0.0,22.5,84.0
85363,99,18.62272727272727,17.5,16.8,5.4,0.0,20.9,83.0
86263,99,18.571014492753623,17.5,16.67205882352941,5.4,0.0,20.9,84.0
763,100,18.5,17.253623188405797,16.5,5.4,0.0,24.1,84.0
1663,100,18.41780821917808,17.0,16.5,5.4,0.0,25.7,85.0
2563,100,18.392,17.0,16.5,5.6,0.0,25.7,85.0
3463,100,18.3,17.0,16.423529411764708,5.7,0.0,20.9,83.0
4363,100,18.248648648648647,17.0,16.3,5.8,0.0,22.5,84.0
5263,100,18.2,17.0,16.3,5.8,0.0,25.7,84.0
6163,100,18.14189189189189,17.0,16.3,5.7,0.0,22.5,84.0
7063,100,18.1,17.0,16.3,5.6,0.0,24.1,84.0
7963,100,18.04931506849315,17.0,16.264179104477613,5.6,0.0,20.9,83.0
8863,100,18.0,17.0,16.01764705882353,5.5,0.0,22.5,84.0
9763,100,17.978571428571428,17.0,16.0,5.4,0.0,25.7,84.0
10663,100,17.9,16.971830985915496,16.0,5.2,0.0,27.4,84.0
11563,100,17.9,16.59558823529412,16.0,5.1,0.0,24.1,84.0
12463,100,17.807462686567163,16.5,16.0,5.0,0.0,20.9,85.0
13363,100,17.8,16.5,16.0,4.8,0.0,19.3,85.0
14263,100,17.77,16.5,15.997183098591549,4.6,0.0,19.3,86.0
15163,100,17.7,16.5,15.859154929577466,4.6,0.0,20.9,86.0
16063,100,17.7,16.5,15.8,4.8,0.0,24.1,86.0
16963,100,17.64179104477612,16.5,15.8,4.9,0.0,24.1,86.0
17863,100,17.6,17.566176470588236,16.14264705882353,5.1,0.0,24.1,86.0
18763,100,17.76818181818182,47.15873015873016,38.66825396825397,5.1,0.0,22.5,87.0
19663,100,18.691304347826087,56.36363636363636,52.371212121212125,5.2,0.0,20.9,87.0
20563,100,19.6231884057971,54.392857142857146,51.25857142857143,5.3,0.0,20.9,87.0
21463,100,20.189705882352943,42.66666666666667,38.84347826086956,5.3,0.0,20.9,87.0
22363,100,20.668115942028983,49.6328125,46.2921875,5.3,0.0,20.9,87.0
23263,100,21.00294117647059,34.059701492537314,31.886567164179105,5.5,5.0,20.9,88.0
24163,100,21.434848484848484,36.00757575757576,34.52121212121212,5.6,9.0,20.9,88.0
25063,100,21.285507246376813,27.04615384615385,26.20769230769231,5.6,14.0,19.3,88.0
25963,100,20.92537313432836,22.685714285714287,22.09857142857143,5.6,18.0,17.7,88.0
26863,100,20.684615384615384,20.36764705882353,19.76176470588236,5.8,21.0,16.1,87.0
27763,100,20.406060606060606,19.2265625,18.70625,6.0,23.0,17.7,87.0
28663,100,20.142857142857142,18.602941176470587,18.13235294117647,6.2,26.0,16.1,86.0
29563,100,19.92727272727273,18.21917808219178,17.764383561643836,6.4,33.0,17.7,86.0
30463,100,19.729577464788733,18.0,17.454285714285714,6.7,44.0,17.7,85.0
31363,100,19.536764705882355,17.685714285714287,17.3,7.0,47.0,17.7,84.0
32263,100,19.365714285714283,17.5,17.01304347826087,7.7,327.0,16.1,82.0
33163,100,19.225352112676056,17.5,16.991549295774647,7.9,397.0,17.7,82.0
34063,100,19.10289855072464,17.5,16.817910447761193,8.0,132.0,14.5,81.0
34963,100,18.994202898550725,17.5,16.8,8.2,144.0,11.3,80.0
35863,100,18.9,17.397058823529413,16.8,8.9,499.0,14.5,75.0
36763,100,18.85,17.02941176470588,16.588235294117645,9.2,506.0,17.7,73.0
37663,100,18.798571428571428,17.0,16.5,9.6,118.0,12.9,66.0
38563,100,18.704,17.0,16.5,9.3,169.0,11.3,69.0
39463,100,18.69428571428572,17.0,16.5,9.2,619.0,8.0,71.0
40363,100,18.6,17.0,16.5,9.6,615.0,9.7,70.0
41263,100,18.6,17.0,16.417333333333335,10.1,178.0,6.4,69.0
42163,100,18.6,17.0,16.3,10.4,564.0,4.8,67.0
43063,100,18.53943661971831,17.0,16.3,10.8,847.0,9.7,64.0
43963,100,18.5,17.0,16.3,10.9,381.0,12.9,57.0
44863,100,18.497014925373133,17.0,16.3,10.9,288.0,11.3,52.0
45763,100,18.405882352941177,17.0,16.3,10.7,254.0,9.7,52.0
46663,100,18.4,17.0,16.3,12.1,740.0,12.9,49.0
47563,100,18.392307692307693,17.0,16.154285714285713,12.5,830.0,17.7,49.0
48463,100,18.3,17.0,16.0,12.6,255.0,17.7,49.0
49363,100,18.3,17.0,16.0,11.7,278.0,17.7,50.0
50263,100,18.244594594594595,17.0,16.0,12.3,867.0,20.9,49.0
51163,100,18.2,16.985714285714288,16.0,12.9,810.0,19.3,47.0
52063,100,18.2,16.828358208955223,16.0,12.5,812.0,22.5,46.0
52963,100,18.139130434782608,16.59848484848485,16.0,12.3,823.0,20.9,50.0
53863,100,18.1,16.5,16.0,11.7,220.0,24.1,50.0
54763,100,18.1,16.5,16.0,11.8,830.0,25.7,55.0
55663,100,18.1,16.5,16.0,12.1,745.0,24.1,53.0
56563,100,18.1,16.5,16.0,11.4,246.0,22.5,55.0
57463,100,18.0875,16.5,16.0,12.1,610.0,22.5,53.0
58363,100,18.0,16.5,16.0,11.1,163.0,19.3,54.0
59263,100,18.0,16.5,16.0,11.4,190.0,22.5,51.0
60163,100,18.0,16.5,15.962318840579709,11.0,432.0,25.7,54.0
61063,100,17.983333333333334,16.5,16.0,10.7,260.0,22.5,56.0
61963,100,17.9,16.5,15.889855072463767,10.3,269.0,22.5,60.0
62863,100,17.9,16.5,15.8,9.8,134.0,17.7,56.0
63763,100,17.884057971014492,16.5,15.8,9.7,170.0,19.3,57.0
64663,100,17.8,16.5,15.8,9.4,142.0,24.1,55.0
65563,100,17.8,16.5,15.8,9.2,119.0,19.3,57.0
66463,100,17.81969696969697,33.99305555555556,28.536111111111108,9.1,65.0,17.7,60.0
67363,100,18.304166666666667,42.28787878787879,40.07575757575758,8.6,47.0,19.3,62.0
68263,100,18.26,37.56944444444444,36.79583333333333,8.4,42.0,19.3,60.0
69163,100,18.52428571428572,31.64179104477612,29.904477611940298,8.3,38.0,19.3,61.0
70063,100,18.85652173913044,24.176470588235293,22.82205882352941,8.1,25.0,17.7,65.0
70963,100,18.965714285714284,20.87323943661972,20.01549295774648,7.8,12.0,20.9,66.0
71863,100,18.89253731343284,19.26865671641791,18.565671641791045,7.6,7.0,17.7,67.0
72763,100,18.756164383561647,18.3,17.75714285714286,7.4,0.0,16.1,70.0
73663,100,18.6125,17.785714285714285,17.284285714285716,7.2,0.0,16.1,71.0
74563,100,18.45522388059701,17.5,16.9955223880597,7.2,0.0,17.7,70.0
75463,100,18.334375,17.5,17.43380281690141,7.2,0.0,20.9,69.0
76363,100,18.15774647887324,17.181159420289855,16.731884057971016,7.1,0.0,17.7,71.0
77263,100,18.02285714285714,17.0,16.442028985507246,6.8,0.0,19.3,73.0
78163,100,17.895714285714284,17.0,16.3,6.5,0.0,16.1,77.0
79063,100,17.8,16.92537313432836,16.17462686567164,6.2,0.0,16.1,80.0
79963,100,17.71,16.5,16.0,5.8,0.0,12.9,82.0
80863,100,17.640579710144927,16.5,16.0,5.7,0.0,11.3,82.0
81763,100,17.6,16.5,15.991044776119404,5.6,0.0,9.7,81.0
82663,100,17.663013698630138,16.507246376811594,16.03913043478261,5.4,0.0,9.7,81.0
83563,100,17.7,16.9,16.337142857142858,5.4,0.0,16.1,82.0
84463,100,17.7,16.76865671641791,16.143283582089552,5.2,0.0,17.7,84.0
85363,100,17.69,16.5,16.0,5.1,0.0,16.1,84.0
86263,100,17.6,16.5,16.0,5.1,0.0,17.7,85.0
763,101,17.6,16.5,15.936231884057973,5.0,0.0,16.1,85.0
1663,101,17.570422535211268,16.5,15.802898550724638,5.1,0.0,19.3,85.0
2563,101,17.5,16.5,15.8,5.3,0.0,17.7,85.0
3463,101,17.5,16.5,15.8,5.3,0.0,17.7,85.0
4363,101,17.435211267605634,16.5,15.8,5.6,0.0,20.9,86.0
5263,101,17.4,16.5,15.8,5.6,0.0,20.9,86.0
6163,101,17.4,16.5,15.8,5.6,0.0,19.3,87.0
7063,101,17.31449275362319,16.5,15.795774647887324,5.4,0.0,22.5,87.0
7963,101,17.3,16.5,15.68695652173913,5.4,0.0,20.9,88.0
8863,101,17.3,16.5,15.517142857142858,5.6,0.0,20.9,88.0
9763,101,17.232876712328768,16.49285714285714,15.5,5.8,0.0,17.7,87.0
10663,101,17.2,16.405797101449274,15.5,6.0,0.0,20.9,88.0
11563,101,17.2,16.086956521739133,15.5,6.1,0.0,17.7,88.0
12463,101,17.2,16.0,15.5,6.3,0.0,17.7,88.0
13363,101,17.104166666666664,16.0,15.5,6.4,0.0,20.9,88.0
14263,101,17.1,16.0,15.5,6.7,0.0,24.1,90.0
15163,101,17.1,16.0,15.5,6.7,0.0,27.4,89.0
16063,101,17.071014492753623,16.0,15.5,6.7,0.0,22.5,89.0
16963,101,17.0,16.0,15.5,6.8,0.0,22.5,88.0
17863,101,17.0,17.3,15.915714285714284,7.1,0.0,25.7,87.0
18763,101,17.26027397260274,50.8,43.941428571428574,7.1,0.0,27.4,87.0
19663,101,18.19857142857143,54.340277777777786,51.956944444444446,7.3,0.0,24.1,87.0
20563,101,18.974647887323943,55.65942028985508,53.18115942028985,7.3,0.0,25.7,87.0
21463,101,19.59857142857143,54.68181818181819,52.21363636363636,7.4,0.0,29.0,87.0
22363,101,20.02608695652174,43.32089552238806,40.54328358208956,7.6,0.0,32.2,86.0
23263,101,20.14264705882353,50.36764705882353,46.811764705882354,7.5,0.0,29.0,88.0
24163,101,20.234848484848484,39.11194029850746,35.25223880597015,7.5,7.0,27.4,88.0
25063,101,20.253521126760564,29.161764705882355,27.85,7.6,14.0,22.5,87.0
25963,101,20.001408450704226,23.708333333333336,22.15277777777778,7.7,40.0,29.0,86.0
26863,101,19.71764705882353,21.341666666666665,20.65833333333333,7.8,49.0,24.1,85.0
27763,101,19.40289855072464,19.577464788732392,18.79718309859155,7.9,30.0,20.9,85.0
28663,101,19.14179104477612,18.621428571428574,17.915714285714284,7.9,33.0,19.3,85.0
29563,101,18.902857142857144,17.993055555555554,17.37638888888889,8.0,56.0,22.5,84.0
30463,101,18.68142857142857,17.520833333333336,16.97222222222222,8.1,53.0,30.6,83.0
31363,101,18.49857142857143,17.40714285714286,16.77,8.2,54.0,25.7,82.0
32263,101,18.34729729729729,17.0,16.5,8.4,77.0,22.5,81.0
33163,101,18.185915492957747,17.0,16.34788732394366,8.4,105.0,27.4,78.0
34063,101,18.0578125,17.0,16.3,8.5,81.0,27.4,80.0
34963,101,17.964285714285715,16.728571428571428,16.05142857142857,8.3,70.0,24.1,81.0
35863,101,17.864788732394366,16.5,16.0,8.6,202.0,30.6,77.0
36763,101,17.8,16.5,16.0,8.6,95.0,25.7,77.0
37663,101,17.716176470588234,16.5,15.867605633802816,8.6,135.0,27.4,78.0
38563,101,17.68307692307692,16.5,15.8,8.6,148.0,30.6,77.0
39463,101,17.6,16.5,15.8,8.8,123.0,32.2,78.0
40363,101,17.57887323943662,16.5,15.8,8.7,84.0,33.8,78.0
41263,101,17.5,16.5,15.7955223880597,8.9,123.0,27.4,76.0
42163,101,17.5,16.5,15.65211267605634,9.0,152.0,24.1,75.0
43063,101,17.5,16.5,15.5,9.3,160.0,29.0,74.0
43963,101,17.431428571428572,16.47101449275362,15.5,9.3,155.0,29.0,75.0
44863,101,17.4,16.143835616438356,15.5,9.4,202.0,35.4,73.0
45763,101,17.4,16.00714285714286,15.5,9.6,187.0,33.8,72.0
46663,101,17.4,16.00714285714286,15.5,9.6,264.0,33.8,75.0
47563,101,17.4,16.0,15.5,9.6,111.0,25.7,75.0
48463,101,17.4,16.0,15.5,9.6,128.0,25.7,76.0
49363,101,17.33943661971831,16.0,15.5,9.6,118.0,24.1,77.0
50263,101,17.3,16.0,15.5,9.6,209.0,33.8,78.0
51163,101,17.3,16.0,15.45142857142857,9.7,362.0,33.8,78.0
52063,101,17.3,16.0,15.438028169014084,10.2,380.0,32.2,77.0
52963,101,17.3,16.0,15.36268656716418,9.9,345.0,35.4,76.0
53863,101,17.3,16.0,15.30857142857143,9.7,246.0,33.8,77.0
54763,101,17.22394366197183,16.0,15.303030303030305,9.6,148.0,37.0,77.0
55663,101,17.2,16.0,15.3,9.8,311.0,30.6,77.0
56563,101,17.2,16.0,15.3,9.8,264.0,35.4,75.0
57463,101,17.2,16.0,15.3,9.7,223.0,27.4,76.0
58363,101,17.169696969696968,27.801470588235293,22.405882352941177,9.9,265.0,30.6,75.0
59263,101,17.728571428571428,54.373134328358205,49.92388059701493,9.9,179.0,27.4,74.0
60163,101,18.73709677419355,47.38805970149254,46.146268656716416,9.8,109.0,27.4,76.0
61063,101,19.12602739726028,36.232394366197184,34.33098591549296,9.5,56.0,17.7,75.0
61963,101,19.35142857142857,49.72058823529412,47.88823529411765,9.6,83.0,20.9,73.0
62863,101,19.73333333333333,35.205882352941174,32.46029411764706,9.6,127.0,24.1,75.0
63763,101,19.82058823529412,26.14179104477612,23.744776119402985,9.6,123.0,24.1,75.0
64663,101,19.725,22.149253731343286,20.51044776119403,9.2,123.0,29.0,78.0
65563,101,19.469014084507045,20.25,19.26142857142857,8.8,163.0,35.4,81.0
66463,101,19.23943661971831,37.86363636363636,33.20757575757575,8.3,51.0,32.2,84.0
67363,101,19.679710144927537,57.614285714285714,53.25428571428571,8.4,30.0,33.8,80.0
68263,101,20.38676470588236,57.74626865671642,53.93731343283582,8.3,21.0,30.6,82.0
69163,101,20.916216216216217,57.7258064516129,54.17903225806451,8.3,16.0,29.0,81.0
70063,101,21.28840579710145,55.31159420289855,52.21449275362319,8.0,9.0,29.0,83.0
70963,101,21.491304347826087,55.33571428571429,52.31857142857143,7.8,5.0,30.6,85.0
71863,101,21.6,53.5223880597015,51.05074626865672,7.7,0.0,27.4,87.0
72763,101,21.6,55.34126984126984,52.94603174603175,7.5,0.0,25.7,88.0
73663,101,21.6,52.03731343283582,49.365671641791046,7.4,0.0,27.4,89.0
74563,101,21.561666666666667,53.1484375,50.45,7.4,0.0,25.7,89.0
75463,101,21.63676470588236,52.142857142857146,49.8968253968254,7.4,0.0,19.3,89.0
76363,101,21.65223880597015,54.3688524590164,51.55573770491803,7.6,0.0,19.3,88.0
77263,101,21.7,49.95161290322581,47.50645161290323,7.8,0.0,27.4,87.0
78163,101,21.61694915254237,38.86065573770492,37.0327868852459,7.7,0.0,25.7,89.0
79063,101,21.386567164179105,28.654411764705884,25.93970588235294,7.4,0.0,25.7,91.0
79963,101,21.607142857142858,24.55,23.15,7.4,0.0,22.5,91.0
80863,101,22.580882352941178,22.375,22.461666666666662,7.4,0.0,22.5,91.0
81763,101,21.51060606060605,20.85211267605634,20.33943661971831,7.4,0.0,24.1,91.0
82663,101,20.8955223880597,19.84328358208955,19.214925373134328,7.5,0.0,24.1,90.0
83563,101,20.3768115942029,19.42142857142857,19.09857142857143,7.7,0.0,27.4,90.0
84463,101,20.11714285714286,18.88405797101449,18.256521739130434,7.8,0.0,25.7,89.0
85363,101,19.88428571428572,18.5,17.87323943661972,7.9,0.0,30.6,88.0
86263,101,19.685714285714287,18.282608695652176,17.66086956521739,8.0,0.0,29.0,88.0
763,102,19.49848484848485,18.0,17.42394366197183,8.1,0.0,29.0,88.0
1663,102,19.343661971830983,18.0,17.259701492537314,8.0,0.0,22.5,89.0
2563,102,19.231428571428573,17.697183098591548,17.0,8.0,0.0,22.5,89.0
3463,102,19.120289855072464,17.5,16.880000000000003,8.1,0.0,22.5,89.0
4363,102,19.00294117647059,17.5,16.8,8.1,0.0,25.7,89.0
5263,102,18.92089552238805,17.5,16.747826086956522,8.1,0.0,25.7,89.0
6163,102,18.85070422535211,17.5,16.504166666666666,8.1,0.0,25.7,90.0
7063,102,18.773529411764702,17.5,16.5,7.9,0.0,27.4,92.0
7963,102,18.7,17.47142857142857,16.5,7.9,0.0,27.4,92.0
8863,102,18.619444444444447,17.149253731343286,16.5,7.9,0.0,29.0,92.0
9763,102,18.595652173913045,17.0,16.409859154929578,8.1,0.0,30.6,92.0
10663,102,18.5,17.0,16.3,8.2,0.0,30.6,92.0
11563,102,18.475384615384616,17.0,16.3,8.3,0.0,30.6,92.0
12463,102,18.4,17.0,16.3,8.3,0.0,29.0,91.0
13363,102,18.38840579710145,17.0,16.3,8.3,0.0,27.4,92.0
14263,102,18.3,17.0,16.3,8.3,0.0,29.0,93.0
15163,102,18.28082191780822,17.0,16.3,8.3,0.0,25.7,92.0
16063,102,18.2,17.0,16.264179104477613,8.4,0.0,24.1,92.0
16963,102,18.2,17.0,16.044262295081968,8.2,0.0,25.7,94.0
17863,102,18.105633802816904,18.294117647058822,16.544117647058822,8.2,0.0,27.4,94.0
18763,102,18.34794520547945,50.27857142857143,42.92714285714285,8.2,0.0,25.7,94.0
19663,102,19.264285714285712,49.13709677419355,45.96935483870968,8.4,0.0,25.7,92.0
20563,102,19.855882352941176,48.02142857142857,44.58285714285714,8.6,0.0,29.0,91.0
21463,102,20.376470588235293,42.26811594202898,39.17101449275363,8.6,0.0,24.1,91.0
22363,102,20.58923076923077,29.563492063492067,27.21111111111111,8.6,0.0,25.7,90.0
23263,102,20.571641791044776,24.330882352941178,22.92794117647059,8.6,9.0,24.1,89.0
24163,102,20.69117647058824,22.02857142857143,21.197142857142858,8.5,11.0,24.1,87.0
25063,102,20.233823529411765,20.5,20.094202898550726,8.2,25.0,25.7,86.0
25963,102,19.908571428571427,19.375,19.038235294117648,7.9,35.0,29.0,84.0
26863,102,19.6463768115942,18.683098591549296,18.159154929577465,7.7,44.0,27.4,83.0
27763,102,19.405882352941177,18.16417910447761,17.65671641791045,7.6,39.0,25.7,84.0
28663,102,19.20597014925373,18.0,17.35217391304348,7.4,46.0,27.4,83.0
29563,102,19.05,17.575757575757574,17.118181818181817,7.4,69.0,27.4,84.0
30463,102,18.933333333333334,17.5,16.982608695652175,7.4,44.0,24.1,85.0
31363,102,18.8179104477612,17.5,16.8,7.5,55.0,24.1,85.0
32263,102,18.7,17.471830985915496,16.677464788732394,7.7,90.0,22.5,84.0
33163,102,18.62727272727273,17.035211267605636,16.5,7.8,197.0,27.4,84.0
34063,102,18.6,17.0,16.5,8.6,193.0,24.1,82.0
34963,102,18.58108108108108,17.0,16.441538461538464,8.6,330.0,20.9,80.0
35863,102,18.5,17.0,16.30909090909091,8.7,121.0,27.4,75.0
36763,102,18.5,17.0,16.3,8.7,185.0,25.7,75.0
37663,102,18.44126984126984,17.0,16.3,9.7,733.0,25.7,66.0
38563,102,18.4,17.0,16.3,9.6,589.0,25.7,63.0
39463,102,18.4,17.0,16.3,9.4,171.0,24.1,64.0
40363,102,18.4,17.0,16.3,9.8,773.0,24.1,65.0
41263,102,18.34583333333333,17.0,16.3,10.1,320.0,20.9,63.0
42163,102,18.3,17.0,16.3,10.3,310.0,24.1,62.0
43063,102,18.3,17.0,16.29558823529412,10.7,770.0,24.1,63.0
43963,102,18.268571428571427,17.0,16.295714285714286,10.2,823.0,27.4,65.0
44863,102,18.2,17.0,16.09402985074627,10.6,752.0,22.5,64.0
45763,102,18.2,17.0,16.027272727272727,10.8,701.0,27.4,63.0
46663,102,18.1661971830986,17.0,16.0,10.7,686.0,17.7,63.0
47563,102,18.1,17.0,16.0,11.0,299.0,25.7,61.0
48463,102,18.1,16.91549295774648,16.0,11.6,547.0,25.7,59.0
49363,102,18.059701492537314,16.60958904109589,16.0,11.5,847.0,27.4,62.0
50263,102,18.0,16.57971014492754,16.0,11.9,719.0,20.9,62.0
51163,102,18.0,16.5,16.0,11.8,772.0,24.1,60.0
52063,102,18.0,16.5,16.0,11.1,246.0,25.7,60.0
52963,102,17.997142857142855,16.5,16.0,10.6,169.0,29.0,63.0
53863,102,17.922535211267608,16.5,15.994202898550723,10.8,710.0,24.1,63.0
54763,102,17.9,16.5,15.898507462686569,11.6,652.0,25.7,61.0
55663,102,17.9,16.5,15.803125,11.3,735.0,27.4,61.0
56563,102,17.9,16.5,15.881159420289856,11.1,388.0,24.1,61.0
57463,102,17.85373134328358,16.5,15.997101449275362,10.8,149.0,25.7,60.0
58363,102,17.827777777777776,28.188524590163933,22.891803278688524,11.3,534.0,25.7,58.0
59263,102,18.50923076923077,49.37121212121212,45.72878787878789,11.2,517.0,27.4,58.0
60163,102,19.192857142857143,32.873134328358205,30.234328358208955,11.5,581.0,25.7,59.0
61063,102,19.349206349206348,24.73529411764705,23.038235294117648,11.2,480.0,25.7,58.0
61963,102,19.3,22.15217391304348,21.48550724637681,11.3,424.0,22.5,58.0
62863,102,19.32058823529412,45.261538461538464,39.503076923076925,10.2,204.0,24.1,64.0
63763,102,19.78181818181818,34.18115942028986,30.07971014492754,10.2,207.0,24.1,61.0
64663,102,19.88135593220339,25.9375,23.26071428571429,10.2,128.0,22.5,62.0
65563,102,19.76101694915254,21.974576271186443,20.632203389830508,10.0,91.0,24.1,60.0
66463,102,19.5719298245614,19.98360655737705,19.21967213114754,9.4,81.0,27.4,63.0
67363,102,19.36268656716418,19.0703125,18.68125,9.0,72.0,29.0,60.0
68263,102,19.185714285714287,18.549295774647888,18.27605633802817,8.9,102.0,25.7,62.0
69163,102,18.965217391304343,17.878571428571426,17.335714285714285,8.6,67.0,25.7,63.0
70063,102,18.75820895522388,17.68939393939394,17.484848484848484,8.1,30.0,25.7,66.0
70963,102,18.543055555555554,17.5,16.969444444444445,7.9,19.0,22.5,67.0
71863,102,18.386301369863013,17.21014492753623,16.695652173913043,7.4,9.0,14.5,68.0
72763,102,18.24411764705882,17.0,16.401639344262296,7.2,0.0,20.9,68.0
73663,102,18.131944444444446,17.0,16.11304347826087,6.9,0.0,19.3,69.0
74563,102,18.044444444444444,16.67741935483871,16.0,6.9,0.0,22.5,69.0
75463,102,17.966153846153848,16.5,15.974193548387095,6.8,0.0,25.7,68.0
76363,102,17.9,16.5,15.8,6.6,0.0,16.1,71.0
77263,102,17.8875,16.5,15.861194029850743,6.2,0.0,16.1,74.0
78163,102,17.892537313432836,16.933823529411764,16.291176470588233,6.1,0.0,19.3,75.0
79063,102,17.8,16.557692307692307,16.0,5.9,0.0,17.7,74.0
79963,102,17.735820895522387,16.5,15.90967741935484,5.8,0.0,14.5,73.0
80863,102,17.683333333333334,16.5,15.8,5.7,0.0,16.1,74.0
81763,102,17.643478260869564,16.52898550724638,15.930434782608696,5.7,0.0,17.7,74.0
82663,102,17.7,16.5,16.0,5.4,0.0,16.1,77.0
83563,102,17.7,16.5,15.991428571428573,5.2,0.0,16.1,79.0
84463,102,17.7,16.5,15.84375,5.2,0.0,16.1,79.0
85363,102,17.634285714285717,16.5,15.8,5.2,0.0,17.7,78.0
86263,102,17.6,16.5,15.8,5.0,0.0,16.1,78.0
763,103,17.56,16.5,15.8,5.1,0.0,17.7,77.0
1663,103,17.5,16.5,15.8,4.8,0.0,16.1,77.0
2563,103,17.5,16.5,15.8,4.8,0.0,17.7,78.0
3463,103,17.424285714285713,16.5,15.8,4.8,0.0,19.3,79.0
4363,103,17.4,16.5,15.8,4.7,0.0,16.1,80.0
5263,103,17.331818181818182,16.5,15.8,4.6,0.0,17.7,81.0
6163,103,17.3,16.5,15.7013698630137,4.6,0.0,16.1,81.0
7063,103,17.263235294117646,16.5,15.53,4.5,0.0,16.1,81.0
7963,103,17.2,16.5,15.5,4.4,0.0,16.1,82.0
8863,103,17.2,16.38235294117647,15.5,4.4,0.0,17.7,82.0
9763,103,17.108955223880596,16.044776119402986,15.5,4.3,0.0,17.7,83.0
10663,103,17.1,16.0,15.5,4.3,0.0,17.7,83.0
11563,103,17.046478873239437,16.0,15.5,4.2,0.0,16.1,84.0
12463,103,17.0,16.0,15.5,4.1,0.0,17.7,85.0
13363,103,17.0,16.0,15.5,4.1,0.0,17.7,85.0
14263,103,16.92028985507246,16.0,15.452941176470588,4.2,0.0,17.7,85.0
15163,103,16.9,16.0,15.311764705882354,4.2,0.0,17.7,85.0
16063,103,16.9,16.0,15.3,4.1,0.0,19.3,86.0
16963,103,16.833333333333336,16.0,15.3,4.1,0.0,19.3,86.0
17863,103,16.8,17.281690140845072,15.70281690140845,4.1,0.0,20.9,85.0
18763,103,17.138805970149257,49.47014925373134,41.95671641791044,4.1,0.0,20.9,85.0
19663,103,18.31917808219178,58.06521739130435,53.8768115942029,4.1,0.0,17.7,85.0
20563,103,19.380281690140844,57.43478260869565,53.5,3.9,0.0,16.1,86.0
21463,103,20.163235294117648,55.70289855072464,52.279710144927535,3.9,0.0,19.3,86.0
22363,103,20.44117647058824,39.5,36.90847457627119,4.0,0.0,19.3,87.0
23263,103,20.39130434782609,40.025,38.64,4.3,11.0,20.9,87.0
24163,103,20.45970149253732,37.01470588235294,35.66029411764706,4.5,21.0,19.3,87.0
25063,103,20.269565217391303,30.03623188405797,28.005797101449275,4.8,42.0,17.7,87.0
25963,103,19.985915492957748,23.35606060606061,21.99848484848485,5.0,42.0,20.9,87.0
26863,103,19.66268656716418,20.52238805970149,19.62985074626865,5.1,49.0,20.9,86.0
27763,103,19.34225352112676,19.070422535211268,18.37605633802817,5.2,47.0,19.3,86.0
28663,103,19.06428571428572,18.23913043478261,17.663768115942027,5.4,74.0,20.9,85.0
29563,103,18.83913043478261,17.75735294117647,17.189705882352943,5.5,62.0,22.5,85.0
30463,103,18.64927536231884,17.5,16.88125,5.8,91.0,20.9,85.0
31363,103,18.483098591549297,17.092307692307692,16.633846153846154,5.8,105.0,20.9,85.0
32263,103,18.336764705882352,17.0,16.47391304347826,6.0,90.0,20.9,84.0
33163,103,18.2,17.0,16.3,6.1,120.0,17.7,84.0
34063,103,18.1,16.985294117647058,16.29558823529412,6.5,165.0,16.1,83.0
34963,103,18.01095890410959,16.543478260869566,16.02608695652174,6.9,208.0,17.7,80.0
35863,103,17.944444444444446,16.5,16.0,7.3,192.0,20.9,79.0
36763,103,17.896491228070175,16.5,15.994202898550723,7.7,269.0,17.7,78.0
37663,103,17.801470588235293,16.5,15.82941176470588,8.1,399.0,20.9,73.0
38563,103,17.761764705882353,16.5,15.8,8.2,346.0,22.5,73.0
39463,103,17.7,16.5,15.8,8.3,339.0,19.3,73.0
40363,103,17.66923076923077,16.5,15.8,8.9,708.0,22.5,71.0
41263,103,17.6,16.5,15.8,9.1,183.0,19.3,70.0
42163,103,17.6,16.5,15.8,9.4,533.0,19.3,68.0
43063,103,17.6,16.5,15.761971830985916,10.5,742.0,16.1,66.0
43963,103,17.518840579710144,16.5,15.57391304347826,10.2,236.0,20.9,64.0
44863,103,17.5,16.5,15.5,10.6,329.0,22.5,65.0
45763,103,17.5,16.476190476190474,15.5,10.3,250.0,20.9,66.0
46663,103,17.46764705882353,16.347826086956523,15.5,9.9,322.0,22.5,67.0
47563,103,17.4,16.0625,15.5,9.8,420.0,24.1,68.0
48463,103,17.4,16.007575757575758,15.5,10.5,408.0,19.3,67.0
49363,103,17.4,16.0,15.5,10.6,530.0,22.5,66.0
50263,103,17.4,16.0,15.5,10.6,951.0,19.3,66.0
51163,103,17.33943661971831,16.0,15.5,10.6,234.0,19.3,66.0
52063,103,17.3,16.0,15.5,10.1,334.0,20.9,69.0
52963,103,17.3,16.0,15.5,10.7,605.0,22.5,67.0
53863,103,17.3,16.0,15.482089552238808,11.7,819.0,19.3,61.0
54763,103,17.20625,16.0,15.36060606060606,11.9,192.0,22.5,58.0
55663,103,17.2,16.0,15.305797101449276,10.8,176.0,22.5,61.0
56563,103,17.2,16.0,15.3,10.6,260.0,20.9,61.0
57463,103,17.23913043478261,16.0,15.42063492063492,10.8,155.0,22.5,64.0
58363,103,17.311940298507462,28.08955223880597,22.665671641791043,10.3,227.0,22.5,69.0
59263,103,18.101408450704223,55.95588235294117,50.88529411764706,9.7,281.0,24.1,73.0
60163,103,19.191935483870967,47.39705882352941,43.627941176470586,9.5,244.0,20.9,73.0
61063,103,19.633333333333333,49.91044776119403,45.97611940298508,10.2,424.0,25.7,71.0
61963,103,20.094444444444445,39.315384615384616,35.63692307692308,9.8,167.0,24.1,72.0
62863,103,20.122857142857143,28.08333333333333,25.639393939393937,8.9,86.0,24.1,82.0
63763,103,19.928985507246377,23.071428571428573,21.662857142857145,8.4,123.0,22.5,80.0
64663,103,19.65,20.6015625,19.6828125,8.6,58.0,20.9,79.0
65563,103,19.34776119402985,19.16197183098592,18.51408450704225,8.7,102.0,20.9,79.0
66463,103,19.075,18.308823529411764,17.810294117647057,8.8,95.0,20.9,78.0
67363,103,18.84084507042253,27.44117647058824,23.925,8.6,65.0,19.3,78.0
68263,103,19.213235294117645,48.76865671641791,44.297014925373134,8.1,21.0,20.9,82.0
69163,103,19.7,31.902985074626866,28.934328358208955,7.5,81.0,19.3,84.0
70063,103,19.70281690140845,24.717391304347824,23.014492753623188,7.8,51.0,20.9,80.0
70963,103,19.55074626865672,21.338235294117645,20.376470588235293,7.6,34.0,19.3,80.0
71863,103,19.33768115942029,20.03030303030303,19.78181818181818,7.3,12.0,16.1,82.0
72763,103,19.08985507246377,19.18115942028985,19.10289855072464,7.1,5.0,16.1,85.0
73663,103,18.822857142857146,19.21014492753623,20.07826086956522,6.7,0.0,17.7,86.0
74563,103,18.611940298507463,18.38888888888889,18.12638888888889,6.5,0.0,19.3,86.0
75463,103,18.438805970149254,18.0,18.0,6.3,0.0,19.3,86.0
76363,103,18.30540540540541,17.571428571428573,17.562857142857144,6.4,0.0,19.3,85.0
77263,103,18.174242424242426,17.5,17.170149253731346,6.3,0.0,19.3,86.0
78163,103,18.06056338028169,17.085714285714285,16.68,6.2,0.0,19.3,86.0
79063,103,17.983333333333334,17.0,16.463076923076922,6.3,0.0,19.3,87.0
79963,103,17.9,17.0,16.401449275362317,6.4,0.0,17.7,88.0
80863,103,17.86338028169014,17.0,16.30597014925373,6.4,0.0,12.9,90.0
81763,103,17.8,16.934782608695652,16.256521739130434,6.4,0.0,11.3,90.0
82663,103,17.8,16.74561403508772,16.166666666666664,6.4,0.0,16.1,90.0
83563,103,18.683333333333334,17.0,16.756896551724136,6.3,0.0,14.5,90.0
84463,103,18.904761904761905,17.0,16.52307692307692,6.3,0.0,17.7,89.0
85363,103,18.427692307692308,17.0,16.195238095238096,6.3,0.0,19.3,89.0
86263,103,18.068115942028985,16.582089552238806,16.0,6.4,0.0,20.9,89.0
763,104,17.820588235294117,16.5,15.884057971014494,6.3,0.0,16.1,89.0
1663,104,17.682608695652174,16.5,15.8,6.4,0.0,16.1,89.0
2563,104,17.6,16.5,15.8,6.3,0.0,16.1,88.0
3463,104,17.525352112676057,16.5,15.8,6.3,0.0,14.5,88.0
4363,104,17.5,16.5,15.663636363636362,6.4,0.0,17.7,89.0
5263,104,17.40597014925373,16.45,15.5,6.3,0.0,12.9,89.0
6163,104,17.4,16.059701492537314,15.5,6.3,0.0,12.9,89.0
7063,104,17.333802816901407,16.0,15.5,6.4,0.0,16.1,89.0
7963,104,17.3,16.0,15.427272727272728,6.3,0.0,14.5,89.0
8863,104,17.292753623188407,16.0,15.3,6.3,0.0,11.3,89.0
9763,104,17.201492537313435,16.0,15.3,6.2,0.0,11.3,89.0
10663,104,17.2,16.0,15.3,6.3,0.0,11.3,90.0
11563,104,17.168181818181818,16.0,15.3,6.4,0.0,12.9,89.0
12463,104,17.1,16.0,15.3,6.5,0.0,12.9,90.0
13363,104,17.1,16.0,15.3,6.4,0.0,11.3,91.0
14263,104,17.01044776119403,16.0,15.3,6.3,0.0,12.9,93.0
15163,104,17.0,16.0,15.3,6.1,0.0,12.9,93.0
16063,104,16.97692307692308,16.0,15.3,6.0,0.0,14.5,92.0
16963,104,16.9,16.0,15.3,6.1,0.0,14.5,92.0
17863,104,16.9,17.261194029850746,15.72537313432836,6.0,0.0,9.7,91.0
18763,104,17.178571428571427,49.419117647058826,42.28529411764706,5.9,0.0,11.3,90.0
19663,104,18.322535211267606,57.52941176470588,53.688235294117646,6.1,0.0,16.1,91.0
20563,104,19.34558823529412,57.021428571428565,53.02857142857143,6.2,0.0,17.7,91.0
21463,104,20.10333333333333,53.16153846153846,48.747692307692304,6.2,0.0,11.3,90.0
22363,104,20.46388888888889,45.30645161290322,41.47903225806452,6.3,0.0,12.9,89.0
23263,104,20.809859154929576,44.30681818181818,41.74318181818182,6.4,5.0,16.1,88.0
24163,104,20.742028985507247,31.15079365079365,29.55238095238095,6.4,8.0,9.7,89.0
25063,104,20.37794117647059,24.892857142857142,23.60142857142857,6.4,16.0,14.5,89.0
25963,104,20.0,21.445205479452053,20.44383561643836,6.3,25.0,12.9,89.0
26863,104,19.6231884057971,19.746153846153845,19.01846153846154,6.4,39.0,14.5,87.0
27763,104,19.30434782608696,18.756944444444446,18.19861111111112,6.4,42.0,12.9,90.0
28663,104,19.03382352941177,18.166666666666664,17.630434782608695,6.3,62.0,12.9,90.0
29563,104,18.798507462686565,17.72142857142857,17.25857142857143,6.5,72.0,14.5,89.0
30463,104,18.609722222222224,17.5,16.95072463768116,6.7,76.0,11.3,87.0
31363,104,18.45068493150685,17.17142857142857,16.77857142857143,6.8,120.0,11.3,88.0
32263,104,18.344117647058823,17.0,16.5,7.0,135.0,12.9,86.0
33163,104,18.20985915492958,17.0,16.422388059701493,7.3,169.0,12.9,85.0
34063,104,18.11142857142857,17.0,16.3,7.5,171.0,14.5,84.0
34963,104,18.02676056338028,16.985294117647058,16.3,7.6,410.0,14.5,82.0
35863,104,18.0,16.685714285714287,16.14142857142857,8.6,260.0,14.5,79.0
36763,104,17.93285714285714,16.5,16.0,8.4,278.0,16.1,80.0
37663,104,17.9,16.5,16.0,8.4,369.0,14.5,79.0
38563,104,17.810144927536232,16.5,16.0,8.6,327.0,16.1,78.0
39463,104,17.8,16.5,16.0,8.8,290.0,14.5,77.0
40363,104,17.764179104477613,16.5,15.9875,8.9,397.0,17.7,76.0
41263,104,17.7,16.5,15.802857142857144,9.1,186.0,14.5,76.0
42163,104,17.618309859154927,16.5,15.8,8.8,174.0,16.1,74.0
43063,104,17.6,16.5,15.8,8.9,455.0,11.3,76.0
43963,104,17.6,16.5,15.8,9.7,316.0,14.5,66.0
44863,104,17.569117647058825,16.5,15.8,9.2,146.0,17.7,68.0
45763,104,17.5,16.5,15.8,8.6,206.0,14.5,75.0
46663,104,17.5,16.5,15.8,8.8,174.0,9.7,72.0
47563,104,17.5,16.5,15.8,9.1,265.0,9.7,71.0
48463,104,17.443478260869565,16.5,15.786956521739132,9.8,374.0,16.1,71.0
49363,104,17.4,16.5,15.55820895522388,9.7,374.0,17.7,70.0
50263,104,17.4,16.5,15.504285714285714,9.5,253.0,19.3,73.0
51163,104,17.367164179104478,16.470149253731343,15.5,9.8,320.0,14.5,72.0
52063,104,17.3,16.291666666666664,15.5,9.7,248.0,17.7,71.0
52963,104,17.3,16.022727272727273,15.5,9.3,173.0,17.7,71.0
53863,104,17.2484375,16.0,15.5,9.5,202.0,19.3,70.0
54763,104,17.2,16.0,15.5,9.1,185.0,19.3,73.0
55663,104,17.2,16.0,15.5,8.6,237.0,17.7,81.0
56563,104,17.2,16.0,15.5,7.8,98.0,17.7,87.0
57463,104,17.185915492957747,16.0,15.5,7.1,77.0,17.7,90.0
58363,104,17.119696969696967,28.246268656716417,22.761194029850746,6.7,142.0,17.7,90.0
59263,104,17.7231884057971,54.925,49.906666666666666,7.0,149.0,16.1,90.0
60163,104,18.635616438356163,42.4375,39.0,6.9,136.0,16.1,90.0
61063,104,19.08,47.39830508474576,42.9135593220339,6.8,135.0,17.7,88.0
61963,104,19.56714285714286,41.9,36.64307692307692,6.8,137.0,17.7,89.0
62863,104,19.68088235294117,28.93478260869565,25.50869565217392,7.4,239.0,17.7,87.0
63763,104,19.517910447761192,23.45,21.77428571428572,7.8,200.0,19.3,85.0
64663,104,19.30289855072464,20.68939393939394,19.76969696969697,7.7,121.0,20.9,82.0
65563,104,19.0536231884058,19.2,18.58,7.8,95.0,19.3,82.0
66463,104,18.82985074626865,18.28985507246377,17.769565217391303,7.9,88.0,19.3,80.0
67363,104,18.642028985507245,25.66417910447761,23.26865671641791,7.9,53.0,19.3,79.0
68263,104,18.805633802816903,49.49180327868852,45.114754098360656,7.6,51.0,19.3,81.0
69163,104,19.25,33.483050847457626,30.86949152542373,7.3,70.0,20.9,82.0
70063,104,19.3,25.261194029850746,23.650746268656714,7.3,26.0,14.5,82.0
70963,104,19.25,21.669014084507044,20.690140845070424,7.2,23.0,16.1,82.0
71863,104,19.07301587301588,19.8359375,19.1484375,6.9,11.0,14.5,82.0
72763,104,18.966666666666665,42.3,37.72285714285714,6.8,7.0,16.1,83.0
73663,104,19.52173913043478,40.16935483870968,36.80806451612903,6.6,0.0,16.1,84.0
74563,104,19.81388888888889,27.936507936507933,25.2,6.4,0.0,16.1,84.0
75463,104,19.77638888888889,22.919117647058822,21.23529411764705,6.2,0.0,19.3,83.0
76363,104,19.519117647058824,20.3,19.21333333333333,6.0,0.0,19.3,83.0
77263,104,19.216901408450703,19.051470588235293,18.24411764705882,5.8,0.0,17.7,83.0
78163,104,18.91764705882353,18.273972602739725,17.5972602739726,5.7,0.0,16.1,83.0
79063,104,18.645833333333336,17.768115942028984,17.143478260869564,5.5,0.0,17.7,82.0
79963,104,18.415714285714284,17.5,16.849275362318842,5.4,0.0,19.3,82.0
80863,104,18.232432432432432,17.22058823529412,16.67205882352941,5.2,0.0,12.9,85.0
81763,104,18.0719298245614,17.014084507042252,16.72394366197183,5.3,0.0,14.5,86.0
82663,104,18.0,17.104166666666664,16.8625,5.3,0.0,12.9,87.0
83563,104,17.929411764705883,17.0,16.45072463768116,5.1,0.0,17.7,85.0
84463,104,17.897058823529413,17.0,16.3,5.0,0.0,19.3,83.0
85363,104,17.8,16.889705882352942,16.194117647058825,4.9,0.0,20.9,83.0
86263,104,17.738805970149254,16.5,16.0,4.6,0.0,17.7,85.0
763,105,17.68169014084507,16.5,16.0,4.3,0.0,17.7,86.0
1663,105,17.6,16.5,15.979411764705882,4.1,0.0,19.3,86.0
2563,105,17.53,16.5,15.802898550724638,4.1,0.0,20.9,86.0
3463,105,17.49014084507042,16.5,15.8,3.9,0.0,19.3,86.0
4363,105,17.4,16.5,15.8,3.8,0.0,20.9,85.0
5263,105,17.35373134328358,16.5,15.8,3.8,0.0,24.1,86.0
6163,105,17.3,16.5,15.5887323943662,3.8,0.0,24.1,86.0
7063,105,17.240000000000002,16.5,15.5,3.7,0.0,22.5,85.0
7963,105,17.2,16.125,15.5,3.7,0.0,20.9,86.0
8863,105,17.155882352941177,16.0,15.5,3.7,0.0,24.1,86.0
9763,105,17.1,16.0,15.5,3.7,0.0,20.9,86.0
10663,105,17.04264705882353,16.0,15.5,3.7,0.0,20.9,87.0
11563,105,17.0,16.0,15.361290322580649,3.7,0.0,20.9,87.0
12463,105,16.951470588235292,16.0,15.3,3.9,0.0,24.1,87.0
13363,105,16.9,16.0,15.3,3.9,0.0,24.1,87.0
14263,105,16.9,16.0,15.3,3.9,0.0,20.9,87.0
15163,105,16.816666666666666,16.0,15.3,3.8,0.0,20.9,87.0
16063,105,16.8,16.0,15.3,3.8,0.0,20.9,88.0
16963,105,16.78181818181818,16.0,15.3,4.0,0.0,22.5,87.0
17863,105,16.7,16.0,15.208695652173912,4.1,0.0,20.9,86.0
18763,105,16.7,16.0,15.004285714285714,4.1,0.0,20.9,86.0
19663,105,16.621126760563378,17.130769230769232,15.413846153846157,3.9,0.0,19.3,86.0
20563,105,16.894117647058824,49.25352112676056,42.08450704225352,3.8,0.0,16.1,86.0
21463,105,17.815151515151516,44.91666666666667,41.7625,3.9,0.0,17.7,86.0
22363,105,18.42957746478873,44.73529411764706,41.686764705882354,3.9,9.0,20.9,86.0
23263,105,18.939344262295084,30.925925925925924,28.67037037037037,3.9,14.0,22.5,86.0
24163,105,19.0,23.75,22.34655172413793,3.8,14.0,19.3,87.0
25063,105,19.015254237288136,20.764150943396224,19.960377358490568,4.0,19.0,17.7,86.0
25963,105,19.05806451612904,19.458333333333336,19.015,4.2,19.0,20.9,85.0
26863,105,18.914754098360653,18.274193548387096,17.906451612903226,4.4,26.0,19.3,85.0
27763,105,18.648529411764702,17.65,17.256666666666668,4.5,31.0,20.9,85.0
28663,105,18.13731343283582,16.79365079365079,16.585714285714285,4.9,63.0,19.3,84.0
29563,105,17.369565217391305,16.5,15.93134328358209,5.1,67.0,22.5,81.0
30463,105,17.126984126984127,16.5,16.011428571428574,5.3,81.0,24.1,81.0
31363,105,17.31714285714286,39.98571428571428,32.90714285714286,5.4,108.0,25.7,81.0
32263,105,18.16438356164384,56.05714285714286,51.74142857142857,5.7,327.0,24.1,77.0
33163,105,19.125,56.5,52.92058823529412,6.1,320.0,25.7,75.0
34063,105,19.864705882352943,56.52857142857143,53.27857142857143,6.4,304.0,27.4,73.0
34963,105,20.30151515151515,55.183098591549296,52.21549295774648,6.6,285.0,24.1,73.0
35863,105,20.82238805970149,57.088235294117645,53.03676470588236,6.4,255.0,22.5,76.0
36763,105,21.3,57.45588235294117,53.62941176470588,6.7,265.0,20.9,74.0
37663,105,21.663636363636364,57.25735294117648,53.40588235294117,7.1,264.0,19.3,70.0
38563,105,21.98260869565217,58.731884057971016,54.7536231884058,7.4,320.0,22.5,69.0
39463,105,22.22388059701493,56.89855072463767,53.4927536231884,7.6,197.0,22.5,67.0
40363,105,22.249180327868853,40.21186440677966,36.45762711864407,7.5,510.0,20.9,72.0
41263,105,21.81846153846154,28.269230769230766,25.79076923076923,8.2,761.0,19.3,67.0
42163,105,21.338571428571427,23.588235294117645,22.06176470588236,8.7,455.0,22.5,66.0
43063,105,20.88358208955224,21.291666666666664,20.196666666666665,8.9,439.0,24.1,66.0
43963,105,20.48787878787879,19.884615384615383,19.063076923076924,9.4,279.0,22.5,62.0
44863,105,20.12089552238806,19.11971830985916,18.367605633802818,7.2,206.0,27.4,76.0
45763,105,19.81617647058824,18.514492753623188,17.892753623188405,7.1,323.0,19.3,81.0
46663,105,19.55223880597015,18.08955223880597,17.549253731343285,8.7,861.0,20.9,69.0
47563,105,19.33432835820896,18.0,17.320588235294117,9.1,207.0,19.3,64.0
48463,105,19.15217391304348,17.588235294117645,17.11911764705882,9.1,921.0,24.1,67.0
49363,105,18.99117647058824,17.5,16.869565217391305,9.5,739.0,24.1,62.0
50263,105,18.834482758620688,17.392307692307693,16.583076923076923,10.2,309.0,22.5,61.0
51163,105,18.67719298245614,17.0,16.490163934426228,10.4,802.0,24.1,60.0
52063,105,18.56818181818182,17.0,16.3,10.5,925.0,24.1,61.0
52963,105,18.474074074074075,17.0,16.3,10.5,904.0,24.1,60.0
53863,105,18.4,17.0,16.235294117647058,9.2,666.0,19.3,66.0
54763,105,18.371428571428574,17.0,16.3,9.6,144.0,25.7,63.0
55663,105,18.27258064516129,17.0,16.15483870967742,9.2,557.0,22.5,66.0
56563,105,18.2,16.78181818181818,16.0,8.9,292.0,25.7,56.0
57463,105,18.15,16.5,15.966666666666663,8.8,253.0,24.1,56.0
58363,105,18.06885245901639,16.5,15.7672131147541,8.7,197.0,22.5,56.0
59263,105,17.940625,16.5,15.5,9.2,169.0,17.7,57.0
60163,105,17.85873015873016,16.5,15.5,8.9,139.0,24.1,54.0
61063,105,17.8,16.5,15.794999999999998,9.2,367.0,19.3,57.0
61963,105,17.8,16.5,15.8,8.7,295.0,27.4,56.0
62863,105,17.8640625,16.5,15.8,8.7,199.0,22.5,59.0
63763,105,17.9,16.5,15.8,8.7,162.0,22.5,55.0
64663,105,17.898529411764706,16.5,15.8,8.2,130.0,20.9,63.0
65563,105,17.801492537313433,16.5,15.8,8.1,158.0,20.9,65.0
66463,105,17.8,16.5,15.8,8.2,127.0,20.9,66.0
67363,105,17.795454545454547,16.5,15.791176470588235,7.7,104.0,20.9,68.0
68263,105,17.701492537313435,16.5,15.597183098591549,7.8,120.0,17.7,69.0
69163,105,17.664285714285715,16.5,15.5,7.6,79.0,19.3,67.0
70063,105,17.6,16.5,15.5,7.1,44.0,22.5,67.0
70963,105,17.55068493150685,16.463768115942027,15.5,6.9,32.0,20.9,68.0
71863,105,17.5,16.095890410958905,15.5,6.5,11.0,19.3,69.0
72763,105,17.430985915492958,16.0,15.5,6.3,5.0,19.3,69.0
73663,105,17.4,16.0,15.5,5.9,0.0,17.7,73.0
74563,105,17.33142857142857,16.0,15.48153846153846,5.6,0.0,17.7,75.0
75463,105,17.3,16.0,15.338709677419354,5.3,0.0,22.5,76.0
76363,105,17.3015625,16.0,15.3,5.2,0.0,16.1,77.0
77263,105,17.3,16.0,15.3,4.9,0.0,12.9,78.0
78163,105,17.208695652173912,16.0,15.3,4.8,0.0,14.5,79.0
79063,105,17.16060606060606,16.0,15.280645161290323,4.7,0.0,14.5,80.0
79963,105,17.096875,16.0,15.062686567164178,4.7,0.0,17.7,82.0
80863,105,17.0,16.75409836065574,15.237704918032788,4.6,0.0,16.1,81.0
81763,105,17.16,43.19565217391305,36.35217391304348,4.6,0.0,17.7,81.0
82663,105,18.04428571428572,52.25373134328358,48.74925373134328,4.5,0.0,14.5,81.0
83563,105,18.698591549295777,56.44444444444444,52.17916666666666,4.4,0.0,12.9,82.0
84463,105,19.28142857142857,57.35915492957746,53.16197183098592,4.2,0.0,17.7,82.0
85363,105,19.73636363636364,47.273972602739725,42.98767123287671,4.2,0.0,17.7,81.0
86263,105,19.972857142857144,31.11428571428572,27.06142857142857,4.1,0.0,12.9,81.0
763,106,19.95217391304348,24.72142857142857,22.36,4.1,0.0,19.3,82.0
1663,106,19.754285714285714,21.57246376811594,20.0768115942029,3.9,0.0,19.3,83.0
2563,106,19.49117647058824,19.768115942028984,18.715942028985506,3.8,0.0,17.7,84.0
3463,106,19.22608695652174,18.727941176470587,17.951470588235292,3.7,0.0,14.5,84.0
4363,106,18.949253731343283,18.077464788732392,17.392957746478874,3.7,0.0,17.7,84.0
5263,106,18.68059701492537,17.573529411764707,17.00588235294118,3.8,0.0,17.7,83.0
6163,106,18.459154929577466,17.39041095890411,16.76301369863014,3.9,0.0,17.7,83.0
7063,106,18.282857142857143,17.0,16.5,4.0,0.0,17.7,82.0
7963,106,18.136986301369863,17.0,16.328169014084505,4.0,0.0,16.1,83.0
8863,106,17.997101449275362,16.902985074626866,16.255223880597015,4.0,0.0,16.1,83.0
9763,106,17.885294117647057,16.5,16.0,4.0,0.0,16.1,83.0
10663,106,17.793150684931508,16.5,15.997014925373133,4.0,0.0,17.7,83.0
11563,106,17.7,16.5,15.838235294117649,3.9,0.0,17.7,83.0
12463,106,17.616666666666667,16.5,15.8,3.9,0.0,14.5,83.0
13363,106,17.55909090909091,16.5,15.8,4.0,0.0,14.5,82.0
14263,106,17.5,16.49264705882353,15.619117647058824,4.1,0.0,16.1,82.0
15163,106,17.417142857142856,16.115942028985508,15.5,4.2,0.0,14.5,82.0
16063,106,17.392957746478874,16.0,15.5,4.4,0.0,16.1,81.0
16963,106,17.3,16.0,15.5,4.4,0.0,17.7,81.0
17863,106,17.2984375,16.0,15.491549295774648,4.4,0.0,17.7,82.0
18763,106,17.2,16.0,15.314492753623188,4.4,0.0,17.7,82.0
19663,106,17.2,17.115942028985508,15.746376811594205,4.4,0.0,16.1,83.0
20563,106,17.347692307692306,46.098591549295776,38.50985915492957,4.4,0.0,17.7,82.0
21463,106,18.0890625,36.369565217391305,33.13333333333333,4.4,0.0,17.7,82.0
22363,106,18.482857142857146,26.26470588235294,23.661764705882355,4.5,0.0,16.1,82.0
23263,106,18.6,21.908450704225352,20.280281690140846,4.5,9.0,17.7,81.0
24163,106,18.58059701492537,19.69402985074627,18.74179104477612,4.6,30.0,14.5,82.0
25063,106,18.45492957746479,18.40441176470588,17.67058823529412,4.7,35.0,12.9,81.0
25963,106,18.583076923076923,17.673913043478258,17.291304347826088,4.8,44.0,14.5,82.0
26863,106,18.96818181818182,17.564285714285713,17.47714285714286,4.9,56.0,16.1,81.0
27763,106,18.54583333333333,17.326086956521742,17.047826086956523,5.1,70.0,16.1,81.0
28663,106,18.30597014925373,16.7887323943662,16.3,5.2,83.0,17.7,79.0
29563,106,18.073134328358208,16.5,16.110294117647058,5.2,97.0,17.7,78.0
30463,106,17.859701492537315,16.5,16.0,5.1,81.0,16.1,79.0
31363,106,17.688235294117646,16.5,15.87462686567164,4.9,90.0,17.7,80.0
32263,106,17.55,16.485507246376812,15.8,4.9,171.0,16.1,82.0
33163,106,17.444927536231884,16.064285714285713,15.735714285714286,5.2,195.0,16.1,82.0
34063,106,17.345454545454547,16.0,15.5,5.7,220.0,14.5,80.0
34963,106,17.253623188405797,16.0,15.5,5.8,219.0,12.9,79.0
35863,106,17.182191780821917,16.0,15.391428571428571,6.1,221.0,11.3,81.0
36763,106,17.1,16.0,15.3,6.4,160.0,9.7,78.0
37663,106,17.00597014925373,16.0,15.3,6.3,139.0,8.0,78.0
38563,106,16.947692307692307,16.0,15.3,6.2,136.0,8.0,82.0
39463,106,16.9,15.969230769230768,15.16153846153846,5.7,162.0,8.0,88.0
40363,106,16.9,15.90151515151515,15.0,5.4,137.0,6.4,87.0
41263,106,16.9,15.793650793650793,15.004761904761905,5.1,127.0,4.8,87.0
42163,106,16.9,15.873134328358208,15.008955223880596,4.8,114.0,3.2,88.0
43063,106,16.894202898550724,15.625,15.0,5.0,190.0,1.6,90.0
43963,106,16.8,15.514925373134329,15.0,4.9,232.0,4.8,88.0
44863,106,16.8,15.5,15.0,5.2,248.0,4.8,90.0
45763,106,16.781690140845072,15.5,15.0,5.7,316.0,3.2,90.0
46663,106,16.7,15.5,15.0,6.1,320.0,6.4,87.0
47563,106,16.7,15.5,15.0,6.0,255.0,8.0,87.0
48463,106,16.7,15.5,15.0,6.2,269.0,8.0,87.0
49363,106,16.7,15.5,15.0,6.2,265.0,8.0,85.0
50263,106,16.626470588235293,15.5,14.854545454545454,6.4,223.0,8.0,84.0
51163,106,16.6,15.5,14.8,6.2,193.0,9.7,89.0
52063,106,16.6,27.88405797101449,22.50869565217392,6.2,197.0,8.0,89.0
52963,106,17.190277777777776,49.771186440677965,47.30508474576271,6.1,229.0,9.7,88.0
53863,106,18.24647887323944,50.25396825396825,50.62698412698413,6.4,281.0,9.7,88.0
54763,106,18.92714285714285,36.26086956521739,33.40724637681159,6.4,287.0,8.0,86.0
55663,106,19.065217391304348,26.68115942028985,22.818840579710145,6.8,251.0,8.0,88.0
56563,106,18.8875,22.07377049180328,19.85737704918033,6.8,167.0,8.0,86.0
57463,106,18.63043478260869,19.791044776119403,18.56268656716417,6.6,134.0,6.4,88.0
58363,106,18.344117647058823,18.36029411764705,17.551470588235293,6.6,153.0,6.4,87.0
59263,106,18.03,17.58450704225352,16.98169014084507,6.8,214.0,6.4,89.0
60163,106,17.770422535211267,17.152173913043477,16.666666666666664,6.9,232.0,8.0,88.0
61063,106,17.555714285714284,16.708955223880597,16.244776119402985,6.9,135.0,9.7,86.0
61963,106,17.379710144927536,16.42537313432836,15.859701492537315,6.7,148.0,11.3,85.0
62863,106,17.248529411764707,16.0,15.546875,6.6,167.0,11.3,84.0
63763,106,17.135211267605634,16.0,15.419999999999998,6.6,115.0,11.3,85.0
64663,106,17.02285714285714,16.0,15.3,6.6,46.0,9.7,85.0
65563,106,16.915714285714284,24.88636363636364,20.73787878787879,6.4,35.0,11.3,86.0
66463,106,17.34264705882353,50.89705882352941,46.66764705882353,6.3,53.0,9.7,87.0
67363,106,18.271929824561404,52.5,51.4820895522388,6.3,54.0,9.7,87.0
68263,106,19.04032258064516,52.85294117647059,51.93529411764706,6.3,53.0,9.7,87.0
69163,106,19.72753623188406,54.62903225806451,52.63870967741936,6.1,23.0,11.3,88.0
70063,106,20.440277777777776,55.725,52.85833333333333,6.1,18.0,9.7,89.0
70963,106,20.81571428571429,54.38356164383562,50.78767123287671,5.9,14.0,8.0,89.0
71863,106,21.070422535211268,53.393442622950815,50.57704918032787,5.8,7.0,11.3,88.0
72763,106,21.21269841269841,56.09677419354839,51.76451612903226,5.7,5.0,9.7,88.0
73663,106,21.3530303030303,53.2734375,49.746875,5.6,0.0,8.0,87.0
74563,106,21.519402985074628,56.0983606557377,52.313114754098365,5.6,0.0,8.0,88.0
75463,106,21.62794117647059,52.84615384615385,49.06153846153846,5.5,0.0,6.4,88.0
76363,106,21.7,55.63235294117648,52.57352941176471,5.4,0.0,4.8,88.0
77263,106,21.76714285714285,57.0,54.3875,5.2,0.0,6.4,88.0
78163,106,21.78955223880597,48.66326530612245,47.43061224489796,5.2,0.0,8.0,87.0
79063,106,22.01492537313433,43.81666666666667,42.28833333333333,5.1,0.0,8.0,87.0
79963,106,21.50144927536232,30.528169014084504,28.29577464788732,5.1,0.0,6.4,88.0
80863,106,21.03142857142857,24.326086956521745,22.817391304347822,5.0,0.0,6.4,88.0
81763,106,20.57246376811594,21.477272727272727,20.454545454545453,4.9,0.0,6.4,88.0
82663,106,20.12878787878788,19.92142857142857,19.121428571428574,4.8,0.0,6.4,88.0
83563,106,19.7536231884058,19.128571428571423,18.46,4.7,0.0,4.8,89.0
84463,106,19.461194029850745,18.61029411764705,17.99705882352941,4.5,0.0,3.2,90.0
85363,106,19.225,18.09027777777778,17.531944444444445,4.3,0.0,1.6,90.0
86263,106,19.03382352941177,17.857142857142858,17.205714285714286,3.8,0.0,1.6,91.0
763,107,18.875,17.5,16.918309859154927,3.6,0.0,0.0,92.0
1663,107,18.74117647058824,17.492537313432837,16.71044776119403,3.4,0.0,1.6,92.0
2563,107,18.63043478260869,17.007246376811594,16.5,3.7,0.0,3.2,93.0
3463,107,18.53134328358209,17.0,16.324242424242424,4.0,0.0,3.2,92.0
4363,107,18.43802816901408,17.0,16.3,4.1,0.0,3.2,91.0
5263,107,18.36060606060606,17.0,16.17205882352941,4.1,0.0,3.2,91.0
6163,107,18.273611111111112,16.948529411764707,16.0,4.1,0.0,3.2,91.0
7063,107,18.2,16.514285714285712,16.0,3.8,0.0,1.6,90.0
7963,107,18.115942028985508,16.5,16.0,3.5,0.0,0.0,91.0
8863,107,18.0625,16.5,15.86060606060606,3.2,0.0,0.0,91.0
9763,107,18.0,16.5,15.8,3.2,0.0,0.0,92.0
10663,107,17.926470588235293,16.5,15.8,3.3,0.0,0.0,93.0
11563,107,17.885714285714286,16.5,15.8,3.2,0.0,0.0,93.0
12463,107,17.8,16.5,15.8,3.3,0.0,0.0,93.0
13363,107,17.7943661971831,16.5,15.619117647058824,3.6,0.0,0.0,92.0
14263,107,17.70138888888889,16.5,15.5,3.8,0.0,3.2,91.0
15163,107,17.69142857142857,16.478571428571428,15.5,3.9,0.0,4.8,90.0
16063,107,17.6,16.227272727272727,15.5,3.8,0.0,0.0,90.0
16963,107,17.6,16.007246376811594,15.5,3.7,0.0,0.0,90.0
17863,107,17.508823529411764,17.195652173913043,15.865217391304348,3.6,0.0,0.0,90.0
18763,107,17.655,45.25409836065574,36.75409836065574,3.5,0.0,0.0,91.0
19663,107,18.50289855072464,55.64084507042254,51.66478873239437,3.6,0.0,0.0,91.0
20563,107,19.344285714285714,54.35,50.696666666666665,3.6,0.0,0.0,90.0
21463,107,19.78333333333333,43.02238805970149,38.66417910447761,3.8,0.0,3.2,91.0
22363,107,20.10289855072464,51.0655737704918,47.18852459016394,3.9,1.0,1.6,91.0
23263,107,20.11911764705882,33.97761194029851,31.7,3.8,16.0,1.6,92.0
24163,107,18.51475409836065,45.10294117647059,40.96470588235294,3.7,21.0,0.0,92.0
25063,107,19.046031746031748,32.11594202898551,29.19710144927536,3.8,46.0,3.2,93.0
25963,107,19.20142857142857,24.35483870967742,22.7,4.0,58.0,3.2,92.0
26863,107,19.18,21.29285714285714,20.1,4.2,63.0,3.2,91.0
27763,107,19.04583333333333,19.654929577464788,18.864788732394366,4.3,88.0,4.8,90.0
28663,107,18.9,18.753521126760564,18.1661971830986,4.6,165.0,6.4,88.0
29563,107,18.746153846153845,18.13888888888889,17.65,4.9,181.0,4.8,87.0
30463,107,18.62,17.8,17.295714285714286,5.2,172.0,3.2,83.0
31363,107,18.51475409836065,17.5,16.944927536231884,5.3,160.0,1.6,84.0
32263,107,18.434615384615384,17.281690140845072,16.761971830985917,5.7,225.0,3.2,84.0
33163,107,18.354929577464787,17.0,16.504411764705882,5.7,202.0,4.8,82.0
34063,107,18.273972602739725,17.0,16.434285714285714,5.9,250.0,4.8,83.0
34963,107,18.2,17.0,16.3,6.3,283.0,3.2,81.0
35863,107,18.2,17.0,16.3,6.7,264.0,1.6,77.0
36763,107,18.122388059701493,16.67361111111111,16.1625,6.8,120.0,0.0,76.0
37663,107,18.1,16.5,16.0,6.4,105.0,3.2,73.0
38563,107,18.04558823529412,16.5,16.0,6.5,173.0,1.6,75.0
39463,107,18.0,16.5,16.0,6.9,418.0,3.2,73.0
40363,107,17.953030303030303,16.5,16.0,7.3,294.0,3.2,73.0
41263,107,17.9,16.5,15.877611940298507,7.4,360.0,4.8,72.0
42163,107,17.871428571428574,16.5,15.8,7.7,294.0,6.4,71.0
43063,107,17.8,16.5,15.8,7.8,243.0,4.8,70.0
43963,107,17.8,16.5,15.8,7.7,192.0,4.8,69.0
44863,107,17.8,16.5,15.59402985074627,7.6,207.0,6.4,70.0
45763,107,17.747826086956522,16.5,15.5,7.7,255.0,5.6,70.0
46663,107,17.7,16.47222222222222,15.5,7.8,301.0,6.4,71.0
47563,107,17.7,16.38235294117647,15.5,8.1,355.0,8.0,70.0
48463,107,17.7,16.108695652173914,15.5,9.2,759.0,9.7,68.0
49363,107,17.7,16.02054794520548,15.5,9.3,560.0,8.0,68.0
50263,107,17.64179104477612,16.0,15.5,10.0,833.0,9.7,64.0
51163,107,17.6,16.0,15.5,10.7,826.0,11.3,61.0
52063,107,17.6,16.0,15.49705882352941,10.4,190.0,14.5,60.0
52963,107,17.555072463768116,16.0,15.496969696969696,10.2,367.0,11.3,59.0
53863,107,17.5,16.0,15.5,10.3,172.0,12.9,60.0
54763,107,17.5,16.0,15.482857142857142,9.1,179.0,17.7,64.0
55663,107,17.459154929577466,16.0,15.3,8.6,236.0,11.3,65.0
56563,107,17.4,16.0,15.3,8.6,193.0,12.9,66.0
57463,107,17.4,16.0,15.3,8.4,155.0,4.8,72.0
58363,107,17.4,25.713235294117645,20.647058823529413,8.6,183.0,6.4,72.0
59263,107,17.754411764705882,53.21014492753624,47.72028985507247,8.6,111.0,8.0,71.0
60163,107,18.60434782608696,55.47222222222221,52.47083333333334,8.5,186.0,9.7,70.0
61063,107,19.2536231884058,55.4,52.87714285714286,9.1,213.0,6.4,68.0
61963,107,19.7268656716418,51.125,48.66176470588236,9.4,153.0,8.0,62.0
62863,107,20.066666666666663,40.12878787878788,38.02272727272727,9.7,227.0,14.5,58.0
63763,107,20.19705882352941,37.564516129032256,36.41290322580645,10.3,264.0,11.3,55.0
64663,107,20.065671641791045,26.51538461538461,24.72,9.8,47.0,11.3,54.0
65563,107,19.83,22.029850746268657,20.523880597014927,8.0,56.0,19.3,69.0
66463,107,19.49824561403509,19.857142857142858,18.7125,7.1,72.0,16.1,74.0
67363,107,19.12909090909091,18.83606557377049,17.934426229508198,6.7,83.0,17.7,77.0
68263,107,18.79402985074627,18.11290322580645,17.593548387096774,5.8,40.0,20.9,81.0
69163,107,18.521538461538466,17.701492537313435,17.144776119402984,5.6,32.0,14.5,81.0
70063,107,18.316901408450704,17.25,16.5671875,5.3,16.0,17.7,76.0
70963,107,18.145454545454548,17.0,16.3,5.2,27.0,14.5,77.0
71863,107,18.004918032786883,16.714285714285715,16.01904761904762,5.1,5.0,12.9,78.0
72763,107,17.966176470588234,16.5,16.0,5.0,5.0,9.7,77.0
73663,107,17.89375,16.5,16.0,4.8,0.0,4.8,76.0
74563,107,17.7828125,16.5,15.83809523809524,4.8,0.0,6.4,77.0
75463,107,17.7,16.5,15.8,4.7,0.0,9.7,73.0
76363,107,17.7,16.5,15.8,4.6,0.0,9.7,72.0
77263,107,17.65,16.5,15.8,4.3,0.0,12.9,65.0
78163,107,17.566666666666666,16.25,15.5,4.1,0.0,11.3,66.0
79063,107,17.5,16.0,15.378688524590164,3.7,0.0,8.0,64.0
79963,107,17.5,16.01492537313433,15.5,3.6,0.0,11.3,64.0
80863,107,17.416923076923077,16.0,15.454285714285714,3.3,0.0,9.7,63.0
81763,107,17.33283582089552,16.0,15.3,3.1,0.0,6.4,63.0
82663,107,17.26231884057971,16.0,15.17027027027027,2.9,0.0,8.0,64.0
83563,107,17.2,16.0,15.0,2.8,0.0,8.0,65.0
84463,107,17.11764705882353,15.630434782608695,15.0,2.7,0.0,6.4,66.0
85363,107,17.0768115942029,15.5,14.985507246376812,2.6,0.0,3.2,67.0
86263,107,17.0,15.5,14.808450704225354,1.9,0.0,3.2,70.0
763,108,16.935714285714287,15.5,14.8,1.4,0.0,1.6,71.0
1663,108,16.9,15.5,14.8,1.1,0.0,0.0,74.0
2563,108,16.832394366197185,15.5,14.8,0.7,0.0,1.6,74.0
3463,108,16.8,15.5,14.540298507462683,0.5,0.0,0.0,76.0
4363,108,16.742028985507247,15.5,14.5,0.3,0.0,1.6,75.0
5263,108,16.7,15.5,14.5,0.3,0.0,0.0,77.0
6163,108,16.612676056338028,15.303030303030305,14.5,0.1,0.0,1.6,78.0
7063,108,16.6,15.0,14.5,0.2,0.0,1.6,78.0
7963,108,16.512328767123286,15.0,14.407042253521126,0.2,0.0,0.0,77.0
8863,108,16.5,15.0,14.3,0.3,0.0,1.6,78.0
9763,108,16.404285714285713,15.0,14.3,0.2,0.0,1.6,78.0
10663,108,16.39855072463768,15.0,14.3,-0.1,0.0,0.0,78.0
11563,108,16.303030303030305,15.0,14.3,-0.1,0.0,0.0,79.0
12463,108,16.286764705882355,15.0,14.3,-0.1,0.0,0.0,80.0
13363,108,16.2,15.0,14.129850746268655,-0.2,0.0,0.0,80.0
14263,108,16.2,15.0,14.0,-0.3,0.0,0.0,81.0
15163,108,16.138571428571428,15.0,14.0,-0.4,0.0,0.0,82.0
16063,108,16.1,14.992753623188406,14.0,-0.5,0.0,0.0,82.0
16963,108,16.06111111111111,14.731884057971016,14.0,-0.6,0.0,0.0,82.0
17863,108,16.0,15.463768115942027,14.202898550724637,-0.7,0.0,0.0,84.0
18763,108,16.116417910447762,42.91525423728813,33.93050847457627,-0.7,0.0,0.0,84.0
19663,108,16.838805970149256,47.13970588235294,44.68382352941176,-0.5,0.0,0.0,84.0
20563,108,17.689855072463768,52.93478260869565,49.55652173913044,-0.4,0.0,1.6,84.0
21463,108,18.357971014492755,54.87857142857143,51.92428571428572,-0.4,5.0,3.2,85.0
22363,108,18.7768115942029,52.52112676056338,49.86056338028169,-0.2,11.0,4.8,84.0
23263,108,19.20151515151515,43.457142857142856,39.32714285714285,-0.2,23.0,0.0,84.0
24163,108,19.52769230769231,50.53521126760563,46.69014084507042,-0.1,37.0,0.0,84.0
25063,108,19.7,32.95,29.07,0.2,46.0,0.0,84.0
25963,108,19.558461538461536,25.444444444444446,22.758333333333333,0.3,60.0,0.0,84.0
26863,108,19.31515151515152,21.76086956521739,20.230434782608697,0.6,63.0,0.0,85.0
27763,108,19.021875,19.746376811594203,18.771014492753626,0.8,77.0,0.0,86.0
28663,108,18.713235294117645,18.573529411764707,17.897058823529413,1.5,113.0,0.0,84.0
29563,108,18.463768115942027,17.84057971014493,17.30289855072464,2.4,130.0,0.0,83.0
30463,108,18.275757575757574,17.416666666666664,16.906060606060606,2.8,113.0,3.2,76.0
31363,108,18.122388059701493,17.0,16.605882352941176,2.8,106.0,6.4,75.0
32263,108,17.97761194029851,16.95714285714286,16.411428571428573,2.8,192.0,4.8,76.0
33163,108,17.859375,16.507042253521128,16.27887323943662,3.2,359.0,4.8,75.0
34063,108,17.796774193548387,16.5,16.0,3.7,355.0,4.8,74.0
34963,108,17.7,16.5,15.991176470588234,4.2,392.0,3.2,74.0
35863,108,17.6864406779661,16.5,15.8,5.3,276.0,1.6,73.0
36763,108,17.6,16.18181818181818,15.8,5.6,299.0,4.8,71.5
37663,108,17.6,16.0,15.795714285714286,5.9,462.0,6.4,70.0
38563,108,17.50793650793651,16.0,15.563636363636364,6.3,517.0,8.0,67.0
39463,108,17.5,16.0,15.5,6.7,548.0,9.7,65.0
40363,108,17.4234375,16.0,15.5,7.3,258.0,6.4,67.0
41263,108,17.4,16.0,15.5,7.4,297.0,4.8,66.0
42163,108,17.4,16.0,15.5,7.4,478.0,4.8,65.0
43063,108,17.35857142857143,16.0,15.45,7.6,376.0,6.4,64.0
43963,108,17.3,16.0,15.302898550724638,8.2,714.0,6.4,60.0
44863,108,17.3,16.0,15.3,8.3,352.0,4.8,61.0
45763,108,17.295384615384613,16.0,15.3,8.4,476.0,8.0,57.0
46663,108,17.2,16.0,15.3,8.6,506.0,6.4,57.0
47563,108,17.2,16.0,15.3,9.6,624.0,6.4,49.0
48463,108,17.173239436619717,16.0,15.3,9.7,308.0,6.4,53.0
49363,108,17.1,16.0,15.3,9.1,279.0,4.8,62.0
50263,108,17.1,16.0,15.3,9.1,510.0,9.7,63.0
51163,108,17.021052631578947,16.0,15.3,9.2,338.0,12.9,63.0
52063,108,17.0,15.840579710144928,15.091304347826089,8.4,429.0,14.5,67.0
52963,108,17.0,15.58695652173913,15.0,8.6,401.0,12.9,67.0
53863,108,17.0,15.536764705882351,15.0,8.7,330.0,12.9,67.0
54763,108,17.0,15.611940298507465,15.0044776119403,8.6,366.0,9.7,67.0
55663,108,17.0,15.704225352112676,15.038028169014083,8.4,267.0,11.3,67.0
56563,108,17.05373134328358,41.875,33.03970588235294,8.1,262.0,11.3,70.0
57463,108,17.682089552238807,55.647887323943664,50.82535211267606,7.8,186.0,9.7,71.0
58363,108,18.36438356164384,51.18181818181818,47.16818181818182,7.8,192.0,8.0,72.0
59263,108,18.675,33.036764705882355,28.03970588235294,7.6,206.0,9.7,74.0
60163,108,18.7,25.285714285714285,22.31428571428572,7.7,179.0,9.7,74.0
61063,108,18.623880597014924,21.413043478260867,19.57971014492754,7.8,204.0,9.7,75.0
61963,108,18.45,19.35211267605634,18.222535211267605,8.1,269.0,9.7,74.0
62863,108,18.244927536231884,18.198529411764707,17.385294117647057,8.1,200.0,6.4,74.0
63763,108,18.06417910447761,32.0945945945946,27.343243243243244,8.3,190.0,6.4,72.0
64663,108,18.55909090909091,55.63432835820895,50.02238805970149,8.4,188.0,8.0,71.0
65563,108,19.301408450704223,56.85714285714285,52.457142857142856,8.6,204.0,4.8,71.0
66463,108,19.92602739726028,57.30434782608696,53.01304347826088,8.7,181.0,4.8,70.0
67363,108,20.266666666666666,43.1328125,39.0453125,8.8,118.0,4.8,69.0
68263,108,20.39090909090909,53.39655172413793,49.30172413793103,8.6,51.0,4.8,68.0
69163,108,20.59090909090909,43.1578947368421,39.33684210526316,8.6,69.0,1.6,69.0
70063,108,20.6,37.046875,34.1,8.7,51.0,8.0,55.0
70963,108,20.6984126984127,41.6640625,37.128125,8.6,43.0,8.0,50.0
71863,108,20.867241379310347,46.3984375,43.2578125,8.2,19.0,8.0,53.0
72763,108,20.878846153846155,31.0655737704918,27.503278688524592,8.0,11.0,8.0,53.0
73663,108,20.65147058823529,24.7089552238806,22.39253731343284,7.7,0.0,9.7,55.0
74563,108,20.324242424242424,21.5,20.153623188405795,7.6,0.0,9.7,56.0
75463,108,20.034782608695654,21.24264705882353,22.20294117647059,7.4,0.0,8.0,59.0
76363,108,20.55588235294117,22.2,23.53846153846154,7.4,0.0,4.8,62.0
77263,108,20.158461538461538,44.838235294117645,40.96176470588235,7.2,0.0,4.8,63.0
78163,108,20.2,34.0,30.60967741935484,7.2,0.0,4.8,65.0
79063,108,20.14558823529412,26.223076923076924,23.79384615384616,6.9,0.0,3.2,65.0
79963,108,19.957971014492752,22.07638888888889,20.447222222222223,6.7,0.0,3.2,66.0
80863,108,19.71029411764706,19.807142857142857,18.692857142857143,6.2,0.0,4.8,68.0
81763,108,19.425,18.605633802816904,17.71549295774648,6.1,0.0,3.2,69.0
82663,108,19.17714285714285,17.81159420289855,17.094202898550726,5.8,0.0,3.2,71.0
83563,108,18.94861111111112,17.384057971014492,16.656521739130433,5.8,0.0,3.2,70.0
84463,108,18.758904109589043,17.0,16.352307692307694,5.8,0.0,6.4,69.0
85363,108,18.604225352112675,16.84848484848485,16.12272727272727,5.8,0.0,4.8,71.0
86263,108,18.47101449275362,16.5,15.96338028169014,6.2,0.0,6.4,67.0
763,109,18.37945205479452,16.5,15.8,6.4,0.0,9.7,62.0
1663,109,18.28142857142857,16.5,15.769117647058824,6.6,0.0,8.0,65.0
2563,109,18.2,16.5,15.517142857142858,6.9,0.0,11.3,67.0
3463,109,18.113698630136987,16.228571428571428,15.5,6.9,0.0,8.0,68.0
4363,109,18.038235294117648,16.0,15.5,6.9,0.0,11.3,68.0
5263,109,17.99402985074627,16.0,15.36875,6.8,0.0,6.4,69.0
6163,109,17.9,16.0,15.3,6.8,0.0,8.0,69.0
7063,109,17.861428571428572,16.0,15.3,6.8,0.0,11.3,69.0
7963,109,17.8,16.0,15.3,6.8,0.0,12.9,69.0
8863,109,17.8,16.0,15.3,6.6,0.0,9.7,70.0
9763,109,17.76231884057971,16.0,15.474647887323943,6.4,0.0,9.7,70.0
10663,109,17.7,16.007692307692306,15.5,6.4,0.0,8.0,69.0
11563,109,17.7,16.04861111111111,15.5,6.4,0.0,4.8,70.0
12463,109,17.60923076923077,16.014492753623188,15.5,6.4,0.0,3.2,72.0
13363,109,17.6,16.0,15.5,6.4,0.0,3.2,73.0
14263,109,17.566153846153846,16.0,15.5,6.3,0.0,3.2,71.0
15163,109,17.5,16.0,15.5,6.4,0.0,3.2,71.0
16063,109,17.5,16.0,15.5,6.4,0.0,6.4,71.0
16963,109,17.457575757575757,16.0,15.5,6.6,0.0,4.8,69.0
17863,109,17.4,17.852941176470587,16.144117647058824,6.3,0.0,1.6,70.0
18763,109,17.586111111111112,48.63076923076923,43.58923076923077,6.3,0.0,1.6,69.0
19663,109,18.07887323943662,45.57971014492754,43.74782608695652,6.3,0.0,3.2,69.0
20563,109,18.371186440677967,43.96296296296296,42.44814814814815,6.3,0.0,4.8,68.0
21463,109,18.61296296296296,44.05,42.345,6.4,0.0,3.2,68.0
22363,109,18.77166666666667,44.4051724137931,42.92413793103448,6.4,0.0,4.8,69.0
23263,109,19.034848484848485,44.85384615384616,42.62461538461538,6.5,0.0,3.2,74.0
24163,109,19.463043478260868,41.74418604651163,40.230232558139534,6.7,7.0,9.7,76.0
25063,109,19.72615384615385,30.732394366197184,29.84366197183099,7.1,12.0,9.7,77.0
25963,109,19.49245283018868,23.87735849056604,22.18679245283019,7.2,18.0,12.9,73.0
26863,109,19.24333333333333,20.412280701754387,19.2140350877193,7.3,18.0,16.1,75.0
27763,109,18.98955223880597,18.828358208955223,17.923880597014925,7.2,23.0,11.3,75.0
28663,109,18.74705882352941,17.95774647887324,17.192957746478875,7.1,44.0,9.7,75.0
29563,109,18.55217391304348,17.463768115942027,16.717391304347824,6.9,46.0,9.7,78.0
30463,109,18.39041095890411,17.0,16.434328358208955,6.8,49.0,8.0,79.0
31363,109,18.2328125,17.0,16.3,6.7,62.0,4.8,80.0
32263,109,18.132394366197182,16.578125,16.028125,7.1,104.0,9.7,82.0
33163,109,18.02173913043478,16.5,16.0,7.3,118.0,16.1,82.0
34063,109,17.886764705882353,16.5,15.877611940298507,7.6,102.0,17.7,83.0
34963,109,17.8,16.5,15.8,7.6,93.0,12.9,82.0
35863,109,17.7,16.5,15.8,7.8,160.0,17.7,82.0
36763,109,17.655882352941177,16.5,15.786764705882351,8.2,162.0,12.9,82.0
37663,109,17.6,16.491803278688526,15.504918032786884,8.5,223.0,16.1,82.0
38563,109,17.6,16.34848484848485,15.5,8.8,255.0,17.7,81.0
39463,109,17.544927536231885,16.03030303030303,15.5,9.0,278.0,20.9,81.0
40363,109,17.5,16.0,15.5,9.2,257.0,20.9,82.0
41263,109,17.464406779661015,16.0,15.5,9.3,316.0,19.3,81.0
42163,109,17.4,16.0,15.5,9.5,322.0,17.7,80.0
43063,109,17.4,16.0,15.5,9.8,369.0,16.1,81.0
43963,109,17.4,16.0,15.496,9.8,163.0,14.5,80.0
44863,109,17.4,16.0,15.371641791044777,9.4,257.0,16.1,81.0
45763,109,17.4,16.0,15.30857142857143,9.5,263.0,14.5,81.0
46663,109,17.4,16.0,15.3,10.2,408.0,17.7,76.0
47563,109,17.39855072463768,16.0,15.3,10.3,436.0,19.3,74.0
48463,109,17.301470588235293,16.0,15.3,11.3,592.0,14.5,72.0
49363,109,17.3,16.0,15.3,11.5,735.0,14.5,72.0
50263,109,17.3,16.0,15.3,11.4,534.0,16.1,70.0
51163,109,17.3,16.0,15.3,11.9,844.0,14.5,69.0
52063,109,17.3,16.0,15.3,12.7,670.0,16.1,63.0
52963,109,17.3,16.0,15.3,12.7,622.0,19.3,62.0
53863,109,17.3,16.0,15.3,12.9,533.0,17.7,63.0
54763,109,17.28125,16.0,15.3,13.5,554.0,14.5,60.0
55663,109,17.2,16.0,15.3,13.6,448.0,19.3,60.0
56563,109,17.2,16.0,15.3,13.2,297.0,19.3,59.0
57463,109,17.2,16.0,15.3125,13.4,348.0,19.3,59.0
58363,109,17.22714285714286,31.54615384615385,26.01384615384616,13.4,257.0,19.3,58.0
59263,109,17.9,47.45689655172414,45.86896551724138,12.9,285.0,16.1,60.0
60163,109,18.25797101449276,49.203125,46.9890625,13.6,503.0,17.7,58.0
61063,109,18.3,43.1,41.56428571428572,13.4,415.0,22.5,55.0
61963,109,18.3,42.42307692307692,39.98769230769231,13.4,387.0,19.3,56.0
62863,109,18.3,43.63768115942029,41.13913043478261,13.3,330.0,20.9,58.0
63763,109,18.3,45.25714285714285,42.20285714285714,13.2,134.0,19.3,59.0
64663,109,18.39444444444445,46.3,43.43857142857143,12.8,109.0,17.7,63.0
65563,109,18.76323529411765,48.47887323943662,44.93802816901409,12.2,114.0,22.5,66.0
66463,109,19.094202898550726,46.64615384615384,43.35846153846154,12.2,125.0,20.9,68.0
67363,109,19.34626865671642,43.11194029850746,41.276119402985074,12.0,110.0,19.3,68.0
68263,109,19.78405797101449,51.40298507462686,48.69402985074627,11.6,62.0,17.7,69.0
69163,109,20.05588235294117,36.57692307692308,34.29538461538461,11.4,39.0,17.7,71.0
70063,109,19.89710144927536,26.60958904109589,25.18082191780822,11.2,28.0,14.5,72.0
70963,109,19.64090909090909,22.295774647887324,21.059154929577467,11.1,26.0,16.1,72.0
71863,109,19.35,20.036764705882355,19.01176470588236,10.7,9.0,16.1,73.0
72763,109,19.063235294117646,18.68840579710145,17.81159420289855,10.6,5.0,16.1,74.0
73663,109,18.86,34.44852941176471,30.03970588235294,10.3,0.0,16.1,76.0
74563,109,19.220289855072465,54.48484848484848,51.516666666666666,10.2,0.0,19.3,77.0
75463,109,19.67611940298508,52.55737704918033,50.02459016393443,10.0,0.0,17.7,79.0
76363,109,19.969117647058823,53.34558823529412,49.93382352941176,9.8,0.0,20.9,81.0
77263,109,20.19705882352941,50.65942028985508,48.31739130434782,9.6,0.0,19.3,83.0
78163,109,20.222857142857144,34.0,31.955882352941178,9.6,0.0,20.9,84.0
79063,109,20.06617647058824,25.4375,24.4078125,9.6,0.0,17.7,86.0
79963,109,19.86515151515152,22.5,22.480882352941176,9.6,0.0,17.7,87.0
80863,109,19.61794871794872,20.73611111111111,20.147222222222226,9.6,0.0,17.7,88.0
81763,109,19.371186440677967,19.32758620689655,18.686206896551724,9.4,0.0,16.1,88.0
82663,109,19.220289855072465,18.619402985074625,18.15820895522388,9.4,0.0,19.3,89.0
83563,109,19.058208955223883,18.0,17.377142857142857,9.5,0.0,17.7,89.0
84463,109,18.926470588235293,17.536231884057973,16.98985507246377,9.6,0.0,19.3,90.0
85363,109,18.7484375,17.5,16.8,9.5,0.0,16.1,91.0
86263,109,18.58,17.224637681159418,16.62608695652174,9.6,0.0,17.7,91.0
763,110,18.43793103448276,17.0,16.5,9.6,0.0,19.3,91.0
1663,110,18.32753623188406,17.0,16.389855072463767,9.4,0.0,19.3,91.0
2563,110,18.2046875,17.0,16.3,9.2,0.0,16.1,92.0
3463,110,18.10333333333333,17.0,16.3,9.2,0.0,17.7,92.0
4363,110,18.031944444444445,17.0,16.15,9.2,0.0,16.1,91.0
5263,110,17.98787878787879,17.0,16.0,9.4,0.0,17.7,91.0
6163,110,17.9,16.864285714285714,16.0,9.4,0.0,14.5,92.0
7063,110,17.8625,16.51492537313433,16.0,9.4,0.0,14.5,92.0
7963,110,17.8,16.5,16.0,9.5,0.0,16.1,92.0
8863,110,17.8,16.5,15.97878787878788,9.6,0.0,14.5,91.0
9763,110,17.726470588235294,16.5,15.897058823529411,9.6,0.0,14.5,91.0
10663,110,17.7,16.5,15.8,9.5,0.0,16.1,92.0
11563,110,17.695652173913043,16.5,15.8,9.5,0.0,14.5,91.0
12463,110,17.6,16.5,15.8,9.6,0.0,12.9,91.0
13363,110,17.6,16.5,15.8,9.6,0.0,11.3,91.0
14263,110,17.59512195121951,16.5,15.8,9.6,0.0,14.5,90.0
15163,110,17.50161290322581,16.5,15.8,9.6,0.0,12.9,91.0
16063,110,17.5,16.5,15.8,9.6,0.0,14.5,90.0
16963,110,17.5,16.5,15.8,9.6,0.0,17.7,90.0
17863,110,17.40735294117647,17.984375,16.3328125,9.6,0.0,12.9,90.0
18763,110,17.731147540983606,50.00806451612903,43.42741935483871,9.3,0.0,17.7,90.0
19663,110,18.65972222222222,53.67857142857143,51.27285714285714,9.4,0.0,19.3,89.0
20563,110,19.35074626865672,52.92028985507246,50.5768115942029,9.3,0.0,16.1,89.0
21463,110,19.89090909090909,49.3359375,47.265625,9.2,5.0,19.3,89.0
22363,110,20.24776119402985,45.75352112676056,42.05774647887324,9.1,12.0,16.1,90.0
23263,110,21.161764705882355,46.507936507936506,44.97936507936508,9.1,28.0,17.7,90.0
24163,110,21.25070422535212,40.60869565217392,39.14782608695652,9.3,34.0,17.7,90.0
25063,110,21.01044776119403,30.656716417910445,29.46865671641791,9.3,25.0,20.9,90.0
25963,110,20.804411764705883,24.375,24.0515625,9.3,53.0,17.7,89.0
26863,110,20.607843137254903,22.150943396226417,21.873584905660376,9.5,30.0,19.3,88.0
27763,110,20.31914893617021,19.97872340425532,19.206382978723404,9.6,37.0,19.3,88.0
28663,110,20.045714285714286,18.91044776119403,18.182089552238807,9.8,37.0,20.9,87.0
29563,110,19.802857142857142,18.313432835820898,17.65223880597015,9.9,37.0,19.3,87.0
30463,110,19.575,18.0,17.34225352112676,10.2,40.0,20.9,83.0
31363,110,19.39253731343284,17.666666666666664,17.120833333333334,10.6,42.0,20.9,82.0
32263,110,19.24788732394366,17.5,17.0,10.9,360.0,24.1,80.0
33163,110,19.1179104477612,17.5,16.86865671641791,11.3,387.0,22.5,78.0
34063,110,19.0,17.5,16.8,11.8,454.0,22.5,75.0
34963,110,18.919444444444444,17.5,16.8,12.1,469.0,20.9,75.0
35863,110,18.85,17.294117647058822,16.65,12.4,580.0,22.5,73.0
36763,110,18.758904109589043,17.0,16.5,12.6,763.0,22.5,72.0
37663,110,18.7,17.0,16.5,12.6,661.0,20.9,72.0
38563,110,18.63731343283582,17.0,16.5,12.7,502.0,20.9,71.0
39463,110,18.6,17.0,16.5,12.3,232.0,20.9,72.0
40363,110,18.6,17.0,16.5,12.2,243.0,20.9,73.0
41263,110,18.537288135593226,17.0,16.496969696969696,12.4,301.0,22.5,75.0
42163,110,18.5,17.0,16.384848484848483,12.3,392.0,24.1,76.0
43063,110,18.5,17.0,16.30294117647059,12.7,585.0,22.5,75.0
43963,110,18.5,17.0,16.3,12.2,299.0,20.9,77.0
44863,110,18.475342465753425,17.0,16.3,13.1,512.0,20.9,74.0
45763,110,18.4,17.0,16.3,12.7,319.0,22.5,74.0
46663,110,18.4,17.0,16.3,12.4,262.0,19.3,74.0
47563,110,18.4,17.0,16.3,13.1,318.0,20.9,71.0
48463,110,18.4,17.0,16.3,13.1,366.0,20.9,71.0
49363,110,18.398507462686567,17.0,16.3,12.4,204.0,20.9,75.0
50263,110,18.30408163265306,17.0,16.3,12.8,343.0,17.7,74.0
51163,110,18.3,17.0,16.3,12.9,350.0,20.9,72.0
52063,110,18.3,17.0,16.3,13.1,350.0,24.1,72.0
52963,110,18.3,17.0,16.3,13.4,802.0,22.5,71.0
53863,110,18.25211267605634,17.0,16.295652173913044,12.6,178.0,22.5,74.0
54763,110,18.2,17.0,16.277611940298506,12.3,192.0,17.7,76.0
55663,110,18.2,17.0,16.291428571428572,12.4,179.0,19.3,77.0
56563,110,18.2,17.0,16.276923076923076,12.6,172.0,17.7,74.0
57463,110,18.2,17.0,16.14788732394366,12.4,239.0,19.3,75.0
58363,110,18.208333333333336,29.313432835820898,23.791044776119403,12.6,237.0,19.3,73.0
59263,110,18.713114754098363,47.18939393939394,43.34242424242424,12.3,223.0,20.9,75.0
60163,110,19.264285714285712,30.54032258064516,28.033870967741933,12.1,123.0,22.5,75.0
61063,110,19.462686567164177,24.02173913043478,22.48840579710145,11.9,114.0,20.9,75.0
61963,110,19.5,21.171641791044777,20.08208955223881,12.2,163.0,17.7,74.0
62863,110,19.41343283582089,19.56716417910448,18.75522388059701,12.3,146.0,17.7,74.0
63763,110,19.32537313432836,18.6984126984127,18.05555555555556,12.5,147.0,17.7,73.0
64663,110,19.22173913043478,18.15942028985507,17.57391304347826,12.9,188.0,16.1,72.0
65563,110,19.052777777777777,17.84027777777778,17.3,12.8,81.0,12.9,72.0
66463,110,18.90289855072464,36.683098591549296,32.03521126760563,12.2,118.0,19.3,76.0
67363,110,19.238888888888887,47.59848484848485,43.40151515151515,12.1,69.0,19.3,77.0
68263,110,19.63125,33.71641791044776,33.27014925373134,11.9,42.0,20.9,75.0
69163,110,19.7875,27.217391304347824,27.472463768115944,11.8,33.0,17.7,75.0
70063,110,19.714285714285715,22.919117647058822,22.304411764705883,11.6,26.0,19.3,75.0
70963,110,19.57941176470588,20.318840579710145,19.43188405797101,11.4,24.0,22.5,76.0
71863,110,19.433333333333334,19.036231884057973,18.28405797101449,11.3,16.0,19.3,77.0
72763,110,19.26153846153846,18.35211267605634,17.70281690140845,11.2,5.0,17.7,78.0
73663,110,19.115942028985508,18.0,17.691549295774646,11.0,0.0,17.7,80.0
74563,110,19.0,18.0,18.04428571428572,10.8,0.0,19.3,82.0
75463,110,18.91875,17.94927536231884,17.48840579710145,10.6,0.0,17.7,82.0
76363,110,18.777027027027025,25.53472222222222,21.95694444444445,10.6,0.0,17.7,82.0
77263,110,19.02777777777778,52.15151515151515,48.2469696969697,10.6,0.0,17.7,82.0
78163,110,19.456060606060607,34.873134328358205,32.255223880597015,10.5,0.0,14.5,81.0
79063,110,19.662857142857145,26.029411764705884,25.3,10.4,0.0,17.7,83.0
79963,110,20.44428571428572,22.639705882352946,22.266176470588235,10.3,0.0,16.1,83.0
80863,110,20.04142857142857,20.580882352941178,19.99117647058824,10.2,0.0,16.1,84.0
81763,110,19.847826086956523,19.65714285714286,19.38714285714285,10.2,0.0,16.1,84.0
82663,110,19.71363636363636,19.394366197183096,19.54647887323944,10.1,0.0,16.1,84.0
83563,110,19.526027397260272,18.701492537313435,18.249253731343284,10.1,0.0,17.7,84.0
84463,110,19.359016393442623,18.275362318840585,17.768115942028984,10.1,0.0,17.7,84.0
85363,110,19.22753623188406,18.0,17.45492957746479,10.1,0.0,16.1,84.0
86263,110,19.043076923076924,17.92537313432836,17.3,10.0,0.0,20.9,85.0
763,111,18.92153846153846,17.507246376811594,17.01304347826087,10.0,0.0,19.3,85.0
1663,111,18.805333333333333,17.5,16.942857142857143,9.9,0.0,17.7,85.0
2563,111,18.7,17.5,16.8,9.9,0.0,16.1,86.0
3463,111,18.607246376811595,17.5,16.8,9.7,0.0,16.1,86.0
4363,111,18.55,17.5,16.6,9.6,0.0,14.5,87.0
5263,111,18.5,17.426470588235293,16.5,9.5,0.0,16.1,88.0
6163,111,18.425,17.084615384615383,16.5,9.5,0.0,20.9,88.0
7063,111,18.4,17.0,16.5,9.4,0.0,19.3,89.0
7963,111,18.37313432835821,17.0,16.5,9.3,0.0,17.7,91.0
8863,111,18.3,17.0,16.5,9.3,0.0,16.1,91.0
9763,111,18.3,17.0,16.5,9.3,0.0,16.1,91.0
10663,111,18.205405405405408,17.0,16.485294117647058,9.2,0.0,12.9,92.0
11563,111,18.2,17.0,16.319718309859155,9.0,0.0,12.9,93.0
12463,111,18.2,17.0,16.3,9.1,0.0,16.1,92.0
13363,111,18.15571428571429,17.0,16.3,9.0,0.0,14.5,92.0
14263,111,18.1,17.0,16.3,9.1,0.0,17.7,92.0
15163,111,18.1,17.0,16.3,9.1,0.0,19.3,93.0
16063,111,18.1,17.0,16.3,9.2,0.0,20.9,94.0
16963,111,18.02923076923077,17.0,16.3,9.2,0.0,20.9,92.0
17863,111,18.0,18.455882352941178,16.87205882352941,9.3,0.0,19.3,92.0
18763,111,18.24090909090909,51.30882352941177,44.92058823529412,9.3,0.0,22.5,91.0
19663,111,19.0,49.96527777777778,48.40138888888889,9.3,0.0,24.1,91.0
20563,111,19.412857142857145,41.535714285714285,38.21428571428572,9.2,0.0,22.5,92.0
21463,111,19.7875,51.44927536231884,48.75797101449275,9.2,0.0,22.5,92.0
22363,111,20.188235294117646,35.05714285714286,33.99142857142857,9.3,7.0,24.1,91.0
23263,111,20.416417910447763,27.44029850746269,27.0910447761194,9.3,9.0,24.1,91.0
24163,111,20.3955223880597,23.35,23.485714285714288,9.3,11.0,22.5,91.0
25063,111,20.090140845070422,21.169014084507044,20.93098591549296,9.3,26.0,20.9,91.0
25963,111,19.831818181818186,19.56716417910448,18.95522388059701,9.4,44.0,20.9,90.0
26863,111,19.6,18.72463768115941,18.121739130434783,9.6,70.0,24.1,89.0
27763,111,19.38358208955224,18.23529411764705,17.65441176470588,9.7,79.0,22.5,89.0
28663,111,19.215942028985506,18.0,17.377142857142857,9.9,113.0,24.1,87.0
29563,111,19.064,17.744897959183675,17.251020408163264,10.1,125.0,27.4,87.0
30463,111,18.945098039215686,17.5,17.0,10.1,142.0,27.4,87.0
31363,111,18.8,17.5,16.820833333333333,10.1,141.0,27.4,87.0
32263,111,18.7,17.5,16.8,10.1,139.0,29.0,87.0
33163,111,18.612676056338028,17.5,16.8,10.2,149.0,32.2,87.0
34063,111,18.6,17.485507246376812,16.691304347826087,10.3,167.0,27.4,86.0
34963,111,18.5027397260274,17.246376811594203,16.5,10.4,171.0,22.5,86.0
35863,111,18.5,17.0,16.5,10.6,209.0,24.1,85.0
36763,111,18.5,17.0,16.5,10.8,223.0,24.1,84.0
37663,111,18.5,17.0,16.5,11.1,251.0,25.7,82.0
38563,111,18.47586206896552,17.0,16.5,11.3,259.0,27.4,81.0
39463,111,18.4,17.0,16.5,11.3,251.0,25.7,81.0
40363,111,18.4,17.0,16.485507246376812,11.5,299.0,22.5,81.0
41263,111,18.4,17.0,16.388235294117646,12.2,780.0,29.0,79.0
42163,111,18.4,17.0,16.3,12.4,381.0,27.4,76.0
43063,111,18.4,17.0,16.3,12.3,362.0,25.7,77.0
43963,111,18.31428571428572,17.0,16.3,12.3,276.0,24.1,76.0
44863,111,18.3,17.0,16.3,12.3,323.0,24.1,76.0
45763,111,18.3,17.0,16.3,12.4,415.0,24.1,75.0
46663,111,18.3,17.0,16.3,12.7,378.0,22.5,76.0
47563,111,18.22142857142857,17.0,16.3,11.8,185.0,20.9,81.0
48463,111,18.2,17.0,16.3,11.6,285.0,20.9,84.0
49363,111,18.2,17.0,16.3,11.7,300.0,22.5,84.0
50263,111,18.10857142857143,17.0,16.3,12.7,295.0,22.5,81.0
51163,111,18.1,17.0,16.3,12.9,1150.0,22.5,78.0
52063,111,18.1,17.0,16.3,12.9,144.0,22.5,71.0
52963,111,18.1,17.0,16.3,12.4,100.0,22.5,71.0
53863,111,18.1,17.0,16.291044776119403,12.1,172.0,20.9,70.0
54763,111,18.1,17.0,16.233898305084743,11.8,209.0,17.7,72.0
55663,111,18.1,17.0,16.195454545454545,11.9,174.0,19.3,71.0
56563,111,18.1,17.0,16.211764705882352,12.1,200.0,17.7,70.0
57463,111,18.1,17.0,16.082758620689653,12.2,156.0,17.7,68.0
58363,111,18.11428571428572,27.94927536231884,22.717391304347824,12.4,178.0,17.7,66.0
59263,111,18.466666666666665,49.49122807017544,45.73333333333333,12.4,95.0,16.1,64.0
60163,111,19.082692307692305,30.76,29.708,12.2,83.0,16.1,64.0
61063,111,19.3265625,24.29365079365079,23.701587301587303,12.3,79.0,17.7,61.0
61963,111,19.4,21.11864406779661,20.58135593220339,12.5,367.0,19.3,60.0
62863,111,19.3,19.65833333333333,19.155,13.2,262.0,16.1,56.0
63763,111,19.2,22.5390625,21.153125,12.7,179.0,16.1,56.0
64663,111,19.29344262295082,50.69565217391305,46.38550724637681,12.4,102.0,16.1,58.0
65563,111,19.8,33.84722222222222,34.05416666666667,12.3,125.0,16.1,56.0
66463,111,20.04142857142857,25.756756756756754,25.39054054054054,12.1,76.0,16.1,55.0
67363,111,20.044444444444444,22.231884057971016,21.65942028985507,12.3,220.0,16.1,56.0
68263,111,19.944927536231884,20.393939393939394,19.827272727272728,12.1,84.0,16.1,55.0
69163,111,19.79264705882353,19.34090909090909,18.874242424242425,11.6,37.0,12.9,57.0
70063,111,19.60909090909091,18.6875,18.254166666666663,11.5,104.0,12.9,59.0
70963,111,19.381818181818183,18.073529411764707,17.72941176470588,11.2,63.0,16.1,57.0
71863,111,19.155882352941177,18.0,17.441176470588236,10.6,25.0,17.7,61.0
72763,111,18.95151515151515,17.59558823529412,17.277941176470588,10.2,14.0,11.3,62.0
73663,111,18.807042253521125,29.61428571428572,25.734285714285715,9.8,5.0,9.7,63.0
74563,111,18.932352941176468,36.82835820895522,36.34626865671642,9.6,1.0,4.8,64.0
75463,111,19.08405797101449,25.569230769230767,25.744615384615383,8.8,0.0,9.7,66.0
76363,111,19.1,21.65151515151515,21.43030303030303,8.4,0.0,14.5,66.0
77263,111,19.047826086956523,19.84126984126984,19.43809523809524,8.1,0.0,12.9,67.0
78163,111,18.957971014492752,18.828358208955223,18.431343283582088,8.0,0.0,14.5,67.0
79063,111,18.8796875,18.5,18.58450704225352,7.8,0.0,11.3,68.0
79963,111,18.76271186440678,18.07246376811594,17.730434782608697,7.5,0.0,4.8,70.0
80863,111,18.65211267605634,18.149253731343286,17.937313432835822,6.8,0.0,6.4,73.0
81763,111,18.825,18.05223880597015,18.28358208955224,6.6,0.0,6.4,74.0
82663,111,18.69206349206349,17.875,17.4578125,6.6,0.0,6.4,74.0
83563,111,18.54225352112676,17.5,17.00597014925373,6.2,0.0,9.7,75.0
84463,111,18.41617647058824,17.5,16.8,5.8,0.0,9.7,76.0
85363,111,18.309722222222224,17.22058823529412,16.614705882352943,5.7,0.0,9.7,76.0
86263,111,18.2,17.0,16.5,5.9,0.0,9.7,76.0
763,112,18.119696969696967,17.0,16.497101449275362,6.0,0.0,11.3,76.0
1663,112,18.052857142857142,17.0,16.343478260869567,6.2,0.0,11.3,75.0
2563,112,18.0,17.0,16.3,6.2,0.0,9.7,75.0
3463,112,17.905555555555555,17.0,16.3,6.1,0.0,8.0,76.0
4363,112,17.880000000000003,17.0,16.3,6.0,0.0,6.4,76.0
5263,112,17.8,17.0,16.17205882352941,5.8,0.0,8.0,77.0
6163,112,17.8,17.0,16.0,5.7,0.0,6.4,77.0
7063,112,17.72,16.992753623188406,16.0,5.5,0.0,4.8,78.0
7963,112,17.7,16.807142857142857,16.0,5.4,0.0,4.8,79.0
8863,112,17.661764705882355,16.50714285714286,16.0,5.3,0.0,4.8,79.0
9763,112,17.6,16.5,16.0,5.3,0.0,6.4,79.0
10663,112,17.598591549295776,16.5,15.905714285714286,5.1,0.0,6.4,79.0
11563,112,17.5,16.5,15.8,4.9,0.0,8.0,79.0
12463,112,17.5,16.5,15.8,4.7,0.0,8.0,80.0
13363,112,17.436764705882354,16.5,15.8,4.6,0.0,8.0,80.0
14263,112,17.4,16.5,15.8,4.3,0.0,9.7,80.0
15163,112,17.374242424242425,16.5,15.8,4.2,0.0,9.7,81.0
16063,112,17.3,16.5,15.8,4.0,0.0,8.0,81.0
16963,112,17.3,16.5,15.8,3.7,0.0,9.7,82.0
17863,112,17.25,16.5,15.773529411764708,3.4,0.0,8.0,83.0
18763,112,17.2,16.5,15.568852459016393,3.4,0.0,11.3,83.0
19663,112,17.214925373134328,28.65217391304348,23.217391304347824,3.4,0.0,11.3,83.0
20563,112,17.815714285714286,47.54347826086956,44.54492753623188,3.4,0.0,11.3,83.0
21463,112,18.453521126760563,30.27142857142857,28.872857142857143,3.4,5.0,11.3,83.0
22363,112,18.672602739726027,23.522058823529413,22.84705882352941,3.5,11.0,9.7,83.0
23263,112,18.62727272727273,20.529850746268657,20.06417910447761,3.5,18.0,9.7,83.0
24163,112,18.79718309859155,19.25,18.983823529411765,3.6,21.0,9.7,83.0
25063,112,18.982666666666667,18.94029850746269,19.450746268656715,3.7,35.0,11.3,82.0
25963,112,18.71538461538461,18.09848484848485,18.22272727272728,3.8,26.0,9.7,81.0
26863,112,18.53095238095237,17.573529411764707,17.201470588235292,3.8,25.0,8.0,81.0
27763,112,18.337878787878783,17.130769230769232,16.60153846153846,3.8,28.0,8.0,81.0
28663,112,18.141935483870967,17.032258064516128,16.76290322580645,4.3,33.0,8.0,79.0
29563,112,17.84328358208955,16.963235294117645,16.3,4.7,33.0,11.3,76.0
30463,112,17.8,16.51492537313433,16.035820895522388,5.1,33.0,11.3,76.0
31363,112,17.77377049180328,16.5,16.0,5.6,39.0,9.7,73.0
32263,112,17.7,16.5,16.0,6.1,411.0,9.7,70.0
33163,112,17.677142857142858,16.5,16.0,6.7,501.0,9.7,66.0
34063,112,17.6,16.5,16.0,7.4,381.0,9.7,60.0
34963,112,17.6,16.5,16.0,7.4,287.0,12.9,55.0
35863,112,17.595454545454547,16.5,15.997142857142856,7.5,308.0,8.0,55.0
36763,112,17.504411764705882,16.5,15.911428571428573,7.5,322.0,8.0,56.0
37663,112,17.5,16.5,15.812903225806451,7.5,223.0,11.3,56.0
38563,112,17.5,16.5,15.8,7.3,218.0,11.3,56.0
39463,112,17.5,16.5,15.8,7.4,309.0,11.3,58.0
40363,112,17.445070422535213,16.5,15.8,7.8,575.0,11.3,58.0
41263,112,17.4,16.5,15.8,8.2,323.0,12.9,54.0
42163,112,17.4,16.5,15.8,8.3,366.0,12.9,56.0
43063,112,17.4,16.07246376811594,15.52608695652174,8.3,396.0,8.0,57.0
43963,112,17.32769230769231,16.361538461538462,15.5,8.6,338.0,8.0,55.0
44863,112,17.3,16.5,15.5,8.6,225.0,6.4,55.0
45763,112,17.3,16.5,15.545454545454549,8.5,257.0,6.4,56.0
46663,112,17.3,16.5,15.658823529411766,8.6,223.0,9.7,55.0
47563,112,17.3,16.5,15.70281690140845,8.6,200.0,6.4,55.0
48463,112,17.25588235294118,16.297101449275363,15.58840579710145,8.6,244.0,6.4,55.0
49363,112,17.2,16.0,15.3,8.8,283.0,6.4,54.0
50263,112,17.140579710144927,16.0,15.3,9.8,397.0,6.4,52.0
51163,112,17.1,16.0,15.3,9.8,285.0,6.4,51.0
52063,112,17.195454545454545,16.0,15.3,9.9,454.0,6.4,50.0
52963,112,17.2,16.0,15.3,10.6,601.0,11.3,48.0
53863,112,17.229166666666664,16.043478260869566,15.381159420289856,11.1,717.0,6.4,47.0
54763,112,17.387323943661972,16.328358208955223,15.5,10.9,378.0,8.0,48.0
55663,112,17.3,16.46969696969697,15.5,10.7,345.0,4.8,49.0
56563,112,17.3,16.4921875,15.5328125,10.7,220.0,8.0,48.0
57463,112,17.3,16.098591549295776,15.5,10.3,207.0,4.8,49.0
58363,112,17.3,16.0,15.5,10.2,171.0,6.4,48.0
59263,112,17.3,16.0,15.5,10.3,345.0,8.0,49.0
60163,112,17.246153846153845,19.315384615384616,16.87076923076923,10.6,251.0,6.4,49.0
61063,112,17.579032258064515,51.791044776119406,45.997014925373136,10.6,156.0,9.7,49.0
61963,112,18.432876712328767,53.90769230769231,51.79230769230769,10.4,158.0,8.0,51.0
62863,112,19.18115942028985,53.291044776119406,51.33731343283582,10.4,156.0,8.0,50.0
63763,112,19.6469696969697,54.25,51.578125,10.3,121.0,9.7,50.0
64663,112,20.028358208955225,53.18840579710145,50.87101449275362,10.2,139.0,11.3,51.0
65563,112,20.3,53.98412698412699,51.53650793650794,10.1,118.0,11.3,52.0
66463,112,20.55142857142857,53.369230769230775,51.08615384615385,9.9,72.0,9.7,51.0
67363,112,20.684615384615384,54.12307692307693,51.644615384615385,9.8,64.0,8.0,50.0
68263,112,20.7796875,53.30434782608696,51.02608695652174,9.8,58.0,9.7,49.0
69163,112,20.88358208955224,54.114285714285714,51.605714285714285,9.7,56.0,8.0,49.0
70063,112,20.966666666666665,53.31746031746032,51.009523809523806,9.6,53.0,6.4,49.0
70963,112,21.067692307692308,53.98360655737705,51.570491803278685,9.5,45.0,6.4,51.0
71863,112,21.1,53.31428571428571,50.995714285714286,9.2,17.0,6.4,51.0
72763,112,21.15797101449275,54.0,51.325,9.0,7.0,6.4,50.0
73663,112,21.2,53.9,51.550769230769234,8.9,0.0,4.8,52.0
74563,112,21.256060606060608,52.05797101449275,49.89420289855072,8.8,0.0,3.2,53.0
75463,112,21.24647887323944,35.86764705882353,33.45441176470588,8.4,0.0,3.2,59.0
76363,112,21.01323529411765,26.176056338028168,25.5112676056338,8.2,0.0,3.2,65.0
77263,112,20.719117647058823,22.42753623188406,21.955072463768115,8.0,0.0,3.2,66.0
78163,112,20.372463768115946,20.646153846153844,20.04615384615385,7.9,0.0,3.2,67.0
79063,112,20.037142857142857,19.686567164179102,18.97761194029851,7.7,0.0,6.4,64.0
79963,112,19.74776119402985,19.036764705882355,18.363235294117647,7.6,0.0,4.8,64.0
80863,112,19.481428571428573,18.559701492537314,17.934328358208955,7.4,0.0,4.8,64.0
81763,112,19.25970149253732,18.35211267605634,17.68169014084507,7.3,0.0,4.8,64.0
82663,112,19.08405797101449,18.0,17.385714285714286,7.2,0.0,4.8,65.0
83563,112,18.9375,18.0,17.641176470588235,7.1,0.0,3.2,66.0
84463,112,18.76805555555556,17.99285714285714,17.325714285714287,7.1,0.0,6.4,66.0
85363,112,18.640845070422536,17.539682539682538,17.0,7.0,0.0,3.2,68.0
86263,112,18.530434782608697,17.5,16.878125,6.9,0.0,4.8,67.0
763,113,18.42083333333333,17.5,16.8,6.8,0.0,6.4,67.0
1663,113,18.331666666666667,17.5,16.68,6.6,0.0,3.2,69.0
2563,113,18.23768115942029,17.5,16.5,6.4,0.0,4.8,69.0
3463,113,18.168115942028983,17.15671641791045,16.5,6.2,0.0,3.2,71.0
4363,113,18.1,17.0,16.473134328358206,6.1,0.0,3.2,72.0
5263,113,18.017910447761192,17.0,16.303030303030305,5.9,0.0,3.2,73.0
6163,113,17.981944444444444,17.0,16.3,5.9,0.0,1.6,74.0
7063,113,17.9,17.0,16.3,5.6,0.0,1.6,74.0
7963,113,17.86338028169014,17.0,16.3,5.3,0.0,3.2,76.0
8863,113,17.8,17.0,16.3,5.2,0.0,3.2,76.0
9763,113,17.78985507246377,17.0,16.282608695652176,5.2,0.0,3.2,77.0
10663,113,17.7,17.0,16.204166666666666,5.2,0.0,3.2,77.0
11563,113,17.697183098591548,17.0,16.0044776119403,5.2,0.0,3.2,78.0
12463,113,17.601492537313433,17.0,16.0,5.2,0.0,3.2,79.0
13363,113,17.595652173913045,16.887323943661972,16.0,5.2,0.0,3.2,79.0
14263,113,17.5,16.514285714285712,16.0,4.8,0.0,1.6,78.0
15163,113,17.492753623188406,16.5,16.0,4.2,0.0,3.2,79.0
16063,113,17.4,16.5,15.928571428571429,3.8,0.0,3.2,80.0
16963,113,17.4,16.5,15.802898550724638,3.7,0.0,3.2,79.0
17863,113,17.306153846153848,16.5,15.8,3.5,0.0,4.8,80.0
18763,113,17.3,16.5,15.8,3.8,0.0,9.7,80.0
19663,113,17.3,17.95,16.28142857142857,3.8,0.0,4.8,79.0
20563,113,17.536764705882355,50.08064516129032,43.832258064516125,3.6,0.0,3.2,80.0
21463,113,18.32058823529412,38.42028985507246,35.992753623188406,3.8,5.0,8.0,80.0
22363,113,18.62666666666667,26.63768115942029,25.55072463768116,3.8,12.0,6.4,79.0
23263,113,18.68169014084507,22.48550724637681,22.2231884057971,3.8,25.0,4.8,79.0
24163,113,18.58732394366197,20.2089552238806,19.744776119402985,4.1,26.0,6.4,79.0
25063,113,18.5,18.76153846153846,18.246153846153845,4.7,44.0,6.4,77.0
25963,113,18.46760563380281,17.634328358208954,17.2044776119403,4.9,51.0,6.4,76.0
26863,113,18.5,17.974576271186443,18.47966101694915,5.2,76.0,6.4,75.0
27763,113,18.49242424242424,17.68939393939394,17.39848484848485,5.4,86.0,6.4,75.0
28663,113,18.4,17.386363636363637,16.842424242424244,5.8,134.0,12.9,74.0
29563,113,18.31509433962264,17.0,16.513235294117646,6.1,113.0,11.3,72.0
30463,113,18.153703703703705,17.0,16.33283582089552,6.3,86.0,9.7,72.0
31363,113,18.05068493150685,16.99264705882353,16.3,6.5,88.0,11.3,71.0
32263,113,17.950769230769232,16.52857142857143,16.119999999999997,7.0,209.0,11.3,68.0
33163,113,17.88219178082192,16.5,16.0,7.4,258.0,9.7,69.0
34063,113,17.8,16.5,16.0,7.3,190.0,12.9,69.0
34963,113,17.765217391304347,16.5,16.0,7.3,213.0,9.7,71.0
35863,113,17.7,16.5,16.0,7.7,515.0,9.7,69.0
36763,113,17.65,16.5,16.0,8.3,554.0,11.3,68.0
37663,113,17.6,16.5,15.847058823529412,8.8,582.0,12.9,64.0
38563,113,17.50151515151515,16.5,15.8,9.5,601.0,14.5,60.0
39463,113,17.475,16.5,15.8,9.8,638.0,14.5,57.0
40363,113,17.4,16.5,15.8,9.8,680.0,14.5,56.0
41263,113,17.398360655737704,16.5,15.8,10.4,577.0,14.5,57.0
42163,113,17.3,16.5,15.8,10.2,691.0,17.7,56.0
43063,113,17.3,16.5,15.8,10.4,726.0,16.1,56.0
43963,113,17.3,16.5,15.8,11.1,742.0,16.1,55.0
44863,113,17.28970588235294,16.5,15.795081967213116,11.5,765.0,19.3,56.0
45763,113,17.2,16.5,15.592957746478874,11.2,586.0,17.7,55.0
46663,113,17.2,16.5,15.504285714285714,11.4,462.0,19.3,57.0
47563,113,17.18358208955224,16.463235294117645,15.5,11.7,652.0,17.7,56.0
48463,113,17.1,16.462686567164177,15.5,11.1,394.0,19.3,58.0
49363,113,17.1,16.23134328358209,15.5,10.6,313.0,20.9,58.0
50263,113,17.055384615384618,16.020833333333336,15.5,11.1,394.0,20.9,58.0
51163,113,17.0,16.0,15.5,10.8,278.0,20.9,60.0
52063,113,17.0,16.0,15.34848484848485,11.6,898.0,19.3,59.0
52963,113,16.942424242424245,16.0,15.3,12.3,805.0,22.5,55.0
53863,113,16.9,16.0,15.441538461538462,12.3,700.0,20.9,54.0
54763,113,16.96857142857143,16.0,15.5,12.6,446.0,20.9,55.0
55663,113,17.0,16.0,15.5,12.3,338.0,22.5,55.0
56563,113,17.0,16.0,15.5,12.3,592.0,20.9,56.0
57463,113,17.0,16.0,15.497014925373133,11.8,429.0,24.1,57.0
58363,113,17.0,16.0,15.477777777777778,11.4,629.0,22.5,58.0
59263,113,16.97462686567164,16.0,15.357971014492753,12.2,554.0,22.5,57.0
60163,113,16.9,16.0,15.377611940298507,12.3,513.0,20.9,57.0
61063,113,16.9,16.0,15.305797101449276,11.8,482.0,22.5,58.0
61963,113,16.9,16.0,15.3,11.9,439.0,22.5,58.0
62863,113,16.89848484848485,16.0,15.3,11.1,178.0,22.5,61.0
63763,113,16.83731343283582,16.0,15.3,10.9,313.0,20.9,62.0
64663,113,16.8,16.0,15.3,11.2,200.0,20.9,59.0
65563,113,16.8,16.0,15.3,11.1,200.0,19.3,61.0
66463,113,16.8,16.0,15.3,10.8,93.0,22.5,58.0
67363,113,16.8,16.0,15.305714285714284,10.4,109.0,25.7,60.0
68263,113,16.89264705882353,16.0,15.47878787878788,9.7,56.0,19.3,67.0
69163,113,16.849253731343286,16.0,15.381159420289856,9.2,72.0,19.3,70.0
70063,113,16.8,16.945945945945944,15.59054054054054,9.2,58.0,19.3,72.0
70963,113,16.997222222222224,47.94285714285714,40.75285714285714,8.9,55.0,20.9,73.0
71863,113,17.815151515151516,55.4344262295082,52.37049180327868,8.7,30.0,19.3,75.0
72763,113,18.47868852459016,55.06779661016949,52.31694915254237,8.6,18.0,17.7,76.0
73663,113,18.91746031746032,54.54237288135594,52.25593220338983,8.1,9.0,16.1,78.0
74563,113,19.12,55.822580645161295,52.89354838709677,7.7,0.0,16.1,80.0
75463,113,19.344615384615384,54.635714285714286,52.02571428571429,7.5,0.0,20.9,82.0
76363,113,19.51746031746032,54.71212121212121,52.16515151515152,7.6,0.0,12.9,83.0
77263,113,19.640625,55.264150943396224,52.80566037735849,7.6,0.0,16.1,83.0
78163,113,19.80508474576272,54.77966101694915,52.27796610169492,7.6,0.0,19.3,83.0
79063,113,20.48709677419355,42.57758620689656,40.94310344827586,7.3,0.0,22.5,84.0
79963,113,20.477272727272727,29.3515625,28.0421875,7.3,0.0,20.9,85.0
80863,113,20.122222222222224,24.098214285714285,23.28214285714286,7.4,0.0,20.9,84.0
81763,113,19.834482758620688,22.17692307692308,21.85076923076923,7.4,0.0,16.1,84.0
82663,113,19.532258064516128,20.069230769230767,19.08,7.4,0.0,16.1,85.0
83563,113,19.25254237288136,18.888059701492537,18.017910447761192,7.6,0.0,29.0,85.0
84463,113,18.98688524590164,18.233870967741936,17.493548387096773,7.7,0.0,25.7,85.0
85363,113,18.76607142857143,17.943548387096776,17.22258064516129,7.7,0.0,22.5,85.0
86263,113,18.558461538461536,17.5,16.919999999999998,7.6,0.0,24.1,86.0
763,114,18.37619047619048,17.440677966101696,16.66271186440678,7.6,0.0,22.5,86.0
1663,114,18.21060606060606,17.0,16.468627450980392,7.7,0.0,22.5,86.0
2563,114,18.0625,17.0,16.3,7.7,0.0,24.1,86.0
3463,114,17.94923076923077,17.0,16.28,7.7,0.0,24.1,86.0
4363,114,17.847540983606557,17.0,16.010344827586206,7.7,0.0,20.9,86.0
5263,114,17.774603174603175,16.939655172413794,16.0,7.8,0.0,25.7,85.0
6163,114,17.7,16.5327868852459,16.0,7.8,0.0,24.1,85.0
7063,114,17.6328125,16.5,15.98,7.7,0.0,20.9,85.0
7963,114,17.6,16.5,15.816666666666666,7.7,0.0,24.1,84.0
8863,114,17.50862068965517,16.5,15.8,7.7,0.0,22.5,85.0
9763,114,17.5,16.5,15.8,7.7,0.0,22.5,84.0
10663,114,17.428985507246377,16.5,15.8,7.8,0.0,22.5,84.0
11563,114,17.4,16.5,15.8,7.7,0.0,19.3,84.0
12463,114,17.35084745762712,16.5,15.8,7.7,0.0,19.3,85.0
13363,114,17.3,16.5,15.63125,7.7,0.0,17.7,85.0
14263,114,17.27936507936508,16.5,15.5,7.6,0.0,17.7,85.0
15163,114,17.2,16.5,15.5,6.2,0.0,11.3,89.0
16063,114,17.2,16.5,15.5,5.6,0.0,4.8,92.0
16963,114,17.133333333333333,16.220338983050848,15.5,5.4,0.0,3.2,93.0
17863,114,17.1,17.74576271186441,16.14915254237288,5.3,0.0,1.6,94.0
18763,114,17.303225806451614,50.77586206896552,44.720689655172414,5.3,0.0,3.2,94.0
19663,114,17.971186440677965,52.2578125,48.3421875,5.3,0.0,1.6,94.0
20563,114,18.607936507936508,54.398305084745765,50.723728813559326,5.2,0.0,0.0,94.0
21463,114,19.132758620689653,54.0859375,50.7046875,5.1,12.0,1.6,95.0
22363,114,19.574603174603176,44.64179104477612,41.88507462686567,4.7,12.0,4.8,92.0
23263,114,20.10289855072464,47.94202898550724,45.65507246376812,4.4,18.0,3.2,90.0
24163,114,20.62794117647059,44.71126760563381,43.77605633802817,4.5,28.0,3.2,91.0
25063,114,20.8,29.343283582089555,28.794029850746263,4.6,33.0,6.4,92.0
25963,114,20.66029411764706,25.8,26.628571428571423,4.6,25.0,6.4,90.0
26863,114,20.31492537313433,22.258333333333333,21.641666666666666,4.9,74.0,8.0,87.0
27763,114,19.919402985074623,19.977941176470587,19.26323529411765,5.1,76.0,11.3,84.0
28663,114,19.59705882352941,18.88571428571429,18.29,5.1,32.0,11.3,84.0
29563,114,19.31830985915493,18.264705882352946,17.738235294117647,5.2,30.0,12.9,84.0
30463,114,19.092753623188408,17.92028985507246,17.378260869565217,5.9,153.0,11.3,77.0
31363,114,18.90144927536232,17.5,17.055714285714284,5.9,69.0,12.9,69.0
32263,114,18.72714285714286,17.5,16.84225352112676,6.3,497.0,11.3,69.0
33163,114,18.551388888888887,17.115942028985508,16.673913043478258,6.6,315.0,14.5,66.0
34063,114,18.43802816901408,17.0,16.5,7.0,478.0,14.5,60.0
34963,114,18.328,17.0,16.385294117647057,7.3,545.0,17.7,60.0
35863,114,18.21971830985916,17.0,16.3,7.6,573.0,19.3,57.0
36763,114,18.13108108108108,17.0,16.29558823529412,7.9,684.0,20.9,58.0
37663,114,18.051388888888887,17.0,16.057352941176468,7.4,162.0,22.5,54.0
38563,114,18.0,16.746478873239436,16.0,8.1,650.0,20.9,48.0
39463,114,17.92112676056338,16.5,16.0,8.1,775.0,22.5,49.0
40363,114,17.9,16.5,16.0,7.9,788.0,27.4,48.0
41263,114,17.801369863013697,16.5,16.0,8.2,236.0,25.7,48.0
42163,114,17.8,16.5,15.985915492957748,8.3,717.0,24.1,50.0
43063,114,17.755737704918033,16.5,15.80625,8.4,786.0,27.4,43.0
43963,114,17.7,16.5,15.8,8.8,849.0,20.9,50.0
44863,114,17.667567567567566,16.5,15.8,8.6,223.0,25.7,51.0
45763,114,17.6,16.5,15.8,7.8,316.0,24.1,53.0
46663,114,17.6,16.5,15.8,7.7,255.0,25.7,53.0
47563,114,17.530985915492955,16.5,15.8,7.8,132.0,24.1,52.0
48463,114,17.5,16.5,15.8,7.4,218.0,25.7,55.0
49363,114,17.495714285714286,16.5,15.601470588235292,8.6,949.0,29.0,50.0
50263,114,17.4,16.5,15.5,8.2,260.0,24.1,47.0
51163,114,17.4,16.5,15.5,7.6,118.0,27.4,51.0
52063,114,17.315942028985507,16.5,15.5,5.3,258.0,27.4,67.0
52963,114,17.3,16.5,15.5,5.6,290.0,19.3,67.0
53863,114,17.3,16.3768115942029,15.5,4.4,127.0,27.4,69.0
54763,114,17.208823529411767,16.20714285714286,15.5,4.6,161.0,24.1,69.0
55663,114,17.2,16.0,15.5,5.7,236.0,20.9,65.0
56563,114,17.2,16.0,15.5,5.3,111.0,27.4,62.0
57463,114,17.108955223880596,16.0,15.5,5.6,322.0,22.5,56.0
58363,114,17.11159420289855,29.09027777777778,23.976388888888888,5.9,445.0,25.7,55.0
59263,114,17.507246376811594,50.171875,48.096875,5.8,236.0,24.1,51.0
60163,114,18.03150684931507,51.296875,48.7109375,5.8,261.0,22.5,50.0
61063,114,18.433823529411764,40.73913043478261,38.47391304347826,5.7,313.0,24.1,51.0
61963,114,18.70441176470588,52.891304347826086,49.92898550724637,5.7,229.0,19.3,51.0
62863,114,18.99264705882353,44.05882352941176,41.43529411764706,5.9,323.0,17.7,53.0
63763,114,19.45441176470588,50.77272727272727,47.190909090909095,6.1,322.0,19.3,49.0
64663,114,19.817391304347822,32.7463768115942,29.48695652173913,5.6,160.0,17.7,50.0
65563,114,19.715942028985506,24.31818181818182,23.45909090909091,5.1,142.0,19.3,53.0
66463,114,19.398507462686567,26.86029411764706,25.304411764705883,5.1,91.0,19.3,52.0
67363,114,19.36060606060606,51.715277777777786,48.426388888888894,4.9,121.0,19.3,52.0
68263,114,19.557142857142857,35.007246376811594,32.98550724637681,5.2,104.0,19.3,50.0
69163,114,19.54328358208955,25.53846153846154,24.98307692307692,5.5,192.0,16.1,50.0
70063,114,19.382608695652173,21.99275362318841,21.720289855072465,5.4,111.0,14.5,48.0
70963,114,19.18082191780822,29.6484375,27.521875,5.2,83.0,14.5,47.0
71863,114,19.055223880597016,38.27536231884058,36.9536231884058,5.0,44.0,12.9,47.0
72763,114,19.1,25.80597014925373,25.38358208955224,4.6,14.0,16.1,47.0
73663,114,18.97,21.55072463768116,21.066666666666663,4.2,11.0,14.5,51.0
74563,114,18.82089552238806,19.87313432835821,19.64626865671642,4.1,3.0,8.0,52.0
75463,114,18.62753623188405,18.59701492537313,18.02089552238806,3.9,0.0,9.7,52.0
76363,114,18.36779661016949,17.76851851851852,17.140740740740743,3.8,0.0,14.5,54.0
77263,114,18.11774193548387,17.454545454545453,17.0,3.5,0.0,11.3,57.0
78163,114,17.984057971014494,17.808823529411764,17.972058823529412,2.9,0.0,14.5,63.0
79063,114,17.85,17.353846153846156,16.861538461538462,2.5,0.0,19.3,67.0
79963,114,17.725,17.0,16.366666666666667,2.3,0.0,16.1,69.0
80863,114,17.59,16.84848484848485,16.09090909090909,2.2,0.0,12.9,71.0
81763,114,17.475757575757576,16.5,15.997183098591549,2.3,0.0,14.5,72.0
82663,114,17.38153846153846,16.5,15.815151515151516,2.3,0.0,12.9,76.0
83563,114,17.3,16.5,15.8,2.2,0.0,8.0,78.0
84463,114,17.202898550724637,16.5,15.73661971830986,2.2,0.0,12.9,76.0
85363,114,17.1469696969697,16.5,15.508450704225352,2.3,0.0,11.3,76.0
86263,114,17.055072463768116,16.112676056338028,15.5,2.2,0.0,12.9,77.0
763,115,16.97142857142857,16.0,15.475,2.1,0.0,12.9,78.0
1663,115,16.9,16.0,15.3,2.1,0.0,14.5,82.0
2563,115,16.821428571428573,16.0,15.3,1.7,0.0,14.5,88.0
3463,115,16.8,16.0,15.3,1.2,0.0,14.5,92.0
4363,115,16.71159420289855,16.0,15.3,0.8,0.0,11.3,93.0
5263,115,16.681428571428572,16.0,15.164788732394364,0.6,0.0,9.7,93.0
6163,115,16.6,16.0,15.0,0.7,0.0,8.0,94.0
7063,115,16.6,16.0,15.0,0.6,0.0,6.4,93.0
7963,115,16.504347826086956,15.942028985507246,15.0,0.3,0.0,4.8,92.0
8863,115,16.5,15.630434782608695,15.0,0.2,0.0,8.0,90.0
9763,115,16.47142857142857,15.507042253521126,15.0,0.3,0.0,8.0,90.0
10663,115,16.4,15.5,15.0,0.4,0.0,11.3,89.0
11563,115,16.4,15.5,14.892307692307693,0.4,0.0,11.3,86.0
12463,115,16.3231884057971,15.5,14.8,1.1,0.0,14.5,81.0
13363,115,16.3,15.5,14.8,1.2,0.0,11.3,80.0
14263,115,16.239705882352943,15.5,14.8,1.3,0.0,12.9,78.0
15163,115,16.2,15.5,14.8,1.1,0.0,14.5,78.0
16063,115,16.19855072463768,15.5,14.8,1.1,0.0,14.5,78.0
16963,115,16.10142857142857,15.5,14.8,1.2,0.0,14.5,78.0
17863,115,16.213235294117645,17.266129032258064,15.529032258064516,1.2,0.0,12.9,79.0
18763,115,16.57,51.09285714285714,43.76285714285714,1.2,0.0,14.5,79.0
19663,115,17.617391304347827,54.40298507462686,51.26865671641791,1.1,0.0,14.5,80.0
20563,115,18.44927536231884,54.9179104477612,51.94328358208956,1.2,0.0,14.5,80.0
21463,115,19.05161290322581,55.91666666666666,52.21666666666666,1.3,11.0,14.5,80.0
22363,115,19.462686567164177,54.642857142857146,51.46,1.4,16.0,17.7,80.0
23263,115,19.70147058823529,55.74647887323944,52.45633802816901,1.8,37.0,16.1,79.0
24163,115,19.79285714285714,47.26056338028169,45.41267605633803,1.8,51.0,14.5,79.0
25063,115,19.454545454545453,31.66901408450704,29.73943661971831,2.2,62.0,14.5,78.0
25963,115,19.065671641791045,23.553846153846155,22.941538461538464,2.7,84.0,14.5,76.0
26863,115,18.655882352941177,20.29285714285714,19.80857142857143,2.9,23.0,20.9,73.0
27763,115,18.33043478260869,18.649253731343286,18.119402985074625,2.9,38.0,20.9,73.0
28663,115,18.00281690140845,17.71014492753623,17.15942028985507,3.1,90.0,22.5,72.0
29563,115,17.725,17.144927536231883,16.597101449275364,3.3,72.0,20.9,72.0
30463,115,17.4955223880597,16.73846153846154,16.184615384615384,3.1,37.0,20.9,72.0
31363,115,17.28529411764706,16.5,15.902857142857144,3.2,41.0,19.3,72.0
32263,115,17.09718309859155,16.23913043478261,15.68695652173913,3.3,54.0,19.3,72.0
33163,115,16.942028985507246,16.0,15.5,3.5,49.0,14.5,71.0
34063,115,16.826470588235292,16.0,15.353968253968253,3.7,121.0,14.5,71.0
34963,115,16.713043478260868,16.0,15.3,3.8,70.0,14.5,71.0
35863,115,16.65142857142857,15.92537313432836,15.05820895522388,3.9,49.0,19.3,70.0
36763,115,16.57123287671233,15.507246376811594,15.0,4.1,142.0,14.5,71.0
37663,115,16.5,15.5,15.0,4.4,155.0,16.1,70.0
38563,115,16.432307692307692,15.5,14.947058823529412,4.3,90.0,14.5,71.0
39463,115,16.38955223880597,15.5,14.8,4.8,255.0,17.7,69.0
40363,115,16.3,15.5,14.8,5.0,97.0,19.3,67.0
41263,115,16.28142857142857,15.5,14.8,4.7,294.0,19.3,74.0
42163,115,16.2,15.5,14.79558823529412,4.7,223.0,17.7,74.0
43063,115,16.2,15.5,14.672058823529412,5.1,193.0,14.5,73.0
43963,115,16.2,15.5,14.504615384615386,5.1,88.0,14.5,72.0
44863,115,16.14927536231884,15.5,14.5,5.3,211.0,12.9,73.0
45763,115,16.1,15.29285714285714,14.5,5.3,200.0,14.5,73.0
46663,115,16.09285714285714,15.014285714285714,14.5,5.7,445.0,12.9,71.0
47563,115,16.0,15.0,14.5,5.5,137.0,17.7,71.0
48463,115,15.992424242424244,15.0,14.5,5.7,218.0,12.9,71.0
49363,115,15.9,15.0,14.434328358208957,6.1,225.0,8.0,70.0
50263,115,15.9,15.0,14.3,6.2,118.0,11.3,67.0
51163,115,15.828358208955224,15.0,14.3,5.8,323.0,14.5,69.0
52063,115,15.8,15.0,14.3,6.3,274.0,12.9,67.0
52963,115,15.798461538461538,15.0,14.3,6.6,248.0,12.9,64.0
53863,115,15.70597014925373,15.0,14.3,6.7,95.0,16.1,62.0
54763,115,15.7,15.0,14.283928571428572,5.9,255.0,16.1,67.0
55663,115,15.7,15.0,14.039705882352942,5.8,116.0,14.5,67.0
56563,115,15.711290322580648,26.35714285714285,20.763492063492063,5.8,131.0,12.9,65.0
57463,115,16.29375,53.68461538461538,50.01692307692308,6.1,155.0,11.3,65.0
58363,115,17.073134328358208,54.377049180327866,52.01967213114754,6.0,158.0,14.5,62.0
59263,115,17.75142857142857,52.50735294117648,50.879411764705885,6.2,272.0,16.1,59.0
60163,115,18.24782608695652,54.0223880597015,51.4820895522388,6.4,158.0,17.7,60.0
61063,115,18.703030303030303,54.42647058823529,51.87647058823529,6.6,156.0,12.9,59.0
61963,115,19.10441176470588,54.7421875,51.896875,6.5,122.0,11.3,58.0
62863,115,19.422857142857143,55.66176470588236,52.8,6.6,221.0,16.1,61.0
63763,115,19.72537313432836,49.94366197183099,47.09154929577465,7.0,550.0,14.5,61.0
64663,115,19.742253521126763,46.394366197183096,42.48732394366197,6.9,79.0,11.3,58.0
65563,115,19.81641791044776,47.63970588235294,44.338235294117645,6.2,269.0,14.5,63.0
66463,115,19.76164383561644,30.38970588235294,27.573529411764707,6.6,128.0,16.1,57.0
67363,115,19.50735294117647,23.93939393939394,22.49090909090909,6.7,169.0,14.5,58.0
68263,115,19.10967741935484,20.948529411764707,19.82205882352941,6.2,56.0,12.9,58.0
69163,115,18.66769230769231,31.30434782608696,27.78695652173913,5.9,72.0,14.5,59.0
70063,115,18.57887323943662,54.79230769230769,50.89846153846154,5.7,44.0,16.1,61.0
70963,115,18.79714285714285,55.39855072463767,52.51739130434783,5.2,33.0,11.3,60.0
71863,115,19.03666666666667,54.24603174603175,51.88253968253969,5.1,21.0,11.3,63.0
72763,115,19.04915254237288,39.99230769230769,37.3,5.0,21.0,14.5,62.0
73663,115,18.90882352941177,27.2109375,25.2953125,4.6,5.0,11.3,63.0
74563,115,18.65833333333333,22.086956521739133,20.86231884057971,4.5,0.0,11.3,64.0
75463,115,18.395774647887325,19.65217391304348,18.692753623188405,4.5,0.0,14.5,63.0
76363,115,18.11875,18.29285714285714,17.47,4.5,0.0,12.9,64.0
77263,115,17.907575757575756,17.53076923076923,17.049230769230768,4.3,0.0,14.5,64.0
78163,115,17.731428571428573,17.234848484848484,16.672727272727272,4.2,0.0,14.5,64.0
79063,115,17.503076923076925,16.718309859154928,16.080281690140843,3.8,0.0,9.7,65.0
79963,115,17.31449275362319,16.5,15.832835820895522,3.6,0.0,8.0,66.0
80863,115,17.16,16.3,15.662857142857144,3.4,0.0,11.3,68.0
81763,115,17.014492753623188,16.0,15.41549295774648,3.3,0.0,9.7,69.0
82663,115,16.877464788732393,16.0,15.3,2.9,0.0,6.4,70.0
83563,115,16.76818181818182,16.0,15.052941176470588,2.6,0.0,6.4,71.0
84463,115,16.65441176470588,15.6,15.0,2.3,0.0,6.4,72.0
85363,115,16.564285714285713,15.5,14.878125,2.1,0.0,8.0,72.0
86263,115,16.4875,15.5,14.8,1.6,0.0,9.7,75.0
763,116,16.4,15.5,14.8,1.4,0.0,8.0,76.0
1663,116,16.314285714285713,15.5,14.652238805970148,1.4,0.0,9.7,77.0
2563,116,16.244444444444447,15.5,14.5,1.3,0.0,12.9,77.0
3463,116,16.2,15.5,14.5,1.4,0.0,12.9,76.0
4363,116,16.12537313432836,15.3125,14.5,1.4,0.0,11.3,76.0
5263,116,16.082857142857144,15.0,14.5,1.1,0.0,9.7,77.0
6163,116,16.0,15.0,14.468115942028984,1.0,0.0,9.7,77.0
7063,116,15.961428571428574,15.0,14.302898550724638,0.9,0.0,11.3,78.0
7963,116,15.9,15.0,14.3,1.0,0.0,12.9,77.0
8863,116,15.846478873239436,15.0,14.3,1.0,0.0,12.9,77.0
9763,116,15.8,15.0,14.3,0.9,0.0,12.9,77.0
10663,116,15.771428571428572,15.0,14.3,0.7,0.0,12.9,77.0
11563,116,15.7,15.0,14.29558823529412,0.8,0.0,11.3,77.0
12463,116,15.68840579710145,15.0,14.039705882352942,0.7,0.0,11.3,77.0
13363,116,15.6,15.0,14.0,0.6,0.0,11.3,77.0
14263,116,15.6,15.0,14.0,0.6,0.0,9.7,77.0
15163,116,15.51875,15.0,14.0,0.7,0.0,9.7,77.0
16063,116,15.5,14.9,14.0,0.7,0.0,9.7,78.0
16963,116,15.481159420289856,14.594202898550725,14.0,0.9,0.0,9.7,77.0
17863,116,15.4,15.780303030303031,14.374242424242423,1.2,0.0,11.3,77.0
18763,116,15.586567164179105,47.40579710144928,40.0072463768116,1.3,0.0,11.3,77.0
19663,116,16.344117647058823,54.9469696969697,52.06212121212121,1.4,0.0,9.7,77.0
20563,116,17.00588235294118,55.44117647058823,52.42647058823529,1.4,5.0,9.7,77.0
21463,116,17.528358208955222,54.992537313432834,52.0179104477612,1.6,14.0,11.3,77.0
22363,116,18.26851851851852,54.06603773584906,50.40943396226415,1.6,23.0,9.7,76.0
23263,116,19.16530612244898,55.44117647058823,52.81960784313726,1.8,32.0,9.7,75.0
24163,116,19.710344827586205,45.64035087719298,43.843859649122805,1.8,53.0,9.7,74.0
25063,116,19.52753623188406,31.10606060606061,28.942424242424245,1.9,72.0,9.7,73.0
25963,116,19.194202898550724,23.51492537313433,22.45671641791045,2.2,88.0,9.7,72.0
26863,116,18.85942028985508,20.397058823529413,19.54558823529412,2.7,109.0,11.3,70.0
27763,116,18.553521126760565,18.7536231884058,17.98695652173913,2.9,102.0,11.3,69.0
28663,116,18.28767123287671,17.735294117647058,17.110294117647058,3.1,109.0,12.9,67.0
29563,116,18.016901408450703,17.094202898550726,16.514492753623188,3.2,102.0,11.3,66.0
30463,116,17.80144927536232,16.594202898550726,16.11304347826087,3.4,102.0,12.9,66.0
31363,116,17.606060606060606,16.443661971830984,15.856338028169016,3.7,69.0,11.3,64.0
32263,116,17.43380281690141,16.0,15.585074626865673,4.1,188.0,12.9,63.0
33163,116,17.271428571428572,16.0,15.470149253731345,4.4,436.0,11.3,59.0
34063,116,17.153225806451612,16.0,15.3,5.1,483.0,9.7,57.0
34963,116,17.020754716981134,15.70754716981132,15.3,5.6,577.0,12.9,56.0
35863,116,16.97377049180328,15.5,15.028571428571428,5.0,258.0,14.5,57.0
36763,116,16.9,15.5,15.0,5.4,657.0,9.7,56.0
37663,116,16.88148148148148,15.5,15.0,6.1,788.0,9.7,54.0
38563,116,16.8,15.5,15.0,5.8,256.0,8.0,54.0
39463,116,16.796875,15.5,14.930434782608696,5.9,315.0,9.7,53.0
40363,116,16.7,15.5,14.803389830508474,5.9,390.0,11.3,54.0
41263,116,16.623076923076923,15.5,14.8,7.2,591.0,8.0,48.0
42163,116,16.6,15.5,14.8,7.2,364.0,9.7,48.0
43063,116,16.523529411764706,15.5,14.8,7.1,366.0,11.3,51.0
43963,116,16.5,15.5,14.753521126760564,6.7,276.0,11.3,52.0
44863,116,16.497260273972604,15.485714285714286,14.504285714285714,6.6,311.0,9.7,55.0
45763,116,16.4,15.360294117647058,14.5,6.9,410.0,9.7,54.0
46663,116,16.4,15.044117647058822,14.5,7.0,417.0,9.7,54.0
47563,116,16.366176470588236,15.0,14.5,7.2,717.0,11.3,53.0
48463,116,16.3,15.0,14.5,7.2,214.0,8.0,54.0
49363,116,16.288059701492536,15.0,14.5,7.2,286.0,8.0,55.0
50263,116,16.2,15.0,14.5,7.1,195.0,8.0,53.0
51163,116,16.2,15.0,14.5,6.9,316.0,8.0,54.0
52063,116,16.186567164179102,15.0,14.496721311475408,7.2,220.0,8.0,54.0
52963,116,16.1,15.0,14.391176470588237,7.2,185.0,6.4,55.0
53863,116,16.1,15.0,14.321875,7.1,243.0,11.3,57.0
54763,116,16.03943661971831,15.0,14.3,7.2,229.0,11.3,57.0
55663,116,16.0,15.0,14.3,6.8,93.0,8.0,59.0
56563,116,16.0,15.0,14.303030303030305,6.7,89.0,8.0,59.0
57463,116,16.0,15.0,14.3,6.7,102.0,8.0,59.0
58363,116,16.004285714285714,25.85714285714285,20.481428571428573,6.7,94.0,3.2,59.0
59263,116,16.559701492537314,52.31343283582089,47.50149253731343,7.1,211.0,4.8,56.0
60163,116,17.564406779661017,55.80833333333334,52.41333333333333,7.3,176.0,4.8,55.0
61063,116,18.25142857142857,56.0,52.9,7.6,199.0,4.8,53.0
61963,116,18.76933333333333,55.6060606060606,52.82121212121213,7.6,135.0,9.7,51.0
62863,116,19.1703125,42.8125,40.19444444444444,7.7,327.0,6.4,53.0
63763,116,19.21896551724138,50.07575757575758,46.11212121212121,7.9,183.0,6.4,51.0
64663,116,19.47462686567164,43.01470588235294,40.425,7.9,206.0,6.4,52.0
65563,116,19.57462686567164,49.621428571428574,46.29714285714286,7.9,163.0,9.7,52.0
66463,116,19.7,33.36231884057971,31.0,7.7,67.0,6.4,52.0
67363,116,19.543478260869566,26.71969696969697,25.271212121212123,7.7,100.0,3.2,54.0
68263,116,19.43142857142857,47.73913043478261,43.28115942028985,7.7,58.0,8.0,54.0
69163,116,19.59558823529412,32.75714285714285,30.512857142857143,7.6,54.0,6.4,54.0
70063,116,19.48955223880597,24.59558823529412,23.036764705882355,7.4,39.0,6.4,56.0
70963,116,19.281159420289857,20.99275362318841,19.9,7.3,28.0,7.2,57.0
71863,116,18.995833333333334,19.098591549295776,18.27605633802817,7.1,32.0,6.4,59.0
72763,116,18.69848484848485,17.984615384615385,17.307692307692307,6.9,16.0,4.8,60.0
73663,116,18.451351351351352,17.355072463768117,16.763768115942028,6.7,9.0,4.8,62.0
74563,116,18.229850746268657,16.985507246376812,16.384057971014492,6.6,0.0,4.8,64.0
75463,116,17.97605633802817,16.5,15.995652173913044,6.0,0.0,4.8,67.0
76363,116,17.75294117647059,16.5,15.8,5.9,0.0,6.4,67.0
77263,116,17.554285714285715,16.065217391304348,15.656521739130437,5.9,0.0,11.3,67.0
78163,116,17.36417910447761,16.0,15.580281690140843,5.9,0.0,12.9,70.0
79063,116,17.233823529411765,16.0,15.328985507246378,5.8,0.0,12.9,72.0
79963,116,17.08840579710145,16.0,15.3,5.7,0.0,12.9,74.0
80863,116,17.0,16.0,15.19344262295082,5.7,0.0,12.9,75.0
81763,116,18.07457627118644,16.09090909090909,15.642424242424244,5.8,0.0,12.9,76.0
82663,116,18.60566037735849,16.258928571428573,15.705357142857142,5.8,0.0,11.3,77.0
83563,116,18.005084745762712,16.0,15.346428571428572,5.7,0.0,12.9,78.0
84463,116,17.553030303030305,16.0,15.3,5.7,0.0,11.3,79.0
85363,116,17.06031746031746,16.0,15.178947368421053,5.6,0.0,11.3,80.0
86263,116,16.865151515151517,16.0,15.0,5.6,0.0,12.9,81.0
763,117,16.8,15.833333333333334,15.0,5.4,0.0,12.9,81.0
1663,117,16.793548387096774,15.508196721311474,15.0,5.3,0.0,9.7,82.0
2563,117,16.7,15.5,14.997014925373133,5.4,0.0,16.1,82.0
3463,117,16.7,15.5,14.833333333333334,5.4,0.0,16.1,81.0
4363,117,16.601470588235294,15.5,14.8,5.4,0.0,14.5,82.0
5263,117,16.6,15.5,14.8,5.6,0.0,14.5,83.0
6163,117,16.575714285714287,15.5,14.8,5.6,0.0,14.5,84.0
7063,117,16.5,15.5,14.8,5.6,0.0,16.1,85.0
7963,117,16.5,15.5,14.745454545454546,5.4,0.0,16.1,86.0
8863,117,16.48787878787879,15.5,14.53,5.5,0.0,16.1,87.0
9763,117,16.4,15.5,14.504411764705882,5.5,0.0,16.1,87.0
10663,117,16.4,15.5,14.5,5.6,0.0,16.1,86.0
11563,117,16.365671641791046,15.5,14.5,5.7,0.0,17.7,86.0
12463,117,16.3,15.5,14.5,5.7,0.0,17.7,86.0
13363,117,16.3,15.485074626865671,14.5,5.8,0.0,14.5,85.0
14263,117,16.2703125,15.394366197183098,14.5,5.8,0.0,16.1,85.0
15163,117,16.2,15.224637681159418,14.5,5.8,0.0,17.7,85.0
16063,117,16.2,15.007142857142858,14.5,5.8,0.0,17.7,86.0
16963,117,16.2,15.0,14.5,5.8,0.0,16.1,87.0
17863,117,16.167142857142856,16.111940298507463,14.83134328358209,5.7,0.0,14.5,89.0
18763,117,16.343661971830986,48.29577464788732,40.322535211267606,5.6,0.0,16.1,89.0
19663,117,17.230882352941176,55.85074626865672,52.34477611940298,5.8,0.0,16.1,89.0
20563,117,17.997142857142855,56.23529411764706,52.84411764705883,5.8,0.0,16.1,88.0
21463,117,18.5955223880597,56.56153846153846,53.152307692307694,5.8,9.0,17.7,88.0
22363,117,19.191044776119405,56.32142857142857,52.97428571428571,5.9,16.0,16.1,87.0
23263,117,19.82647058823529,50.93181818181818,48.30151515151515,6.0,25.0,17.7,86.0
24163,117,20.191044776119405,33.92307692307692,32.11538461538461,6.1,30.0,19.3,86.0
25063,117,20.081159420289858,25.44117647058824,24.0,6.1,67.0,17.7,86.0
25963,117,19.816438356164383,21.544776119402982,20.31641791044776,6.3,40.0,16.1,85.0
26863,117,19.453030303030303,19.48550724637681,18.57826086956522,6.4,28.0,17.7,84.0
27763,117,19.10869565217392,18.274647887323944,17.571830985915494,6.6,58.0,16.1,84.0
28663,117,18.7887323943662,17.59558823529412,16.96764705882353,7.2,77.0,16.1,81.0
29563,117,18.53150684931507,17.088235294117645,16.59264705882353,7.4,105.0,17.7,80.0
30463,117,18.312857142857144,16.857142857142858,16.31142857142857,7.6,116.0,16.1,78.0
31363,117,18.082608695652176,16.5,16.0,7.7,156.0,17.7,78.0
32263,117,17.860869565217392,16.5,15.85,8.0,227.0,17.7,75.0
33163,117,17.722388059701494,16.401408450704224,15.8,8.2,165.0,17.7,74.0
34063,117,17.577142857142857,16.0,15.554545454545451,8.6,276.0,17.7,73.0
34963,117,17.483333333333334,16.0,15.5,8.8,274.0,17.7,71.0
35863,117,17.4,16.0,15.5,8.7,232.0,17.7,72.0
36763,117,17.34027777777778,16.0,15.456164383561646,8.8,281.0,19.3,72.0
37663,117,17.3,16.0,15.37246376811594,9.1,301.0,19.3,70.0
38563,117,17.3,16.0,15.31311475409836,9.4,258.0,16.1,69.0
39463,117,17.3,16.0,15.3,9.6,223.0,16.1,69.0
40363,117,17.23913043478261,16.0,15.3,10.3,640.0,19.3,67.0
41263,117,17.2,16.0,15.3,10.6,202.0,16.1,65.0
42163,117,17.2,16.0,15.3,10.7,347.0,14.5,66.0
43063,117,17.2,16.0,15.3,11.7,633.0,19.3,60.0
43963,117,17.165714285714284,16.0,15.250746268656716,12.1,512.0,17.7,58.0
44863,117,17.1,15.873134328358208,15.013432835820897,12.0,348.0,16.1,59.0
45763,117,17.1,15.608695652173912,15.0,12.7,779.0,17.7,59.0
46663,117,17.1,15.536764705882351,15.0,12.2,239.0,16.1,58.0
47563,117,17.1,15.5,15.0,12.0,480.0,17.7,58.0
48463,117,17.026666666666667,15.5,15.0,12.1,253.0,14.5,58.0
49363,117,17.0,15.5,15.0,12.2,279.0,16.1,58.0
50263,117,17.0,15.5,15.0,12.0,269.0,17.7,59.0
51163,117,17.0,15.5,15.0,11.8,255.0,19.3,59.0
52063,117,16.97714285714286,15.5,15.0,12.9,937.0,19.3,58.0
52963,117,16.9,15.5,15.0,12.6,336.0,22.5,57.0
53863,117,16.9,15.5,15.0,12.1,218.0,19.3,60.0
54763,117,16.9,15.5,15.0,12.1,265.0,16.1,60.0
55663,117,16.9,15.5,15.0,12.3,274.0,14.5,60.0
56563,117,16.813235294117646,15.5,15.0,12.2,262.0,12.9,62.0
57463,117,16.8,15.5,15.0,12.3,167.0,12.9,62.0
58363,117,16.80983606557377,25.828125,21.196875,11.8,207.0,12.9,66.0
59263,117,17.275757575757574,49.4,43.77428571428571,11.6,258.0,9.7,65.0
60163,117,18.18181818181818,56.16176470588236,52.25,11.9,186.0,8.0,64.0
61063,117,18.90983606557377,47.52272727272727,44.13030303030303,11.8,69.0,11.3,64.0
61963,117,19.230555555555554,45.58461538461539,41.27076923076923,11.6,130.0,11.3,66.0
62863,117,19.4,34.94927536231884,34.18840579710145,11.3,86.0,8.0,66.0
63763,117,19.487142857142857,43.34722222222222,40.234722222222224,11.4,82.0,11.3,65.0
64663,117,19.58309859154929,30.1231884057971,28.28840579710145,11.4,46.0,14.5,64.0
65563,117,19.385294117647057,23.40579710144928,22.31449275362319,11.3,53.0,11.3,66.0
66463,117,19.10606060606061,20.31617647058824,19.49705882352941,10.9,47.0,8.0,68.0
67363,117,18.793150684931508,18.61764705882353,17.966176470588234,11.2,42.0,8.0,68.0
68263,117,18.49508196721312,17.798507462686565,17.329850746268654,10.8,65.0,4.8,70.0
69163,117,18.18032786885246,17.21212121212121,16.693939393939395,9.9,60.0,9.7,73.0
70063,117,17.932,16.91549295774648,16.34788732394366,9.4,42.0,9.7,71.0
70963,117,17.735294117647058,16.5,16.04225352112676,9.1,79.0,9.7,73.0
71863,117,17.550819672131148,16.5,15.852307692307694,8.6,18.0,12.9,75.0
72763,117,17.42058823529412,16.333333333333336,15.736363636363638,7.8,21.0,12.9,78.0
73663,117,17.301470588235293,16.12121212121212,15.677272727272728,7.6,12.0,12.9,80.0
74563,117,17.224637681159418,16.0,15.480281690140846,7.3,0.0,11.3,80.0
75463,117,17.192753623188405,16.0,15.3,7.2,0.0,12.9,80.0
76363,117,17.1,16.0,15.3,6.9,0.0,12.9,81.0
77263,117,17.1,16.0,15.2375,6.7,0.0,11.3,82.0
78163,117,17.076470588235292,16.0,15.3955223880597,6.4,0.0,8.0,82.0
79063,117,17.0,16.0,15.3,6.2,0.0,8.0,82.0
79963,117,16.956923076923076,16.0,15.20281690140845,5.7,0.0,6.4,83.0
80863,117,16.9,15.90151515151515,15.0,5.6,0.0,6.4,83.0
81763,117,16.837142857142858,15.506849315068491,15.0,5.4,0.0,6.4,84.0
82663,117,16.8,15.5,14.876470588235293,5.4,0.0,6.4,84.0
83563,117,16.77647058823529,15.5,14.8,5.2,0.0,1.6,83.0
84463,117,16.7,15.5,14.8,5.1,0.0,1.6,84.0
85363,117,16.695588235294117,15.5,14.8,5.1,0.0,3.2,85.0
86263,117,16.6,15.5,14.8,5.2,0.0,3.2,84.0
763,118,16.6,15.5,14.8,5.1,0.0,1.6,84.0
1663,118,16.538805970149255,15.5,14.8,4.7,0.0,4.8,84.0
2563,118,16.5,15.5,14.73913043478261,4.6,0.0,1.6,85.0
3463,118,16.5,15.5,14.671428571428573,4.2,0.0,1.6,85.0
4363,118,16.42142857142857,15.5,14.569565217391304,4.0,0.0,0.0,87.0
5263,118,16.4,15.5,14.5,3.9,0.0,0.0,87.0
6163,118,16.378571428571426,15.5,14.5,3.9,0.0,1.6,88.0
7063,118,16.3,15.5,14.5,3.7,0.0,1.6,87.0
7963,118,16.3,15.492537313432836,14.5,3.9,0.0,3.2,86.0
8863,118,16.278688524590162,15.181159420289855,14.5,3.7,0.0,0.0,85.0
9763,118,16.2,15.015151515151516,14.5,3.6,0.0,3.2,86.0
10663,118,16.2,15.0,14.48153846153846,3.7,0.0,4.8,85.0
11563,118,16.1768115942029,15.0,14.345454545454547,3.8,0.0,4.8,83.0
12463,118,16.1,15.0,14.3,3.8,0.0,4.8,82.0
13363,118,16.1,15.0,14.3,3.9,0.0,4.8,82.0
14263,118,16.087142857142858,15.0,14.3,3.7,0.0,4.8,82.0
15163,118,16.0,15.0,14.3,3.6,0.0,3.2,82.0
16063,118,16.0,15.0,14.3,3.3,0.0,4.8,83.0
16963,118,16.0,15.0,14.3,2.9,0.0,3.2,83.0
17863,118,15.93285714285714,15.875,14.525,2.7,0.0,3.2,86.0
18763,118,16.080000000000002,47.6640625,40.178125,2.7,0.0,1.6,85.0
19663,118,16.727941176470587,55.54285714285714,52.36714285714286,2.4,0.0,0.0,87.0
20563,118,17.371014492753623,56.0,53.20571428571428,2.7,2.0,0.0,89.0
21463,118,17.87205882352941,53.42253521126761,51.61549295774648,2.8,11.0,0.0,89.0
22363,118,18.215625,40.69565217391305,38.881159420289855,3.0,21.0,1.6,89.0
23263,118,18.885,34.17647058823529,32.786764705882355,3.5,47.0,3.2,88.0
24163,118,19.08730158730159,25.352941176470587,24.548529411764708,3.9,49.0,4.8,87.0
25063,118,19.0328125,21.563492063492063,20.6984126984127,5.0,65.0,6.4,82.0
25963,118,18.92428571428572,19.21969696969697,18.31060606060606,5.6,69.0,4.8,80.0
26863,118,18.8,18.088235294117645,17.230882352941176,5.7,93.0,3.2,80.0
27763,118,18.67611940298508,17.397058823529413,16.62794117647059,5.9,86.0,4.8,79.0
28663,118,18.491525423728813,17.0,16.362068965517242,6.1,118.0,4.8,78.0
29563,118,18.322,16.733333333333334,16.18,6.3,141.0,4.8,77.0
30463,118,18.13243243243243,16.5,15.875675675675677,6.7,151.0,3.2,74.0
31363,118,18.021212121212123,16.485714285714288,15.778571428571428,7.0,164.0,1.6,74.0
32263,118,17.870833333333334,16.10204081632653,15.5,7.6,179.0,3.2,72.0
33163,118,17.75294117647059,16.0,15.5,7.6,197.0,3.2,71.0
34063,118,17.65,16.0,15.413333333333332,8.3,272.0,4.8,71.0
34963,118,17.591428571428573,16.0,15.3,8.2,269.0,4.8,70.0
35863,118,17.5,16.0,15.3,8.2,253.0,4.8,71.0
36763,118,17.5,16.0,15.3,8.3,258.0,6.4,70.0
37663,118,17.48695652173913,16.0,15.3,8.3,232.0,6.4,70.0
38563,118,17.4,16.0,15.28235294117647,8.4,366.0,6.4,71.0
39463,118,17.4,16.0,15.20597014925373,8.8,410.0,4.8,71.0
40363,118,17.4,16.0,15.054545454545451,9.0,390.0,4.8,71.0
41263,118,17.4,16.0,15.004285714285714,9.9,311.0,4.8,68.0
42163,118,17.4,16.0,15.0,9.4,286.0,4.8,67.0
43063,118,17.39047619047619,16.0,15.0,9.7,343.0,4.8,68.0
43963,118,17.325,16.0,15.0,9.9,454.0,3.2,66.0
44863,118,17.3,16.0,15.0,10.4,550.0,4.8,68.0
45763,118,17.3,16.0,15.0,10.9,506.0,3.2,63.0
46663,118,17.3,16.0,15.0,11.6,462.0,3.2,64.0
47563,118,17.3,16.0,15.0,11.3,420.0,4.8,62.0
48463,118,17.3,15.993055555555554,15.0,11.0,294.0,1.6,62.0
49363,118,17.29285714285714,16.0,15.0,11.1,245.0,4.8,63.0
50263,118,17.216417910447763,16.0,15.0,10.4,172.0,6.4,65.0
51163,118,17.2,16.0,15.0,10.4,320.0,8.0,66.0
52063,118,17.2,15.970149253731345,15.0,10.6,294.0,8.0,65.0
52963,118,17.2,15.969230769230768,15.0,10.9,281.0,8.0,65.0
53863,118,17.189705882352943,15.97101449275362,15.0,10.6,251.0,9.7,64.0
54763,118,17.10289855072464,15.886363636363637,15.0,10.7,193.0,8.0,65.0
55663,118,17.1,15.711267605633802,15.0,10.8,297.0,8.0,64.0
56563,118,17.1,15.602941176470589,15.0,11.0,293.0,8.0,63.0
57463,118,17.094202898550726,15.57462686567164,15.0,10.8,176.0,6.4,63.0
58363,118,17.001492537313432,19.98529411764705,17.47058823529412,10.9,156.0,8.0,62.0
59263,118,17.435714285714287,51.1231884057971,44.08840579710145,10.7,127.0,8.0,62.0
60163,118,18.46388888888889,50.24603174603175,46.57142857142857,10.6,132.0,8.0,62.0
61063,118,19.0280701754386,46.1140350877193,41.37894736842105,10.7,84.0,6.4,62.0
61963,118,19.475,48.35074626865672,44.28955223880597,10.7,70.0,6.4,62.0
62863,118,19.7,31.11029411764706,27.44558823529412,10.6,40.0,6.4,62.0
63763,118,19.63478260869565,24.07857142857143,21.644285714285715,10.6,37.0,4.8,62.0
64663,118,19.402941176470588,20.816901408450704,19.201408450704225,10.3,46.0,9.7,71.0
65563,118,19.163235294117648,19.06164383561644,17.936986301369863,9.9,33.0,17.7,74.0
66463,118,18.941666666666663,30.537313432835823,26.234328358208955,9.6,26.0,17.7,77.0
67363,118,19.17101449275362,43.47794117647059,40.20441176470588,9.3,33.0,16.1,76.0
68263,118,19.45964912280701,28.43965517241379,25.963793103448275,9.3,46.0,17.7,77.0
69163,118,19.46065573770492,22.766666666666666,20.86,9.3,44.0,16.1,77.0
70063,118,19.36779661016949,20.2109375,18.8625,9.1,39.0,17.7,78.0
70963,118,19.1640625,18.758064516129032,17.74838709677419,8.8,31.0,17.7,78.0
71863,118,18.90806451612904,17.838461538461537,17.073846153846155,8.2,12.0,14.5,79.0
72763,118,18.65,17.36764705882353,16.66764705882353,8.1,5.0,9.7,79.0
73663,118,18.413636363636364,17.0,16.370967741935484,7.9,0.0,12.9,76.0
74563,118,18.202985074626863,16.9140625,16.178125,7.8,0.0,11.3,77.0
75463,118,18.01764705882353,16.5,16.0,7.7,0.0,9.7,80.0
76363,118,17.852857142857143,16.5,15.926153846153849,7.8,0.0,14.5,77.0
77263,118,17.746031746031747,16.5,15.8,7.8,0.0,16.1,74.0
78163,118,17.64857142857143,16.5,15.8,7.7,0.0,8.0,73.0
79063,118,17.58153846153846,16.5,15.63913043478261,7.6,0.0,4.8,72.0
79963,118,17.5,16.470149253731343,15.5,7.6,0.0,3.2,73.0
80863,118,17.566666666666666,16.5,15.786567164179104,7.4,0.0,0.0,73.0
81763,118,17.6,16.5,15.8,7.4,0.0,4.8,80.0
82663,118,17.6,16.5,15.96470588235294,7.3,0.0,3.2,82.0
83563,118,17.6,16.5,15.857575757575756,7.2,0.0,6.4,85.0
84463,118,17.6,16.5,15.8,6.9,0.0,9.7,86.0
85363,118,17.6,16.5,15.777941176470588,6.9,0.0,8.0,84.0
86263,118,17.6,16.5,15.513235294117646,7.0,0.0,6.4,80.0
763,119,17.502898550724638,16.492753623188406,15.5,7.1,0.0,8.0,81.0
1663,119,17.5,16.27857142857143,15.5,7.0,0.0,6.4,80.0
2563,119,17.457971014492752,16.037313432835823,15.5,6.9,0.0,8.0,79.0
3463,119,17.4,16.0,15.5,7.0,0.0,9.7,80.0
4363,119,17.4,16.0,15.5,7.0,0.0,11.3,81.0
5263,119,17.330985915492956,16.0,15.5,7.1,0.0,12.9,82.0
6163,119,17.3,16.0,15.5,7.1,0.0,14.5,83.0
7063,119,17.3,16.0,15.5,6.9,0.0,14.5,81.0
7963,119,17.222058823529412,16.0,15.459420289855071,6.8,0.0,11.3,81.0
8863,119,17.2,16.0,15.37605633802817,6.8,0.0,14.5,79.0
9763,119,17.2,16.0,15.3,6.8,0.0,14.5,79.0
10663,119,17.15151515151515,16.0,15.3,6.7,0.0,12.9,81.0
11563,119,17.1,16.0,15.3,6.6,0.0,12.9,79.0
12463,119,17.1,16.0,15.3,6.6,0.0,12.9,79.0
13363,119,17.033333333333335,16.0,15.3,6.5,0.0,14.5,79.0
14263,119,17.0,16.0,15.3,6.4,0.0,14.5,80.0
15163,119,17.0,16.0,15.3,6.5,0.0,14.5,80.0
16063,119,17.0,16.0,15.3,6.6,0.0,14.5,80.0
16963,119,16.91014492753623,16.0,15.3,6.6,0.0,14.5,78.0
17863,119,16.9,16.0,15.3,6.4,0.0,11.3,79.0
18763,119,16.9,16.0,15.3,6.5,0.0,12.9,80.0
19663,119,16.9,17.140845070422536,15.63661971830986,6.6,0.0,11.3,80.0
20563,119,17.107042253521126,45.84328358208956,39.82985074626866,6.5,0.0,12.9,80.0
21463,119,17.885915492957746,35.0,33.44179104477612,6.3,5.0,11.3,80.0
22363,119,18.321875,25.71212121212121,23.85757575757576,6.4,7.0,6.4,79.0
23263,119,18.460273972602742,22.813432835820898,22.53283582089552,6.6,14.0,9.7,79.0
24163,119,18.43913043478261,20.57971014492754,20.50144927536232,6.6,19.0,14.5,80.0
25063,119,18.430434782608696,19.13235294117647,19.058823529411764,6.3,37.0,12.9,82.0
25963,119,18.32112676056338,18.32089552238806,18.48955223880597,6.3,37.0,16.1,83.0
26863,119,18.0231884057971,27.955882352941178,24.344117647058823,6.3,38.0,16.1,82.0
27763,119,18.145833333333336,48.40983606557377,45.088524590163935,6.4,39.0,16.1,82.0
28663,119,18.54920634920635,31.73188405797101,29.68115942028985,6.4,56.0,16.1,83.0
29563,119,18.7,24.183823529411764,22.88235294117647,6.5,77.0,17.7,83.0
30463,119,18.659154929577465,20.753521126760564,19.91549295774648,6.7,127.0,17.7,82.0
31363,119,18.48493150684932,18.963768115942027,18.36376811594203,6.8,120.0,19.3,81.0
32263,119,18.33835616438356,18.0,17.509375,6.9,118.0,22.5,83.0
33163,119,18.15135135135135,17.397058823529413,16.95,6.9,95.0,16.1,85.0
34063,119,17.983582089552236,17.0,16.618181818181817,7.1,192.0,16.1,84.0
34963,119,17.82753623188406,16.761194029850746,16.35373134328358,7.6,221.0,19.3,82.0
35863,119,17.713235294117645,16.5,16.178260869565218,7.9,232.0,19.3,79.0
36763,119,17.59285714285714,16.5,16.0,8.2,221.0,14.5,78.0
37663,119,17.5,16.5,15.90958904109589,8.3,218.0,12.9,76.0
38563,119,17.411428571428573,16.5,15.8,8.4,204.0,14.5,75.0
39463,119,17.357142857142858,16.26056338028169,15.8,8.7,237.0,14.5,72.0
40363,119,17.3,16.0,15.74,8.7,202.0,16.1,70.0
41263,119,17.284615384615385,16.0,15.52608695652174,8.9,241.0,14.5,71.0
42163,119,17.2,16.0,15.5,9.3,301.0,12.9,67.0
43063,119,17.2,16.0,15.5,9.7,241.0,14.5,65.0
43963,119,17.2,16.0,15.5,9.7,243.0,12.9,66.0
44863,119,17.192537313432837,16.0,15.5,10.0,327.0,12.9,64.0
45763,119,17.101470588235294,16.0,15.440845070422537,10.1,232.0,16.1,63.0
46663,119,17.1,16.0,15.3,9.9,241.0,16.1,64.0
47563,119,17.1,16.0,15.3,9.9,345.0,16.1,65.0
48463,119,17.02463768115942,16.0,15.3,10.7,301.0,14.5,61.0
49363,119,17.0,16.0,15.3,10.6,298.0,16.1,62.0
50263,119,17.0,16.0,15.3,10.6,223.0,14.5,60.0
51163,119,16.985714285714288,16.0,15.3,10.8,207.0,12.9,60.0
52063,119,16.90147058823529,16.0,15.3,10.7,160.0,12.9,60.0
52963,119,16.9,16.0,15.3,10.5,127.0,12.9,60.0
53863,119,16.9,16.0,15.295890410958904,10.4,125.0,9.7,62.0
54763,119,16.892857142857142,15.986301369863014,15.221917808219178,10.4,135.0,14.5,61.0
55663,119,16.8,15.69402985074627,15.0,10.3,97.0,12.9,62.0
56563,119,16.75,15.5,15.0,10.4,77.0,8.0,62.0
57463,119,16.672222222222224,15.5,14.873015873015872,10.4,70.0,8.0,63.0
58363,119,16.655072463768114,15.5,14.8,10.3,56.0,9.7,63.0
59263,119,16.7,15.5,14.95,10.3,97.0,12.9,65.0
60163,119,16.72173913043478,15.5,15.0,10.4,103.0,11.3,65.0
61063,119,16.8,15.5,15.0,10.4,72.0,8.0,66.0
61963,119,16.8,15.5,15.0,10.2,70.0,11.3,66.0
62863,119,16.8,15.507246376811594,15.0,10.2,107.0,8.0,66.0
63763,119,16.8,15.80597014925373,15.0,10.4,134.0,8.0,66.0
64663,119,16.8,15.697183098591548,15.0,10.6,121.0,8.0,66.0
65563,119,16.8,15.825757575757574,15.004545454545454,10.6,98.0,8.0,66.0
66463,119,16.8,15.97101449275362,15.160869565217393,10.6,79.0,6.4,66.0
67363,119,16.784848484848485,15.68939393939394,15.0,10.7,91.0,4.8,66.0
68263,119,16.71,15.5,15.0,10.8,76.0,4.8,65.0
69163,119,16.658823529411766,15.5,15.0,10.7,67.0,6.4,65.0
70063,119,16.57323943661972,15.5,14.83235294117647,10.6,63.0,6.4,65.0
70963,119,16.5,15.5,14.8,10.6,21.0,6.4,67.0
71863,119,16.417391304347824,15.5,14.752173913043478,10.2,12.0,9.7,74.0
72763,119,16.391044776119404,17.142857142857142,15.18,9.9,11.0,9.7,76.0
73663,119,16.723076923076924,46.91666666666667,39.63,9.7,5.0,11.3,77.0
74563,119,17.681034482758623,55.24107142857143,51.66785714285714,9.6,1.0,11.3,78.0
75463,119,18.3344262295082,56.20161290322581,52.62096774193549,9.4,0.0,9.7,80.0
76363,119,18.84603174603175,55.32786885245902,51.98524590163935,9.2,0.0,8.0,81.0
77263,119,19.242105263157896,55.97619047619048,52.680952380952384,9.1,0.0,4.8,82.0
78163,119,19.525396825396825,55.63333333333334,52.23333333333333,8.9,0.0,4.8,83.0
79063,119,19.772131147540986,56.59848484848485,53.60909090909091,8.8,0.0,4.8,83.0
79963,119,19.865,39.391666666666666,36.54833333333333,8.8,0.0,6.4,84.0
80863,119,19.64262295081967,27.3015873015873,25.460317460317462,8.8,0.0,9.7,84.0
81763,119,19.3483870967742,22.857142857142858,21.83214285714286,8.7,0.0,8.0,85.0
82663,119,19.14736842105264,20.785714285714285,19.976190476190474,8.6,0.0,4.8,85.0
83563,119,18.901587301587305,19.09523809523809,18.26507936507937,8.7,0.0,8.0,84.0
84463,119,18.638805970149257,18.193548387096776,17.5,8.7,0.0,9.7,84.0
85363,119,18.398245614035087,17.625,17.053125,8.7,0.0,8.0,83.0
86263,119,18.2078125,17.325,16.765,8.6,0.0,4.8,83.0
763,120,18.03181818181818,17.0,16.5,8.3,0.0,4.8,81.0
1663,120,17.869354838709675,17.0,16.371428571428574,8.2,0.0,4.8,80.0
2563,120,17.759677419354837,16.803030303030305,16.3,8.2,0.0,1.6,79.0
3463,120,17.65909090909091,16.5,16.07846153846154,8.4,0.0,9.7,76.0
4363,120,17.574603174603176,16.5,16.0,8.5,0.0,8.0,77.0
5263,120,17.5,16.5,15.97910447761194,8.4,0.0,9.7,77.0
6163,120,17.401408450704224,16.5,15.8,8.3,0.0,11.3,76.0
7063,120,17.355555555555554,16.5,15.8,8.5,0.0,14.5,72.0
7963,120,17.3,16.5,15.8,8.4,0.0,14.5,72.0
8863,120,17.23913043478261,16.4,15.594285714285714,8.4,0.0,14.5,72.0
9763,120,17.2,16.02112676056338,15.5,8.4,0.0,12.9,72.0
10663,120,17.131884057971014,16.0,15.5,8.1,0.0,11.3,74.0
11563,120,17.1,16.0,15.494366197183098,7.8,0.0,12.9,76.0
12463,120,17.04090909090909,16.0,15.362857142857145,7.6,0.0,12.9,78.0
13363,120,17.0,16.0,15.3,7.4,0.0,12.9,79.0
14263,120,16.984057971014494,16.0,15.3,7.1,0.0,9.7,82.0
15163,120,16.9,16.0,15.3,6.5,0.0,11.3,85.0
16063,120,16.9,16.0,15.3,6.9,0.0,12.9,85.0
16963,120,16.9,16.0,15.3,6.7,0.0,12.9,86.0
17863,120,16.831884057971017,16.0,15.3,6.2,0.0,12.9,88.0
18763,120,16.8,16.0,15.3,6.4,0.0,9.7,89.0
19663,120,16.8,17.22058823529412,15.689705882352944,6.5,5.0,12.9,89.0
20563,120,17.038571428571426,47.656716417910445,40.13134328358209,6.3,9.0,12.9,90.0
21463,120,17.92241379310345,35.81372549019608,33.21764705882353,6.2,30.0,12.9,90.0
22363,120,18.24558823529412,26.174242424242426,24.4,6.4,44.0,12.9,90.0
23263,120,18.353125,21.717391304347824,20.55072463768116,7.2,42.0,17.7,86.0
24163,120,18.29090909090909,19.5,18.860869565217392,7.2,39.0,16.1,86.0
25063,120,18.191666666666663,18.14179104477612,17.759701492537314,7.2,67.0,12.9,86.0
25963,120,18.06268656716417,33.919117647058826,30.129411764705885,7.2,81.0,12.9,85.0
26863,120,18.244927536231884,32.23880597014925,31.26119402985075,7.3,84.0,17.7,85.0
27763,120,18.504109589041096,24.307692307692307,23.615384615384617,7.5,74.0,20.9,84.0
28663,120,18.49710144927536,20.77611940298508,20.20746268656716,7.6,90.0,19.3,84.0
29563,120,18.34729729729729,18.84057971014493,18.18695652173913,7.8,98.0,20.9,84.0
30463,120,18.153030303030302,17.81060606060606,17.26818181818182,8.2,162.0,22.5,81.0
31363,120,17.9955223880597,17.302816901408452,16.861971830985915,8.4,158.0,19.3,81.0
32263,120,17.878873239436622,17.0,16.51267605633803,8.7,162.0,17.7,80.0
33163,120,17.782608695652176,16.869565217391305,16.37536231884058,9.1,176.0,19.3,77.0
34063,120,17.7,16.5,16.3,10.4,512.0,20.9,72.0
34963,120,17.65797101449275,16.5,16.046478873239437,11.1,513.0,27.4,68.0
35863,120,17.6,16.5,16.0,11.4,559.0,25.7,67.0
36763,120,17.591428571428573,16.5,15.918309859154927,11.6,566.0,30.6,64.0
37663,120,17.5,16.5,15.8,11.5,610.0,30.6,62.0
38563,120,17.5,16.477272727272727,15.8,11.8,645.0,32.2,60.0
39463,120,17.47536231884058,16.16417910447761,15.8,11.6,617.0,35.4,60.0
40363,120,17.4,16.0,15.594285714285714,12.1,673.0,32.2,59.0
41263,120,17.4,16.0,15.5,11.9,689.0,35.4,59.0
42163,120,17.344117647058823,16.0,15.5,12.1,717.0,35.4,57.0
43063,120,17.3,16.0,15.5,11.9,661.0,32.2,57.0
43963,120,17.196721311475407,16.0,15.47,11.6,512.0,32.2,57.0
44863,120,16.35535714285714,15.99090909090909,15.272727272727272,12.1,489.0,29.0,57.0
45763,120,16.06271186440678,15.99137931034483,15.344827586206897,12.2,689.0,30.6,57.0
46663,120,16.1515625,16.5,15.989473684210529,12.8,812.0,30.6,55.0
47563,120,15.70952380952381,16.107692307692307,15.376923076923076,12.4,538.0,32.2,54.0
48463,120,15.286440677966102,15.74137931034483,14.920689655172414,12.6,262.0,29.0,55.0
49363,120,15.02542372881356,15.5,14.708064516129031,11.9,254.0,30.6,56.0
50263,120,14.940350877192984,15.5,14.50967741935484,13.3,733.0,27.4,53.0
51163,120,14.796825396825398,15.046875,14.33125,12.9,666.0,30.6,52.0
52063,120,14.665625,15.0,14.152380952380952,12.4,403.0,27.4,55.0
52963,120,14.607246376811592,15.0,14.004615384615386,12.1,313.0,24.1,56.0
53863,120,14.546969696969697,14.911764705882351,13.99705882352941,12.3,455.0,24.1,59.0
54763,120,14.492307692307694,15.0,14.104545454545454,12.1,271.0,22.5,61.0
55663,120,14.425,15.0,14.0,11.8,274.0,20.9,64.0
56563,120,14.56764705882353,15.0,14.0,11.6,236.0,22.5,65.0
57463,120,14.235294117647058,14.764285714285714,13.865714285714285,11.6,225.0,24.1,64.0
58363,120,14.84264705882353,31.75,24.67878787878788,11.4,299.0,24.1,65.0
59263,120,15.919402985074626,45.27692307692308,40.72769230769231,11.5,271.0,24.1,66.0
60163,120,17.11159420289855,53.42142857142856,48.42285714285715,11.3,250.0,22.5,66.0
61063,120,18.308823529411764,55.99305555555556,51.74444444444445,11.1,188.0,22.5,66.0
61963,120,19.086956521739133,56.47222222222221,52.43611111111111,11.1,155.0,14.5,69.0
62863,120,19.568115942028985,55.590909090909086,52.31666666666666,10.9,176.0,19.3,69.0
63763,120,19.514285714285712,56.22388059701492,53.03432835820895,10.9,160.0,17.7,68.0
64663,120,19.548529411764708,57.11029411764706,54.02941176470588,10.3,137.0,19.3,71.0
65563,120,19.613235294117647,57.5,54.5,10.2,135.0,17.7,72.0
66463,120,19.75714285714286,57.354838709677416,54.464516129032255,10.1,114.0,22.5,72.0
67363,120,19.828169014084505,57.1231884057971,54.3463768115942,9.9,105.0,20.9,72.0
68263,120,19.9,57.36567164179105,54.67611940298508,9.5,67.0,19.3,74.0
69163,120,19.90441176470588,56.90151515151515,54.090909090909086,9.3,51.0,19.3,75.0
70063,120,19.995652173913044,56.75,53.957142857142856,9.1,33.0,20.9,76.0
70963,120,20.09117647058824,57.78571428571429,54.384126984126986,8.9,31.0,22.5,77.0
71863,120,20.291666666666664,47.45238095238095,43.974603174603175,8.7,16.0,20.9,78.0
72763,120,20.19696969696969,30.47142857142857,29.207142857142856,8.6,11.0,17.7,78.0
73663,120,19.916901408450705,24.5,22.9887323943662,8.5,5.0,16.1,79.0
74563,120,19.6044776119403,21.432835820895523,20.09402985074627,8.4,0.0,17.7,80.0
75463,120,19.31969696969697,19.705882352941178,18.560294117647057,8.2,0.0,16.1,80.0
76363,120,19.07391304347826,18.7,17.708571428571428,8.2,0.0,12.9,80.0
77263,120,19.048529411764708,18.6171875,18.2859375,8.1,0.0,12.9,81.0
78163,120,20.060294117647057,18.615384615384617,18.56615384615385,7.9,0.0,14.5,81.0
79063,120,19.447692307692307,18.133802816901408,17.670422535211266,7.9,0.0,12.9,81.0
79963,120,18.961290322580645,17.796875,17.1640625,8.0,0.0,12.9,81.0
80863,120,18.651612903225807,17.5,16.991304347826087,7.9,0.0,16.1,81.0
81763,120,18.443076923076923,17.5,16.83076923076923,7.9,0.0,9.7,82.0
82663,120,18.324657534246576,17.5,16.764705882352942,7.8,0.0,16.1,83.0
83563,120,18.201492537313435,17.075757575757574,16.5,7.7,0.0,14.5,83.0
84463,120,18.109859154929577,17.0,16.467567567567567,7.7,0.0,17.7,83.0
85363,120,18.030434782608697,17.0,16.3,7.7,0.0,14.5,84.0
86263,120,17.97222222222222,17.0,16.3,7.8,0.0,17.7,84.0
763,121,17.9,17.0,16.09264705882353,7.8,0.0,17.7,84.0
1663,121,17.82686567164179,16.985294117647058,16.0,7.7,0.0,12.9,85.0
2563,121,17.8,16.58955223880597,16.0,7.7,0.0,12.9,85.0
3463,121,17.75846153846154,16.5,16.0,7.7,0.0,12.9,85.0
4363,121,17.7,16.5,15.938888888888888,7.8,0.0,12.9,85.0
5263,121,17.645833333333336,16.5,15.8,7.8,0.0,11.3,85.0
6163,121,17.6,16.5,15.8,7.5,0.0,11.3,87.0
7063,121,17.6,16.5,15.8,7.3,0.0,11.3,88.0
7963,121,17.566666666666666,16.5,15.8,7.2,0.0,9.7,88.0
8863,121,17.5,16.5,15.8,7.4,0.0,12.9,88.0
9763,121,17.5,16.5,15.8,7.6,0.0,6.4,87.0
10663,121,17.44626865671642,16.5,15.8,7.4,0.0,6.4,88.0
11563,121,17.4,16.5,15.8,7.4,0.0,9.7,90.0
12463,121,17.397222222222222,16.5,15.8,7.4,0.0,9.7,90.0
13363,121,17.30142857142857,16.5,15.8,7.4,0.0,8.0,90.0
14263,121,17.3,16.5,15.7,7.6,0.0,11.3,88.0
15163,121,17.3,16.5,15.53529411764706,7.7,0.0,11.3,88.0
16063,121,17.219117647058823,16.5,15.5,7.7,0.0,9.7,88.0
16963,121,17.2,16.5,15.5,7.6,0.0,11.3,88.0
17863,121,17.2,17.52112676056338,15.853521126760564,7.3,0.0,9.7,90.0
18763,121,17.38840579710145,47.43055555555556,38.93194444444445,7.2,0.0,9.7,91.0
19663,121,18.35857142857143,56.3695652173913,52.13333333333334,7.2,0.0,8.0,91.0
20563,121,19.24305555555556,55.00704225352113,51.61408450704225,7.4,0.0,12.9,90.0
21463,121,19.740579710144928,42.5945945945946,38.75135135135135,7.6,9.0,12.9,89.0
22363,121,20.086764705882352,53.46478873239437,49.37323943661972,7.6,19.0,12.9,90.0
23263,121,20.383823529411764,35.94776119402985,32.7,7.6,25.0,11.3,90.0
24163,121,20.30454545454545,27.12686567164179,25.54328358208955,7.6,30.0,11.3,91.0
25063,121,20.38507462686567,22.67692307692308,21.732307692307693,7.7,56.0,11.3,91.0
25963,121,19.86029411764705,21.07462686567164,20.6179104477612,7.7,53.0,12.9,91.0
26863,121,19.58714285714285,19.53787878787879,19.024242424242424,7.8,76.0,16.1,91.0
27763,121,19.369696969696967,18.685714285714287,18.10142857142857,7.9,92.0,14.5,92.0
28663,121,19.149253731343286,18.130769230769232,17.633846153846154,8.3,160.0,11.3,91.0
29563,121,18.963235294117645,17.911764705882355,17.388235294117646,8.7,146.0,14.5,89.0
30463,121,18.770666666666667,17.5,17.104545454545452,8.9,127.0,16.1,88.0
31363,121,18.61875,17.5,16.8984126984127,9.4,139.0,14.5,87.0
32263,121,18.51232876712329,17.316176470588236,16.8,9.9,144.0,12.9,84.0
33163,121,18.5,17.0,16.643478260869564,10.2,135.0,11.3,83.0
34063,121,18.49824561403509,17.0,16.5,9.7,265.0,14.5,85.0
34963,121,18.416216216216217,17.0,16.5,10.2,375.0,14.5,85.0
35863,121,18.4,17.0,16.5,10.2,550.0,12.9,85.0
36763,121,18.4,17.0,16.466197183098593,11.2,622.0,11.3,82.0
37663,121,18.4,17.0,16.308695652173913,11.6,589.0,11.3,80.0
38563,121,18.375714285714288,17.0,16.3,12.1,591.0,12.9,80.0
39463,121,18.3,17.0,16.3,12.0,508.0,16.1,78.0
40363,121,18.3,17.0,16.3,12.9,680.0,11.3,76.0
41263,121,18.29,17.0,16.3,13.1,705.0,16.1,74.0
42163,121,18.2,17.0,16.3,12.2,701.0,17.7,77.0
43063,121,18.2,17.0,16.244285714285716,12.3,726.0,17.7,77.0
43963,121,18.2,16.91044776119403,16.013432835820897,11.9,717.0,20.9,78.0
44863,121,18.144927536231883,16.72058823529412,16.0,11.9,570.0,20.9,79.0
45763,121,18.1,16.5234375,16.0,11.5,596.0,19.3,79.0
46663,121,18.1,16.5,16.0,10.8,657.0,22.5,81.0
47563,121,18.009090909090908,16.5,16.0,10.9,471.0,20.9,81.0
48463,121,18.0,16.5,16.0,10.7,707.0,19.3,82.0
49363,121,18.0,16.5,16.0,10.6,402.0,20.9,82.0
50263,121,17.91,16.5,16.0,10.3,285.0,19.3,83.0
51163,121,17.9,16.5,16.0,10.0,459.0,20.9,84.0
52063,121,17.9,16.5,16.0,10.3,520.0,19.3,84.0
52963,121,17.9,16.5,15.991304347826087,11.3,694.0,16.1,80.0
53863,121,17.869696969696967,16.5,15.973529411764709,11.1,645.0,22.5,80.0
54763,121,17.818840579710145,16.5,15.962857142857144,10.9,641.0,22.5,81.0
55663,121,17.8,16.5,15.956521739130434,10.9,624.0,20.9,80.0
56563,121,17.8,16.5,15.88,10.8,527.0,20.9,81.0
57463,121,17.8,16.5,15.949253731343283,10.7,563.0,19.3,81.0
58363,121,17.8,26.775362318840585,21.68840579710145,10.9,522.0,16.1,80.0
59263,121,18.1515625,43.61267605633803,39.76338028169015,10.9,541.0,19.3,80.0
60163,121,18.50845070422536,28.529850746268657,26.97910447761194,10.7,279.0,17.7,81.0
61063,121,18.63188405797101,23.03472222222222,21.83194444444445,10.2,241.0,16.1,83.0
61963,121,18.666666666666664,20.361538461538466,19.604615384615386,10.1,207.0,16.1,84.0
62863,121,18.54117647058824,18.97058823529412,18.455882352941178,9.2,130.0,17.7,86.0
63763,121,18.38888888888889,18.178571428571427,17.732857142857142,9.0,95.0,14.5,87.0
64663,121,18.23913043478261,17.67361111111111,17.319444444444446,8.7,95.0,16.1,89.0
65563,121,18.104615384615386,30.535714285714285,25.885714285714283,8.6,95.0,16.1,89.0
66463,121,18.50857142857143,44.53968253968255,41.23333333333333,8.3,49.0,16.1,90.0
67363,121,18.92205882352941,39.721428571428575,36.925714285714285,8.2,63.0,16.1,90.0
68263,121,19.292753623188407,48.41044776119403,46.31492537313433,8.2,69.0,17.7,90.0
69163,121,19.54117647058824,43.707142857142856,40.49714285714286,8.2,49.0,14.5,90.0
70063,121,19.984057971014494,43.86923076923077,40.683076923076925,8.3,42.0,14.5,90.0
70963,121,20.18550724637681,29.028169014084504,26.62535211267605,8.2,35.0,16.1,90.0
71863,121,20.04285714285714,23.55072463768116,21.92608695652174,8.1,14.0,12.9,91.0
72763,121,19.80579710144928,20.78030303030303,19.72878787878788,8.1,9.0,12.9,91.0
73663,121,19.48695652173913,19.47826086956522,18.836231884057973,7.9,0.0,14.5,92.0
74563,121,19.17826086956521,18.5,17.926865671641792,7.8,0.0,11.3,92.0
75463,121,18.902702702702705,18.0,17.457575757575757,7.7,0.0,11.3,93.0
76363,121,18.667567567567566,17.57971014492754,17.130434782608695,7.7,0.0,11.3,93.0
77263,121,18.461428571428574,17.5,17.0,7.6,0.0,12.9,94.0
78163,121,18.391044776119404,17.5,17.352857142857143,7.6,0.0,11.3,94.0
79063,121,18.3,17.5,17.2,7.5,0.0,12.9,94.0
79963,121,18.202857142857145,17.29285714285714,16.814285714285713,7.4,0.0,14.5,94.0
80863,121,18.15192307692308,17.0,16.51764705882353,7.5,0.0,11.3,94.0
81763,121,18.078688524590163,17.0,16.5,7.4,0.0,12.9,94.0
82663,121,18.0,17.0,16.379411764705882,7.4,0.0,11.3,94.0
83563,121,17.94,17.0,16.3,7.5,0.0,8.0,94.0
84463,121,17.898591549295777,17.0,16.3,7.5,0.0,9.7,94.0
85363,121,17.8044776119403,17.0,16.275,7.5,0.0,11.3,94.0
86263,121,17.8,16.804054054054056,16.004054054054055,7.4,0.0,9.7,94.0
763,122,17.755555555555553,16.514492753623188,16.0,7.4,0.0,9.7,94.0
1663,122,17.7,16.5,16.0,7.4,0.0,12.9,94.0
2563,122,17.7,16.5,16.0,7.4,0.0,12.9,94.0
3463,122,17.633333333333333,16.5,16.0,7.4,0.0,11.3,95.0
4363,122,17.6,16.5,16.0,7.4,0.0,9.7,94.0
5263,122,17.6,16.5,15.96875,7.3,0.0,9.7,94.0
6163,122,17.51549295774648,16.5,15.814492753623188,7.3,0.0,9.7,94.0
7063,122,17.5,16.5,15.8,7.3,0.0,11.3,94.0
7963,122,17.5,16.5,15.8,7.3,0.0,11.3,94.0
8863,122,17.481428571428573,16.5,15.8,7.3,0.0,9.7,94.0
9763,122,17.4,16.5,15.8,7.3,0.0,8.0,94.0
10663,122,17.4,16.5,15.8,7.2,0.0,9.7,94.0
11563,122,17.4,16.5,15.8,7.2,0.0,11.3,94.0
12463,122,17.33582089552239,16.5,15.8,7.2,0.0,9.7,94.0
13363,122,17.3,16.5,15.8,7.2,0.0,6.4,94.0
14263,122,17.3,16.5,15.8,7.2,0.0,9.7,94.0
15163,122,17.3,16.5,15.786764705882351,7.2,0.0,6.4,94.0
16063,122,17.2044776119403,16.5,15.564615384615385,7.2,0.0,8.0,94.0
16963,122,17.2,16.5,15.5,7.2,0.0,11.3,94.0
17863,122,17.2,17.014492753623188,15.647826086956522,7.2,0.0,6.4,94.0
18763,122,17.39558823529412,44.61940298507463,36.55671641791045,7.1,0.0,6.4,94.0
19663,122,18.56388888888889,54.884057971014485,52.0768115942029,7.0,0.0,9.7,94.0
20563,122,19.265714285714285,56.30769230769231,52.52461538461539,7.0,0.0,8.0,94.0
21463,122,19.68088235294117,53.12878787878788,50.35,7.0,0.0,6.4,94.0
22363,122,19.90153846153846,44.03676470588236,40.15441176470589,6.9,0.0,6.4,94.0
23263,122,20.094117647058823,49.72058823529412,47.88529411764706,7.0,11.0,6.4,93.0
24163,122,20.252238805970148,33.028985507246375,31.30144927536232,7.0,13.0,8.0,93.0
25063,122,20.13030303030304,26.295454545454543,25.475757575757576,7.1,21.0,8.0,93.0
25963,122,19.814084507042253,22.15671641791045,21.22388059701493,7.1,32.0,8.0,93.0
26863,122,19.521212121212123,20.2089552238806,19.501492537313432,7.2,35.0,6.4,93.0
27763,122,19.215942028985506,19.08450704225352,18.46056338028169,7.3,42.0,6.4,93.0
28663,122,18.954794520547942,18.36029411764705,17.85735294117647,7.5,54.0,8.0,93.0
29563,122,18.7125,18.0,17.42753623188406,7.6,63.0,8.0,94.0
30463,122,18.52898550724638,17.56153846153846,17.18,7.6,67.0,9.7,93.0
31363,122,18.36521739130435,17.5,16.973134328358206,7.7,90.0,9.7,93.0
32263,122,18.23529411764705,17.401408450704224,16.8,7.9,98.0,8.0,93.0
33163,122,18.13521126760564,17.0,16.6171875,8.0,56.0,8.0,92.0
34063,122,18.045714285714286,17.0,16.5,7.9,56.0,8.0,92.0
34963,122,17.996923076923075,17.0,16.443283582089553,7.9,53.0,9.7,91.0
35863,122,17.9,17.0,16.3,7.9,83.0,8.0,92.0
36763,122,17.9,17.0,16.3,8.0,90.0,9.7,91.0
37663,122,17.81714285714286,17.0,16.3,8.1,97.0,9.7,91.0
38563,122,17.8,16.884615384615383,16.17076923076923,8.0,97.0,11.3,90.0
39463,122,17.8,16.52857142857143,16.0,8.2,123.0,11.3,89.0
40363,122,17.79861111111111,16.5,16.0,8.4,128.0,9.7,91.0
41263,122,17.704285714285714,16.5,16.0,8.8,241.0,9.7,90.0
42163,122,17.7,16.5,16.0,9.1,220.0,9.7,89.0
43063,122,17.7,16.5,16.0,9.1,160.0,9.7,88.0
43963,122,17.698507462686567,16.5,16.0,9.0,169.0,9.7,89.0
44863,122,17.610294117647058,16.5,15.985294117647058,9.3,278.0,9.7,90.0
45763,122,17.6,16.5,15.84179104477612,9.2,155.0,9.7,90.0
46663,122,17.6,16.5,15.81492537313433,9.2,165.0,9.7,90.0
47563,122,17.6,16.5,15.802898550724638,9.1,169.0,11.3,91.0
48463,122,17.6,16.5,15.8,9.2,221.0,9.7,91.0
49363,122,17.6,16.5,15.8,9.3,207.0,11.3,90.0
50263,122,17.6,16.5,15.8,9.3,192.0,9.7,90.0
51163,122,17.559420289855073,16.5,15.8,9.4,225.0,9.7,91.0
52063,122,17.5,16.5,15.8,9.4,179.0,12.9,90.0
52963,122,17.5,16.5,15.8,9.5,160.0,11.3,90.0
53863,122,17.5,16.5,15.8,9.8,181.0,12.9,89.0
54763,122,17.5,16.5,15.8,9.7,183.0,11.3,89.0
55663,122,17.5,16.5,15.8,9.4,183.0,9.7,90.0
56563,122,17.5,16.5,15.8,9.4,234.0,11.3,89.0
57463,122,17.423809523809524,16.5,15.8,9.7,197.0,11.3,88.0
58363,122,17.408955223880596,26.95,21.594285714285714,9.8,207.0,11.3,88.0
59263,122,17.87536231884058,54.31884057971015,48.90724637681159,9.7,207.0,11.3,88.0
60163,122,18.68307692307692,41.635714285714286,39.03285714285714,9.7,179.0,12.9,88.0
61063,122,19.14927536231884,47.55223880597015,44.13880597014925,9.7,142.0,11.3,88.0
61963,122,19.454545454545453,32.507462686567166,30.068656716417912,9.6,120.0,11.3,87.0
62863,122,19.49859154929577,25.454545454545453,24.124242424242425,9.4,134.0,12.9,87.0
63763,122,19.33913043478261,22.19696969696969,21.62272727272727,9.9,281.0,14.5,86.0
64663,122,19.095714285714287,19.794117647058822,19.11911764705882,9.3,120.0,12.9,87.0
65563,122,18.890625,37.69852941176471,32.71617647058824,9.1,100.0,12.9,87.0
66463,122,19.30149253731344,42.5078125,39.6140625,8.9,97.0,12.9,87.0
67363,122,19.577464788732392,28.51470588235294,25.677941176470583,8.7,97.0,14.5,87.0
68263,122,19.55,24.544117647058822,22.86617647058824,8.6,123.0,14.5,88.0
69163,122,19.50985915492958,50.875,46.01388888888889,8.6,102.0,12.9,88.0
70063,122,20.00735294117647,44.75396825396825,42.91428571428572,8.3,76.0,12.9,89.0
70963,122,19.995774647887323,39.65573770491803,38.65573770491803,8.2,56.0,11.3,88.0
71863,122,19.85942028985508,28.56617647058824,27.09264705882353,7.8,37.0,11.3,90.0
72763,122,19.637878787878787,22.825,22.023333333333333,7.6,25.0,11.3,90.0
73663,122,19.388059701492537,20.596774193548388,19.887096774193548,7.4,18.0,11.3,90.0
74563,122,19.111764705882354,19.15384615384616,18.501538461538463,7.3,9.0,11.3,91.0
75463,122,18.854166666666664,18.328358208955223,17.743283582089553,7.3,0.0,11.3,91.0
76363,122,18.609859154929577,17.889705882352942,17.305882352941175,7.3,0.0,9.7,91.0
77263,122,18.435294117647057,17.5,16.966666666666665,7.2,0.0,9.7,91.0
78163,122,18.33943661971831,17.5,16.963235294117645,7.2,0.0,11.3,91.0
79063,122,19.67826086956521,17.855072463768117,17.63768115942029,7.2,0.0,12.9,91.0
79963,122,19.34,17.608695652173914,17.266666666666666,7.2,0.0,12.9,90.0
80863,122,18.89452054794521,17.5,16.944927536231884,7.3,0.0,12.9,91.0
81763,122,18.554929577464787,17.49264705882353,16.8,7.3,0.0,11.3,91.0
82663,122,18.32,17.05223880597015,16.737313432835823,7.3,0.0,8.0,91.0
83563,122,18.16197183098592,17.0,16.5,7.3,0.0,8.0,91.0
84463,122,18.072857142857146,17.0,16.5,7.3,0.0,8.0,92.0
85363,122,18.0,17.0,16.369565217391305,7.2,0.0,8.0,92.0
86263,122,17.91111111111111,17.0,16.3,7.2,0.0,11.3,91.0
763,123,17.878571428571426,17.0,16.3,7.2,0.0,9.7,91.0
1663,123,17.8,17.0,16.128571428571426,6.9,0.0,9.7,91.0
2563,123,17.798591549295775,16.649253731343286,16.0,6.9,0.0,9.7,91.0
3463,123,17.7,16.5,16.0,6.8,0.0,8.0,91.0
4363,123,17.7,16.5,16.0,6.8,0.0,11.3,91.0
5263,123,17.630000000000003,16.5,16.0,6.9,0.0,6.4,92.0
6163,123,17.6,16.5,16.0,6.9,0.0,8.0,92.0
7063,123,17.6,16.5,16.0,6.8,0.0,8.0,92.0
7963,123,17.50588235294118,16.5,15.921739130434782,6.8,0.0,11.3,92.0
8863,123,17.5,16.5,15.828571428571427,6.7,0.0,8.0,91.0
9763,123,17.479710144927537,16.5,15.8,6.6,0.0,6.4,90.0
10663,123,17.4,16.5,15.8,6.6,0.0,8.0,90.0
11563,123,17.4,16.5,15.8,6.6,0.0,6.4,90.0
12463,123,17.375,16.5,15.8,6.5,0.0,3.2,89.0
13363,123,17.3,16.5,15.8,6.4,0.0,9.7,87.0
14263,123,17.3,16.5,15.8,6.3,0.0,8.0,87.0
15163,123,17.3,16.5,15.8,6.3,0.0,6.4,87.0
16063,123,17.232394366197184,16.5,15.8,6.2,0.0,8.0,87.0
16963,123,17.2,16.5,15.79558823529412,6.2,0.0,6.4,87.0
17863,123,17.2,17.610294117647058,15.97058823529412,6.1,0.0,6.4,88.0
18763,123,17.35857142857143,47.5,39.06666666666667,6.0,0.0,6.4,88.0
19663,123,18.32,56.18840579710145,52.1072463768116,5.8,2.0,8.0,88.0
20563,123,19.16216216216216,57.0223880597015,53.16567164179105,5.8,6.0,8.0,88.0
21463,123,19.86617647058824,54.70289855072464,51.5927536231884,5.9,12.0,4.8,89.0
22363,123,20.189230769230768,43.43382352941176,39.544117647058826,6.0,22.0,8.0,89.0
23263,123,20.34328358208955,50.5774647887324,46.11267605633803,6.2,22.0,6.4,89.0
24163,123,20.7,33.89473684210527,31.54035087719298,6.3,43.0,8.0,90.0
25063,123,20.74558823529412,26.0,25.46909090909091,6.5,45.0,9.7,91.0
25963,123,20.3955223880597,22.40983606557377,21.70655737704918,6.5,54.0,11.3,91.0
26863,123,19.99,20.38732394366197,19.69577464788733,6.5,68.0,11.3,90.0
27763,123,19.60821917808219,19.205882352941178,18.623529411764707,6.6,96.0,12.9,89.0
28663,123,19.28923076923077,18.514705882352946,18.00735294117647,6.8,119.0,11.3,89.0
29563,123,19.04383561643836,18.0,17.62272727272727,6.8,98.0,11.3,88.0
30463,123,18.85652173913044,17.82638888888889,17.369444444444447,7.1,145.0,12.9,87.0
31363,123,18.679166666666667,17.5,17.172727272727272,7.2,166.0,9.7,87.0
32263,123,18.538,17.5,16.98235294117647,7.5,166.0,11.3,86.0
33163,123,18.45970149253732,17.442857142857143,16.8,7.4,133.0,11.3,87.0
34063,123,18.4,17.014285714285712,16.697142857142858,7.9,213.0,11.3,86.0
34963,123,18.38169014084508,17.0,16.5,8.1,132.0,12.9,85.0
35863,123,18.3,17.0,16.5,8.5,213.0,9.7,85.0
36763,123,18.3,17.0,16.463076923076922,8.2,192.0,14.5,84.0
37663,123,18.240579710144928,17.0,16.3,9.2,313.0,14.5,82.0
38563,123,18.2,17.0,16.3,9.8,651.0,12.9,79.0
39463,123,18.2,17.0,16.3,10.0,680.0,11.3,76.0
40363,123,18.13235294117647,17.0,16.3,10.5,703.0,11.3,74.0
41263,123,18.1,17.0,16.3,10.8,722.0,11.3,69.0
42163,123,18.1,16.97826086956522,16.295652173913044,11.0,742.0,16.1,65.0
43063,123,18.06388888888889,16.884057971014492,16.121739130434783,11.7,759.0,16.1,56.0
43963,123,18.0,16.676470588235293,16.013235294117646,12.2,766.0,16.1,55.0
44863,123,18.0,16.539682539682538,16.0,12.4,775.0,16.1,54.0
45763,123,17.997014925373133,16.5,16.0,12.9,788.0,16.1,52.0
46663,123,17.904347826086955,16.5,16.0,13.2,789.0,16.1,52.0
47563,123,17.9,16.5,16.0,13.4,793.0,12.9,49.0
48463,123,17.9,16.5,16.0,13.6,791.0,14.5,49.0
49363,123,17.805555555555554,16.5,16.0,13.9,793.0,16.1,44.0
50263,123,17.8,16.5,16.0,14.3,786.0,16.1,43.0
51163,123,17.8,16.5,16.0,14.1,780.0,19.3,39.0
52063,123,17.744285714285716,16.5,16.0,13.7,768.0,17.7,38.0
52963,123,17.7,16.5,15.997101449275362,13.9,758.0,16.1,44.0
53863,123,17.7,16.5,15.987692307692308,13.7,738.0,16.1,52.0
54763,123,17.7,16.5,15.847761194029852,13.9,715.0,14.5,58.0
55663,123,17.7,16.5,15.8,13.3,696.0,16.1,61.0
56563,123,17.678571428571427,16.5,15.8,12.7,680.0,17.7,64.0
57463,123,17.6,16.5,15.8,13.1,633.0,16.1,64.0
58363,123,17.604285714285716,26.96212121212121,21.612121212121213,12.6,629.0,17.7,66.0
59263,123,18.01492537313433,48.27205882352941,43.722058823529416,12.2,555.0,16.1,68.0
60163,123,18.553424657534247,42.028985507246375,39.58985507246377,11.9,545.0,16.1,71.0
61063,123,18.84647887323944,32.161764705882355,30.035294117647062,11.7,512.0,17.7,72.0
61963,123,18.9,24.5,22.90972222222222,11.4,468.0,16.1,74.0
62863,123,18.863888888888887,21.171875,20.09375,11.5,381.0,16.1,74.0
63763,123,18.764,19.45652173913044,18.74927536231884,11.3,369.0,14.5,75.0
64663,123,18.62463768115942,18.54225352112676,17.977464788732394,10.8,345.0,17.7,78.0
65563,123,18.47058823529412,18.0,17.45671641791045,10.6,315.0,17.7,79.0
66463,123,18.36417910447761,17.644927536231883,17.39855072463768,10.2,262.0,16.1,81.0
67363,123,18.225757575757576,17.5,17.0943661971831,10.0,243.0,16.1,82.0
68263,123,18.120833333333334,17.23134328358209,16.802985074626868,10.1,206.0,16.1,82.0
69163,123,18.019402985074628,17.0,16.543478260869566,10.1,187.0,17.7,83.0
70063,123,17.919402985074626,17.0,16.478125,9.8,153.0,14.5,84.0
70963,123,17.82898550724638,17.0,16.344776119402987,8.9,46.0,14.5,87.0
71863,123,17.77826086956522,17.0,16.327272727272728,8.3,40.0,12.9,90.0
72763,123,17.7,16.625,16.3,8.1,19.0,11.3,91.0
73663,123,17.65735294117647,16.5,16.05294117647059,7.9,7.0,9.7,91.0
74563,123,17.6,16.458904109589042,15.90958904109589,7.9,6.0,11.3,91.0
75463,123,17.53636363636364,16.5,15.8,7.9,2.0,9.7,92.0
76363,123,17.5,16.5,15.8,7.7,0.0,12.9,91.0
77263,123,17.46865671641791,16.5,15.8,7.7,0.0,11.3,91.0
78163,123,17.4672131147541,16.5,15.8,7.7,0.0,11.3,91.0
79063,123,17.402941176470588,16.5,15.8,7.7,0.0,11.3,91.0
79963,123,17.4,16.5,15.8,7.7,0.0,9.7,89.0
80863,123,17.4,16.5,15.757142857142858,7.7,0.0,6.4,90.0
81763,123,17.321428571428573,16.5,15.508333333333336,7.6,0.0,8.0,89.0
82663,123,17.344117647058823,16.5,15.697014925373134,7.4,0.0,9.7,90.0
83563,123,17.477966101694914,16.5,15.803125,7.4,0.0,12.1,90.0
84463,123,17.5,16.5,15.8,7.3,0.0,12.9,90.0
85363,123,17.5,16.5,15.8,7.3,0.0,9.7,90.0
86263,123,17.5,16.5,15.8,7.3,0.0,11.3,91.0
763,124,17.484375,16.5,15.8,7.2,0.0,9.7,91.0
1663,124,17.4,16.5,15.8,7.1,0.0,8.0,92.0
2563,124,17.4,16.5,15.8,7.1,0.0,11.3,90.0
3463,124,17.4,16.5,15.795384615384616,6.9,0.0,11.3,91.0
4363,124,17.311940298507462,16.5,15.718571428571428,6.8,0.0,12.9,91.0
5263,124,17.3,16.5,15.546153846153846,6.8,0.0,12.9,90.0
6163,124,17.3,16.424242424242426,15.504545454545454,6.7,0.0,14.5,91.0
7063,124,17.27,16.110294117647058,15.5,6.7,0.0,12.9,90.0
7963,124,17.2,16.007246376811594,15.5,6.7,0.0,12.9,90.0
8863,124,17.2,16.0,15.5,6.7,0.0,11.3,91.0
9763,124,17.2,16.0,15.5,6.7,0.0,11.3,91.0
10663,124,17.147142857142857,16.0,15.5,6.8,0.0,11.3,92.0
11563,124,17.1,16.0,15.5,6.8,0.0,12.9,92.0
12463,124,17.1,16.0,15.5,6.7,0.0,12.9,92.0
13363,124,17.083333333333336,16.0,15.5,6.6,0.0,11.3,92.0
14263,124,17.0,16.0,15.452941176470588,6.5,0.0,11.3,92.0
15163,124,17.0,16.0,15.30597014925373,6.4,0.0,11.3,92.0
16063,124,17.0,16.0,15.3,6.4,0.0,11.3,92.0
16963,124,16.924637681159417,16.0,15.3,6.4,0.0,11.3,93.0
17863,124,16.9,17.022727272727273,15.578787878787878,6.3,0.0,11.3,93.0
18763,124,17.108695652173914,47.70833333333333,39.40694444444445,6.3,0.0,12.9,92.0
19663,124,18.14647887323944,55.90714285714286,52.04571428571429,6.3,0.0,16.1,93.0
20563,124,18.96,56.225352112676056,52.32676056338029,6.3,0.0,12.9,92.0
21463,124,19.45,52.62676056338029,49.732394366197184,6.3,11.0,9.7,92.0
22363,124,19.679710144927537,52.088235294117645,49.45,6.3,14.0,11.3,92.0
23263,124,19.795454545454547,40.45833333333333,38.18611111111111,6.2,12.0,12.9,92.0
24163,124,19.883823529411764,45.76470588235294,43.18529411764706,6.2,28.0,9.7,91.0
25063,124,19.748529411764707,33.61363636363636,31.95757575757576,6.2,12.0,14.5,91.0
25963,124,19.48550724637681,25.436507936507937,24.371428571428574,6.2,30.0,17.7,91.0
26863,124,19.21549295774648,21.75757575757576,20.97878787878788,6.2,33.0,14.5,91.0
27763,124,18.947222222222223,19.90410958904109,19.31917808219178,6.2,25.0,16.1,91.0
28663,124,18.7,18.77857142857143,18.341428571428573,6.3,49.0,14.5,91.0
29563,124,18.51538461538461,18.15217391304348,17.740579710144928,6.3,74.0,16.1,91.0
30463,124,18.363235294117647,17.735714285714288,17.338571428571427,6.6,105.0,17.7,91.0
31363,124,18.228169014084507,17.5,16.99285714285714,6.8,165.0,16.1,90.0
32263,124,18.121875,17.235294117647058,16.8,6.8,107.0,19.3,89.0
33163,124,18.05588235294117,17.0,16.604347826086958,6.9,174.0,17.7,89.0
34063,124,18.0,17.0,16.5,7.0,128.0,16.1,89.0
34963,124,17.928985507246377,17.0,16.34857142857143,7.2,186.0,17.7,88.0
35863,124,17.9,17.0,16.3,7.4,156.0,12.9,88.0
36763,124,17.830985915492956,16.830882352941178,16.3,7.4,172.0,14.5,87.0
37663,124,17.8,16.5,16.143478260869564,7.5,218.0,17.7,88.0
38563,124,17.8,16.5,16.0,7.9,211.0,17.7,86.0
39463,124,17.8,16.5,16.0,7.9,255.0,17.7,86.0
40363,124,17.8,16.5,16.0,8.1,250.0,17.7,87.0
41263,124,17.782857142857143,16.5,16.0,8.1,248.0,19.3,86.0
42163,124,17.7,16.5,16.0,8.2,272.0,17.7,87.0
43063,124,17.7,16.5,16.0,8.8,343.0,17.7,85.0
43963,124,17.7,16.5,16.0,8.8,330.0,17.7,84.0
44863,124,17.7,16.5,15.979710144927536,9.6,464.0,17.7,83.0
45763,124,17.7,16.5,15.855882352941176,9.3,258.0,19.3,83.0
46663,124,17.62537313432836,16.5,15.808450704225354,9.6,403.0,16.1,83.0
47563,124,17.6,16.5,15.8,10.6,1005.0,14.5,80.0
48463,124,17.6,16.5,15.8,10.3,257.0,17.7,79.0
49363,124,17.555072463768116,16.5,15.8,10.9,687.0,17.7,76.0
50263,124,17.5,16.5,15.8,11.7,766.0,19.3,74.0
51163,124,17.5,16.5,15.8,11.9,765.0,20.9,73.0
52063,124,17.5,16.5,15.8,11.8,752.0,20.9,73.0
52963,124,17.496969696969696,16.5,15.8,11.8,756.0,17.7,74.0
53863,124,17.40441176470588,16.5,15.8,12.7,758.0,16.1,71.0
54763,124,17.4,16.5,15.8,12.6,719.0,16.1,71.0
55663,124,17.4,16.5,15.8,11.3,199.0,19.3,76.0
56563,124,17.4,16.5,15.8,11.8,789.0,19.3,75.0
57463,124,17.4,16.5,15.8,11.6,675.0,20.9,75.0
58363,124,17.389855072463767,29.865079365079367,24.15714285714286,12.0,703.0,20.9,74.0
59263,124,17.844117647058823,54.730769230769226,51.620000000000005,11.2,603.0,19.3,77.0
60163,124,18.613698630136987,42.796875,40.8578125,11.2,594.0,17.7,78.0
61063,124,19.055714285714284,48.114285714285714,44.65571428571429,11.3,615.0,16.1,78.0
61963,124,19.65652173913044,41.92741935483871,39.73870967741935,11.1,475.0,19.3,80.0
62863,124,19.76086956521739,28.717741935483872,27.561290322580646,10.6,410.0,19.3,82.0
63763,124,19.61549295774648,23.643939393939394,23.934848484848484,10.8,395.0,17.7,81.0
64663,124,19.354929577464787,22.85,22.978571428571428,10.8,364.0,17.7,81.0
65563,124,19.217391304347824,48.75384615384616,43.63076923076923,10.7,336.0,14.5,82.0
66463,124,19.688235294117646,41.69285714285714,39.067142857142855,10.4,287.0,17.7,80.0
67363,124,19.884848484848483,27.795454545454543,26.227272727272727,10.6,270.0,16.1,79.0
68263,124,19.76727272727273,22.75,21.840625,10.6,206.0,19.3,75.0
69163,124,19.58939393939394,20.28125,19.55,10.7,165.0,17.7,72.0
70063,124,19.33529411764706,19.03472222222222,18.36805555555556,10.4,128.0,17.7,73.0
70963,124,19.04027777777777,18.5,18.002985074626867,10.1,105.0,16.1,73.0
71863,124,18.776712328767125,17.934782608695652,17.57246376811594,9.4,25.0,14.5,75.0
72763,124,18.5,18.007042253521128,17.530985915492955,9.0,19.0,14.5,76.0
73663,124,18.45,43.68181818181818,36.7939393939394,8.7,12.0,12.9,78.0
74563,124,18.963492063492065,56.41269841269841,52.58253968253969,8.4,11.0,12.9,79.0
75463,124,19.78939393939394,57.09701492537314,53.91641791044776,7.9,0.0,12.9,82.0
76363,124,20.43188405797101,55.833333333333336,53.30909090909091,7.7,0.0,12.9,83.0
77263,124,20.877777777777776,49.85714285714285,48.02571428571429,7.4,0.0,11.3,85.0
78163,124,20.93285714285714,34.21875,31.6625,7.2,0.0,11.3,86.0
79063,124,20.695714285714285,26.0078125,24.5046875,7.1,0.0,9.7,87.0
79963,124,20.397058823529413,22.629310344827587,21.57586206896552,6.8,0.0,8.0,88.0
80863,124,20.035820895522388,20.40983606557377,19.58688524590164,6.7,0.0,11.3,88.0
81763,124,19.69855072463768,19.462686567164177,19.017910447761192,6.7,0.0,11.3,88.0
82663,124,19.394202898550724,19.15277777777778,18.959722222222226,6.5,0.0,9.7,88.0
83563,124,19.17,18.557142857142857,18.23,6.3,0.0,8.0,89.0
84463,124,18.988571428571426,18.380281690140844,18.176056338028168,6.2,0.0,6.4,89.0
85363,124,18.87704918032787,18.0,17.58450704225352,6.1,0.0,8.0,89.0
86263,124,18.72898550724637,17.7,17.285,6.1,0.0,9.7,90.0
763,125,18.616438356164384,17.5,17.0044776119403,6.1,0.0,11.3,90.0
1663,125,18.51232876712329,17.5,16.919402985074626,5.9,0.0,11.3,90.0
2563,125,18.411428571428573,17.5,16.8,5.8,0.0,6.4,90.0
3463,125,18.346774193548388,17.40983606557377,16.795081967213115,5.6,0.0,4.8,91.0
4363,125,18.254929577464782,17.0,16.5140625,5.6,0.0,4.8,91.0
5263,125,18.2,17.0,16.5,5.4,0.0,4.8,92.0
6163,125,18.105454545454545,17.0,16.5,5.7,0.0,11.3,92.0
7063,125,18.08142857142857,17.0,16.401639344262296,5.7,0.0,9.7,92.0
7963,125,18.0,17.0,16.3,5.7,0.0,8.0,92.0
8863,125,17.976119402985073,17.0,16.3,5.4,0.0,4.8,92.0
9763,125,17.9,17.0,16.3,5.2,0.0,6.4,93.0
10663,125,17.87313432835821,17.0,16.3,5.2,0.0,8.0,94.0
11563,125,17.8,17.0,16.3,5.2,0.0,9.7,94.0
12463,125,17.8,17.0,16.198529411764707,5.2,0.0,8.0,94.0
13363,125,17.716417910447763,16.65909090909091,16.0,5.2,0.0,8.0,94.0
14263,125,17.7,16.5,16.0,5.2,0.0,8.0,94.0
15163,125,17.647692307692306,16.5,16.0,5.2,0.0,8.0,94.0
16063,125,17.6,16.5,16.0,5.2,0.0,8.0,94.0
16963,125,17.6,16.5,16.0,5.3,0.0,9.7,94.0
17863,125,17.516901408450703,17.84722222222222,16.425,5.3,0.0,8.0,94.0
18763,125,17.775714285714287,50.03472222222222,42.56388888888889,5.2,0.0,6.4,94.0
19663,125,18.754285714285714,57.45138888888889,53.894444444444446,4.8,5.0,4.8,94.0
20563,125,19.57464788732394,57.44927536231884,54.05652173913044,4.7,8.0,4.8,94.0
21463,125,20.13043478260869,43.18571428571428,40.07857142857143,4.6,14.0,4.8,95.0
22363,125,20.405882352941177,49.16666666666667,45.095652173913045,4.6,14.0,3.2,96.0
23263,125,20.713114754098363,35.30434782608695,31.58985507246377,4.8,18.0,3.2,96.0
24163,125,20.798571428571428,26.757142857142856,24.67428571428572,5.3,23.0,4.8,96.0
25063,125,20.71014492753623,23.214285714285715,22.31428571428572,5.8,30.0,6.4,96.0
25963,125,20.543548387096774,20.8728813559322,20.10338983050848,6.3,33.0,6.4,95.0
26863,125,20.307246376811595,19.642857142857142,19.06714285714286,6.7,46.0,9.7,94.0
27763,125,20.083823529411767,18.91549295774648,18.44788732394366,6.9,46.0,9.7,93.0
28663,125,19.85,18.5,18.0875,7.4,35.0,8.0,90.0
29563,125,19.64558823529412,18.1,17.83142857142857,7.8,33.0,11.3,87.0
30463,125,19.45441176470588,18.0,17.564615384615387,8.2,35.0,12.9,83.0
31363,125,19.327272727272728,17.91549295774648,17.41267605633803,8.6,35.0,12.9,83.0
32263,125,19.22153846153846,17.5,17.3,9.4,37.0,11.3,76.0
33163,125,19.12328767123288,17.5,17.108695652173914,9.8,226.0,11.3,71.0
34063,125,19.03134328358209,17.5,17.0,10.6,520.0,14.5,60.0
34963,125,18.996,17.5,17.0,10.9,535.0,12.9,60.0
35863,125,18.9013698630137,17.5,16.86764705882353,11.4,584.0,17.7,58.0
36763,125,18.9,17.5,16.8,11.4,613.0,19.3,62.0
37663,125,18.813333333333333,17.5,16.8,11.8,640.0,16.1,63.0
38563,125,18.781690140845072,17.5,16.8,11.6,651.0,17.7,64.0
39463,125,18.7,17.5,16.8,11.2,694.0,19.3,71.0
40363,125,18.693103448275863,17.302816901408452,16.76619718309859,10.9,698.0,17.7,72.0
41263,125,18.6,17.00735294117647,16.522058823529413,11.4,722.0,17.7,69.0
42163,125,18.6,17.0,16.5,11.3,749.0,19.3,70.0
43063,125,18.53611111111111,17.0,16.5,11.7,763.0,19.3,67.0
43963,125,18.5,17.0,16.5,12.4,759.0,16.1,66.0
44863,125,18.5,17.0,16.5,12.3,782.0,17.7,66.0
45763,125,18.41515151515152,17.0,16.5,12.6,787.0,17.7,67.0
46663,125,18.4,17.0,16.5,12.6,800.0,19.3,67.0
47563,125,18.4,17.0,16.5,12.9,796.0,20.9,61.0
48463,125,18.34109589041096,17.0,16.491304347826087,13.0,805.0,19.3,65.0
49363,125,18.3,17.0,16.373529411764707,13.2,793.0,19.3,62.0
50263,125,18.3,17.0,16.3,12.9,786.0,19.3,63.0
51163,125,18.23333333333333,17.0,16.3,12.9,777.0,20.9,60.0
52063,125,18.2,17.0,16.3,12.6,766.0,20.9,62.0
52963,125,18.2,17.0,16.3,12.9,756.0,19.3,57.0
53863,125,18.2,17.0,16.3,12.9,733.0,19.3,57.0
54763,125,18.2,17.0,16.3,12.8,735.0,20.9,64.0
55663,125,18.162318840579708,17.0,16.3,12.1,652.0,17.7,70.0
56563,125,18.1,17.0,16.3,12.1,703.0,19.3,71.0
57463,125,18.1,17.0,16.3,11.7,665.0,19.3,70.0
58363,125,18.1,18.1,16.66,11.6,661.0,19.3,70.0
59263,125,18.265454545454546,43.55882352941176,37.46911764705882,11.7,557.0,16.1,70.0
60163,125,18.88714285714285,31.45384615384616,30.08,11.6,610.0,16.1,70.0
61063,125,19.08923076923077,24.424242424242426,23.32575757575757,11.6,522.0,17.7,69.0
61963,125,19.03880597014925,21.2,20.484615384615385,11.6,490.0,17.7,70.0
62863,125,18.94179104477612,19.654929577464788,19.145070422535213,11.2,468.0,16.1,73.0
63763,125,18.82698412698413,18.76515151515152,18.346969696969698,11.1,441.0,16.1,74.0
64663,125,18.70675675675676,18.23134328358209,17.871641791044777,11.1,360.0,19.3,72.0
65563,125,18.60136986301369,17.880597014925375,17.407462686567165,10.9,332.0,16.1,73.0
66463,125,18.5,17.5,17.049180327868854,10.6,297.0,17.7,72.0
67363,125,18.4,17.5,17.17205882352941,10.5,285.0,17.7,74.0
68263,125,18.304109589041097,17.455223880597014,16.877611940298507,10.4,211.0,14.5,73.0
69163,125,18.20434782608696,17.020833333333336,16.758333333333333,10.4,176.0,12.9,75.0
70063,125,18.145714285714284,17.0,16.74857142857143,9.7,137.0,14.5,77.0
70963,125,18.06060606060606,17.0,16.49411764705882,9.2,111.0,16.1,79.0
71863,125,18.0,17.0,16.31818181818182,8.4,26.0,14.5,82.0
72763,125,17.921818181818182,17.0,16.3,8.1,23.0,14.5,83.0
73663,125,17.9,17.0,16.3,7.6,14.0,14.5,85.0
74563,125,17.8265625,17.0,16.284745762711864,7.4,11.0,16.1,85.0
75463,125,17.8,16.87272727272727,16.010909090909088,7.0,5.0,16.1,87.0
76363,125,17.8,16.713235294117645,16.097058823529412,6.9,0.0,14.5,88.0
77263,125,17.740277777777777,16.615384615384617,16.00923076923077,6.7,0.0,14.5,89.0
78163,125,17.7,16.5,16.0,6.7,0.0,12.9,90.0
79063,125,17.665714285714284,16.5,15.88181818181818,6.9,0.0,12.9,90.0
79963,125,17.6,16.5,15.8,6.9,0.0,16.1,90.0
80863,125,18.038235294117648,16.7578125,16.15625,7.0,0.0,14.5,90.0
81763,125,19.2,17.12686567164179,16.680597014925375,6.9,0.0,14.5,91.0
82663,125,18.66617647058824,17.0,16.426027397260274,6.9,0.0,11.3,91.0
83563,125,18.36617647058824,17.0,16.3,6.9,0.0,9.7,92.0
84463,125,18.004411764705882,17.0,16.12794117647059,6.9,0.0,8.0,92.0
85363,125,17.764179104477613,16.59558823529412,16.0,6.9,0.0,9.7,92.0
86263,125,17.652857142857144,16.5,16.0,6.8,0.0,11.3,92.0
763,126,17.6,16.5,15.959420289855071,6.8,0.0,9.7,92.0
1663,126,17.505797101449275,16.5,15.8,6.7,0.0,8.0,92.0
2563,126,17.491044776119402,16.5,15.8,6.7,0.0,9.7,92.0
3463,126,17.4,16.5,15.8,6.6,0.0,9.7,92.0
4363,126,17.4,16.5,15.8,6.5,0.0,8.0,92.0
5263,126,17.315942028985507,16.5,15.8,6.3,0.0,8.0,93.0
6163,126,17.3,16.5,15.585074626865673,6.4,0.0,9.7,94.0
7063,126,17.3,16.5,15.5,6.2,0.0,9.7,94.0
7963,126,17.21388888888889,16.397058823529413,15.5,6.2,0.0,6.4,95.0
8863,126,17.2,16.044776119402986,15.5,6.2,0.0,6.4,95.0
9763,126,17.2,16.0,15.5,6.2,0.0,8.0,95.0
10663,126,17.143333333333334,16.0,15.5,6.2,0.0,9.7,95.0
11563,126,17.1,16.0,15.471830985915494,6.3,0.0,11.3,95.0
12463,126,17.1,16.0,15.325352112676056,6.4,0.0,11.3,95.0
13363,126,17.02,16.0,15.3,6.4,0.0,6.4,94.0
14263,126,17.0,16.0,15.3,6.3,0.0,8.0,94.0
15163,126,17.0,16.0,15.3,6.2,0.0,8.0,94.0
16063,126,16.961764705882352,16.0,15.3,6.2,0.0,9.7,94.0
16963,126,16.9,16.0,15.3,6.2,0.0,11.3,94.0
17863,126,16.9,16.0,15.3,6.2,0.0,9.7,94.0
18763,126,16.969014084507045,16.0,15.3,6.2,0.0,9.7,94.0
19663,126,17.0,17.24285714285714,15.655714285714286,6.2,5.0,8.0,94.0
20563,126,17.212857142857143,47.43283582089553,41.080597014925374,6.2,7.0,8.0,95.0
21463,126,17.981355932203392,35.560344827586206,33.03965517241379,6.1,32.0,6.4,94.0
22363,126,18.4,25.85869565217392,24.30434782608696,5.9,26.0,8.0,94.0
23263,126,18.72352941176471,21.96938775510204,21.16122448979592,6.1,60.0,6.4,95.0
24163,126,18.8,19.517543859649123,19.021052631578947,6.2,46.0,6.4,94.0
25063,126,18.8,18.49253731343284,18.092537313432835,6.2,32.0,9.7,93.0
25963,126,18.69,17.82857142857143,17.495714285714286,6.4,33.0,12.9,92.0
26863,126,18.656944444444445,17.5,17.485294117647058,6.8,33.0,9.7,90.0
27763,126,18.55087719298245,17.5,17.45294117647059,7.1,35.0,9.7,89.0
28663,126,18.37205882352941,17.14788732394366,16.961971830985917,7.5,35.0,16.1,84.0
29563,126,18.23661971830986,17.0,16.656338028169014,7.8,37.0,14.5,82.0
30463,126,18.09857142857143,17.0,16.5,8.2,40.0,14.5,80.0
31363,126,18.0,17.0,16.369565217391305,8.6,44.0,16.1,76.0
32263,126,17.903125,16.615942028985508,16.3,8.5,90.0,14.5,76.0
33163,126,17.9,16.5,16.295774647887324,8.8,487.0,16.1,74.0
34063,126,17.9,16.5,16.0986301369863,9.4,309.0,16.1,69.0
34963,126,17.813432835820898,16.5,16.0,9.6,476.0,14.5,67.0
35863,126,17.8,16.5,15.811940298507462,9.8,712.0,17.7,66.0
36763,126,17.798550724637682,16.5,15.8,10.2,627.0,16.1,66.0
37663,126,17.701428571428572,16.5,15.8,10.7,656.0,17.7,63.0
38563,126,17.7,16.5,15.8,10.6,701.0,19.3,64.0
39463,126,17.7,16.5,15.8,10.8,700.0,20.9,64.0
40363,126,17.66056338028169,16.5,15.8,11.2,721.0,19.3,62.0
41263,126,17.6,16.5,15.8,11.7,737.0,17.7,62.0
42163,126,17.6,16.5,15.8,11.5,747.0,22.5,60.0
43063,126,17.6,16.5,15.8,11.4,763.0,22.5,64.0
43963,126,17.6,16.5,15.791428571428572,11.8,775.0,20.9,66.0
44863,126,17.565671641791045,16.492537313432837,15.7955223880597,11.9,782.0,20.9,69.0
45763,126,17.472857142857144,16.34848484848485,15.777272727272727,12.1,785.0,20.9,69.0
46663,126,17.3955223880597,16.007246376811594,15.569565217391304,12.4,854.0,17.7,67.0
47563,126,17.3,16.0,15.5,12.2,789.0,20.9,67.0
48463,126,17.273134328358207,16.0,15.5,12.6,784.0,19.3,66.0
49363,126,17.2,16.0,15.5,12.7,782.0,19.3,62.0
50263,126,17.18857142857143,16.0,15.5,12.3,519.0,19.3,62.0
51163,126,17.1,16.0,15.5,12.6,758.0,20.9,64.0
52063,126,17.1,16.0,15.5,13.1,756.0,19.3,61.0
52963,126,17.1,16.0,15.5,13.2,751.0,20.9,61.0
53863,126,17.13050847457627,16.0,15.5,13.9,830.0,16.1,59.0
54763,126,17.2,16.0,15.5,14.2,872.0,19.3,56.0
55663,126,17.2,16.0,15.5,13.4,742.0,20.9,53.0
56563,126,17.2,16.0,15.5,13.3,695.0,20.9,57.0
57463,126,17.2,16.0,15.5,13.4,640.0,16.1,59.0
58363,126,17.2,16.0,15.5,13.3,610.0,17.7,58.0
59263,126,17.2,16.0,15.5,13.3,578.0,17.7,58.0
60163,126,17.2,16.0,15.5,13.1,571.0,19.3,58.0
61063,126,17.2,16.0,15.5,13.4,515.0,16.1,59.0
61963,126,17.214925373134328,16.0,15.5,13.2,485.0,17.7,59.0
62863,126,17.25211267605634,16.0,15.5,13.4,448.0,12.9,64.0
63763,126,17.2,16.0,15.5,13.2,431.0,12.9,65.0
64663,126,17.2,16.0,15.5,12.8,371.0,12.9,66.0
65563,126,17.2,16.0,15.5,12.4,330.0,12.9,69.0
66463,126,17.248529411764707,16.0,15.5,11.9,295.0,12.9,71.0
67363,126,17.3,16.0,15.5,11.9,253.0,12.9,68.0
68263,126,17.3,16.0,15.5,12.1,211.0,11.3,70.0
69163,126,17.3,16.0,15.5,12.2,171.0,11.3,72.0
70063,126,17.3,16.0,15.5,11.7,127.0,11.3,74.0
70963,126,17.3,16.0,15.5,11.4,100.0,9.7,75.0
71863,126,17.21818181818182,16.0,15.5,10.6,30.0,11.3,79.0
72763,126,17.135211267605634,16.0,15.5,10.0,23.0,9.7,82.0
73663,126,17.086956521739133,16.0,15.5,9.6,18.0,9.7,84.0
74563,126,17.0,16.0,15.474285714285712,9.1,14.0,9.7,86.0
75463,126,17.0,16.0,15.314492753623188,8.8,0.0,11.3,87.0
76363,126,16.912857142857142,16.0,15.3,8.7,0.0,11.3,88.0
77263,126,16.9,16.0,15.3,8.6,0.0,9.7,89.0
78163,126,16.9,16.0,15.3,8.5,0.0,11.3,89.0
79063,126,16.9,16.0,15.322222222222225,8.3,0.0,9.7,91.0
79963,126,16.990000000000002,16.0,15.37076923076923,8.2,0.0,12.9,92.0
80863,126,17.0,16.0,15.363768115942028,8.0,0.0,9.7,92.0
81763,126,17.0,16.0,15.45142857142857,7.9,0.0,9.7,93.0
82663,126,17.0,16.0,15.471428571428572,7.9,0.0,9.7,93.0
83563,126,17.0,16.0,15.455882352941178,7.9,0.0,8.0,93.0
84463,126,17.0,16.0,15.445714285714285,7.9,0.0,6.4,92.0
85363,126,16.995714285714286,16.0,15.44285714285714,7.9,0.0,6.4,92.0
86263,126,16.904545454545453,16.0,15.395652173913044,8.0,0.0,4.8,93.0
763,127,16.9,16.0,15.347058823529412,8.1,0.0,1.6,93.0
1663,127,16.9,16.0,15.308695652173911,8.1,0.0,3.2,92.0
2563,127,16.9,16.0,15.302857142857144,8.1,0.0,1.6,92.0
3463,127,16.9,16.0,15.3,8.1,0.0,0.0,92.0
4363,127,16.9,16.0,15.3,8.1,0.0,1.6,92.0
5263,127,16.853846153846156,16.0,15.3,8.1,0.0,0.0,93.0
6163,127,16.8,16.0,15.3,8.0,0.0,0.0,93.0
7063,127,16.8,16.0,15.3,8.1,0.0,0.0,93.0
7963,127,16.8,16.0,15.3,8.1,0.0,0.0,92.0
8863,127,16.8,16.0,15.3,8.2,0.0,0.0,92.0
9763,127,16.8,16.0,15.3,8.2,0.0,0.0,92.0
10663,127,16.8,16.0,15.3,8.1,0.0,0.0,92.0
11563,127,16.78591549295775,16.0,15.3,8.1,0.0,0.0,92.0
12463,127,16.7,16.0,15.3,8.1,0.0,0.0,92.0
13363,127,16.7,16.0,15.3,8.0,0.0,0.0,92.0
14263,127,16.7,16.0,15.3,8.1,0.0,0.0,92.0
15163,127,16.7,16.0,15.3,8.1,0.0,0.0,92.0
16063,127,16.7,16.0,15.3,8.1,0.0,0.0,92.0
16963,127,16.7,16.0,15.3,8.1,0.0,0.0,92.0
17863,127,16.64090909090909,16.0,15.3,8.1,0.0,0.0,92.0
18763,127,16.6,16.0,15.3,8.0,0.0,0.0,92.0
19663,127,16.6,17.06818181818182,15.596969696969698,7.9,7.0,0.0,92.0
20563,127,16.980281690140846,48.11594202898551,41.15652173913044,7.7,8.0,0.0,91.0
21463,127,18.179710144927537,43.02985074626866,40.04029850746269,7.5,19.0,0.0,93.0
22363,127,18.82941176470588,43.84285714285714,39.69,7.6,21.0,0.0,93.0
23263,127,18.83768115942029,30.43478260869565,28.13188405797101,7.9,35.0,0.0,93.0
24163,127,18.72647058823529,23.414285714285715,21.89857142857143,8.0,40.0,0.0,93.0
25063,127,18.591549295774648,20.37323943661972,19.538028169014083,8.2,63.0,0.0,93.0
25963,127,18.590140845070422,19.09285714285714,18.74857142857143,8.3,65.0,4.8,92.0
26863,127,18.418840579710142,18.234848484848484,17.984848484848484,8.3,91.0,3.2,92.0
27763,127,18.23235294117647,17.5,17.108955223880596,8.5,65.0,3.2,92.0
28663,127,18.023529411764702,17.051470588235293,16.766176470588235,8.6,86.0,1.6,91.0
29563,127,17.84923076923077,17.0,16.5,8.7,148.0,1.6,90.0
30463,127,17.733333333333334,16.57857142857143,16.31142857142857,9.1,141.0,3.2,89.0
31363,127,17.61857142857143,16.5,16.232835820895524,9.2,183.0,3.2,88.0
32263,127,17.52647058823529,16.5,16.0,9.7,199.0,1.6,85.0
33163,127,17.440625,16.5,16.0,10.2,204.0,6.4,82.0
34063,127,17.4,16.5,15.953333333333331,10.3,174.0,9.7,82.0
34963,127,17.395774647887325,16.5,15.817910447761191,10.6,237.0,6.4,80.0
35863,127,17.3,16.5,15.8,11.1,260.0,9.7,79.0
36763,127,17.3,16.28985507246377,15.8,11.5,323.0,9.7,79.0
37663,127,17.245454545454546,16.0,15.8,11.8,271.0,11.3,75.0
38563,127,17.2,16.0,15.8,11.9,297.0,9.7,77.0
39463,127,17.2,16.0,15.72173913043478,12.4,248.0,8.0,73.0
40363,127,17.162318840579708,16.0,15.5,12.1,244.0,6.4,72.0
41263,127,17.1,16.0,15.5,13.1,768.0,11.3,73.0
42163,127,17.1,16.0,15.5,13.2,461.0,14.5,71.0
43063,127,17.1,16.0,15.5,12.3,508.0,16.1,76.0
43963,127,17.086956521739133,16.0,15.5,12.1,304.0,11.3,76.0
44863,127,17.009090909090908,16.0,15.5,12.6,724.0,14.5,76.0
45763,127,17.0,16.0,15.5,12.8,969.0,14.5,75.0
46663,127,17.0,16.0,15.5,12.1,385.0,16.1,77.0
47563,127,17.0,16.0,15.5,12.2,881.0,16.1,77.0
48463,127,17.0,16.0,15.5,12.1,545.0,16.1,75.0
49363,127,17.0,16.0,15.5,12.1,791.0,14.5,75.0
50263,127,17.0,16.0,15.5,11.7,311.0,16.1,72.0
51163,127,17.0,16.0,15.5,11.7,840.0,14.5,73.0
52063,127,17.0,16.0,15.5,11.6,253.0,14.5,72.0
52963,127,17.0,16.0,15.5,11.3,265.0,14.5,73.0
53863,127,17.0,16.0,15.497101449275362,11.6,392.0,16.1,70.0
54763,127,17.0,16.0,15.371641791044777,11.7,779.0,16.1,71.0
55663,127,17.0,16.0,15.328571428571427,11.9,783.0,16.1,70.0
56563,127,16.985454545454544,16.0,15.35818181818182,11.9,686.0,17.7,69.0
57463,127,16.9,16.0,15.328985507246378,11.8,301.0,16.1,68.0
58363,127,16.88088235294118,15.659420289855072,14.989855072463769,12.6,649.0,12.9,66.0
59263,127,16.8,15.5,14.939130434782609,12.8,584.0,12.9,63.0
60163,127,16.8,15.702898550724637,15.07391304347826,13.0,565.0,12.9,62.0
61063,127,16.8,16.0,15.3,12.7,519.0,16.1,62.0
61963,127,16.8,16.0,15.3,12.7,483.0,14.5,62.0
62863,127,16.577142857142857,15.838235294117649,15.233823529411763,12.4,448.0,14.5,62.0
63763,127,15.282857142857145,15.087301587301589,14.24126984126984,12.2,411.0,16.1,62.0
64663,127,15.226470588235292,15.0,14.210447761194027,11.9,373.0,16.1,63.0
65563,127,15.283098591549296,15.0,14.263076923076923,11.4,330.0,17.7,65.0
66463,127,15.192307692307692,15.0,14.0,11.4,299.0,16.1,65.0
67363,127,15.126470588235293,15.0,14.0,11.4,282.0,16.1,65.0
68263,127,15.380597014925376,15.0,14.2044776119403,11.1,218.0,16.1,65.0
69163,127,15.8578125,15.221428571428572,14.5,10.9,179.0,14.5,65.0
70063,127,16.173529411764708,15.5,14.68,10.9,132.0,14.5,66.0
70963,127,16.497142857142855,29.64179104477612,23.61044776119403,10.4,42.0,12.9,66.0
71863,127,17.406060606060606,55.731884057971016,51.82173913043479,9.8,32.0,16.1,69.0
72763,127,18.60869565217392,57.0281690140845,53.77323943661971,9.4,25.0,12.9,72.0
73663,127,19.56571428571429,57.57857142857144,53.97428571428571,9.1,18.0,16.1,72.0
74563,127,20.274242424242424,57.84375,54.021875,8.7,11.0,12.9,74.0
75463,127,20.775362318840585,56.79545454545455,53.34242424242424,8.4,5.0,9.7,76.0
76363,127,21.072857142857146,57.69285714285714,54.45857142857143,8.1,0.0,12.9,77.0
77263,127,21.14929577464789,44.390625,42.9,7.8,0.0,12.9,78.0
78163,127,21.13714285714285,31.1,30.586666666666662,7.6,0.0,12.9,79.0
79063,127,20.170967741935485,25.118181818181817,24.16,7.2,0.0,9.7,81.0
79963,127,19.86,21.918032786885245,21.091803278688523,7.0,0.0,12.9,82.0
80863,127,19.51944444444445,20.264285714285712,19.642857142857142,6.7,0.0,11.3,82.0
81763,127,19.2140625,19.24590163934426,18.74262295081968,6.7,0.0,11.3,82.0
82663,127,18.96271186440677,18.6231884057971,18.142028985507245,6.6,0.0,11.3,81.0
83563,127,18.75217391304348,18.13636363636364,17.703030303030303,6.6,0.0,14.5,81.0
84463,127,18.571641791044776,17.90909090909091,17.384848484848483,6.5,0.0,8.0,82.0
85363,127,18.431506849315067,17.5,17.114084507042254,6.4,0.0,11.3,82.0
86263,127,18.32027027027027,17.5,16.942857142857143,6.4,0.0,14.5,82.0
763,128,18.202985074626863,17.39855072463768,16.8,6.3,0.0,14.5,82.0
1663,128,18.112857142857145,17.0,16.7390625,6.2,0.0,11.3,82.0
2563,128,18.028169014084504,17.0,16.5,6.2,0.0,9.7,82.0
3463,128,17.971212121212123,17.0,16.5,6.2,0.0,14.5,82.0
4363,128,17.9,17.0,16.415942028985505,6.1,0.0,9.7,82.0
5263,128,17.832857142857144,17.0,16.3,6.1,0.0,9.7,83.0
6163,128,17.8,17.0,16.3,6.0,0.0,6.4,83.0
7063,128,17.754285714285714,16.985507246376812,16.3,6.0,0.0,11.3,82.0
7963,128,17.7,16.73913043478261,16.256521739130434,5.9,0.0,9.7,82.0
8863,128,17.7,16.5,16.008955223880598,5.8,0.0,6.4,83.0
9763,128,17.602777777777778,16.5,16.0,5.8,0.0,8.0,83.0
10663,128,17.6,16.5,16.0,5.7,0.0,6.4,83.0
11563,128,17.555,16.5,16.0,5.9,0.0,6.4,83.0
12463,128,17.5,16.5,15.979710144927536,6.1,0.0,6.4,82.0
13363,128,17.5,16.5,15.828571428571427,6.2,0.0,17.7,78.0
14263,128,17.426470588235293,16.5,15.802857142857144,5.8,0.0,12.9,79.0
15163,128,17.4,16.5,15.8,5.9,0.0,9.7,80.0
16063,128,17.4,16.5,15.8,5.8,0.0,8.0,80.0
16963,128,17.340845070422535,16.5,15.8,5.9,0.0,9.7,80.0
17863,128,17.3,17.75,16.234285714285715,5.9,0.0,6.4,79.0
18763,128,17.536619718309858,50.31159420289855,43.37101449275362,6.0,0.0,9.7,78.0
19663,128,18.591666666666665,57.21641791044776,53.95671641791044,6.1,7.0,14.5,77.0
20563,128,19.52173913043478,50.45890410958904,47.47534246575343,6.1,10.0,9.7,77.0
21463,128,19.989705882352943,46.7463768115942,43.26231884057971,6.1,23.0,9.7,78.0
22363,128,20.455714285714286,44.401408450704224,41.54084507042253,6.0,28.0,9.7,78.0
23263,128,20.542028985507248,30.5,28.388888888888893,6.0,47.0,6.4,79.0
24163,128,20.256060606060608,25.3135593220339,24.335593220338986,6.1,63.0,12.9,79.0
25063,128,19.925757575757576,22.114754098360656,21.31639344262295,6.1,32.0,16.1,76.0
25963,128,19.66060606060606,20.464285714285715,20.11714285714286,6.3,76.0,14.5,77.0
26863,128,19.31176470588236,19.144927536231883,18.6,6.6,111.0,16.1,75.0
27763,128,19.00289855072464,18.397058823529413,17.90735294117647,6.7,132.0,16.1,74.0
28663,128,18.773134328358207,18.0,17.482608695652175,6.6,72.0,14.5,75.0
29563,128,18.56351351351352,17.545454545454547,17.21363636363636,6.7,100.0,11.3,75.0
30463,128,18.43409090909091,17.5,16.996969696969696,7.0,111.0,14.5,75.0
31363,128,18.29041095890411,17.392857142857142,16.8,7.1,112.0,14.5,75.0
32263,128,18.18507462686567,17.0,16.708695652173912,7.3,135.0,12.9,75.0
33163,128,18.1,17.0,16.5,7.4,176.0,14.5,76.0
34063,128,18.03432835820896,17.0,16.5,7.6,250.0,17.7,74.0
34963,128,18.0,17.0,16.379411764705882,7.8,316.0,17.7,73.0
35863,128,17.97391304347826,17.0,16.3,7.7,187.0,16.1,73.0
36763,128,17.9,17.0,16.3,7.8,274.0,16.1,72.0
37663,128,17.9,16.97142857142857,16.3,8.6,415.0,17.7,69.0
38563,128,17.836231884057973,16.61764705882353,16.158823529411766,8.8,331.0,19.3,71.0
39463,128,17.8,16.50735294117647,16.004411764705882,9.3,714.0,22.5,69.0
40363,128,17.8,16.5,16.0,9.2,339.0,20.9,68.0
41263,128,17.8,16.5,16.0,9.2,357.0,20.9,68.0
42163,128,17.738235294117647,16.5,16.0,8.9,389.0,20.9,69.0
43063,128,17.7,16.5,16.0,10.0,810.0,20.9,69.0
43963,128,17.7,16.5,16.0,10.4,789.0,19.3,67.0
44863,128,17.7,16.5,16.0,10.6,793.0,17.7,65.0
45763,128,17.664285714285715,16.5,15.99189189189189,10.8,802.0,19.3,64.0
46663,128,17.6,16.5,15.902941176470588,10.6,821.0,22.5,66.0
47563,128,17.6,16.5,15.802857142857144,10.5,517.0,20.9,67.0
48463,128,17.6,16.5,15.8,11.4,863.0,16.1,63.0
49363,128,17.527941176470588,16.5,15.8,11.0,827.0,17.7,65.0
50263,128,17.5,16.5,15.8,11.2,814.0,19.3,63.0
51163,128,17.5,16.5,15.8,11.4,786.0,19.3,63.0
52063,128,17.5,16.5,15.8,11.6,768.0,19.3,62.0
52963,128,17.45230769230769,16.5,15.8,11.4,762.0,19.3,61.0
53863,128,17.4,16.5,15.8,11.6,735.0,17.7,62.0
54763,128,17.4,16.5,15.8,11.7,715.0,17.7,61.0
55663,128,17.4,16.5,15.8,11.7,696.0,17.7,62.0
56563,128,17.4,16.5,15.8,11.4,671.0,19.3,62.0
57463,128,17.379710144927536,16.5,15.8,11.6,649.0,17.7,61.0
58363,128,17.332857142857144,26.5,21.60454545454545,11.2,613.0,17.7,62.0
59263,128,18.005172413793105,52.96153846153847,48.815384615384616,11.4,584.0,16.1,61.0
60163,128,18.84259259259259,34.07272727272728,31.03818181818182,11.4,559.0,16.1,62.0
61063,128,19.0,26.18243243243243,24.33108108108108,11.4,517.0,14.5,63.0
61963,128,19.0,22.0546875,21.025,10.9,489.0,17.7,63.0
62863,128,18.9327868852459,19.9375,19.26875,10.7,457.0,17.7,64.0
63763,128,18.758904109589043,18.9140625,18.5296875,10.7,424.0,16.1,64.0
64663,128,18.59230769230769,30.393939393939394,26.57575757575757,10.3,373.0,14.5,64.0
65563,128,19.00441176470588,41.960317460317455,39.4,10.6,341.0,11.3,63.0
66463,128,19.33661971830986,28.26428571428572,26.68285714285714,9.9,299.0,14.5,67.0
67363,128,19.280882352941177,23.022058823529413,22.057352941176468,9.9,284.0,14.5,66.0
68263,128,19.12394366197183,20.54285714285714,19.90428571428572,9.5,220.0,16.1,68.0
69163,128,18.9,19.2,18.90153846153846,9.2,176.0,16.1,70.0
70063,128,18.7,18.515873015873016,18.182539682539684,8.7,139.0,11.3,70.0
70963,128,18.5188679245283,17.93220338983051,17.457627118644066,8.4,123.0,14.5,71.0
71863,128,18.46964285714286,41.2542372881356,35.384745762711866,7.9,33.0,16.1,74.0
72763,128,19.21384615384616,38.86153846153847,35.90461538461538,7.6,28.0,12.9,74.0
73663,128,19.49558823529412,27.52542372881356,25.11864406779661,7.3,21.0,14.5,76.0
74563,128,19.432352941176468,22.369230769230768,21.223076923076924,6.9,12.0,16.1,77.0
75463,128,19.271212121212123,19.933823529411764,19.20147058823529,6.7,7.0,14.5,78.0
76363,128,19.04264705882353,18.818840579710145,18.3,6.4,5.0,11.3,78.0
77263,128,18.80149253731344,18.07462686567164,17.576119402985075,6.1,0.0,9.7,80.0
78163,128,18.65,18.0,17.89375,5.8,0.0,8.0,81.0
79063,128,18.508474576271187,17.951612903225808,18.16935483870968,5.6,0.0,6.4,82.0
79963,128,18.35593220338983,17.5,17.336507936507935,5.3,0.0,6.4,83.0
80863,128,18.230555555555554,17.34375,16.928125,5.2,0.0,6.4,83.0
81763,128,18.11971830985916,17.0,16.79558823529412,5.1,0.0,8.0,85.0
82663,128,18.017910447761192,17.0,16.51818181818182,4.9,0.0,6.4,85.0
83563,128,17.926153846153845,17.0,16.5,4.7,0.0,6.4,86.0
84463,128,17.857142857142858,17.0,16.4,4.7,0.0,6.4,86.0
85363,128,17.8,17.0,16.3,4.9,0.0,6.4,86.0
86263,128,17.745588235294118,16.830882352941178,16.3,5.1,0.0,8.0,85.0
763,129,17.7,16.5,16.264705882352942,5.2,0.0,6.4,85.0
1663,129,17.652857142857144,16.5,16.013846153846153,5.3,0.0,8.0,85.0
2563,129,17.6,16.5,16.0,5.4,0.0,8.0,83.0
3463,129,17.595714285714287,16.5,16.0,5.4,0.0,4.8,84.0
4363,129,17.5,16.5,16.0,5.4,0.0,3.2,84.0
5263,129,17.5,16.5,16.0,5.4,0.0,6.4,83.0
6163,129,17.464615384615385,16.5,15.952941176470588,5.4,0.0,4.8,83.0
7063,129,17.4,16.5,15.805882352941175,5.5,0.0,6.4,82.0
7963,129,17.4,16.5,15.8,5.5,0.0,4.8,82.0
8863,129,17.35211267605634,16.5,15.8,5.6,0.0,4.8,82.0
9763,129,17.3,16.5,15.8,5.6,0.0,6.4,82.0
10663,129,17.3,16.5,15.777611940298508,5.6,0.0,4.8,83.0
11563,129,17.255555555555553,16.49264705882353,15.526470588235291,5.6,0.0,4.8,83.0
12463,129,17.2,16.227941176470587,15.5,5.5,0.0,4.8,83.0
13363,129,17.2,16.008064516129032,15.5,5.4,0.0,3.2,84.0
14263,129,17.178260869565218,16.0,15.5,5.4,0.0,3.2,84.0
15163,129,17.1,16.0,15.5,5.3,0.0,1.6,83.0
16063,129,17.1,16.0,15.5,5.4,0.0,4.8,83.0
16963,129,17.086956521739133,16.0,15.5,5.4,0.0,4.8,82.0
17863,129,17.02463768115942,17.235294117647058,15.858823529411763,5.5,0.0,4.8,82.0
18763,129,17.37272727272727,48.19047619047619,40.9968253968254,5.6,0.0,6.4,82.0
19663,129,18.542028985507248,53.731884057971016,51.95652173913044,5.6,5.0,4.8,82.0
20563,129,19.486153846153847,52.45588235294117,50.97941176470589,5.6,7.0,4.8,82.0
21463,129,20.12205882352941,44.25,41.739705882352936,5.7,16.0,4.8,82.0
22363,129,20.29285714285714,50.84328358208956,46.56417910447762,5.7,23.0,3.2,81.0
23263,129,20.489705882352943,40.40151515151515,36.90757575757576,5.8,33.0,4.8,81.0
24163,129,20.315384615384616,29.198529411764707,28.452941176470585,5.9,42.0,4.8,80.0
25063,129,20.82857142857143,23.99230769230769,23.53846153846154,6.0,60.0,4.8,81.0
25963,129,19.678125,20.06060606060606,19.55151515151515,6.1,65.0,6.4,80.0
26863,129,19.204615384615387,18.630769230769232,18.21692307692308,6.2,74.0,4.8,79.0
27763,129,19.01044776119403,18.267605633802816,17.898591549295777,6.3,88.0,6.4,78.0
28663,129,18.83235294117647,17.838235294117645,17.394117647058824,6.7,127.0,4.8,79.0
29563,129,18.69117647058824,17.5,17.113636363636363,6.8,128.0,4.8,79.0
30463,129,18.56176470588236,17.5,16.953846153846154,6.9,178.0,1.6,78.0
31363,129,18.49275362318841,17.283582089552237,16.8,7.2,193.0,3.2,78.0
32263,129,18.4,17.0,16.8,7.2,200.0,3.2,78.0
33163,129,18.32307692307692,17.0,16.577272727272728,7.4,248.0,4.8,76.0
34063,129,18.3,17.0,16.5,7.8,248.0,6.4,76.0
34963,129,18.21791044776119,17.0,16.5,7.9,271.0,6.4,77.0
35863,129,18.2,17.0,16.463380281690142,8.2,278.0,6.4,74.0
36763,129,18.17460317460317,17.0,16.3,8.1,886.0,4.8,74.0
37663,129,18.1,17.0,16.3,8.7,807.0,6.4,73.0
38563,129,18.1,17.0,16.3,8.7,275.0,6.4,73.0
39463,129,18.01095890410959,16.958904109589042,16.3,9.7,991.0,9.7,71.0
40363,129,18.0,16.671641791044777,16.3,9.9,865.0,8.0,71.0
41263,129,17.968421052631577,16.5,16.222857142857144,10.9,810.0,9.7,69.0
42163,129,17.9,16.5,16.017391304347825,10.9,773.0,11.3,66.0
43063,129,17.9,16.5,16.0,11.2,788.0,9.7,66.0
43963,129,17.9,16.5,16.0,11.4,791.0,11.3,65.0
44863,129,17.856338028169013,16.5,16.0,11.7,784.0,11.3,63.0
45763,129,17.8,16.5,16.0,12.1,800.0,11.3,62.0
46663,129,17.8,16.5,16.0,12.6,802.0,9.7,60.0
47563,129,17.8,16.5,16.0,13.3,803.0,9.7,58.0
48463,129,17.8,16.5,16.0,13.7,777.0,9.7,58.0
49363,129,17.8,16.5,16.0,13.9,788.0,9.7,57.0
50263,129,17.8,16.5,16.0,14.6,800.0,9.7,51.0
51163,129,17.730434782608697,16.5,16.0,14.9,786.0,9.7,49.0
52063,129,17.7,16.5,16.0,15.2,777.0,12.9,49.0
52963,129,17.7,16.5,16.0,15.4,771.0,9.7,48.0
53863,129,17.7,16.5,16.0,15.8,758.0,11.3,42.0
54763,129,17.7,16.5,16.0,16.2,708.0,9.7,40.0
55663,129,17.7,16.5,16.0,16.3,708.0,8.0,41.0
56563,129,17.7,16.5,16.0,17.2,690.0,6.4,40.0
57463,129,17.7,16.5,16.0,16.8,647.0,9.7,41.0
58363,129,17.724615384615383,28.8203125,23.4203125,16.9,636.0,11.3,38.0
59263,129,18.46923076923077,50.97222222222222,47.2875,17.0,598.0,12.9,39.0
60163,129,19.284375,33.17910447761194,30.802985074626868,17.3,548.0,14.5,39.0
61063,129,19.57462686567164,25.149253731343286,24.01044776119403,17.5,508.0,12.9,44.0
61963,129,19.55507246376812,22.057142857142857,21.70428571428572,17.2,485.0,14.5,44.0
62863,129,19.42878787878788,19.954545454545453,19.46363636363636,17.2,443.0,12.9,47.0
63763,129,19.29622641509434,19.107692307692307,18.92,16.9,429.0,16.1,47.0
64663,129,19.12558139534884,18.245098039215684,17.892156862745097,16.5,373.0,16.1,50.0
65563,129,18.975,17.88095238095238,17.414285714285715,16.2,334.0,17.7,51.0
66463,129,18.86,17.5,17.15,16.1,292.0,16.1,52.0
67363,129,18.719117647058823,21.72388059701493,21.07462686567164,15.8,288.0,17.7,54.0
68263,129,18.61746031746032,19.52857142857143,18.81428571428572,15.8,225.0,16.1,52.0
69163,129,18.52542372881356,18.3984375,17.978125,15.4,183.0,17.7,55.0
70063,129,18.413636363636364,17.716417910447763,17.31492537313433,15.1,141.0,19.3,57.0
70963,129,18.3,17.3203125,16.7046875,14.2,40.0,20.9,60.0
71863,129,18.2,17.0,16.717391304347824,13.6,32.0,19.3,64.0
72763,129,18.135185185185183,17.0,16.505454545454548,13.2,25.0,17.7,64.0
73663,129,18.03818181818182,17.0,16.340625,12.7,18.0,20.9,66.0
74563,129,17.98923076923077,17.0,16.3,12.3,14.0,19.3,68.0
75463,129,17.9,17.0,16.3,11.9,9.0,20.9,67.0
76363,129,17.9,16.559322033898304,16.040677966101693,11.3,0.0,19.3,70.0
77263,129,17.832203389830507,16.5,16.0,10.9,0.0,19.3,72.0
78163,129,17.8,16.5,16.0,10.6,0.0,19.3,73.0
79063,129,17.96530612244898,16.983870967741936,16.46451612903226,10.1,0.0,19.3,74.0
79963,129,19.10322580645161,17.383928571428573,16.885714285714286,9.9,0.0,19.3,75.0
80863,129,19.06833333333333,17.459016393442624,16.736065573770492,9.6,0.0,17.7,76.0
81763,129,18.592156862745096,17.0,16.5,9.4,0.0,17.7,76.0
82663,129,18.378688524590164,17.0,16.4811320754717,9.2,0.0,16.1,77.0
83563,129,18.231746031746034,17.0,16.46206896551724,9.1,0.0,16.1,76.0
84463,129,18.10181818181818,17.0,16.359375,9.0,0.0,16.1,76.0
85363,129,17.988709677419354,17.0,16.3,8.9,0.0,17.7,75.0
86263,129,17.9,17.0,16.3,8.9,0.0,16.1,74.0
763,130,17.81551724137931,17.0,16.3,8.7,0.0,16.1,75.0
1663,130,17.8,17.0,16.3,8.6,0.0,17.7,75.0
2563,130,17.704347826086956,17.0,16.3,8.4,0.0,17.7,75.0
3463,130,17.7,16.96078431372549,16.241176470588236,8.4,0.0,17.7,75.0
4363,130,17.640845070422536,16.713235294117645,16.044117647058822,8.3,0.0,17.7,75.0
5263,130,17.6,16.528169014084504,16.0,8.2,0.0,14.5,76.0
6163,130,17.6,16.5,16.0,8.1,0.0,14.5,76.0
7063,130,17.527272727272727,16.5,16.0,7.8,0.0,16.1,77.0
7963,130,17.5,16.5,16.0,7.7,0.0,14.5,77.0
8863,130,17.5,16.5,16.0,7.6,0.0,17.7,79.0
9763,130,17.405714285714286,16.5,16.0,7.4,0.0,17.7,80.0
10663,130,17.4,16.5,16.0,7.4,0.0,17.7,80.0
11563,130,17.4,16.5,15.984848484848484,7.2,0.0,11.3,80.0
12463,130,17.327142857142857,16.5,15.855072463768115,7.1,0.0,11.3,81.0
13363,130,17.3,16.5,15.802941176470588,6.9,0.0,9.7,82.0
14263,130,17.3,16.5,15.8,6.6,0.0,11.3,84.0
15163,130,17.3,16.5,15.8,6.4,0.0,9.7,86.0
16063,130,17.3,16.5,15.8,6.4,0.0,12.9,87.0
16963,130,17.228787878787877,16.5,15.8,6.3,0.0,11.3,87.0
17863,130,17.2,17.730769230769234,16.226153846153846,6.2,0.0,14.5,88.0
18763,130,17.54264705882353,50.86231884057971,44.19855072463768,6.1,0.0,16.1,89.0
19663,130,18.70294117647059,54.971830985915496,52.667605633802815,5.9,7.0,17.7,89.0
20563,130,19.68059701492537,56.38235294117648,53.73088235294117,5.9,14.0,17.7,91.0
21463,130,20.365625,48.875,46.73125,6.1,18.0,11.3,91.0
22363,130,20.654166666666665,43.43571428571428,40.675714285714285,6.2,23.0,12.9,91.0
23263,130,20.84848484848485,40.0078125,37.71875,6.4,26.0,12.9,90.0
24163,130,21.03030303030303,29.01666666666667,28.51333333333333,6.6,25.0,11.3,90.0
25063,130,20.88358208955224,24.080645161290324,23.63548387096774,7.1,35.0,12.9,88.0
25963,130,20.704545454545453,21.52173913043478,20.97391304347826,7.4,69.0,9.7,88.0
26863,130,20.443076923076923,20.029850746268657,19.558208955223883,7.6,40.0,11.3,87.0
27763,130,20.05151515151515,19.080882352941178,18.519117647058824,7.9,48.0,11.3,86.0
28663,130,19.69253731343284,18.484848484848484,17.92727272727273,8.4,63.0,12.9,84.0
29563,130,19.38679245283019,18.009803921568626,17.58235294117647,8.7,58.0,14.5,82.0
30463,130,19.12708333333333,17.98936170212766,17.372340425531913,9.0,74.0,14.5,81.0
31363,130,18.891836734693875,17.5,17.18,9.3,199.0,12.9,80.0
32263,130,18.743076923076924,17.5,17.0,9.5,132.0,9.7,81.0
33163,130,18.609375,17.5,16.895238095238096,9.6,151.0,9.7,80.0
34063,130,18.50441176470588,17.5,16.8,9.8,178.0,8.0,79.0
34963,130,18.42714285714285,17.36231884057971,16.8,9.8,172.0,11.3,78.0
35863,130,18.4,17.007462686567163,16.64776119402985,9.7,151.0,12.9,77.0
36763,130,18.37313432835821,17.0,16.5,9.4,229.0,6.4,81.0
37663,130,18.3,17.0,16.5,9.9,327.0,8.0,79.0
38563,130,18.3,17.0,16.5,10.2,329.0,9.7,79.0
39463,130,18.3,17.0,16.5,9.9,236.0,8.0,80.0
40363,130,18.3,17.0,16.5,10.0,227.0,6.4,80.0
41263,130,18.3,17.0,16.380597014925375,10.2,253.0,6.4,79.0
42163,130,18.3,17.0,16.3,10.6,292.0,16.1,72.0
43063,130,18.3,17.0,16.3,11.0,468.0,14.5,69.0
43963,130,18.3,17.0,16.3,11.6,838.0,11.3,67.0
44863,130,18.3,17.0,16.3,11.7,392.0,12.9,67.0
45763,130,18.3,17.0,16.3,12.5,619.0,12.9,65.0
46663,130,18.22835820895522,17.0,16.3,12.6,411.0,14.5,62.0
47563,130,18.2,17.0,16.3,12.7,325.0,14.5,62.0
48463,130,18.2,17.0,16.3,12.7,353.0,12.9,63.0
49363,130,18.2,17.0,16.3,13.2,352.0,14.5,61.0
50263,130,18.2,17.0,16.3,13.7,341.0,12.9,60.0
51163,130,18.2,17.0,16.3,13.7,320.0,14.5,59.0
52063,130,18.2,17.0,16.3,13.6,429.0,17.7,60.0
52963,130,18.2,17.0,16.3,13.7,392.0,14.5,61.0
53863,130,18.2,17.0,16.3,13.8,329.0,14.5,60.0
54763,130,18.2,17.0,16.3,13.9,285.0,16.1,61.0
55663,130,18.16307692307692,17.0,16.3,14.4,803.0,16.1,61.0
56563,130,18.1,17.0,16.3,14.7,775.0,16.1,59.0
57463,130,18.1,17.0,16.3,14.9,729.0,16.1,56.0
58363,130,18.1,17.0,16.3,14.8,545.0,14.5,57.0
59263,130,18.1,17.0,16.3,14.1,469.0,16.1,57.0
60163,130,18.1,17.0,16.3,13.9,449.0,16.1,58.0
61063,130,18.1,17.0,16.3,13.8,548.0,16.1,59.0
61963,130,18.1,17.0,16.3,14.0,485.0,12.9,59.0
62863,130,18.1,17.0,16.3,13.5,146.0,16.1,58.0
63763,130,18.1,17.0,16.3,12.9,90.0,14.5,61.0
64663,130,18.1,17.0,16.3,13.4,327.0,14.5,59.0
65563,130,18.1,17.0,16.3,13.6,318.0,14.5,59.0
66463,130,18.1,17.0,16.3,13.2,241.0,12.9,60.0
67363,130,18.1,17.0,16.3,13.2,268.0,16.1,60.0
68263,130,18.1,17.0,16.3,13.3,246.0,14.5,59.0
69163,130,18.1,17.0,16.3,13.1,183.0,16.1,59.0
70063,130,18.0,17.0,16.3,12.7,144.0,14.5,60.0
70963,130,18.0,17.0,16.3,12.2,70.0,14.5,62.0
71863,130,17.913114754098363,17.0,16.3,11.6,39.0,11.3,64.0
72763,130,17.9,17.0,16.3,11.3,32.0,8.0,66.0
73663,130,17.84558823529412,17.0,16.3,10.9,23.0,3.2,68.0
74563,130,17.8,17.0,16.276190476190475,10.5,21.0,3.2,69.0
75463,130,17.81639344262295,17.0,16.0,9.7,5.0,3.2,71.0
76363,130,17.844444444444445,17.0,16.13728813559322,9.3,0.0,4.8,72.0
77263,130,17.8,17.0,16.3,8.9,0.0,4.8,73.0
78163,130,17.76909090909091,17.0,16.284745762711864,8.7,0.0,4.8,74.0
79063,130,17.7,17.0,16.06086956521739,8.4,0.0,3.2,75.0
79963,130,17.683333333333334,16.977272727272727,16.0,8.3,0.0,4.8,76.0
80863,130,17.643283582089552,16.92753623188406,16.0,8.2,0.0,3.2,76.0
81763,130,17.759701492537314,17.0,16.204545454545453,8.2,0.0,1.6,76.0
82663,130,17.8,17.0,16.3,8.1,0.0,3.2,77.0
83563,130,17.8,17.0,16.273134328358207,8.1,0.0,1.6,76.0
84463,130,17.8,17.0,16.017910447761192,7.8,0.0,3.2,77.0
85363,130,17.785507246376813,17.0,16.0,7.8,0.0,3.2,78.0
86263,130,17.7,16.97887323943662,16.0,7.8,0.0,1.6,78.0
763,131,17.7,16.814285714285713,16.0,7.6,0.0,1.6,79.0
1663,131,17.7,16.59285714285714,16.0,7.2,0.0,3.2,79.0
2563,131,17.612903225806452,16.50735294117647,16.0,6.8,0.0,0.0,80.0
3463,131,17.6,16.5,16.0,6.5,0.0,0.0,82.0
4363,131,17.6,16.5,16.0,6.6,0.0,3.2,81.0
5263,131,17.5171875,16.5,16.0,6.2,0.0,0.0,82.0
6163,131,17.5,16.5,16.0,5.7,0.0,0.0,84.0
7063,131,17.5,16.5,16.0,5.6,0.0,0.0,84.0
7963,131,17.484615384615385,16.5,15.988235294117649,5.4,0.0,1.6,85.0
8863,131,17.4,16.5,15.883076923076922,5.2,0.0,0.0,86.0
9763,131,17.4,16.5,15.809090909090909,4.9,0.0,4.8,85.0
10663,131,17.4,16.5,15.8,4.5,0.0,3.2,86.0
11563,131,17.388571428571428,16.5,15.8,4.2,0.0,3.2,87.0
12463,131,17.301470588235293,16.5,15.8,4.4,0.0,4.8,90.0
13363,131,17.3,16.5,15.8,4.9,0.0,4.8,89.0
14263,131,17.3,16.5,15.8,5.2,0.0,4.8,89.0
15163,131,17.3,16.5,15.8,5.3,0.0,4.8,88.0
16063,131,17.21764705882353,16.5,15.8,5.3,0.0,3.2,89.0
16963,131,17.2,16.5,15.8,5.2,0.0,0.0,88.0
17863,131,17.2,16.5,15.8,5.0,0.0,1.6,88.0
18763,131,17.2,16.5,15.8,4.8,0.0,0.0,90.0
19663,131,17.2,16.5,15.8,4.6,5.0,0.0,88.0
20563,131,17.2,16.5,15.8,4.3,8.0,0.0,89.0
21463,131,17.2,16.5,15.8,4.2,19.0,0.0,90.0
22363,131,17.27846153846154,16.446153846153845,15.698461538461538,4.6,30.0,0.0,91.0
23263,131,18.17121212121212,16.567164179104477,15.91044776119403,5.3,46.0,0.0,90.0
24163,131,17.234285714285715,16.378571428571426,15.70714285714286,6.1,49.0,3.2,88.0
25063,131,17.596923076923076,16.484848484848484,15.645454545454546,6.7,74.0,6.4,87.0
25963,131,17.7,16.5,15.8,7.3,72.0,6.4,85.0
26863,131,17.78142857142857,16.5,15.857575757575756,7.8,60.0,8.0,85.0
27763,131,17.8,16.5,16.0,8.2,90.0,8.0,84.0
28663,131,17.8,16.5,16.0,8.4,113.0,9.7,82.0
29563,131,17.8,16.5,16.0,8.6,95.0,11.3,82.0
30463,131,17.8,16.5,16.0,9.6,69.0,9.7,78.0
31363,131,17.8,16.5,16.0,9.9,65.0,8.0,78.0
32263,131,17.8,16.5,16.0,10.6,58.0,8.0,77.0
33163,131,17.8,16.5,16.0,10.8,84.0,9.7,76.0
34063,131,17.8,16.5,16.0,12.1,483.0,6.4,75.0
34963,131,17.8,16.5,16.0,12.3,533.0,9.7,74.0
35863,131,17.8,16.5,16.0,12.6,566.0,9.7,74.0
36763,131,17.8,16.5,16.0,12.8,575.0,8.0,73.0
37663,131,17.8,16.5,16.0,12.8,612.0,8.0,75.0
38563,131,17.8,16.5,16.0,13.3,636.0,12.9,73.0
39463,131,17.797222222222224,16.5,16.0,13.7,677.0,9.7,72.0
40363,131,17.798529411764708,16.5,16.0,14.4,703.0,11.3,71.0
41263,131,17.72753623188406,16.5,16.0,14.0,726.0,12.9,69.0
42163,131,17.7,16.5,16.0,13.9,725.0,16.1,67.0
43063,131,17.7,16.5,16.0,14.2,754.0,16.1,67.0
43963,131,17.7,16.5,16.0,14.2,800.0,14.5,67.0
44863,131,17.7,16.5,16.0,14.3,823.0,14.5,69.0
45763,131,17.7,16.5,16.0,14.1,833.0,14.5,72.0
46663,131,17.679710144927537,16.5,16.0,13.9,881.0,16.1,72.0
47563,131,17.6,16.5,16.0,14.0,851.0,16.1,72.0
48463,131,17.6,16.5,16.0,13.8,281.0,14.5,72.0
49363,131,17.6,16.5,16.0,13.7,357.0,16.1,72.0
50263,131,17.6,16.5,16.0,13.9,814.0,14.5,74.0
51163,131,17.6,16.5,16.0,13.5,844.0,12.9,77.0
52063,131,17.6,16.5,16.0,13.3,258.0,14.5,77.0
52963,131,17.6,16.5,16.0,13.3,761.0,12.9,77.0
53863,131,17.6,16.5,16.0,13.5,673.0,8.0,76.0
54763,131,17.6,16.5,16.0,13.4,747.0,6.4,78.0
55663,131,17.6,16.5,16.0,13.3,636.0,9.7,79.0
56563,131,17.6,16.5,16.0,13.7,694.0,8.0,78.0
57463,131,17.6,16.5,16.0,13.7,628.0,6.4,78.0
58363,131,17.6,16.5,16.0,14.1,599.0,6.4,74.0
59263,131,17.6,16.5,16.0,15.0,561.0,9.7,70.0
60163,131,17.6,16.5,16.0,15.6,557.0,8.0,67.0
61063,131,17.6,16.5,16.0,16.4,526.0,6.4,57.0
61963,131,17.6,16.5,16.0,17.2,504.0,12.9,48.0
62863,131,17.6,16.5,16.0,17.2,457.0,19.3,42.0
63763,131,17.6,16.580882352941178,16.088235294117645,16.8,425.0,22.5,41.0
64663,131,17.6,16.5,16.0,16.5,346.0,20.9,42.0
65563,131,17.6,16.5,16.0,15.8,79.0,17.7,43.0
66463,131,17.6,16.5,16.0,15.2,62.0,17.7,47.0
67363,131,17.6,16.5,16.0,14.8,67.0,17.7,49.0
68263,131,17.5955223880597,16.5,16.0,14.2,79.0,17.7,52.0
69163,131,17.501538461538463,16.5,16.0,13.8,65.0,20.9,55.0
70063,131,17.5,16.5,16.0,13.3,77.0,17.7,58.0
70963,131,17.5,16.5,16.0,13.0,72.0,19.3,62.0
71863,131,17.5,16.5,16.0,12.4,42.0,17.7,66.0
72763,131,17.5,16.5,16.0,12.2,32.0,16.1,68.0
73663,131,17.5,16.5,16.0,11.6,18.0,16.1,70.0
74563,131,17.5,16.5,16.0,11.3,11.0,17.7,71.0
75463,131,17.498529411764707,16.5,16.0,10.8,5.0,16.1,73.0
76363,131,17.4,16.5,16.0,10.5,0.0,20.9,74.0
77263,131,17.4,16.5,16.0,10.2,0.0,19.3,75.0
78163,131,17.31969696969697,16.5,16.0,10.1,0.0,19.3,75.0
79063,131,18.54057971014493,17.12121212121212,16.619696969696967,9.6,0.0,17.7,77.0
79963,131,18.767567567567568,17.357142857142858,16.701428571428572,9.4,0.0,16.1,77.0
80863,131,18.3,17.0,16.5,9.8,0.0,19.3,74.0
81763,131,17.98955223880597,17.0,16.323529411764707,9.8,0.0,19.3,73.0
82663,131,17.74848484848485,17.0,16.3,9.7,0.0,20.9,71.0
83563,131,17.63478260869565,17.0,16.3,9.7,0.0,22.5,70.0
84463,131,17.526865671641794,17.0,16.3,9.7,0.0,19.3,70.0
85363,131,17.45967741935484,16.955223880597014,16.170149253731346,9.6,0.0,20.9,69.0
86263,131,17.4,16.553846153846155,16.0,9.3,0.0,22.5,70.0
763,132,17.36060606060606,16.5,16.0,9.0,0.0,19.3,71.0
1663,132,17.3,16.5,16.0,8.3,0.0,16.1,73.0
2563,132,17.3,16.5,16.0,8.2,0.0,17.7,72.0
3463,132,17.24255319148936,16.5,16.0,7.9,0.0,14.5,72.0
4363,132,17.2,16.5,16.0,7.9,0.0,12.9,72.0
5263,132,17.2,16.5,15.857971014492753,7.8,0.0,14.5,73.0
6163,132,17.15,16.5,15.803333333333333,7.6,0.0,14.5,76.0
7063,132,17.1,16.5,15.8,7.0,0.0,14.5,81.0
7963,132,17.1,16.5,15.8,6.8,0.0,12.9,82.0
8863,132,17.082089552238806,16.5,15.8,6.4,0.0,8.0,82.0
9763,132,17.0,16.5,15.8,5.8,0.0,6.4,85.0
10663,132,17.0,16.5,15.8,5.7,0.0,11.3,87.0
11563,132,17.0,16.5,15.8,5.2,0.0,11.3,89.0
12463,132,16.963768115942027,16.5,15.76818181818182,4.9,0.0,11.3,92.0
13363,132,16.9,16.5,15.541538461538462,4.9,0.0,9.7,92.0
14263,132,16.9,16.5,15.5,5.2,0.0,9.7,93.0
15163,132,16.9,16.5,15.5,5.3,0.0,6.4,93.0
16063,132,16.9,16.49206349206349,15.5,5.4,0.0,6.4,93.0
16963,132,16.891304347826086,16.38095238095238,15.5,5.6,0.0,8.0,93.0
17863,132,16.804545454545455,17.856060606060606,16.03636363636364,5.8,0.0,8.0,92.0
18763,132,17.134328358208954,50.25735294117647,44.09117647058824,5.9,0.0,6.4,92.0
19663,132,18.24179104477612,54.527777777777786,52.458333333333336,6.1,14.0,11.3,91.0
20563,132,19.09491525423729,55.91666666666666,53.5,6.3,19.0,12.9,90.0
21463,132,19.753731343283583,55.26811594202898,52.74057971014493,6.6,19.0,11.3,90.0
22363,132,20.302985074626868,55.338235294117645,52.81911764705883,6.7,14.0,11.3,90.0
23263,132,20.877777777777776,43.48550724637681,41.06956521739131,7.0,42.0,9.7,90.0
24163,132,21.0484375,51.17741935483871,48.72903225806452,7.1,36.0,9.7,90.0
25063,132,20.974242424242423,33.675,31.755000000000003,7.4,74.0,12.9,90.0
25963,132,20.79206349206349,25.666666666666668,24.933333333333334,7.8,109.0,9.7,90.0
26863,132,20.50163934426229,22.303030303030305,21.725757575757576,8.1,67.0,14.5,89.0
27763,132,20.144230769230766,20.516949152542374,19.984745762711864,8.2,74.0,14.5,89.0
28663,132,19.880357142857143,19.50877192982456,18.97017543859649,8.4,104.0,11.3,89.0
29563,132,19.586440677966102,18.82,18.316,8.7,132.0,12.9,88.0
30463,132,19.32950819672132,18.38135593220339,17.867796610169492,8.9,107.0,11.3,87.0
31363,132,19.10454545454545,18.0,17.523880597014927,9.1,126.0,12.9,87.0
32263,132,18.88125,17.806451612903224,17.303225806451614,9.6,241.0,11.3,85.0
33163,132,18.67833333333333,17.5,17.095,10.1,221.0,11.3,83.0
34063,132,18.595384615384614,17.5,17.0,9.9,193.0,12.9,83.0
34963,132,18.5,17.5,16.93,10.4,255.0,11.3,82.0
35863,132,18.425806451612903,17.5,16.8,10.8,295.0,12.9,84.0
36763,132,18.4,17.5,16.8,10.7,244.0,11.3,85.0
37663,132,18.306896551724137,17.21875,16.8,10.5,311.0,12.9,87.0
38563,132,18.3,17.0,16.66271186440678,11.3,721.0,12.9,85.0
39463,132,18.23333333333333,17.0,16.5,11.6,383.0,16.1,81.0
40363,132,18.2,17.0,16.5,11.6,294.0,14.5,82.0
41263,132,18.2,17.0,16.5,10.9,165.0,14.5,84.0
42163,132,18.2,17.0,16.5,10.6,226.0,14.5,86.0
43063,132,18.2,17.0,16.5,10.9,244.0,12.9,86.0
43963,132,18.19122807017544,17.0,16.5,11.2,791.0,14.5,86.0
44863,132,18.106666666666666,17.0,16.5,12.7,803.0,14.5,81.0
45763,132,18.1,17.0,16.48032786885246,12.4,801.0,14.5,81.0
46663,132,18.1,17.0,16.33125,12.4,260.0,17.7,79.0
47563,132,18.1,17.0,16.3,11.8,304.0,17.7,81.0
48463,132,18.1,17.0,16.3,11.5,225.0,17.7,83.0
49363,132,18.1,17.0,16.3,11.1,404.0,14.5,85.0
50263,132,18.1,17.0,16.3,12.3,949.0,17.7,83.0
51163,132,18.093333333333334,17.0,16.3,11.7,248.0,17.7,82.0
52063,132,18.011475409836066,17.0,16.3,11.0,220.0,12.9,85.0
52963,132,18.0,17.0,16.3,10.6,126.0,11.3,87.0
53863,132,18.0,17.0,16.3,10.4,135.0,9.7,88.0
54763,132,18.0,17.0,16.3,10.4,183.0,12.9,88.0
55663,132,17.96875,17.0,16.3,10.7,315.0,16.1,88.0
56563,132,17.9,17.0,16.3,10.8,193.0,12.9,88.0
57463,132,17.898387096774194,17.0,16.3,10.4,172.0,11.3,88.0
58363,132,17.80161290322581,17.0,16.295238095238098,10.5,144.0,12.9,88.0
59263,132,17.8,17.0,16.1734375,10.3,128.0,14.5,89.0
60163,132,17.72258064516129,16.99206349206349,16.01904761904762,10.4,139.0,12.9,89.0
61063,132,17.7,16.933333333333334,16.0,10.4,146.0,12.9,90.0
61963,132,17.69298245614035,16.89655172413793,16.087931034482757,10.2,77.0,12.9,90.0
62863,132,17.60153846153846,16.879032258064516,16.004838709677422,9.5,56.0,14.5,93.0
63763,132,17.6,16.64406779661017,16.0,9.4,53.0,11.3,93.0
64663,132,17.6,16.985507246376812,16.02173913043478,9.3,42.0,9.7,94.0
65563,132,17.6,16.835714285714285,16.0,9.2,28.0,11.3,94.0
66463,132,17.59852941176471,16.543478260869566,16.0,9.1,25.0,9.7,95.0
67363,132,17.502985074626867,16.5,16.0,8.9,22.0,8.0,95.0
68263,132,17.5,16.5,16.0,8.8,18.0,11.3,96.0
69163,132,17.5,16.5,16.0,8.8,18.0,8.0,96.0
70063,132,17.43857142857143,16.5,15.894444444444446,8.8,23.0,14.5,96.0
70963,132,17.4,16.5,15.985294117647058,8.8,19.0,9.7,97.0
71863,132,17.4,16.5,15.803703703703704,8.7,5.0,9.7,97.0
72763,132,17.4,16.5,15.824137931034482,8.7,0.0,8.0,97.0
73663,132,17.385185185185186,16.5,15.867796610169492,8.6,5.0,8.0,97.0
74563,132,17.3,16.5,15.8,8.6,0.0,9.7,97.0
75463,132,17.3,16.5,15.8,8.6,0.0,11.3,97.0
76363,132,17.3,16.5,15.8,8.6,0.0,9.7,97.0
77263,132,17.2044776119403,16.5,15.8,8.5,0.0,9.7,97.0
78163,132,17.2,16.5,15.8,8.4,0.0,11.3,97.0
79063,132,17.2,16.5,15.8,8.4,0.0,9.7,98.0
79963,132,17.2,16.5,15.8,8.5,0.0,8.0,98.0
80863,132,17.2,16.5,15.8,8.4,0.0,9.7,98.0
81763,132,17.247222222222224,16.5,15.8,8.4,0.0,8.0,98.0
82663,132,17.211290322580645,16.5,15.8,8.4,0.0,9.7,98.0
83563,132,17.2,16.5,15.8,8.4,0.0,8.0,98.0
84463,132,17.2,16.5,15.8,8.4,0.0,9.7,98.0
85363,132,17.10857142857143,16.5,15.8,8.4,0.0,8.0,98.0
86263,132,17.1,16.5,15.8,8.4,0.0,6.4,98.0
763,133,17.1,16.5,15.8,8.4,0.0,8.0,98.0
1663,133,17.077272727272728,16.5,15.8,8.4,0.0,8.0,98.0
2563,133,17.0,16.5,15.8,8.4,0.0,8.0,98.0
3463,133,17.0,16.5,15.8,8.4,0.0,4.8,98.0
4363,133,17.0,16.5,15.8,8.4,0.0,4.8,98.0
5263,133,17.0,16.5,15.77391304347826,8.4,0.0,4.8,98.0
6163,133,16.9484375,16.5,15.6,8.5,0.0,4.8,98.0
7063,133,16.9,16.5,15.52173913043478,8.6,0.0,3.2,98.0
7963,133,16.9,16.5,15.5,8.6,0.0,3.2,98.0
8863,133,16.9,16.492307692307694,15.5,8.6,0.0,4.8,98.0
9763,133,16.9,16.391304347826086,15.5,8.6,0.0,1.6,98.0
10663,133,16.9,16.18181818181818,15.5,8.6,0.0,3.2,98.0
11563,133,16.863636363636363,16.0,15.5,8.6,0.0,4.8,98.0
12463,133,16.8,16.007575757575758,15.5,8.6,0.0,3.2,99.0
13363,133,16.8,16.0,15.5,8.7,0.0,4.8,99.0
14263,133,16.8,16.0,15.5,8.7,0.0,4.8,99.0
15163,133,16.8,16.0,15.5,8.7,0.0,4.8,99.0
16063,133,16.8,16.0,15.5,8.7,0.0,3.2,99.0
16963,133,16.8,16.0,15.5,8.7,0.0,3.2,99.0
17863,133,16.742028985507247,16.0,15.5,8.7,0.0,4.8,99.0
18763,133,16.7,16.0,15.5,8.7,0.0,4.8,99.0
19663,133,16.7,16.0,15.5,8.7,5.0,6.4,99.0
20563,133,16.794117647058822,36.45384615384616,30.14307692307692,8.7,9.0,4.8,99.0
21463,133,17.535820895522388,35.01470588235294,34.00147058823529,8.7,14.0,4.8,99.0
22363,133,17.90952380952381,25.096774193548388,24.2241935483871,8.8,12.0,4.8,99.0
23263,133,18.137878787878787,21.713235294117645,21.54705882352941,8.8,11.0,4.8,99.0
24163,133,18.17258064516129,19.96825396825397,19.94761904761905,8.8,13.0,4.8,99.0
25063,133,17.97241379310345,18.442622950819672,18.74590163934426,8.8,33.0,4.8,99.0
25963,133,17.724561403508773,24.03174603174603,21.773015873015872,8.8,28.0,6.4,99.0
26863,133,17.6,27.830645161290324,26.827419354838707,8.9,32.0,6.4,99.0
27763,133,17.641538461538463,43.1,38.69166666666667,9.0,23.0,6.4,99.0
28663,133,18.23880597014925,43.67213114754098,41.02950819672131,8.9,28.0,6.4,99.0
29563,133,18.670491803278686,29.166666666666668,27.34126984126984,9.0,62.0,4.8,99.0
30463,133,18.791489361702126,23.452830188679247,22.45094339622641,9.2,107.0,4.8,99.0
31363,133,18.69855072463768,20.65671641791045,19.97164179104477,9.4,72.0,4.8,99.0
32263,133,18.5734375,19.44776119402985,19.23134328358209,9.7,167.0,3.2,99.0
33163,133,18.47611940298508,18.57692307692308,18.72615384615385,9.8,95.0,4.8,99.0
34063,133,18.22898550724637,18.56060606060606,19.0,9.6,63.0,3.2,99.0
34963,133,18.0,17.80597014925373,17.6044776119403,9.7,91.0,3.2,99.0
35863,133,17.6875,17.268115942028984,16.91014492753623,9.8,104.0,3.2,99.0
36763,133,17.275362318840582,16.68181818181818,16.412121212121214,9.9,120.0,4.8,99.0
37663,133,16.611764705882354,16.257575757575758,15.75909090909091,10.1,86.0,4.8,99.0
38563,133,16.123076923076923,15.992307692307694,15.333846153846151,10.2,95.0,4.8,99.0
39463,133,15.965384615384616,15.925925925925927,15.17962962962963,10.5,144.0,4.8,99.0
40363,133,16.38235294117647,16.0,15.5,10.8,272.0,4.8,99.0
41263,133,16.568115942028985,16.0,15.5,11.2,251.0,6.4,98.0
42163,133,16.6890625,16.0,15.5,10.9,178.0,8.0,98.0
43063,133,16.773529411764706,16.0,15.5,10.8,279.0,6.4,98.0
43963,133,16.8,16.0,15.5,11.3,450.0,8.0,98.0
44863,133,16.898507462686567,16.007692307692306,15.5,12.2,323.0,8.0,98.0
45763,133,16.940298507462686,16.21212121212121,15.5,11.9,47.0,6.4,97.0
46663,133,17.01044776119403,16.49264705882353,15.755882352941176,11.9,195.0,12.9,97.0
47563,133,17.1,19.907692307692308,17.28923076923077,11.6,311.0,20.9,95.0
48463,133,17.37272727272727,51.05882352941176,45.09852941176471,11.8,262.0,24.1,93.0
49363,133,18.35217391304348,55.57142857142857,52.77714285714286,12.2,369.0,20.9,94.0
50263,133,19.1828125,56.09848484848485,53.4,12.7,260.0,24.1,90.0
51163,133,19.75735294117647,53.5820895522388,52.08656716417911,12.3,248.0,25.7,87.0
52063,133,20.161764705882355,55.231884057971016,52.33188405797101,12.3,288.0,24.1,87.0
52963,133,20.470967741935485,44.71875,41.25625,12.6,372.0,27.4,88.0
53863,133,20.521538461538466,46.47727272727273,43.60757575757576,12.7,294.0,29.0,84.0
54763,133,20.6375,38.86923076923077,36.22307692307693,12.2,248.0,35.4,81.0
55663,133,20.574242424242424,27.36290322580645,25.67096774193548,12.2,301.0,35.4,81.0
56563,133,20.4296875,23.15909090909091,22.077272727272728,13.2,745.0,33.8,79.0
57463,133,20.14923076923077,21.05128205128205,20.084615384615383,11.8,181.0,32.2,82.0
58363,133,19.83384615384616,19.5,18.831818181818186,11.7,366.0,35.4,84.0
59263,133,19.55217391304348,18.68548387096774,17.98548387096774,12.6,232.0,35.4,80.0
60163,133,19.4,19.09848484848485,18.80454545454545,12.5,756.0,32.2,80.0
61063,133,19.49047619047619,47.26724137931034,41.37931034482759,12.2,313.0,25.7,80.0
61963,133,20.15373134328358,56.1640625,53.209375,12.1,225.0,27.4,80.0
62863,133,20.62833333333333,56.76190476190476,54.125396825396834,11.9,132.0,30.6,79.0
63763,133,21.003389830508475,57.06779661016949,54.35762711864406,11.8,112.0,30.6,80.0
64663,133,21.34426229508197,57.16935483870968,54.55,11.9,79.0,30.6,80.0
65563,133,21.6015625,56.57142857142857,54.2,12.1,58.0,32.2,80.0
66463,133,21.811666666666667,56.52380952380952,53.93809523809525,12.1,51.0,22.5,81.0
67363,133,21.96451612903226,54.8859649122807,52.40175438596491,12.1,49.0,20.9,81.0
68263,133,22.12941176470588,54.275,52.10666666666667,12.2,30.0,24.1,81.0
69163,133,22.24838709677419,56.79230769230769,54.232307692307685,12.2,42.0,19.3,81.0
70063,133,22.4,50.52272727272727,47.99393939393939,12.4,79.0,22.5,82.0
70963,133,22.545454545454547,55.08196721311475,51.43934426229508,12.5,74.0,25.7,81.0
71863,133,22.87692307692308,56.669117647058826,52.38235294117648,12.3,37.0,22.5,83.0
72763,133,23.1,46.9758064516129,43.76290322580645,12.0,42.0,22.5,83.0
73663,133,22.928571428571427,31.835820895522385,29.840298507462688,11.8,30.0,24.1,83.0
74563,133,22.488888888888887,25.253846153846155,24.044615384615383,11.9,25.0,25.7,83.0
75463,133,22.047619047619047,22.545454545454547,21.366666666666667,11.7,9.0,22.5,84.0
76363,133,21.635294117647057,20.980392156862745,20.066666666666663,11.6,0.0,27.4,83.0
77263,133,21.28,20.1625,19.375,11.4,0.0,22.5,83.0
78163,133,20.937254901960785,19.55681818181818,18.904545454545453,11.3,0.0,20.9,83.0
79063,133,20.702272727272728,19.2375,18.575,11.1,0.0,19.3,82.0
79963,133,20.50754716981132,19.0,18.32758620689655,11.2,0.0,20.9,79.0
80863,133,20.31929824561404,18.815384615384616,18.09692307692308,11.3,0.0,22.5,76.0
81763,133,20.153125,18.6231884057971,18.22173913043478,11.4,0.0,24.1,75.0
82663,133,20.0072463768116,18.5,18.02878787878788,11.3,0.0,22.5,73.0
83563,133,19.86029411764705,18.5,17.8,11.3,0.0,24.1,73.0
84463,133,19.733823529411765,18.485714285714288,17.63285714285714,11.4,0.0,19.3,74.0
85363,133,19.633333333333333,18.06818181818182,17.5,11.5,0.0,17.7,73.0
86263,133,19.52647058823529,18.0,17.5,10.9,0.0,4.8,77.0
763,134,19.46716417910448,18.02238805970149,17.48955223880597,10.6,0.0,1.6,78.0
1663,134,19.5,18.338461538461537,17.740000000000002,10.7,0.0,6.4,77.0
2563,134,19.5,18.0,17.5,10.8,0.0,8.0,78.0
3463,134,19.481159420289856,18.0,17.5,10.9,0.0,11.3,78.0
4363,134,19.4,18.0,17.44857142857143,10.7,0.0,6.4,79.0
5263,134,19.36029411764705,18.0,17.3,10.6,0.0,6.4,78.0
6163,134,19.3,18.0,17.3,10.7,0.0,8.0,78.0
7063,134,19.24179104477612,18.0,17.3,10.7,0.0,11.3,78.0
7963,134,19.2,18.0,17.3,10.7,0.0,6.4,79.0
8863,134,19.14142857142857,18.0,17.3,10.7,0.0,11.3,79.0
9763,134,19.1,18.0,17.285714285714285,10.7,0.0,9.7,80.0
10663,134,19.045454545454547,18.0,17.05217391304348,10.8,0.0,11.3,82.0
11563,134,19.0,18.0,17.0,10.8,0.0,11.3,82.0
12463,134,19.0,18.0,17.0,10.8,0.0,11.3,83.0
13363,134,18.95,17.806451612903224,17.0,10.8,0.0,8.0,83.0
14263,134,18.9,17.55223880597015,17.0,10.8,0.0,14.5,84.0
15163,134,18.9,17.50862068965517,17.0,10.8,0.0,11.3,85.0
16063,134,18.870149253731345,17.5,17.0,10.8,0.0,9.7,86.0
16963,134,18.8,17.5,17.0,10.9,0.0,14.5,86.0
17863,134,18.8,17.5,17.0,10.9,0.0,16.1,86.0
18763,134,18.767123287671232,17.5,16.996969696969696,10.8,0.0,19.3,83.0
19663,134,18.7,17.5,16.97910447761194,10.4,0.0,14.5,84.0
20563,134,18.7,17.5,16.873529411764707,10.1,7.0,19.3,84.0
21463,134,18.7,17.5,16.808955223880595,9.8,28.0,19.3,84.0
22363,134,18.7,17.5,16.83235294117647,9.9,58.0,20.9,83.0
23263,134,18.7,17.5,17.0,10.1,69.0,22.5,83.0
24163,134,18.7,17.5,17.0,10.1,67.0,24.1,83.0
25063,134,18.77741935483871,17.523809523809526,17.004761904761903,9.9,79.0,22.5,84.0
25963,134,18.9,18.0,17.208695652173912,9.9,109.0,22.5,84.0
26863,134,18.9,17.51492537313433,16.99402985074627,10.1,111.0,20.9,82.0
27763,134,18.9,17.5,16.811764705882354,10.1,117.0,19.3,81.0
28663,134,18.863013698630137,17.5,16.8,10.3,167.0,20.9,80.0
29563,134,18.8,17.5,16.8,10.6,178.0,20.9,79.0
30463,134,18.8,17.5,16.8,10.7,174.0,20.9,79.0
31363,134,18.8,17.5,16.8,10.6,146.0,22.5,80.0
32263,134,18.74861111111111,17.5,16.8,10.6,169.0,19.3,81.0
33163,134,18.8,17.5,16.8,10.7,236.0,17.7,80.0
34063,134,18.8,17.5,16.8,11.2,258.0,14.5,79.0
34963,134,18.8,17.5,16.8,12.1,381.0,19.3,75.0
35863,134,18.8,17.5,16.8,12.6,733.0,19.3,74.0
36763,134,18.72941176470588,17.5,16.8,13.2,661.0,20.9,71.0
37663,134,18.7,17.5,16.8,13.2,225.0,19.3,67.0
38563,134,18.7,17.5,16.8,12.6,104.0,16.1,70.0
39463,134,18.7,17.5,16.8,13.1,838.0,17.7,67.0
40363,134,18.7,17.5,16.80289855072464,13.7,1002.0,19.3,63.0
41263,134,18.6375,17.5,16.8,15.0,800.0,17.7,65.0
42163,134,18.6,17.5,16.645454545454548,14.4,469.0,20.9,59.0
43063,134,18.506666666666668,17.5,16.8,14.2,935.0,19.3,61.0
43963,134,18.5,17.5,16.8,14.4,172.0,19.3,58.0
44863,134,18.5,17.5,16.633333333333333,14.7,875.0,24.1,59.0
45763,134,18.457971014492752,17.5,16.8,15.2,879.0,22.5,53.0
46663,134,18.357627118644068,17.5,16.7,15.6,889.0,24.1,56.0
47563,134,18.2955223880597,17.34328358208955,16.5,16.0,858.0,20.9,54.0
48463,134,18.2,17.03787878787879,16.5,16.2,863.0,19.3,53.0
49363,134,18.19538461538461,17.009090909090908,16.5,15.9,944.0,20.9,50.0
50263,134,18.144117647058824,17.26153846153846,16.592307692307692,15.6,163.0,19.3,52.0
51163,134,18.21969696969697,17.5,16.65967741935484,15.4,207.0,17.7,53.0
52063,134,18.3,17.5,16.586956521739133,15.8,176.0,17.7,53.0
52963,134,18.3,17.415384615384617,16.5,16.1,767.0,19.3,52.0
53863,134,18.3,17.13768115942029,16.5,16.1,271.0,16.1,53.0
54763,134,18.3,17.00793650793651,16.5,16.2,824.0,19.3,51.0
55663,134,18.3,17.0,16.5,16.4,758.0,25.7,47.0
56563,134,18.313698630136987,17.276923076923076,16.62923076923077,15.9,773.0,20.9,52.0
57463,134,18.371428571428574,17.5,16.54153846153846,16.2,712.0,14.5,52.0
58363,134,18.363492063492064,17.09848484848485,16.5,16.5,257.0,19.3,51.0
59263,134,18.49253731343284,17.073529411764707,16.5,15.7,190.0,20.9,51.0
60163,134,18.486153846153847,17.0390625,16.5,16.4,759.0,17.7,54.0
61063,134,18.51159420289855,17.266129032258064,16.5,16.2,248.0,17.7,51.0
61963,134,18.580882352941178,17.46153846153846,16.587692307692308,16.1,656.0,19.3,52.0
62863,134,18.519718309859154,17.5,16.76865671641791,15.7,134.0,19.3,50.0
63763,134,18.5,17.5,16.8,16.2,446.0,19.3,49.0
64663,134,18.42,17.5,16.8,16.0,401.0,20.9,48.0
65563,134,18.38888888888889,17.5,16.8,15.6,390.0,20.9,51.0
66463,134,18.162318840579708,17.5,16.53636363636364,14.4,383.0,17.7,54.0
67363,134,17.95294117647059,17.2,16.5,14.9,287.0,24.1,52.0
68263,134,17.775757575757574,17.0,16.5,15.1,265.0,20.9,54.0
69163,134,17.601639344262296,17.0,16.5,14.8,200.0,20.9,55.0
70063,134,17.42173913043478,17.0,16.4875,14.4,153.0,17.7,55.0
70963,134,17.26818181818182,17.0,16.30923076923077,14.2,141.0,19.3,57.0
71863,134,17.47230769230769,17.0,16.3,13.2,37.0,20.9,59.0
72763,134,18.626153846153848,17.12878787878788,16.51818181818182,12.7,18.0,16.1,66.0
73663,134,20.361290322580647,17.555555555555554,16.974074074074075,12.2,32.0,19.3,68.0
74563,134,19.615,17.5,16.8,12.0,30.0,19.3,69.0
75463,134,19.13448275862069,17.5,16.8,11.6,9.0,22.5,71.0
76363,134,18.7013698630137,17.5,16.759701492537314,11.5,7.0,19.3,73.0
77263,134,18.403076923076924,17.5,16.571428571428573,11.3,0.0,19.3,75.0
78163,134,18.13230769230769,17.5,16.66271186440678,11.2,0.0,17.7,77.0
79063,134,18.001492537313432,17.5,16.544117647058822,11.0,0.0,19.3,78.0
79963,134,17.94375,17.36764705882353,16.5,10.8,0.0,16.1,79.0
80863,134,17.9,17.0234375,16.5,10.7,0.0,19.3,80.0
81763,134,17.9,17.0,16.5,10.3,0.0,24.1,81.0
82663,134,17.9,17.0,16.5,10.3,0.0,24.1,81.0
83563,134,17.97910447761194,17.413793103448278,16.618965517241378,10.2,0.0,25.7,82.0
84463,134,18.0,17.361538461538462,16.5,10.2,0.0,30.6,81.0
85363,134,18.080882352941178,17.03030303030303,16.5,10.1,0.0,27.4,82.0
86263,134,18.1,17.0,16.5,10.1,0.0,22.5,82.0
763,135,18.1,17.0,16.5,10.2,0.0,24.1,82.0
1663,135,18.08484848484849,17.0,16.5,10.3,0.0,25.7,82.0
2563,135,18.0,17.0,16.5,10.4,0.0,27.4,82.0
3463,135,18.0,17.0,16.5,10.3,0.0,22.5,82.0
4363,135,18.0,17.0,16.5,10.3,0.0,22.5,82.0
5263,135,18.0,17.0,16.5,10.4,0.0,24.1,82.0
6163,135,,,,10.4,0.0,22.5,82.0
7063,135,,,,10.4,0.0,19.3,82.0
7963,135,,,,10.3,0.0,19.3,82.0
8863,135,,,,10.1,0.0,16.1,83.0
9763,135,,,,10.2,0.0,19.3,79.0
10663,135,,,,9.9,0.0,11.3,81.0
11563,135,,,,9.6,0.0,12.9,81.0
12463,135,,,,9.7,0.0,12.9,80.0
13363,135,,,,9.7,0.0,11.3,81.0
14263,135,,,,9.6,0.0,8.0,82.0
15163,135,,,,9.5,0.0,6.4,82.0
16063,135,,,,9.4,0.0,3.2,81.0
16963,135,,,,9.4,0.0,3.2,81.0
17863,135,,,,9.3,0.0,3.2,81.0
18763,135,17.8,17.0,16.3,9.2,0.0,3.2,82.0
19663,135,17.759090909090908,17.0,16.3,9.2,0.0,6.4,81.0
20563,135,17.7,17.0,16.3,9.2,2.0,9.7,81.0
21463,135,17.7,17.0,16.3,9.3,11.0,12.9,79.0
22363,135,17.7,17.0,16.3,9.2,16.0,16.1,80.0
23263,135,17.7,17.0,16.336666666666666,9.8,21.0,19.3,79.0
24163,135,18.596875,17.08730158730159,16.568253968253966,10.0,23.0,17.7,77.0
25063,135,18.693846153846152,17.5,16.833333333333336,10.1,37.0,14.5,76.0
25963,135,18.4,17.5,16.901754385964914,10.2,43.0,14.5,77.0
26863,135,18.357142857142858,17.5,16.68,10.3,56.0,19.3,76.0
27763,135,18.23636363636364,17.147058823529413,16.5,10.0,67.0,19.3,80.0
28663,135,18.11515151515152,17.0,16.5,9.4,53.0,19.3,85.0
29563,135,18.001492537313432,17.0,16.5,9.2,49.0,22.5,87.0
30463,135,17.909375,17.0,16.428358208955224,9.0,51.0,17.7,89.0
31363,135,17.825757575757574,17.0,16.3,8.8,51.0,16.1,89.0
32263,135,17.8,17.0,16.3,8.7,70.0,17.7,90.0
33163,135,17.729850746268657,17.0,16.3,8.6,60.0,20.9,91.0
34063,135,17.7,17.0,16.3,8.8,79.0,27.4,92.0
34963,135,17.7,17.0,16.3,9.0,95.0,30.6,93.0
35863,135,17.65,17.0,16.3,9.2,107.0,29.0,93.0
36763,135,17.6,17.0,16.3,9.3,91.0,27.4,94.0
37663,135,17.6,17.0,16.3,9.5,102.0,25.7,94.0
38563,135,17.6,17.0,16.3,9.6,113.0,25.7,94.0
39463,135,17.6,17.0,16.3,10.0,111.0,17.7,96.0
40363,135,17.6,17.0,16.3,10.1,118.0,25.7,95.0
41263,135,17.6,17.0,16.3,10.3,155.0,24.1,95.0
42163,135,17.6,17.0,16.3,10.8,169.0,25.7,95.0
43063,135,17.6,17.0,16.3,11.1,149.0,22.5,94.0
43963,135,17.6,17.0,16.3,11.3,176.0,24.1,94.0
44863,135,17.6,17.0,16.3,11.6,174.0,20.9,94.0
45763,135,17.6,17.0,16.3,11.9,146.0,24.1,93.0
46663,135,17.6,16.992307692307694,16.290769230769232,12.2,121.0,25.7,93.0
47563,135,17.6,16.96969696969697,16.263636363636362,12.6,160.0,29.0,91.0
48463,135,17.6,16.93846153846154,16.253846153846155,12.9,207.0,27.4,91.0
49363,135,17.6,16.83076923076923,16.119999999999997,13.0,188.0,32.2,90.0
50263,135,17.6,16.690140845070424,16.050704225352113,13.2,186.0,33.8,89.0
51163,135,17.6,16.59285714285714,16.025714285714287,13.4,211.0,37.0,89.0
52063,135,17.6,16.625,16.110294117647058,13.7,172.0,35.4,87.0
52963,135,17.6,16.879032258064516,16.2758064516129,13.9,202.0,27.4,88.0
53863,135,17.6,16.93181818181818,16.295454545454547,14.1,188.0,30.6,88.0
54763,135,17.6,16.889705882352942,16.291176470588233,14.2,158.0,33.8,87.0
55663,135,17.6,16.818840579710145,16.286956521739132,14.7,339.0,33.8,87.0
56563,135,17.6,16.813432835820898,16.286567164179104,14.9,380.0,33.8,86.0
57463,135,17.6,16.661764705882355,16.24264705882353,15.1,283.0,30.6,85.0
58363,135,17.6,16.575757575757574,16.12272727272727,14.9,262.0,35.4,85.0
59263,135,17.6,16.65942028985507,16.104347826086958,14.9,315.0,32.2,85.0
60163,135,17.6,16.893939393939394,16.295454545454547,15.1,403.0,33.8,85.0
61063,135,17.6,16.912280701754387,16.263157894736842,14.6,237.0,32.2,87.0
61963,135,17.6,16.90151515151515,16.21818181818182,14.3,148.0,35.4,89.0
62863,135,17.6,16.772727272727273,16.009090909090908,14.1,165.0,27.4,91.0
63763,135,17.6,16.62121212121212,16.0,14.2,143.0,27.4,90.0
64663,135,17.6,16.8768115942029,16.22608695652174,14.3,156.0,32.2,88.0
65563,135,17.6,17.0,16.3,14.4,197.0,32.2,89.0
66463,135,17.6,16.975,16.3,14.4,165.0,27.4,88.0
67363,135,17.6,16.75423728813559,16.289830508474576,15.1,345.0,29.0,86.0
68263,135,17.6,16.57258064516129,16.208064516129035,14.6,114.0,27.4,86.0
69163,135,17.598245614035086,16.5,16.08048780487805,14.6,86.0,25.7,86.0
70063,135,17.509999999999998,16.5,16.013636363636362,14.7,174.0,25.7,86.0
70963,135,17.5,16.545454545454547,16.104545454545452,14.6,63.0,30.6,86.0
71863,135,17.5,16.85820895522388,16.2955223880597,14.2,49.0,29.0,88.0
72763,135,17.5,16.57462686567164,16.080597014925374,14.1,35.0,25.7,89.0
73663,135,17.5,16.5,16.0,13.8,23.0,27.4,90.0
74563,135,17.493939393939392,16.5,16.0,13.6,12.0,27.4,91.0
75463,135,17.492753623188406,16.5,16.0,13.4,9.0,27.4,92.0
76363,135,17.5,16.582089552238806,16.040298507462687,13.5,0.0,30.6,91.0
77263,135,17.51904761904762,16.84090909090909,16.204545454545453,13.4,0.0,33.8,90.0
78163,135,17.805714285714284,17.0,16.411764705882355,13.4,0.0,32.2,91.0
79063,135,17.93181818181818,17.0,16.42173913043478,13.4,0.0,30.6,91.0
79963,135,17.837142857142858,17.0,16.3,13.4,0.0,30.6,90.0
80863,135,17.795714285714286,17.0,16.11076923076923,13.8,0.0,30.6,88.0
81763,135,17.7,16.816176470588236,16.0,14.1,0.0,33.8,87.0
82663,135,17.7,16.5,16.0,13.7,0.0,30.6,89.0
83563,135,17.61911764705882,16.5,16.0,13.6,0.0,29.0,90.0
84463,135,17.6,16.5,16.0,13.4,0.0,27.4,90.0
85363,135,17.6,16.5,16.0,13.4,0.0,24.1,90.0
86263,135,17.545454545454547,16.5,16.0,13.6,0.0,27.4,90.0
763,136,17.5,16.5,16.0,13.6,0.0,27.4,90.0
1663,136,17.5,16.5,15.994285714285716,13.6,0.0,29.0,90.0
2563,136,17.5,16.5,15.996721311475408,13.4,0.0,30.6,90.0
3463,136,17.5,16.5,15.96470588235294,13.4,0.0,32.2,90.0
4363,136,17.5,16.5,15.970149253731345,13.3,0.0,35.4,91.0
5263,136,17.45671641791045,16.5,15.969696969696969,13.4,0.0,30.6,91.0
6163,136,17.4,16.5,15.885294117647058,13.5,0.0,29.0,91.0
7063,136,17.4,16.5,15.843333333333334,13.7,0.0,32.2,91.0
7963,136,17.4,16.5,15.82,13.3,0.0,32.2,93.0
8863,136,17.4,16.5,15.814705882352944,13.0,0.0,30.6,94.0
9763,136,17.4,16.5,15.814492753623188,13.0,0.0,27.4,94.0
10663,136,17.4,16.5,15.823880597014924,12.9,0.0,33.8,93.0
11563,136,17.4,16.5,15.808823529411764,12.8,0.0,32.2,93.0
12463,136,17.347142857142856,16.5,15.81764705882353,12.8,0.0,30.6,93.0
13363,136,17.4,16.5,16.0,13.2,0.0,33.8,91.0
14263,136,17.4,16.5,16.0,13.1,0.0,32.2,91.0
15163,136,17.4,16.5,16.0,12.8,0.0,33.8,92.0
16063,136,17.4,16.5,16.0,12.9,0.0,33.8,92.0
16963,136,17.490163934426228,16.96923076923077,16.267692307692307,12.8,0.0,30.6,92.0
17863,136,17.5,16.956521739130434,16.030434782608697,12.9,0.0,29.0,92.0
18763,136,17.5,16.71014492753623,16.0,13.0,5.0,33.8,92.0
19663,136,17.528358208955222,16.78787878787879,16.004545454545454,12.8,7.0,30.6,92.0
20563,136,17.613432835820895,16.956521739130434,16.0,12.8,14.0,29.0,92.0
21463,136,17.7,17.0,16.0,12.7,30.0,25.7,93.0
22363,136,17.71791044776119,16.96153846153846,16.01846153846154,12.8,46.0,32.2,92.0
23263,136,17.87121212121212,17.0,16.295714285714286,12.9,47.0,29.0,92.0
24163,136,17.975,17.0,16.3,13.2,62.0,30.6,91.0
25063,136,19.080327868852457,17.1,16.53,13.3,67.0,24.1,91.0
25963,136,18.50161290322581,17.0,16.5,13.4,65.0,29.0,90.0
26863,136,18.21159420289855,17.0,16.5,13.8,74.0,27.4,89.0
27763,136,18.17826086956521,17.0,16.437313432835822,14.1,92.0,24.1,89.0
28663,136,18.098550724637683,17.0,16.3,14.1,109.0,27.4,88.0
29563,136,18.004615384615384,17.0,16.3,14.3,98.0,24.1,88.0
30463,136,18.0,17.0,16.3,14.3,148.0,25.7,88.0
31363,136,17.918840579710142,17.0,16.3,14.2,179.0,25.7,88.0
32263,136,17.9,17.0,16.3,14.4,165.0,22.5,88.0
33163,136,17.9,17.0,16.3,14.8,230.0,25.7,87.0
34063,136,17.9,17.0,16.3,15.1,445.0,24.1,85.0
34963,136,17.983582089552236,17.0,16.3,15.4,410.0,24.1,84.0
35863,136,18.0,17.0,16.3,15.7,475.0,24.1,83.0
36763,136,18.0,17.0,16.3,15.8,700.0,27.4,84.0
37663,136,18.0,17.0,16.3,16.1,715.0,27.4,83.0
38563,136,18.0,17.0,16.3,16.3,415.0,22.5,82.0
39463,136,18.0,17.0,16.303076923076922,16.6,858.0,20.9,82.0
40363,136,18.0,17.0,16.305797101449276,16.8,714.0,20.9,80.0
41263,136,18.0,17.0,16.316129032258065,17.3,721.0,22.5,79.0
42163,136,18.0,17.0,16.371641791044777,16.7,367.0,19.3,80.0
43063,136,18.0,17.0,16.44,16.7,454.0,20.9,81.0
43963,136,18.0,17.0,16.49411764705882,16.6,417.0,25.7,81.0
44863,136,18.00655737704918,17.0,16.5,15.9,265.0,29.0,82.0
45763,136,18.00597014925373,17.0,16.5,15.4,311.0,29.0,84.0
46663,136,18.01044776119403,17.0,16.5,16.2,895.0,32.2,80.0
47563,136,18.016176470588235,17.0,16.5,16.0,243.0,30.6,80.0
48463,136,18.0968253968254,17.0,16.5,15.7,376.0,29.0,82.0
49363,136,18.1,17.0,16.5,16.7,860.0,27.4,80.0
50263,136,18.1,17.0,16.5,17.1,795.0,30.6,77.0
51163,136,18.1,17.0,16.5,17.4,853.0,27.4,75.0
52063,136,18.1,17.0,16.5,17.6,881.0,32.2,76.0
52963,136,18.1,17.0,16.5,17.0,926.0,32.2,76.0
53863,136,18.023333333333333,17.0,16.5,17.6,856.0,27.4,74.0
54763,136,18.0,17.0,16.5,18.1,958.0,27.4,73.0
55663,136,18.0,17.0,16.5,17.6,209.0,25.7,73.0
56563,136,18.0,17.0,16.5,17.3,624.0,30.6,74.0
57463,136,18.0,17.0,16.5,13.4,160.0,22.5,90.0
58363,136,18.03235294117647,17.0,16.5,12.9,183.0,20.9,91.0
59263,136,18.09705882352941,17.0,16.5,13.0,195.0,17.7,90.0
60163,136,18.1,17.0,16.5,13.4,248.0,17.7,87.0
61063,136,18.1,17.0,16.5,14.9,608.0,20.9,80.0
61963,136,18.1,17.00714285714286,16.5,15.3,536.0,22.5,75.0
62863,136,18.1,17.043478260869566,16.5,15.6,483.0,19.3,71.0
63763,136,18.1,17.328125,16.509375,16.0,471.0,16.1,70.0
64663,136,18.1,17.492753623188406,16.5,16.1,410.0,20.9,61.0
65563,136,18.1,17.463768115942027,16.5,16.1,385.0,20.9,62.0
66463,136,18.1,17.425925925925927,16.5,15.6,352.0,16.1,64.0
67363,136,18.1,17.46969696969697,16.563636363636363,16.2,308.0,16.1,61.0
68263,136,18.1,17.5,16.795454545454547,16.0,265.0,17.7,59.0
69163,136,18.068115942028985,17.492307692307694,16.546153846153846,15.7,221.0,17.7,58.0
70063,136,18.0,17.47058823529412,16.5,15.4,183.0,17.7,59.0
70963,136,18.0,17.186567164179102,16.5,15.2,159.0,17.7,59.0
71863,136,17.944117647058825,17.0,16.5,14.3,33.0,12.9,64.0
72763,136,17.9,17.0,16.5,13.9,26.0,6.4,67.0
73663,136,17.9,17.0,16.5,13.6,21.0,9.7,69.0
74563,136,17.866129032258065,17.0,16.5,13.2,18.0,12.9,70.0
75463,136,17.8,17.0,16.5,12.7,9.0,11.3,72.0
76363,136,17.8,17.0,16.347619047619048,12.4,5.0,9.7,73.0
77263,136,18.2089552238806,17.291044776119403,16.608955223880596,12.1,0.0,8.0,76.0
78163,136,19.22923076923077,17.5,16.846153846153847,11.8,0.0,11.3,75.0
79063,136,18.737313432835823,17.5,16.8,11.3,0.0,4.8,77.0
79963,136,18.469565217391303,17.5,16.79558823529412,11.0,0.0,3.2,80.0
80863,136,18.346969696969698,17.5,16.61076923076923,10.7,0.0,4.8,81.0
81763,136,18.22352941176471,17.5,16.561764705882354,10.3,0.0,4.8,82.0
82663,136,18.14444444444445,17.5,16.568571428571428,10.1,0.0,3.2,82.0
83563,136,18.08253968253968,17.5,16.513235294117646,9.9,0.0,1.6,82.0
84463,136,18.0,17.5,16.5,9.9,0.0,4.8,84.0
85363,136,17.965625,17.5,16.5,9.9,0.0,8.0,86.0
86263,136,17.9,17.5,16.5,10.6,0.0,11.3,86.0
763,137,17.9,17.48507462686567,16.5,10.8,0.0,11.3,85.0
1663,137,17.91267605633803,17.380597014925375,16.549253731343285,10.9,0.0,14.5,85.0
2563,137,17.96764705882353,17.5,16.58450704225352,11.2,0.0,14.5,86.0
3463,137,17.9,17.5,16.5,11.2,0.0,16.1,87.0
4363,137,17.892857142857142,17.477272727272727,16.5,11.1,0.0,17.7,87.0
5263,137,17.8,17.1796875,16.5,11.1,0.0,16.1,87.0
6163,137,17.8,17.014705882352942,16.5,10.9,0.0,19.3,87.0
7063,137,17.8,17.0,16.5,10.9,0.0,17.7,86.0
7963,137,17.8,17.007575757575758,16.5,10.8,0.0,20.9,85.0
8863,137,17.8,17.007575757575758,16.5,10.4,0.0,17.7,85.0
9763,137,17.8,17.0,16.5,10.2,0.0,14.5,85.0
10663,137,17.8,17.0,16.5,10.0,0.0,14.5,86.0
11563,137,17.8,17.0,16.5,9.7,0.0,14.5,86.0
12463,137,17.725757575757576,17.0,16.5,9.6,0.0,12.9,86.0
13363,137,17.7,17.0,16.5,9.4,0.0,12.9,84.0
14263,137,17.7,17.0,16.5,9.1,0.0,11.3,84.0
15163,137,17.7,17.0,16.5,8.9,0.0,11.3,84.0
16063,137,17.7,17.0,16.5,8.7,0.0,8.0,85.0
16963,137,17.7,17.0,16.5,8.4,0.0,4.8,85.0
17863,137,17.75245901639344,17.0,16.5,8.1,0.0,6.4,83.0
18763,137,17.8,17.0,16.5,8.2,5.0,6.4,83.0
19663,137,17.8,17.0,16.5,8.2,11.0,4.8,81.0
20563,137,17.747761194029852,17.0,16.5,8.7,16.0,9.7,77.0
21463,137,17.7,17.0,16.5,9.0,44.0,8.0,77.0
22363,137,17.748529411764707,17.0,16.5,9.3,30.0,8.0,73.0
23263,137,17.798507462686565,17.0,16.5,9.4,37.0,6.4,72.0
24163,137,17.88769230769231,17.0,16.5,9.3,49.0,4.8,71.0
25063,137,18.083333333333336,17.322033898305087,16.611864406779663,9.2,51.0,6.4,69.0
25963,137,18.3,17.5,16.858823529411765,9.7,72.0,6.4,69.0
26863,137,18.333823529411767,17.5,16.8,10.2,63.0,8.0,68.0
27763,137,18.317241379310342,17.5,16.666666666666664,10.6,65.0,9.7,65.0
28663,137,18.3,17.402985074626866,16.5,11.0,86.0,9.7,64.0
29563,137,18.3,17.12686567164179,16.5,11.1,132.0,8.0,64.0
30463,137,18.3,17.0,16.5,11.4,104.0,6.4,68.0
31363,137,18.273529411764702,17.0,16.5,11.8,141.0,8.0,69.0
32263,137,18.3,17.0,16.5,12.2,167.0,9.7,69.0
33163,137,18.3,17.0,16.5,12.6,213.0,9.7,71.0
34063,137,18.3,17.0,16.5,13.3,548.0,9.7,70.0
34963,137,18.3,17.0,16.5,13.7,279.0,12.9,70.0
35863,137,18.3,17.0,16.5,14.1,684.0,9.7,70.0
36763,137,18.3,17.0,16.5,14.9,494.0,11.3,68.0
37663,137,18.3,17.0,16.5,15.1,547.0,11.3,69.0
38563,137,18.3,17.015384615384615,16.5,15.1,511.0,11.3,68.0
39463,137,18.3,17.008064516129032,16.5,15.5,738.0,12.9,69.0
40363,137,18.230434782608697,17.0,16.5,15.7,548.0,9.7,67.0
41263,137,18.2,17.0,16.5,16.0,626.0,11.3,66.0
42163,137,18.2,17.0,16.5,16.3,662.0,11.3,67.0
43063,137,18.2,17.00714285714286,16.5,16.3,712.0,11.3,66.0
43963,137,18.2,17.04285714285714,16.5,16.3,550.0,9.7,62.0
44863,137,18.2,17.054794520547947,16.5,17.5,821.0,9.7,64.0
45763,137,18.2,17.07462686567164,16.5,17.5,810.0,11.3,59.0
46663,137,18.2,17.198529411764707,16.5,16.7,225.0,12.9,61.0
47563,137,18.2,17.235294117647058,16.5,15.4,417.0,14.5,65.0
48463,137,18.2,17.389705882352942,16.5,15.3,260.0,11.3,66.0
49363,137,18.2,17.42361111111111,16.5,15.2,272.0,11.3,66.0
50263,137,18.204545454545453,17.478571428571428,16.5,15.7,534.0,14.5,64.0
51163,137,18.28939393939394,17.485507246376812,16.5,16.1,540.0,11.3,63.0
52063,137,18.3,17.5,16.5,16.6,496.0,11.3,59.0
52963,137,18.3,17.5,16.5,16.7,464.0,11.3,59.0
53863,137,18.3,17.5,16.5,16.7,424.0,12.9,60.0
54763,137,18.3,17.5,16.5,16.7,417.0,12.9,57.0
55663,137,18.3,17.5,16.5,16.6,381.0,12.9,57.0
56563,137,18.3,17.5,16.5,16.6,405.0,12.9,56.0
57463,137,18.3,17.5,16.5,16.6,381.0,12.9,53.0
58363,137,18.3,17.5,16.5,16.7,339.0,11.3,54.0
59263,137,18.208823529411767,17.5,16.5,16.7,357.0,9.7,53.0
60163,137,18.2,17.5,16.5,16.4,294.0,9.7,52.0
61063,137,18.2,17.5,16.5,16.2,243.0,9.7,56.0
61963,137,18.2,17.5,16.5,16.2,292.0,9.7,57.0
62863,137,18.2,17.5,16.5,15.9,220.0,8.0,58.0
63763,137,18.2,17.5,16.5,15.7,116.0,9.7,61.0
64663,137,18.2,17.5,16.5,15.4,229.0,9.7,62.0
65563,137,18.2,17.5,16.5,15.4,146.0,8.0,61.0
66463,137,18.2,17.5,16.633333333333333,15.4,448.0,9.7,62.0
67363,137,18.2,17.5,16.639130434782608,15.9,323.0,8.0,61.0
68263,137,18.2,17.5,16.63548387096774,16.2,70.0,8.0,59.0
69163,137,18.2,17.5,16.5,15.6,95.0,6.4,60.0
70063,137,18.2,17.5,16.5,15.3,183.0,8.0,61.0
70963,137,18.21044776119403,17.5,16.50952380952381,15.7,182.0,6.4,59.0
71863,137,18.3,17.5,16.70735294117647,15.6,107.0,8.0,58.0
72763,137,18.3,17.5,16.79491525423729,15.1,58.0,11.3,57.0
73663,137,18.3,17.5,16.8,14.6,25.0,6.4,60.0
74563,137,18.3,17.5,16.8,13.9,26.0,8.0,60.0
75463,137,18.340350877192986,17.5,16.8,12.9,16.0,8.0,66.0
76363,137,18.335,17.5,16.8,12.8,5.0,14.5,69.0
77263,137,18.3,17.5,16.8,12.8,0.0,12.9,69.0
78163,137,18.223728813559323,17.5,16.8,12.4,0.0,14.5,72.0
79063,137,18.2,17.5,16.728813559322035,12.0,0.0,9.7,76.0
79963,137,18.2,17.5,16.701639344262297,11.8,0.0,11.3,77.0
80863,137,18.27068965517241,17.5,16.8,11.7,0.0,9.7,79.0
81763,137,18.3,17.5,16.8,11.5,0.0,11.3,80.0
82663,137,18.298507462686565,17.5,16.8,11.2,0.0,6.4,81.0
83563,137,18.234782608695653,17.5,16.8,11.1,0.0,4.8,83.0
84463,137,18.2,17.5,16.8,10.8,0.0,6.4,83.0
85363,137,18.2,17.5,16.8,10.6,0.0,11.3,83.0
86263,137,18.2,17.5,16.8,10.5,0.0,11.3,84.0
763,138,18.2,17.5,16.8,10.4,0.0,11.3,84.0
1663,138,18.11692307692308,17.5,16.8,10.2,0.0,8.0,85.0
2563,138,18.1,17.5,16.8,9.9,0.0,6.4,84.0
3463,138,18.1,17.5,16.8,9.7,0.0,8.0,85.0
4363,138,18.1,17.5,16.8,9.6,0.0,8.0,85.0
5263,138,18.08235294117647,17.5,16.8,9.2,0.0,9.7,86.0
6163,138,18.0,17.5,16.8,8.9,0.0,9.7,87.0
7063,138,18.0,17.5,16.8,9.2,0.0,8.0,85.0
7963,138,18.0,17.5,16.8,9.3,0.0,3.2,84.0
8863,138,18.0,17.5,16.780645161290323,9.4,0.0,3.2,84.0
9763,138,18.0,17.5,16.743478260869566,9.3,0.0,0.0,85.0
10663,138,17.9741935483871,17.5,16.592307692307692,9.2,0.0,0.0,85.0
11563,138,17.9,17.5,16.525714285714287,9.5,0.0,4.8,83.0
12463,138,17.9,17.5,16.5,9.5,0.0,1.6,84.0
13363,138,17.9,17.5,16.5,9.6,0.0,8.0,83.0
14263,138,17.9,17.5,16.5,9.7,0.0,9.7,82.0
15163,138,17.9,17.5,16.5,9.7,0.0,8.0,82.0
16063,138,17.9,17.492424242424242,16.5,9.5,0.0,11.3,82.0
16963,138,17.9,17.492753623188406,16.5,9.3,0.0,11.3,83.0
17863,138,17.9,17.484615384615385,16.5,9.2,0.0,14.5,83.0
18763,138,17.9,17.49285714285714,16.5,9.2,9.0,12.9,84.0
19663,138,17.9,17.464285714285715,16.5,9.2,16.0,11.3,84.0
20563,138,17.9,17.408450704225352,16.5,9.3,25.0,11.3,85.0
21463,138,17.947692307692307,17.492424242424242,16.672727272727272,9.4,46.0,9.7,85.0
22363,138,18.01818181818182,17.5,16.795238095238098,9.6,28.0,9.7,85.0
23263,138,18.153521126760563,17.5,16.86875,9.6,51.0,8.0,87.0
24163,138,17.97941176470588,17.485294117647058,16.614705882352943,9.4,47.0,9.7,88.0
25063,138,18.58888888888889,17.5,16.656923076923075,9.4,62.0,9.7,87.0
25963,138,19.554285714285715,17.53787878787879,17.004545454545454,9.6,88.0,6.4,88.0
26863,138,18.50597014925373,17.5,17.0,9.7,100.0,8.0,87.0
27763,138,18.692753623188405,17.5,17.0,9.8,117.0,8.0,86.0
28663,138,18.65735294117647,17.5,16.855384615384615,9.9,134.0,14.5,86.0
29563,138,18.6,17.5,16.8,10.1,160.0,12.9,85.0
30463,138,18.5439393939394,17.5,16.8,10.5,178.0,14.5,82.0
31363,138,18.5,17.5,16.8,11.0,187.0,12.9,82.0
32263,138,18.5,17.5,16.8,11.2,135.0,14.5,78.0
33163,138,18.482089552238808,17.5,16.8,11.9,302.0,12.9,76.0
34063,138,18.4,17.5,16.8,11.9,234.0,12.9,76.0
34963,138,18.4,17.5,16.8,11.9,284.0,11.3,74.0
35863,138,18.4,17.5,16.8,12.6,378.0,12.9,69.0
36763,138,18.4,17.5,16.8,12.9,705.0,14.5,63.0
37663,138,18.4,17.5,16.8,13.4,710.0,11.3,64.0
38563,138,18.38507462686567,17.5,16.8,13.8,579.0,9.7,59.0
39463,138,18.31044776119403,17.5,16.8,13.1,770.0,11.3,61.0
40363,138,18.3,17.5,16.8,13.6,236.0,11.3,60.0
41263,138,18.3,17.5,16.8,13.4,250.0,8.0,61.0
42163,138,18.3,17.5,16.8,13.4,281.0,8.0,60.0
43063,138,18.3,17.5,16.8,14.3,202.0,8.0,53.0
43963,138,18.3,17.5,16.8,14.2,330.0,6.4,55.0
44863,138,18.3,17.5,16.8,14.1,355.0,6.4,53.0
45763,138,18.25151515151515,17.5,16.8,14.4,298.0,6.4,54.0
46663,138,18.2,17.5,16.8,14.6,387.0,9.7,58.0
47563,138,18.2,17.5,16.8,14.9,237.0,6.4,54.0
48463,138,18.2,17.5,16.8,14.9,229.0,4.8,55.0
49363,138,18.2,17.5,16.8,14.9,252.0,6.4,54.0
50263,138,18.2,17.5,16.8,14.8,195.0,9.7,53.0
51163,138,18.2,17.5,16.8,15.2,464.0,8.0,55.0
52063,138,18.216417910447763,17.5,16.8,16.1,352.0,9.7,48.0
52963,138,18.20289855072464,17.5,16.8,16.2,299.0,8.0,50.0
53863,138,18.2,17.5,16.8,15.5,188.0,9.7,50.0
54763,138,18.2,17.5,16.8,15.4,383.0,6.4,57.0
55663,138,18.2,17.5,16.8,16.0,162.0,9.7,51.0
56563,138,18.2,17.5,16.8,15.4,254.0,6.4,53.0
57463,138,18.2,17.5,16.8,16.2,151.0,4.8,50.0
58363,138,18.2,17.5,16.8,15.8,221.0,8.0,54.0
59263,138,18.2,17.5,16.8,17.1,837.0,8.0,48.0
60163,138,18.12622950819672,17.5,16.8,17.4,701.0,12.9,46.0
61063,138,18.1,17.5,16.8,17.9,740.0,9.7,46.0
61963,138,18.101408450704223,17.5,16.8,16.7,229.0,9.7,48.0
62863,138,18.124242424242425,17.5,16.8,17.3,246.0,9.7,48.0
63763,138,18.198461538461537,17.5,16.8,17.1,580.0,4.8,49.0
64663,138,18.2,17.5,16.8,15.4,234.0,6.4,53.0
65563,138,18.12121212121212,17.5,16.8,15.8,524.0,6.4,55.0
66463,138,18.123809523809523,17.5,16.8,15.6,123.0,8.0,58.0
67363,138,18.39855072463768,17.5,16.95897435897436,15.6,387.0,9.7,55.0
68263,138,18.4,17.5,16.919999999999998,15.9,353.0,8.0,53.0
69163,138,18.38571428571429,17.5,16.8,15.4,158.0,12.9,53.0
70063,138,18.3,17.5,16.8,14.7,90.0,12.9,56.0
70963,138,18.20289855072464,17.5,16.61304347826087,14.6,125.0,9.7,57.0
71863,138,18.18358208955224,17.5,16.504838709677422,14.1,74.0,9.7,55.0
72763,138,18.1,17.5,16.5,13.5,49.0,11.3,57.0
73663,138,18.1,17.5,16.583076923076923,13.2,35.0,11.3,59.0
74563,138,18.065671641791045,17.5,16.5,12.6,32.0,8.0,62.0
75463,138,18.0,17.5,16.5,12.2,21.0,6.4,64.0
76363,138,17.959701492537313,17.253731343283583,16.5,11.8,11.0,4.8,67.0
77263,138,17.9,17.014705882352942,16.5,11.2,5.0,3.2,69.0
78163,138,17.898591549295777,17.00714285714286,16.5,10.9,1.0,3.2,70.0
79063,138,17.807462686567163,17.029850746268657,16.5,10.7,0.0,4.8,71.0
79963,138,17.8,17.02777777777778,16.5,10.4,0.0,3.2,73.0
80863,138,17.81159420289855,17.113636363636363,16.436363636363637,10.2,0.0,1.6,74.0
81763,138,17.9,17.5,16.513432835820897,9.8,0.0,4.8,75.0
82663,138,17.907042253521126,17.5,16.5,10.2,0.0,8.0,75.0
83563,138,17.9265625,17.5,16.5,10.3,0.0,8.0,75.0
84463,138,17.9,17.5,16.5,10.3,0.0,8.0,76.0
85363,138,17.9,17.5,16.5,9.9,0.0,9.7,77.0
86263,138,17.9,17.5,16.5,9.6,0.0,11.3,79.0
763,139,17.9,17.5,16.5,9.4,0.0,9.7,80.0
1663,139,17.9,17.5,16.5,9.4,0.0,8.0,80.0
2563,139,17.857971014492755,17.5,16.5,9.3,0.0,8.0,80.0
3463,139,17.8,17.5,16.5,9.2,0.0,8.0,81.0
4363,139,17.8,17.470149253731343,16.5,9.2,0.0,6.4,82.0
5263,139,17.8,17.276119402985074,16.5,9.2,0.0,8.0,80.0
6163,139,17.8,17.082089552238806,16.5,9.2,0.0,6.4,79.0
7063,139,17.757971014492753,17.03076923076923,16.5,8.9,0.0,4.8,80.0
7963,139,17.7,17.0,16.5,8.9,0.0,4.8,80.0
8863,139,17.7,17.0,16.5,8.9,0.0,8.0,80.0
9763,139,17.7,17.0,16.5,8.9,0.0,6.4,81.0
10663,139,17.7,17.0,16.5,8.8,0.0,6.4,81.0
11563,139,17.640845070422536,17.0,16.5,8.7,0.0,4.8,80.0
12463,139,17.6,17.0,16.496721311475408,8.2,0.0,1.6,83.0
13363,139,17.6,17.0,16.484615384615385,7.9,0.0,1.6,84.0
14263,139,17.6,17.0,16.406060606060606,7.2,0.0,0.0,85.0
15163,139,17.6,17.0,16.330303030303032,6.9,0.0,0.0,86.0
16063,139,17.6,17.0,16.3,6.8,0.0,0.0,88.0
16963,139,17.54179104477612,17.0,16.3,6.7,0.0,0.0,87.0
17863,139,17.5,17.0,16.3,6.3,0.0,0.0,89.0
18763,139,17.502857142857145,17.0,16.3,6.7,11.0,3.2,88.0
19663,139,17.607692307692307,17.0,16.37878787878788,7.3,16.0,4.8,86.0
20563,139,17.78125,17.08450704225352,16.387323943661972,7.3,37.0,4.8,87.0
21463,139,17.8,17.0,16.3,7.4,56.0,1.6,87.0
22363,139,17.861971830985915,17.0,16.346153846153847,7.3,58.0,0.0,87.0
23263,139,18.425714285714285,17.297101449275363,16.630434782608695,7.4,86.0,0.0,88.0
24163,139,17.68153846153846,17.0,16.365753424657534,8.1,77.0,0.0,86.0
25063,139,17.982608695652175,17.0,16.46056338028169,8.5,63.0,0.0,84.0
25963,139,18.153030303030302,17.0,16.5,8.7,72.0,0.0,84.0
26863,139,18.2,17.0,16.5,9.1,97.0,4.8,83.0
27763,139,18.2,17.0,16.5,9.6,118.0,3.2,80.0
28663,139,18.19264705882353,17.0,16.5,9.9,120.0,1.6,78.0
29563,139,18.1,17.0,16.5,10.4,141.0,3.2,76.0
30463,139,18.1,17.0,16.5,10.6,130.0,1.6,76.0
31363,139,18.1,17.0,16.5,10.8,137.0,3.2,75.0
32263,139,18.03333333333333,17.0,16.5,11.2,171.0,1.6,75.0
33163,139,18.0,17.0,16.5,11.3,251.0,3.2,73.0
34063,139,18.0,17.0,16.5,11.7,417.0,4.8,71.0
34963,139,18.0,17.0,16.5,11.8,364.0,4.8,72.0
35863,139,18.0,17.0,16.5,12.4,294.0,1.6,70.0
36763,139,18.0,17.0,16.5,12.6,250.0,1.6,73.0
37663,139,18.0,17.0,16.5,12.4,278.0,3.2,70.0
38563,139,18.0,17.0,16.5,12.3,240.0,3.2,70.0
39463,139,18.0,17.0,16.5,12.6,262.0,4.8,68.0
40363,139,18.0,17.0,16.5,12.7,290.0,1.6,70.0
41263,139,18.0,17.014705882352942,16.5,12.7,322.0,3.2,71.0
42163,139,18.0,17.0,16.5,12.8,272.0,4.8,68.0
43063,139,18.0,17.044117647058822,16.5,13.2,373.0,4.8,69.0
43963,139,18.0,17.088235294117645,16.5,13.4,396.0,4.8,68.0
44863,139,18.0,17.108695652173914,16.5,13.7,441.0,9.7,65.0
45763,139,18.0,17.007462686567163,16.5,13.8,466.0,9.7,65.0
46663,139,17.95,17.0,16.5,14.2,520.0,6.4,63.0
47563,139,17.9,17.0,16.5,14.7,577.0,9.7,64.0
48463,139,17.9,17.0,16.5,14.4,394.0,9.7,63.0
49363,139,17.833333333333336,17.0,16.5,13.9,401.0,9.7,65.0
50263,139,17.8,17.0,16.5,14.2,413.0,9.7,65.0
51163,139,17.8,17.0,16.5,14.0,410.0,12.9,66.0
52063,139,17.8,17.0,16.5,13.6,304.0,12.9,69.0
52963,139,17.8,17.0,16.5,13.4,257.0,9.7,72.0
53863,139,17.8,17.0,16.5,13.1,181.0,12.9,75.0
54763,139,17.8,17.0,16.5,12.7,192.0,11.3,75.0
55663,139,17.798571428571428,17.0,16.5,12.5,190.0,9.7,74.0
56563,139,17.797101449275363,17.0,16.5,12.4,155.0,9.7,71.0
57463,139,17.8,17.0,16.5,12.0,144.0,9.7,73.0
58363,139,17.8,17.0,16.5,12.0,148.0,9.7,74.0
59263,139,17.798571428571428,17.0,16.5,12.3,186.0,8.0,75.0
60163,139,17.777611940298506,17.0,16.5,12.6,234.0,8.0,73.0
61063,139,17.701492537313435,17.0,16.5,12.8,220.0,9.7,73.0
61963,139,17.701449275362318,17.0,16.5,13.1,244.0,11.3,71.0
62863,139,17.711428571428574,17.0,16.5,13.2,220.0,11.3,67.0
63763,139,17.8,17.0,16.5,13.1,190.0,12.9,69.0
64663,139,18.273134328358207,17.25,16.59264705882353,12.6,153.0,14.5,71.0
65563,139,18.10757575757576,17.5,16.715625,12.4,135.0,12.9,71.0
66463,139,17.638805970149257,17.036231884057973,16.456521739130434,12.3,137.0,12.9,72.0
67363,139,17.47,17.0,16.3,12.0,123.0,11.3,73.0
68263,139,17.40869565217391,17.0,16.3,11.8,137.0,12.9,76.0
69163,139,17.5,17.0,16.3,11.7,111.0,12.9,78.0
70063,139,17.586764705882352,17.0,16.3,11.6,88.0,9.7,78.0
70963,139,17.6,17.0,16.305882352941175,11.4,67.0,9.7,78.0
71863,139,17.6,17.0,16.3,10.7,40.0,14.5,75.0
72763,139,17.6,17.0,16.3,10.5,44.0,12.9,77.0
73663,139,17.6,17.0,16.3,10.4,42.0,9.7,77.0
74563,139,17.6,17.0,16.1,10.2,30.0,11.3,79.0
75463,139,17.528787878787877,16.557142857142857,15.86,9.8,5.0,11.3,82.0
76363,139,17.5,16.64864864864865,15.927027027027028,9.6,0.0,9.7,83.0
77263,139,17.5,16.5,15.802985074626866,9.4,0.0,8.0,85.0
78163,139,17.5,16.797101449275363,15.997101449275362,9.3,0.0,9.7,85.0
79063,139,17.5,17.0,16.01764705882353,9.2,0.0,8.0,86.0
79963,139,17.566176470588236,17.0,16.3,9.2,0.0,9.7,86.0
80863,139,17.6,17.0,16.3,9.1,0.0,8.0,85.0
81763,139,17.505797101449275,17.0,16.3,9.1,0.0,6.4,85.0
82663,139,17.5,17.0,16.3,8.9,0.0,4.8,86.0
83563,139,17.5,17.0,16.3,8.8,0.0,4.8,86.0
84463,139,17.5,17.0,16.3,8.8,0.0,4.8,87.0
85363,139,17.5,17.0,16.3,8.8,0.0,3.2,87.0
86263,139,17.41,17.0,16.3,8.7,0.0,3.2,89.0
763,140,17.4,17.0,16.3,8.7,0.0,4.8,90.0
1663,140,17.4,17.0,16.246575342465754,8.7,0.0,3.2,91.0
2563,140,17.4,17.0,16.2,8.6,0.0,4.8,92.0
3463,140,17.4,17.0,16.09130434782609,8.4,0.0,4.8,94.0
4363,140,17.4,17.0,16.004615384615384,8.4,0.0,4.8,95.0
5263,140,17.318840579710145,17.0,16.004166666666666,8.2,0.0,4.8,95.0
6163,140,17.3,17.0,16.0,8.1,0.0,4.8,96.0
7063,140,17.3,17.0,16.0,8.0,0.0,3.2,96.0
7963,140,17.3,17.0,16.0,8.0,0.0,4.8,96.0
8863,140,17.3,17.0,16.0,8.0,0.0,3.2,97.0
9763,140,17.3,16.992957746478872,16.0,7.9,0.0,3.2,96.0
10663,140,17.283582089552237,17.0,16.0,7.8,0.0,3.2,96.0
11563,140,17.2,16.985507246376812,16.0,7.7,0.0,0.0,96.0
12463,140,17.2,16.919354838709676,16.0,7.7,0.0,1.6,96.0
13363,140,17.2,16.768115942028984,16.0,7.8,0.0,3.2,96.0
14263,140,17.2,16.580882352941178,16.0,7.8,0.0,3.2,97.0
15163,140,17.2,16.515151515151516,16.0,7.9,0.0,1.6,96.0
16063,140,17.19848484848485,16.5,16.0,7.8,0.0,3.2,96.0
16963,140,17.121052631578948,16.5,16.0,7.8,0.0,1.6,97.0
17863,140,17.1,16.5,16.0,7.8,0.0,3.2,97.0
18763,140,17.1,16.5,16.0,7.8,0.0,3.2,97.0
19663,140,17.1,17.06060606060606,16.077272727272728,7.6,0.0,3.2,97.0
20563,140,17.29848484848485,45.38636363636364,38.559090909090905,7.6,2.0,3.2,97.0
21463,140,18.2703125,37.23880597014925,35.234328358208955,7.6,16.0,4.8,97.0
22363,140,18.84328358208955,27.25,26.12,7.6,25.0,4.8,97.0
23263,140,19.0,22.772058823529413,21.83235294117647,7.7,30.0,4.8,97.0
24163,140,18.94179104477612,20.32638888888889,19.4875,7.7,36.0,4.8,97.0
25063,140,18.78591549295775,19.246268656716417,18.58208955223881,7.8,53.0,4.8,97.0
25963,140,18.763492063492063,44.69718309859155,39.74929577464789,7.8,54.0,3.2,96.0
26863,140,19.36865671641791,56.36764705882352,53.76617647058824,7.9,67.0,4.8,96.0
27763,140,19.96470588235294,56.99230769230769,54.73692307692308,7.9,76.0,4.8,96.0
28663,140,20.203125,56.62307692307693,53.86615384615385,7.9,86.0,6.4,95.0
29563,140,20.64054054054054,40.90909090909091,38.15909090909091,8.1,105.0,6.4,94.0
30463,140,20.78333333333333,29.1484375,26.70625,8.1,108.0,6.4,94.0
31363,140,20.653030303030302,24.272058823529413,22.54705882352941,8.4,188.0,6.4,95.0
32263,140,20.4015625,21.65714285714286,20.44428571428572,8.8,146.0,6.4,93.0
33163,140,20.12985074626865,20.25,19.313636363636363,9.1,113.0,6.4,92.0
34063,140,19.88695652173913,19.3359375,18.6203125,9.1,109.0,8.0,92.0
34963,140,19.66271186440678,18.838461538461537,18.184615384615384,9.2,155.0,11.3,92.0
35863,140,19.453731343283582,18.5,17.8969696969697,9.3,169.0,8.0,92.0
36763,140,19.29014084507042,18.149253731343286,17.67462686567164,9.3,172.0,9.7,92.0
37663,140,19.116666666666667,18.0,17.49705882352941,9.4,141.0,8.0,93.0
38563,140,18.995774647887323,23.962686567164177,21.02089552238806,9.5,207.0,9.7,93.0
39463,140,19.27868852459016,52.809859154929576,47.719718309859154,9.5,243.0,9.7,92.0
40363,140,19.99253731343284,39.21641791044776,35.19253731343284,9.7,216.0,6.4,92.0
41263,140,20.371428571428574,27.97692307692308,24.975384615384616,9.9,272.0,3.2,93.0
42163,140,20.352941176470587,23.5,22.088235294117645,10.5,221.0,6.4,92.0
43063,140,20.225757575757576,21.20634920634921,20.395238095238096,10.9,323.0,4.8,89.0
43963,140,20.04615384615385,19.98529411764705,19.38823529411765,11.2,364.0,9.7,86.0
44863,140,19.86290322580645,19.241666666666667,18.74,11.2,93.0,9.7,82.0
45763,140,19.62,18.785714285714285,18.41587301587301,10.1,123.0,12.9,88.0
46663,140,19.380000000000003,18.46875,17.9375,9.6,91.0,12.9,89.0
47563,140,19.17910447761194,18.00943396226415,17.7377358490566,9.7,334.0,9.7,92.0
48463,140,18.99298245614035,18.0,17.5,10.2,109.0,9.7,92.0
49363,140,18.9,18.0,17.524590163934427,9.7,223.0,17.7,89.0
50263,140,18.82647058823529,18.0,17.333333333333336,9.0,93.0,14.5,90.0
51163,140,18.723076923076924,17.84848484848485,17.3,8.8,114.0,12.9,92.0
52063,140,18.649253731343286,17.507692307692306,17.18,9.2,204.0,11.3,94.0
52963,140,18.56716417910448,17.5,17.0,9.7,267.0,12.9,94.0
53863,140,18.5,17.5,17.0,10.1,243.0,14.5,93.0
54763,140,18.5,17.5,17.0,10.2,343.0,16.1,93.0
55663,140,18.48955223880597,17.5,17.0,9.7,67.0,16.1,89.0
56563,140,18.4,17.5,16.980645161290322,9.2,80.0,11.3,91.0
57463,140,18.4,17.5,16.8,9.7,563.0,11.3,95.0
58363,140,18.3,17.5,16.8,10.9,478.0,16.1,88.0
59263,140,18.223076923076924,17.5,16.8,12.1,244.0,17.7,85.0
60163,140,18.2,17.4921875,16.5328125,12.0,307.0,12.9,82.0
61063,140,18.2,17.492957746478872,16.51267605633803,12.6,499.0,14.5,80.0
61963,140,18.2,17.17741935483871,16.5,13.1,508.0,9.7,80.0
62863,140,18.15384615384616,17.024193548387096,16.5,13.2,687.0,17.7,76.0
63763,140,18.176470588235293,17.424242424242426,16.5,13.4,207.0,16.1,72.0
64663,140,18.107246376811595,17.0472972972973,16.5,13.0,306.0,14.5,75.0
65563,140,18.1,17.0,16.5,13.1,348.0,12.9,70.0
66463,140,18.05373134328358,17.0,16.5,13.4,130.0,11.3,71.0
67363,140,18.0,17.0,16.386567164179105,12.6,91.0,16.1,70.0
68263,140,18.0,17.0,16.3,11.2,77.0,17.7,78.0
69163,140,17.95294117647059,17.0,16.303076923076922,10.6,83.0,19.3,81.0
70063,140,17.9,17.0,16.3,10.5,128.0,17.7,82.0
70963,140,17.929032258064517,17.0,16.482089552238808,10.7,141.0,16.1,82.0
71863,140,17.9,17.0,16.44848484848485,10.7,93.0,17.7,79.0
72763,140,17.9,17.0,16.30289855072464,10.7,74.0,22.5,79.0
73663,140,17.9,17.0,16.3,10.4,54.0,19.3,81.0
74563,140,17.81692307692308,17.0,16.3,10.2,47.0,17.7,82.0
75463,140,17.8,17.0,16.3,9.7,25.0,24.1,80.0
76363,140,17.8,17.0,16.3,9.4,26.0,22.5,81.0
77263,140,17.72058823529412,17.0,16.3,9.6,5.0,19.3,78.0
78163,140,17.7,17.0,16.3,9.7,0.0,17.7,79.0
79063,140,17.7,17.0,16.3,9.4,0.0,17.7,80.0
79963,140,17.630303030303033,17.0,16.3,9.4,0.0,16.1,80.0
80863,140,17.60151515151515,17.0,16.3,9.4,0.0,14.5,81.0
81763,140,17.6,17.0,16.3,9.4,0.0,17.7,82.0
82663,140,17.6,17.0,16.3,9.3,0.0,19.3,84.0
83563,140,17.56,17.0,16.3,9.0,0.0,17.7,86.0
84463,140,17.53529411764706,17.0,16.3,9.0,0.0,16.1,86.0
85363,140,17.64626865671642,17.0,16.3,9.2,0.0,19.3,86.0
86263,140,17.7,17.0,16.3,9.1,0.0,19.3,86.0
763,141,17.7,17.0,16.3,9.1,0.0,16.1,87.0
1663,141,17.65909090909091,17.0,16.3,8.9,0.0,12.9,87.0
2563,141,17.6,17.0,16.3,8.9,0.0,14.5,87.0
3463,141,17.6,17.0,16.3,8.6,0.0,20.9,84.0
4363,141,17.6,17.0,16.3,8.4,0.0,16.1,84.0
5263,141,17.591176470588234,17.0,16.3,8.6,0.0,11.3,82.0
6163,141,17.50166666666667,17.0,16.3,8.4,0.0,14.5,85.0
7063,141,17.5,17.0,16.3,8.2,0.0,14.5,87.0
7963,141,17.5,17.0,16.3,8.6,0.0,19.3,87.0
8863,141,17.5,17.0,16.3,8.8,0.0,19.3,87.0
9763,141,17.43661971830986,17.0,16.273134328358207,9.0,0.0,20.9,87.0
10663,141,17.4,16.963768115942027,16.030434782608697,9.0,0.0,16.1,85.0
11563,141,17.4,16.776923076923076,16.0,8.9,0.0,16.1,85.0
12463,141,17.365714285714283,16.55223880597015,16.0,8.8,0.0,16.1,85.0
13363,141,17.3,16.5,16.0,8.9,0.0,19.3,85.0
14263,141,17.3,16.5,16.0,8.6,0.0,16.1,85.0
15163,141,17.3,16.5,16.0,8.4,0.0,17.7,86.0
16063,141,17.3,16.5,16.0,8.3,0.0,14.5,86.0
16963,141,17.3,16.5,16.0,8.3,0.0,14.5,86.0
17863,141,17.3,16.5,16.0,8.2,11.0,11.3,87.0
18763,141,17.3,16.5,16.0,8.2,16.0,12.9,88.0
19663,141,17.252307692307692,16.5,16.0,8.3,19.0,14.5,88.0
20563,141,17.2,16.5,16.0,8.4,21.0,14.5,88.0
21463,141,17.2,16.5,16.0,8.7,56.0,17.7,87.0
22363,141,17.2,16.5,16.0,8.9,63.0,14.5,86.0
23263,141,17.2,16.5,16.0,9.0,63.0,14.5,87.0
24163,141,17.2,16.5,16.0,9.2,63.0,16.1,86.0
25063,141,17.453846153846154,36.140625,29.51875,9.4,76.0,16.1,85.0
25963,141,18.801538461538463,51.95588235294117,49.451470588235296,9.3,70.0,12.9,86.0
26863,141,18.71875,34.68115942028986,32.24782608695652,9.4,146.0,12.9,86.0
27763,141,18.50454545454545,25.50714285714286,24.03,9.7,123.0,12.9,85.0
28663,141,18.7140625,21.93181818181818,21.034848484848485,9.9,79.0,12.9,85.0
29563,141,18.767692307692307,20.08219178082192,19.45068493150685,10.1,158.0,14.5,86.0
30463,141,18.7,19.063492063492063,18.547619047619047,10.4,204.0,9.7,85.0
31363,141,18.62985074626865,18.402985074626866,17.955223880597014,10.7,204.0,11.3,85.0
32263,141,18.524242424242424,18.0,17.592307692307692,11.1,213.0,9.7,85.0
33163,141,18.42205882352941,17.647058823529413,17.32941176470588,11.5,257.0,9.7,82.0
34063,141,18.332857142857144,17.5,17.096923076923076,12.2,476.0,16.1,80.0
34963,141,18.238235294117647,17.5,17.0,12.3,250.0,16.1,76.0
35863,141,18.18125,17.361538461538462,16.846153846153847,12.4,301.0,14.5,75.0
36763,141,18.07971014492754,17.0,16.8,12.5,202.0,14.5,77.0
37663,141,18.0,17.0,16.795833333333334,12.7,360.0,12.9,75.0
38563,141,17.934328358208955,17.0,16.64142857142857,12.8,300.0,16.1,74.0
39463,141,17.866666666666667,17.0,16.496875,13.3,276.0,12.9,74.0
40363,141,17.8,17.0,16.315384615384616,13.2,260.0,12.9,73.0
41263,141,17.861971830985915,17.0,16.52753623188406,12.8,420.0,12.9,79.0
42163,141,18.12608695652174,17.0,16.830303030303032,12.9,387.0,12.9,77.0
43063,141,18.06338028169014,17.0,16.54225352112676,12.9,450.0,14.5,78.0
43963,141,18.0,17.0,16.407042253521126,12.9,448.0,12.9,77.0
44863,141,17.913043478260867,17.0,16.3,13.7,325.0,11.3,80.0
45763,141,17.854285714285716,17.0,16.3,13.3,274.0,12.9,77.0
46663,141,17.8,17.0,16.3,13.3,311.0,14.5,82.0
47563,141,17.768115942028984,17.0,16.3,13.3,401.0,19.3,79.0
48463,141,17.7,16.928571428571427,16.17142857142857,13.6,520.0,20.9,77.0
49363,141,17.7,16.717391304347824,16.004347826086956,13.8,499.0,22.5,78.0
50263,141,17.643939393939394,16.507462686567163,16.0,14.0,534.0,22.5,77.0
51163,141,17.6,16.5,16.0,14.1,613.0,22.5,78.0
52063,141,17.6,16.5,16.0,13.6,348.0,19.3,81.0
52963,141,17.6,16.5,16.0,12.8,206.0,22.5,86.0
53863,141,17.6,16.5,16.0,12.8,388.0,20.9,86.0
54763,141,17.6,16.5,16.0,12.7,207.0,20.9,83.0
55663,141,17.58450704225352,16.5,16.0,12.7,193.0,19.3,83.0
56563,141,17.50144927536232,16.5,16.0,13.1,587.0,19.3,79.0
57463,141,17.5,16.5,16.0,14.1,515.0,19.3,73.0
58363,141,17.506944444444446,16.5,16.0,14.3,517.0,24.1,72.0
59263,141,17.553030303030305,16.5390625,16.0046875,14.8,512.0,22.5,71.0
60163,141,17.524242424242424,16.5,16.0,14.8,444.0,20.9,70.0
61063,141,17.5,16.5,16.0,14.8,494.0,22.5,67.0
61963,141,17.5,16.5,16.0,14.6,320.0,19.3,70.0
62863,141,17.5,16.5,16.0,14.8,306.0,16.1,67.0
63763,141,17.5,16.5,16.0,14.6,262.0,17.7,68.0
64663,141,17.5,16.5,16.0,14.8,387.0,12.9,65.0
65563,141,17.5,16.5,16.0,14.8,151.0,17.7,61.0
66463,141,17.440625,16.5,16.0,14.4,160.0,17.7,64.0
67363,141,17.4,16.5,16.0,14.3,177.0,14.5,64.0
68263,141,17.4,16.5,16.0,14.1,83.0,9.7,66.0
69163,141,17.4,16.5,16.0,13.8,32.0,9.7,67.0
70063,141,17.4,16.5,16.0,13.6,35.0,9.7,67.0
70963,141,17.4,16.5,16.0,13.4,16.0,8.0,69.0
71863,141,17.4,16.5,16.0,13.2,19.0,4.8,71.0
72763,141,17.4,16.5,16.0,13.1,18.0,9.7,71.0
73663,141,17.4,16.5,16.0,13.2,28.0,11.3,72.0
74563,141,17.395652173913042,16.5,16.0,13.1,21.0,4.8,73.0
75463,141,17.4,16.5,16.0,12.8,12.0,8.0,74.0
76363,141,17.4,16.5,16.0,12.7,7.0,6.4,74.0
77263,141,17.4,16.5,16.0,12.4,0.0,6.4,74.0
78163,141,17.4,16.5,16.0,12.2,0.0,4.8,75.0
79063,141,17.4,16.5,16.0,11.8,0.0,4.8,78.0
79963,141,17.375757575757575,16.5,16.0,11.7,0.0,4.8,79.0
80863,141,17.306944444444447,16.5,16.0,11.4,0.0,3.2,80.0
81763,141,17.3,16.5,16.0,11.1,0.0,4.8,81.0
82663,141,17.325714285714287,16.5,16.0,10.7,0.0,6.4,82.0
83563,141,17.361538461538462,16.5,16.0,10.8,0.0,4.8,82.0
84463,141,17.301408450704223,16.5,16.0,10.6,0.0,4.8,83.0
85363,141,17.3,16.5,16.0,10.6,0.0,4.8,83.0
86263,141,17.3,16.5,16.0,10.3,0.0,3.2,84.0
763,142,17.3,16.5,15.996774193548386,9.9,0.0,3.2,85.0
1663,142,17.3421875,16.5,16.0,9.6,0.0,4.8,86.0
2563,142,17.4,16.5,16.0,9.6,0.0,3.2,86.0
3463,142,17.4,16.5,16.0,9.6,0.0,6.4,87.0
4363,142,17.4,16.5,16.0,9.6,0.0,4.8,87.0
5263,142,17.4,16.5,16.0,9.6,0.0,3.2,88.0
6163,142,17.4,16.5,16.0,9.6,0.0,3.2,88.0
7063,142,17.4,16.5,16.0,9.6,0.0,3.2,88.0
7963,142,17.4,16.5,16.0,9.4,0.0,3.2,88.0
8863,142,17.37090909090909,16.5,16.0,9.3,0.0,0.0,89.0
9763,142,17.3,16.5,16.0,9.2,0.0,0.0,89.0
10663,142,17.3,16.5,16.0,9.1,0.0,3.2,89.0
11563,142,17.3,16.5,16.0,8.9,0.0,0.0,89.0
12463,142,17.3,16.5,16.0,8.7,0.0,0.0,90.0
13363,142,17.3,16.5,16.0,8.7,0.0,0.0,91.0
14263,142,17.251470588235293,16.5,16.0,8.8,0.0,0.0,91.0
15163,142,17.2,16.5,16.0,8.7,0.0,1.6,91.0
16063,142,17.2,16.5,16.0,8.7,0.0,3.2,91.0
16963,142,17.2,16.5,16.0,8.7,0.0,3.2,91.0
17863,142,17.2,16.5,16.0,8.8,5.0,4.8,91.0
18763,142,17.2,16.5,16.0,9.1,26.0,8.0,91.0
19663,142,17.208571428571428,16.5,15.817910447761191,9.2,19.0,8.0,90.0
20563,142,17.269841269841272,16.5,15.8,9.2,28.0,6.4,90.0
21463,142,17.263636363636362,16.5,15.867796610169492,9.4,46.0,6.4,90.0
22363,142,17.252238805970148,16.560344827586206,16.04137931034483,9.6,67.0,6.4,89.0
23263,142,16.875757575757575,16.5,15.85,9.9,67.0,8.0,88.0
24163,142,16.56376811594203,16.5,15.56338028169014,10.1,73.0,8.0,88.0
25063,142,16.38235294117647,16.2109375,15.5,10.4,104.0,8.0,86.0
25963,142,16.336666666666666,16.0,15.5,11.1,105.0,11.3,84.0
26863,142,16.224242424242426,16.0,15.5,11.3,132.0,8.0,83.0
27763,142,16.123880597014924,16.0,15.443283582089553,11.4,145.0,6.4,84.0
28663,142,16.407462686567165,16.415254237288135,15.5,11.7,139.0,6.4,83.0
29563,142,17.595238095238095,16.53030303030303,15.84848484848485,11.8,149.0,4.8,83.0
30463,142,18.37538461538461,16.86764705882353,16.066176470588236,11.9,105.0,3.2,83.0
31363,142,17.583333333333336,16.574468085106382,16.0,12.1,129.0,1.6,83.0
32263,142,17.440322580645162,16.525,16.0,12.4,151.0,4.8,81.0
33163,142,17.4,16.5,16.0,12.6,142.0,4.8,82.0
34063,142,17.4,16.5,16.0,12.8,88.0,4.8,79.0
34963,142,17.37076923076923,16.5,16.0,12.8,80.0,3.2,80.0
35863,142,17.3,16.5,16.0,12.9,91.0,4.8,80.0
36763,142,17.3,16.5,16.0,13.0,111.0,8.0,80.0
37663,142,17.3,16.5,16.0,13.1,81.0,4.8,84.0
38563,142,17.3,16.5,16.0,12.9,118.0,3.2,84.0
39463,142,17.3,16.5,16.0,12.5,104.0,9.7,88.0
40363,142,17.3,16.5,16.0,12.3,86.0,9.7,88.0
41263,142,17.296825396825398,16.5,16.0,12.4,104.0,8.0,91.0
42163,142,17.240000000000002,16.5,16.0,12.4,117.0,8.0,91.0
43063,142,17.274193548387096,16.5,16.0,12.4,146.0,11.3,93.0
43963,142,17.3,16.5,16.0,12.6,192.0,6.4,94.0
44863,142,17.3,16.5,16.0,12.8,111.0,11.3,93.0
45763,142,17.3,16.5,16.0,12.9,111.0,11.3,93.0
46663,142,17.3,16.5,16.0,13.2,299.0,9.7,91.0
47563,142,17.366666666666667,16.5,16.0,13.8,241.0,9.7,91.0
48463,142,17.4,16.5,16.0,14.3,195.0,8.0,91.0
49363,142,17.4,16.5,16.0,14.2,178.0,9.7,90.0
50263,142,17.4,16.5,16.0,14.7,309.0,9.7,90.0
51163,142,17.4,16.5,16.0,15.2,323.0,14.5,78.0
52063,142,17.4,16.5,16.0,16.1,323.0,16.1,76.0
52963,142,17.4,16.5,16.0,16.9,434.0,17.7,74.0
53863,142,17.4,16.5,16.0,17.3,406.0,16.1,69.0
54763,142,17.419672131147543,16.5,16.0,17.5,287.0,16.1,67.0
55663,142,17.5,16.5,16.0,17.6,267.0,16.1,67.0
56563,142,17.5,16.5,16.0,17.6,241.0,19.3,68.0
57463,142,17.435384615384613,16.5,16.0,17.8,369.0,12.9,69.0
58363,142,17.4,16.5,16.0,17.8,232.0,16.1,66.0
59263,142,17.4,16.5,16.0,17.9,431.0,16.1,70.0
60163,142,17.4,16.5,16.0,18.2,197.0,17.7,65.0
61063,142,17.4,16.5,16.0,17.2,149.0,16.1,68.0
61963,142,17.4,16.5,16.0,16.9,86.0,17.7,71.0
62863,142,17.4,16.5,16.0,16.3,60.0,19.3,74.0
63763,142,17.4,16.5,16.0,15.9,45.0,16.1,75.0
64663,142,17.4,16.5,16.0,15.4,30.0,14.5,78.0
65563,142,17.4,16.5,16.0,15.3,39.0,9.7,79.0
66463,142,17.4,16.5,16.0,15.1,79.0,9.7,81.0
67363,142,17.4,16.5,16.0,15.1,69.0,8.0,81.0
68263,142,17.4,16.5,16.0,15.6,283.0,9.7,80.0
69163,142,17.4,16.5,16.0,16.3,234.0,12.9,76.0
70063,142,17.4,16.5,16.0,15.7,46.0,19.3,76.0
70963,142,17.4,16.5,16.0,15.1,55.0,17.7,79.0
71863,142,17.4,16.5,16.0,14.9,53.0,16.1,79.0
72763,142,17.367164179104478,16.5,16.0,14.7,30.0,19.3,81.0
73663,142,17.3,16.5,16.0,14.6,5.0,19.3,81.0
74563,142,17.3,16.5,16.0,12.9,0.0,22.5,87.0
75463,142,17.33529411764706,16.5,16.0,11.3,0.0,17.7,93.0
76363,142,17.4,16.5,16.0,10.3,0.0,24.1,93.0
77263,142,17.413043478260867,16.5,16.0,9.8,5.0,20.9,94.0
78163,142,17.5,16.5,16.0,9.3,0.0,14.5,94.0
79063,142,17.5,16.676923076923078,16.0,8.9,0.0,14.5,93.0
79963,142,17.455882352941178,16.860294117647058,16.0,8.8,0.0,12.9,92.0
80863,142,17.4,16.65151515151515,16.0,8.6,0.0,12.9,90.0
81763,142,17.381159420289855,16.514705882352942,16.0,8.5,0.0,16.1,90.0
82663,142,17.3,16.5,16.0,8.6,0.0,20.9,89.0
83563,142,17.3,16.5,16.0,8.6,0.0,19.3,89.0
84463,142,17.267164179104476,16.5,16.0,8.4,0.0,19.3,90.0
85363,142,17.2,16.5,16.0,8.4,0.0,17.7,90.0
86263,142,17.2,16.5,16.0,8.3,0.0,14.5,90.0
763,143,17.2,16.5,16.0,8.1,0.0,11.3,90.0
1663,143,17.2,16.5,16.0,8.2,0.0,14.5,90.0
2563,143,17.121428571428574,16.5,16.0,8.3,0.0,16.1,89.0
3463,143,17.1,16.5,15.991304347826087,8.2,0.0,16.1,90.0
4363,143,17.1,16.5,15.959375,8.1,0.0,14.5,90.0
5263,143,17.1,16.5,15.928571428571429,8.0,0.0,11.3,90.0
6163,143,17.1,16.5,15.835820895522389,8.0,0.0,12.9,91.0
7063,143,17.1,16.5,15.81714285714286,8.0,0.0,11.3,91.0
7963,143,17.02,16.5,15.802941176470588,8.2,0.0,12.9,91.0
8863,143,17.0,16.5,15.8,8.2,0.0,12.9,91.0
9763,143,17.0,16.5,15.8,8.1,0.0,12.9,92.0
10663,143,17.0,16.5,15.8,8.1,0.0,16.1,92.0
11563,143,17.0,16.5,15.8,8.1,0.0,14.5,92.0
12463,143,17.0,16.5,15.8,8.2,0.0,16.1,91.0
13363,143,17.0,16.5,15.8,8.2,0.0,14.5,91.0
14263,143,17.0,16.5,15.8,8.2,0.0,14.5,91.0
15163,143,17.0,16.5,15.8,8.2,0.0,12.9,92.0
16063,143,17.0,16.5,15.8,8.2,0.0,12.9,92.0
16963,143,17.0,16.5,15.8,8.2,0.0,11.3,92.0
17863,143,17.00625,16.5,15.8,8.3,9.0,9.7,92.0
18763,143,17.1,16.5,15.8,8.3,16.0,12.9,92.0
19663,143,17.19705882352941,16.5,15.80327868852459,8.3,23.0,11.3,92.0
20563,143,17.271014492753622,16.5,15.931034482758625,8.3,27.0,12.9,93.0
21463,143,17.616417910447762,16.767857142857142,16.15,8.6,46.0,14.5,92.0
22363,143,17.869999999999997,17.0,16.3,8.8,54.0,14.5,92.0
23263,143,17.771875,17.0,16.186206896551724,9.1,54.0,14.5,91.0
24163,143,17.7,16.642857142857142,16.0,9.1,39.0,14.5,90.0
25063,143,17.619999999999997,16.5,16.0,9.3,90.0,14.5,90.0
25963,143,17.6,16.5,16.0,9.7,120.0,17.7,89.0
26863,143,17.6,16.5,16.0,10.0,128.0,12.9,89.0
27763,143,17.6,16.5,16.0,10.2,130.0,12.9,87.0
28663,143,17.535185185185185,16.5,16.0,10.3,139.0,19.3,85.0
29563,143,17.5,16.5,16.0,10.5,149.0,16.1,86.0
30463,143,17.514492753623188,16.5,16.0,10.7,149.0,16.1,85.0
31363,143,17.6,16.5,16.0,10.8,162.0,14.5,86.0
32263,143,17.576271186440678,16.5,16.0,11.1,223.0,16.1,85.0
33163,143,17.5,16.5,16.0,11.3,236.0,12.9,86.0
34063,143,17.484057971014494,16.5,16.0,11.7,570.0,16.1,84.0
34963,143,17.4,16.5,16.0,12.2,515.0,17.7,81.0
35863,143,17.4,16.5,16.0,12.7,673.0,17.7,79.0
36763,143,17.4,16.5,16.0,12.8,214.0,16.1,79.0
37663,143,17.4,16.5,16.0,12.3,185.0,16.1,79.0
38563,143,17.4,16.5,16.0,12.3,201.0,14.5,79.0
39463,143,17.434328358208955,16.5,16.0,12.2,165.0,11.3,79.0
40363,143,17.5,16.5,16.0,12.6,251.0,9.7,80.0
41263,143,17.5,16.5,16.0,13.4,394.0,12.9,74.0
42163,143,17.5,16.5,16.0,13.8,577.0,17.7,70.0
43063,143,17.5,16.5,16.0,14.7,844.0,17.7,70.0
43963,143,17.5,16.5,16.0,14.9,728.0,19.3,68.0
44863,143,17.5,16.5,16.0,14.7,650.0,20.9,66.0
45763,143,17.5,16.5,16.0,14.4,603.0,17.7,67.0
46663,143,17.5,16.5,16.0,14.5,213.0,16.1,66.0
47563,143,17.5,16.5,16.0,15.2,299.0,17.7,66.0
48463,143,17.5,16.5,16.0,15.3,341.0,17.7,67.0
49363,143,17.5,16.5,16.0,15.7,489.0,12.9,68.0
50263,143,17.5,16.5,16.0,15.7,334.0,17.7,65.0
51163,143,17.5,16.5,16.0,15.9,436.0,19.3,62.0
52063,143,17.5,16.5,16.0,15.9,508.0,16.1,60.0
52963,143,17.5,16.5,16.0,15.9,448.0,17.7,61.0
53863,143,17.5,16.5,16.0,15.8,434.0,19.3,60.0
54763,143,17.5,16.5,16.0,16.2,664.0,14.5,61.0
55663,143,17.5,16.5,16.0,16.1,529.0,17.7,62.0
56563,143,17.5,16.5,16.0,16.1,370.0,16.1,62.0
57463,143,17.5,16.5,16.0,16.7,585.0,14.5,61.0
58363,143,17.46785714285714,16.5,16.0,16.4,318.0,16.1,62.0
59263,143,17.4,16.5,16.0,15.6,100.0,16.1,63.0
60163,143,17.4,16.5,16.0,15.4,151.0,17.7,64.0
61063,143,17.4,16.5,16.0,13.8,105.0,20.9,77.0
61963,143,17.4,16.5,16.0,12.4,123.0,17.7,86.0
62863,143,17.4,16.5,16.0,12.0,107.0,11.3,86.0
63763,143,17.4,16.5,16.0,11.9,123.0,11.3,86.0
64663,143,17.4,16.5,16.0,11.8,141.0,14.5,86.0
65563,143,17.4,16.522727272727273,16.0,11.9,104.0,11.3,85.0
66463,143,17.4,16.636363636363637,16.0,12.0,90.0,9.7,84.0
67363,143,17.4,16.746153846153845,16.0,12.1,93.0,11.3,82.0
68263,143,17.4031746031746,16.954545454545453,16.013636363636362,12.1,49.0,8.0,81.0
69163,143,17.428333333333335,16.9,16.02,12.3,42.0,6.4,82.0
70063,143,17.4,16.90151515151515,16.0,12.3,58.0,6.4,82.0
70963,143,17.4,16.674242424242426,16.0,12.3,60.0,4.8,84.0
71863,143,17.4,16.5,16.0,12.6,37.0,4.8,84.0
72763,143,17.4,16.5,16.0,12.7,25.0,6.4,83.0
73663,143,17.4,16.5,16.0,13.0,18.0,14.5,82.0
74563,143,17.4,16.52307692307692,16.0,13.2,14.0,14.5,83.0
75463,143,17.4,16.540983606557376,16.0,13.2,11.0,9.7,84.0
76363,143,17.4,16.65671641791045,16.0,13.0,7.0,4.8,85.0
77263,143,17.58153846153846,16.955223880597014,16.138805970149257,13.3,0.0,11.3,87.0
78163,143,19.474242424242423,17.022727272727273,16.55,13.8,0.0,20.9,87.0
79063,143,18.91515151515152,17.0,16.4,13.7,0.0,19.3,89.0
79963,143,18.44696969696969,17.0,16.3,13.7,0.0,25.7,90.0
80863,143,18.11304347826087,17.0,16.3,13.7,0.0,24.1,90.0
81763,143,17.886764705882353,17.0,16.3,13.7,0.0,24.1,91.0
82663,143,17.758064516129032,17.0,16.3,13.8,0.0,22.5,91.0
83563,143,17.6234375,17.0,16.11,13.7,0.0,22.5,91.0
84463,143,17.50714285714286,17.0,16.0,13.7,0.0,19.3,92.0
85363,143,17.422857142857143,16.99264705882353,16.0,13.7,0.0,20.9,92.0
86263,143,17.4,16.935714285714287,16.0,13.6,0.0,14.5,92.0
763,144,17.305084745762713,16.75,16.0,13.5,0.0,14.5,92.0
1663,144,17.3,16.815789473684212,16.0,13.4,0.0,14.5,92.0
2563,144,17.3,16.615942028985508,16.0,13.3,0.0,14.5,92.0
3463,144,17.3,16.52898550724638,16.0,13.2,0.0,17.7,93.0
4363,144,17.3,16.5,16.0,13.2,0.0,17.7,93.0
5263,144,17.256338028169015,16.5,16.0,13.2,0.0,16.1,93.0
6163,144,17.201408450704225,16.5,16.0,13.1,0.0,14.5,93.0
7063,144,17.2,16.5,16.0,13.1,0.0,12.9,94.0
7963,144,17.2,16.5,16.0,13.0,0.0,14.5,94.0
8863,144,17.2,16.5,16.0,13.0,0.0,14.5,95.0
9763,144,17.2,16.5,16.0,13.0,0.0,14.5,95.0
10663,144,17.2,16.5,16.0,12.9,0.0,17.7,94.0
11563,144,17.2,16.5,16.0,12.9,0.0,19.3,94.0
12463,144,17.2,16.5,16.0,12.8,0.0,22.5,94.0
13363,144,17.2,16.5,16.0,12.8,0.0,20.9,94.0
14263,144,17.2,16.5,16.0,12.8,0.0,19.3,94.0
15163,144,17.2,16.5,16.0,12.8,0.0,17.7,94.0
16063,144,17.2,16.5,16.0,12.7,0.0,12.9,94.0
16963,144,17.2,16.5,16.0,12.6,0.0,16.1,94.0
17863,144,17.2,16.5,16.0,12.6,0.0,16.1,94.0
18763,144,17.2,16.5,16.0,12.6,5.0,11.3,94.0
19663,144,17.2,16.5,16.0,12.7,11.0,16.1,94.0
20563,144,17.2,16.5,16.0,12.7,12.0,17.7,95.0
21463,144,17.295652173913044,16.6796875,16.05625,12.7,19.0,14.5,95.0
22363,144,17.569230769230767,17.0,16.3,12.7,19.0,19.3,95.0
23263,144,17.517142857142858,17.0,16.295454545454547,12.8,56.0,17.7,95.0
24163,144,17.5,17.0,16.235384615384614,12.8,62.0,20.9,96.0
25063,144,17.5,17.0,16.114705882352943,13.1,107.0,24.1,95.0
25963,144,17.477777777777778,17.0,16.0,13.5,142.0,22.5,93.0
26863,144,17.406451612903226,17.0,16.0,13.7,142.0,27.4,92.0
27763,144,17.4,16.87121212121212,16.0,13.8,152.0,22.5,92.0
28663,144,17.4,16.84848484848485,16.0,13.9,188.0,24.1,92.0
29563,144,17.4,16.838235294117645,16.0,14.0,193.0,22.5,92.0
30463,144,17.4,16.8515625,16.0,14.1,113.0,17.7,92.0
31363,144,17.4,16.85820895522388,16.0,14.1,185.0,16.1,92.0
32263,144,17.435384615384613,16.92537313432836,16.0044776119403,14.2,135.0,17.7,92.0
33163,144,17.5,17.0,16.013432835820897,14.1,109.0,16.1,92.0
34063,144,17.5,17.0,16.02033898305085,14.1,130.0,14.5,92.0
34963,144,17.5,17.0,16.1921875,14.2,165.0,14.5,91.0
35863,144,17.5,17.0,16.286567164179104,14.4,192.0,12.9,91.0
36763,144,17.5,17.0,16.280952380952378,14.8,178.0,14.5,90.0
37663,144,17.5044776119403,17.0,16.28181818181818,15.1,209.0,16.1,89.0
38563,144,17.6,17.0,16.3,15.2,291.0,16.1,89.0
39463,144,17.6,17.0,16.3,15.8,362.0,17.7,87.0
40363,144,17.6,17.0,16.3,16.0,378.0,19.3,86.0
41263,144,17.6,17.0,16.3,16.6,441.0,16.1,83.0
42163,144,17.6,17.0,16.3,16.7,464.0,17.7,82.0
43063,144,17.6,17.0,16.3,17.3,346.0,12.9,81.0
43963,144,17.643076923076926,17.0,16.3,17.2,302.0,17.7,80.0
44863,144,17.697014925373132,17.0,16.3,17.1,354.0,17.7,80.0
45763,144,17.7,17.0,16.3,17.3,255.0,11.3,81.0
46663,144,17.7,17.0,16.3,17.3,206.0,11.3,82.0
47563,144,17.7,17.0,16.3,17.2,251.0,9.7,81.0
48463,144,17.7078125,17.0,16.3,17.6,281.0,9.7,80.0
49363,144,17.8,17.0,16.3,17.9,380.0,16.1,80.0
50263,144,17.8,17.0,16.3,18.2,1085.0,16.1,79.0
51163,144,17.8,17.0,16.3,19.6,1042.0,16.1,76.0
52063,144,17.8,17.0,16.3,19.8,902.0,17.7,74.0
52963,144,17.8,17.0,16.3,19.9,844.0,19.3,73.0
53863,144,17.8,17.0,16.3,20.1,884.0,19.3,71.0
54763,144,17.8,17.0,16.3,20.6,1014.0,17.7,69.0
55663,144,17.8,17.0,16.3,20.4,911.0,19.3,69.0
56563,144,17.8,17.0,16.3,20.2,701.0,17.7,72.0
57463,144,17.8,17.0,16.3,19.0,135.0,19.3,75.0
58363,144,17.8,17.0,16.3,18.7,325.0,16.1,77.0
59263,144,17.8,17.0,16.3,18.3,257.0,17.7,79.0
60163,144,17.8,17.0,16.3,18.9,510.0,16.1,77.0
61063,144,17.8,17.0,16.3,19.1,244.0,17.7,74.0
61963,144,17.8,17.0,16.3,18.8,260.0,19.3,75.0
62863,144,17.8,17.0,16.308955223880595,19.1,647.0,14.5,76.0
63763,144,17.8,17.0,16.360869565217392,18.5,274.0,16.1,78.0
64663,144,17.84179104477612,17.0,16.46764705882353,19.1,510.0,17.7,76.0
65563,144,17.9,17.0,16.5,19.1,381.0,17.7,75.0
66463,144,17.9,17.0,16.5,19.1,348.0,17.7,74.0
67363,144,17.9,17.0,16.5,18.9,333.0,17.7,73.0
68263,144,17.996969696969696,17.0,16.5,18.4,271.0,17.7,74.0
69163,144,18.0,17.0,16.5,18.5,232.0,16.1,73.0
70063,144,18.0,17.0,16.5,18.4,186.0,14.5,75.0
70963,144,18.037142857142857,17.07462686567164,16.5,18.1,123.0,12.9,76.0
71863,144,18.144615384615385,17.456521739130434,16.504347826086956,17.6,44.0,14.5,78.0
72763,144,18.2,17.5,16.697142857142858,17.3,37.0,14.5,79.0
73663,144,18.2,17.5,16.795714285714286,17.1,32.0,11.3,80.0
74563,144,18.2,17.5,16.8,17.0,30.0,11.3,80.0
75463,144,18.2,17.5,16.7955223880597,16.7,18.0,4.8,81.0
76363,144,18.2,17.5,16.8,16.6,11.0,4.8,82.0
77263,144,18.2,17.5,16.8,16.2,5.0,3.2,83.0
78163,144,18.2,17.5,16.8,15.8,1.0,3.2,85.0
79063,144,18.21875,17.5,16.8,15.4,0.0,4.8,87.0
79963,144,18.34328358208955,17.5,16.8,15.4,0.0,4.8,87.0
80863,144,18.3,17.5,16.8,15.4,0.0,4.8,87.0
81763,144,18.215942028985506,17.5,16.8,15.2,0.0,0.0,87.0
82663,144,18.2,17.5,16.8,15.1,0.0,0.0,88.0
83563,144,18.2,17.5,16.8,15.1,0.0,3.2,88.0
84463,144,18.2,17.5,16.8,15.2,0.0,4.8,87.0
85363,144,18.112857142857145,17.5,16.8,15.2,0.0,3.2,87.0
86263,144,18.1,17.5,16.8,15.2,0.0,1.6,88.0
763,145,18.1,17.5,16.8,14.9,0.0,4.8,88.0
1663,145,18.1,17.5,16.8,14.6,0.0,1.6,89.0
2563,145,18.1,17.5,16.8,14.2,0.0,1.6,89.0
3463,145,18.1,17.5,16.8,14.3,0.0,1.6,92.0
4363,145,18.1,17.5,16.8,14.5,0.0,4.8,92.0
5263,145,18.1,17.5,16.8,14.6,0.0,3.2,91.0
6163,145,18.1,17.5,16.8,14.7,0.0,3.2,91.0
7063,145,18.1,17.5,16.8,14.8,0.0,1.6,90.0
7963,145,18.1,17.5,16.8,14.8,0.0,0.0,90.0
8863,145,18.1,17.5,16.8,14.9,0.0,1.6,90.0
9763,145,18.1,17.5,16.8,14.9,0.0,1.6,90.0
10663,145,18.1,17.5,16.8,14.8,0.0,0.0,90.0
11563,145,18.1,17.5,16.8,14.7,0.0,0.0,91.0
12463,145,18.08985507246377,17.5,16.8,14.6,0.0,0.0,91.0
13363,145,18.0536231884058,17.5,16.8,14.4,0.0,0.0,91.0
14263,145,18.02647058823529,17.5,16.8,14.4,0.0,0.0,91.0
15163,145,18.03943661971831,17.5,16.8,14.3,0.0,0.0,92.0
16063,145,18.1,17.5,16.8,14.3,0.0,0.0,92.0
16963,145,18.1,17.5,16.8,14.2,0.0,0.0,92.0
17863,145,18.149253731343286,17.5,16.8,14.1,5.0,0.0,92.0
18763,145,18.2536231884058,17.5,16.8,14.1,12.0,0.0,93.0
19663,145,18.38450704225352,17.5,16.8,14.1,21.0,0.0,93.0
20563,145,18.53768115942029,17.5,16.93913043478261,14.2,27.0,0.0,93.0
21463,145,18.71470588235294,17.5,17.0,14.2,28.0,0.0,93.0
22363,145,18.92394366197183,17.5,17.0,14.2,28.0,0.0,93.0
23263,145,19.111764705882354,17.5,17.0,14.1,32.0,0.0,93.0
24163,145,19.28082191780822,17.507462686567163,17.0,14.4,34.0,0.0,95.0
25063,145,19.475,17.863636363636363,17.195454545454545,14.8,37.0,0.0,92.0
25963,145,19.6,18.0,17.3,15.3,40.0,1.6,92.0
26863,145,19.6,18.0,17.3,15.4,42.0,0.0,91.0
27763,145,19.6,18.0,17.3,15.6,44.0,0.0,90.0
28663,145,19.6,18.0,17.3,16.1,54.0,0.0,88.0
29563,145,19.6,18.0,17.3,16.3,70.0,0.0,87.5
30463,145,19.6,18.0,17.3,16.6,69.0,0.0,87.0
31363,145,19.53150684931507,18.0,17.3,17.2,76.0,0.0,85.0
32263,145,19.5,18.0,17.3,17.8,79.0,0.0,83.0
33163,145,19.5,18.0,17.3,19.1,88.0,6.4,78.0
34063,145,19.5,18.0,17.3,19.1,550.0,3.2,77.0
34963,145,19.5,18.0,17.3,19.3,507.0,3.2,78.0
35863,145,19.5,18.0,17.3,19.8,652.0,3.2,77.0
36763,145,19.5,18.0,17.3,20.2,156.0,4.8,74.0
37663,145,19.5,18.0,17.3,20.1,540.0,4.8,75.0
38563,145,19.5,18.0,17.306153846153848,20.4,695.0,4.8,75.0
39463,145,19.5,18.0,17.323880597014927,21.4,714.0,6.4,73.0
40363,145,19.5,18.0,17.335483870967742,21.4,708.0,6.4,73.0
41263,145,19.5,18.0,17.374285714285712,21.4,754.0,6.4,72.0
42163,145,19.5,18.0,17.440298507462686,21.7,757.0,6.4,71.0
43063,145,19.5,18.0,17.48507462686567,22.3,782.0,4.8,68.0
43963,145,19.5,18.0,17.5,22.3,803.0,6.4,68.0
44863,145,19.5,18.0,17.5,22.2,809.0,4.8,70.0
45763,145,19.5,18.0,17.5,22.7,812.0,9.7,67.0
46663,145,19.5,18.0,17.5,23.2,807.0,11.3,66.0
47563,145,19.5,18.0,17.5,23.2,807.0,11.3,66.0
48463,145,19.5,18.0,17.5,,,9.7,
49363,145,19.5,18.0,17.5,,,12.9,
50263,145,19.5,18.0,17.5,,,11.3,
51163,145,19.5,18.0,17.5,,,12.9,
52063,145,19.5,18.007692307692306,17.5,,,11.3,
52963,145,19.5,18.03125,17.5,,,12.9,
53863,145,19.515,18.246153846153845,17.5,,,12.9,
54763,145,19.6,18.45238095238096,17.5,,,12.9,
55663,145,19.6,18.5,17.5,,,12.9,
56563,145,19.6,18.5,17.5,25.0,,11.3,63.0
57463,145,19.6,18.5,17.53970588235294,24.2,,11.3,63.0
58363,145,19.6,18.5,17.71363636363636,23.7,629.0,12.9,64.0
59263,145,19.645070422535213,18.5,17.8,23.7,596.0,12.9,64.0
60163,145,19.7,18.5,17.8,23.9,585.0,9.7,63.0
61063,145,19.7,18.5,17.8,24.3,566.0,9.7,61.0
61963,145,19.7,18.5,17.8,24.4,561.0,8.0,61.0
62863,145,19.7,18.5,17.8,24.2,503.0,9.7,61.0
63763,145,19.7,18.5,17.8,24.1,465.0,8.0,62.0
64663,145,19.7,18.5,17.8,23.9,408.0,8.0,61.0
65563,145,19.7686274509804,18.5,17.8,23.8,373.0,6.4,62.0
66463,145,19.8,18.5,17.8,23.7,339.0,8.0,62.0
67363,145,19.8,18.5,17.8,23.8,313.0,8.0,62.0
68263,145,19.8,18.5,17.85151515151515,23.7,264.0,8.0,61.0
69163,145,19.8,18.5,17.990909090909092,23.7,225.0,8.0,62.0
70063,145,19.8,18.5,18.0,23.2,183.0,8.0,63.0
70963,145,19.8,18.5,18.0,23.2,169.0,4.8,63.0
71863,145,19.8,18.5,18.0,22.2,56.0,4.8,66.0
72763,145,19.7953125,18.5,18.0,21.9,70.0,4.8,66.0
73663,145,19.7939393939394,18.5,18.0,21.9,51.0,1.6,67.0
74563,145,19.8,18.5,18.0,21.8,44.0,3.2,69.0
75463,145,19.8,18.60144927536232,18.0,21.7,25.0,1.6,70.0
76363,145,19.832876712328765,18.81617647058824,18.0,21.5,16.0,0.0,70.0
77263,145,19.9,18.99264705882353,18.0,21.0,9.0,0.0,74.0
78163,145,19.85333333333333,18.99285714285714,18.0,20.4,0.0,1.6,76.0
79063,145,19.8,18.84057971014493,18.0,19.9,0.0,0.0,75.0
79963,145,19.8,18.63432835820896,18.0,19.6,0.0,1.6,76.0
80863,145,19.8,18.671641791044777,18.0,19.5,0.0,1.6,75.0
81763,145,19.8,18.830882352941178,18.0,19.3,0.0,1.6,75.0
82663,145,19.83194444444445,18.97692307692308,18.0,19.8,0.0,1.6,73.0
83563,145,22.45,19.0,18.360714285714288,19.7,0.0,1.6,74.0
84463,145,22.92205882352941,19.01538461538461,18.5,19.3,0.0,1.6,75.0
85363,145,22.169014084507044,19.0,18.5,18.9,0.0,0.0,74.0
86263,145,21.62878787878788,19.0,18.493939393939392,18.6,0.0,4.8,74.0
763,146,21.201408450704225,19.0,18.33661971830986,18.6,0.0,3.2,73.0
1663,146,20.88923076923077,19.0,18.3,18.8,0.0,3.2,73.0
2563,146,20.65373134328358,19.0,18.3,18.4,0.0,0.0,75.0
3463,146,20.44782608695652,19.0,18.3,17.9,0.0,0.0,77.0
4363,146,20.245833333333334,19.0,18.3,17.7,0.0,0.0,79.0
5263,146,20.0734375,19.0,18.3,17.3,0.0,0.0,81.0
6163,146,19.95217391304348,19.0,18.3,17.6,0.0,0.0,81.0
7063,146,19.86268656716418,19.0,18.3,17.9,0.0,3.2,80.0
7963,146,19.8,19.0,18.3,17.8,0.0,1.6,81.0
8863,146,19.782539682539685,19.0,18.3,17.4,0.0,3.2,82.0
9763,146,19.7,19.0,18.3,17.3,0.0,1.6,82.0
10663,146,19.7,19.0,18.3,17.4,0.0,4.8,82.0
11563,146,19.7,19.0,18.3,17.6,0.0,4.8,82.0
12463,146,19.7,19.0,18.286567164179104,17.2,0.0,6.4,82.0
13363,146,19.7,19.0,18.282608695652176,17.1,0.0,8.0,85.0
14263,146,19.7,19.0,18.3,18.1,0.0,12.9,83.0
15163,146,19.7,19.0,18.3,17.4,0.0,6.4,82.0
16063,146,19.77910447761194,19.0,18.3,16.5,0.0,11.3,85.0
16963,146,19.8,19.0,18.3,15.9,0.0,4.8,88.0
17863,146,19.83478260869565,19.0,18.3,16.2,7.0,4.8,88.0
18763,146,19.937313432835825,19.0,18.3,16.4,12.0,1.6,87.0
19663,146,20.0472972972973,19.0,18.3,16.7,16.0,4.8,88.0
20563,146,20.17538461538461,19.0,18.3,17.6,21.0,9.7,85.0
21463,146,20.369230769230768,19.0,18.42058823529412,18.1,26.0,9.7,83.0
22363,146,20.569444444444446,19.0,18.5,18.3,33.0,9.7,82.0
23263,146,20.85,19.23076923076924,18.59230769230769,18.6,40.0,9.7,81.0
24163,146,21.05555555555556,19.5,18.8,18.8,42.0,8.0,80.0
25063,146,21.169117647058822,19.5,18.8,19.2,49.0,12.9,79.0
25963,146,21.313235294117646,19.5,18.8,19.4,51.0,11.3,78.0
26863,146,21.4,19.5,18.8,19.4,53.0,9.7,79.0
27763,146,21.4,19.5,18.8,19.7,54.0,8.0,78.0
28663,146,21.4,19.5,18.8,19.9,58.0,9.7,76.0
29563,146,21.4,19.5,18.8,20.3,63.0,8.0,76.0
30463,146,21.4,19.5,18.8,20.6,69.0,9.7,75.0
31363,146,21.318571428571428,19.5,18.8,20.8,69.0,6.4,75.0
32263,146,21.3,19.5,18.8,21.1,67.0,11.3,74.0
33163,146,21.3,19.5,18.8,21.4,70.0,11.3,73.0
34063,146,21.3,19.5,18.8,21.5,506.0,8.0,72.0
34963,146,21.3,19.5,18.8,22.2,589.0,9.7,65.0
35863,146,21.3,19.5,18.8,22.7,624.0,12.9,64.0
36763,146,21.3,19.5,18.871875,23.5,656.0,12.9,60.0
37663,146,21.3,19.5,18.97647058823529,23.4,677.0,16.1,58.0
38563,146,21.3,19.5,19.0,24.2,722.0,14.5,54.0
39463,146,21.3,19.5,19.0,24.7,747.0,11.3,50.0
40363,146,21.3,19.5,19.0,24.9,758.0,12.9,52.0
41263,146,21.3,19.5,19.0,25.2,773.0,11.3,46.0
42163,146,21.3,19.5,19.0,25.3,776.0,11.3,45.0
43063,146,21.22222222222222,19.5,19.0,25.7,802.0,17.7,44.0
43963,146,21.2,19.5,19.0,25.6,809.0,16.1,42.0
44863,146,21.2,19.5,19.0,26.2,814.0,12.9,43.0
45763,146,21.2,19.5,19.0,26.2,824.0,14.5,44.0
46663,146,21.2,19.5,19.0,26.4,821.0,16.1,42.0
47563,146,21.2,19.5,19.0,26.6,842.0,16.1,42.0
48463,146,21.242253521126763,19.5,19.0,26.7,824.0,12.9,42.0
49363,146,21.3,19.5,19.0,26.6,823.0,12.9,43.0
50263,146,21.3,19.514492753623188,19.0,26.8,814.0,12.9,41.0
51163,146,21.3,19.63235294117647,19.0,27.1,798.0,11.3,43.0
52063,146,21.3,19.869565217391305,19.0,27.8,791.0,11.3,43.0
52963,146,21.33194444444445,19.97142857142857,19.0,27.6,788.0,9.7,45.0
53863,146,21.39253731343284,20.0,19.0,27.1,765.0,16.1,40.0
54763,146,21.4,20.0,19.05142857142857,27.5,751.0,11.3,41.0
55663,146,21.4,20.0,19.21617647058824,27.1,729.0,14.5,39.0
56563,146,21.4,20.0,19.3,27.8,717.0,11.3,44.0
57463,146,21.4,20.0,19.3,27.8,687.0,11.3,37.0
58363,146,21.455714285714286,20.0,19.3,27.3,647.0,11.3,39.0
59263,146,21.57857142857143,20.0,19.3,27.7,615.0,9.7,40.0
60163,146,21.6,20.0,19.3,27.4,596.0,8.0,42.0
61063,146,21.6,20.0,19.3,27.3,582.0,11.3,40.0
61963,146,21.635294117647057,20.0,19.31212121212121,27.3,594.0,9.7,40.0
62863,146,21.7,20.0,19.48529411764705,26.9,503.0,9.7,42.0
63763,146,21.7,20.0,19.5,27.3,432.0,9.7,43.0
64663,146,21.7,20.0,19.5,26.4,151.0,11.3,45.0
65563,146,21.71060606060606,20.0,19.5,26.4,357.0,8.0,45.0
66463,146,21.765671641791045,20.0,19.5,26.8,355.0,8.0,43.0
67363,146,21.7,20.0,19.5,27.0,302.0,8.0,44.0
68263,146,21.74328358208956,20.0,19.5,26.4,243.0,8.0,46.0
69163,146,21.7,20.0,19.5,26.6,251.0,6.4,45.0
70063,146,21.7,20.0,19.5,26.2,141.0,8.0,48.0
70963,146,21.65344827586207,20.0,19.5,25.6,98.0,9.7,49.0
71863,146,21.6,20.0,19.5,24.2,26.0,8.0,52.0
72763,146,21.6,20.0078125,19.5,23.7,42.0,8.0,53.0
73663,146,21.6,20.25714285714286,19.5,23.5,35.0,8.0,54.0
74563,146,21.597142857142856,20.036764705882355,19.5,22.9,19.0,9.7,60.0
75463,146,21.51159420289855,20.0,19.5,22.2,12.0,11.3,64.0
76363,146,21.5,20.0,19.5,21.8,7.0,11.3,66.0
77263,146,21.5,20.0,19.5,21.5,5.0,9.7,67.0
78163,146,21.5,20.0,19.5,20.8,0.0,9.7,70.0
79063,146,21.5,20.0,19.5,20.3,0.0,9.7,72.0
79963,146,21.5,20.045454545454547,19.5,20.0,0.0,9.7,72.0
80863,146,21.549122807017547,20.32307692307692,19.5,19.7,0.0,12.9,73.0
81763,146,21.6,20.5,19.5,19.6,0.0,14.5,73.0
82663,146,21.611764705882354,20.5,19.52647058823529,19.4,0.0,12.9,74.0
83563,146,21.7,20.5,19.786764705882355,19.2,0.0,16.1,76.0
84463,146,21.7,20.5,19.8,19.3,0.0,17.7,77.0
85363,146,21.7,20.5,19.8,19.1,0.0,19.3,78.0
86263,146,21.7,20.5,19.8,18.7,0.0,19.3,79.0
763,147,21.7,20.5,19.8,18.7,0.0,17.7,79.0
1663,147,21.7,20.5,19.8,18.6,0.0,17.7,79.0
2563,147,21.7,20.5,19.8,18.7,0.0,20.9,79.0
3463,147,21.63582089552239,20.5,19.8,19.2,0.0,24.1,76.0
4363,147,21.6,20.5,19.8,19.0,0.0,20.9,76.0
5263,147,21.6,20.5,19.8,18.9,0.0,19.3,75.0
6163,147,21.6,20.5,19.8,18.8,0.0,20.9,76.0
7063,147,21.6,20.5,19.8,18.7,0.0,19.3,75.0
7963,147,21.6,20.5,19.8,18.6,0.0,20.9,76.0
8863,147,21.6,20.5,19.8,18.4,0.0,19.3,76.0
9763,147,21.58507462686567,20.5,19.8,18.4,0.0,19.3,75.0
10663,147,21.5,20.5,19.8,18.1,0.0,16.1,77.0
11563,147,21.5,20.5,19.8,17.8,0.0,19.3,78.0
12463,147,21.5,20.5,19.8,17.7,0.0,17.7,77.0
13363,147,21.5,20.5,19.8,17.7,0.0,12.9,77.0
14263,147,21.5,20.5,19.8,17.7,0.0,17.7,77.0
15163,147,21.5,20.5,19.8,17.6,0.0,12.9,76.0
16063,147,21.5,20.5,19.8,17.4,0.0,11.3,76.0
16963,147,21.5,20.5,19.8,17.4,0.0,3.2,76.0
17863,147,21.540298507462687,20.5,19.8,17.2,9.0,4.8,77.0
18763,147,21.63823529411765,20.5,19.8,17.1,14.0,6.4,77.0
19663,147,21.70138888888889,20.5,19.8,17.1,18.0,4.8,77.0
20563,147,21.819117647058825,20.5,19.8,17.1,33.0,4.8,78.0
21463,147,21.9,20.5,19.8,17.2,51.0,3.2,77.0
22363,147,21.99242424242424,20.5,19.8,17.6,62.0,9.7,75.0
23263,147,21.99710144927536,20.5,19.8,17.7,49.0,3.2,76.0
24163,147,22.07391304347826,20.5,19.913043478260867,17.8,42.0,4.8,76.0
25063,147,22.207042253521127,20.5,19.997014925373133,18.0,54.0,6.4,74.0
25963,147,22.321428571428573,20.5,20.0,18.2,84.0,3.2,74.0
26863,147,22.4,20.5,20.0,18.6,125.0,9.7,72.0
27763,147,22.453731343283582,20.5,19.996923076923075,18.4,74.0,9.7,74.0
28663,147,22.49855072463768,20.5,20.0,18.9,70.0,11.3,73.0
29563,147,22.548529411764708,20.746376811594203,20.082608695652176,19.3,91.0,11.3,72.0
30463,147,22.6,21.0,20.201492537313435,19.6,88.0,14.5,72.0
31363,147,22.534426229508195,20.698275862068964,20.0,19.9,111.0,4.8,72.0
32263,147,22.45072463768116,20.5,20.0,20.9,114.0,8.0,70.0
33163,147,22.4,20.5,20.0,20.1,88.0,12.9,71.0
34063,147,22.337878787878783,20.5,20.0,20.2,573.0,11.3,71.0
34963,147,22.27887323943662,20.5,20.0,20.2,614.0,12.9,69.0
35863,147,22.2,20.5,20.0,19.4,506.0,12.9,72.0
36763,147,22.183333333333334,20.5,20.0,20.2,684.0,11.3,70.0
37663,147,22.1,20.5,19.91470588235294,20.7,559.0,8.0,67.0
38563,147,22.088059701492536,20.5,19.8,20.6,441.0,9.7,68.0
39463,147,22.0,20.5,19.8,19.9,311.0,9.7,68.0
40363,147,22.0,20.5,19.80294117647059,19.7,410.0,12.9,68.0
41263,147,22.0,20.5,19.991549295774647,20.1,355.0,4.8,69.0
42163,147,21.99411764705882,20.5,19.98235294117647,20.0,453.0,4.8,69.0
43063,147,21.901408450704224,20.5,19.878260869565217,20.8,339.0,8.0,69.0
43963,147,21.9,20.5,19.860869565217392,20.6,682.0,8.0,71.0
44863,147,21.856923076923074,20.5,19.82089552238806,21.2,378.0,6.4,68.0
45763,147,21.8,20.5,19.751470588235293,20.8,397.0,6.4,69.0
46663,147,21.775362318840585,20.02857142857143,19.3,20.9,151.0,4.8,70.0
47563,147,21.672727272727272,19.71969696969697,18.903030303030302,19.6,148.0,6.4,76.0
48463,147,21.58507462686567,19.5,18.694117647058825,19.7,171.0,1.6,78.0
49363,147,21.5,19.5,18.5,18.3,104.0,4.8,81.0
50263,147,21.423880597014925,19.37692307692308,18.42923076923077,18.1,139.0,1.6,81.0
51163,147,21.36769230769231,19.07246376811594,18.3,18.3,193.0,1.6,84.0
52063,147,21.298529411764708,19.0,18.3,17.9,134.0,4.8,82.0
52963,147,21.20151515151515,19.0,18.3,17.5,255.0,1.6,85.0
53863,147,21.2,19.0234375,18.3,17.1,144.0,6.4,84.0
54763,147,21.2,19.467741935483872,18.467741935483872,17.7,323.0,4.8,83.0
55663,147,21.18636363636364,19.5,18.5,16.9,260.0,8.0,82.0
56563,147,21.198529411764707,19.5,18.807142857142857,16.7,185.0,3.2,82.0
57463,147,21.2,19.852941176470587,19.0,16.7,318.0,6.4,81.0
58363,147,21.2,20.0,19.0,16.8,301.0,6.4,80.0
59263,147,21.2,20.0,19.0,16.6,239.0,4.8,80.0
60163,147,21.2,20.0,19.115714285714283,16.5,236.0,4.8,82.0
61063,147,21.2,20.0,19.2955223880597,16.7,192.0,6.4,80.0
61963,147,21.2,20.0,19.3,16.7,47.0,6.4,81.0
62863,147,21.2,20.0,19.3,16.4,30.0,8.0,82.0
63763,147,21.2,20.0,19.3,15.9,23.0,6.4,85.0
64663,147,21.2,20.0,19.3,14.9,137.0,11.3,91.0
65563,147,21.2,20.0,19.3,15.1,188.0,6.4,92.0
66463,147,21.2,20.0,19.3,15.4,281.0,6.4,92.0
67363,147,21.2,20.0,19.3,15.6,216.0,1.6,91.0
68263,147,21.2,20.0,19.3,14.3,100.0,11.3,92.0
69163,147,21.2,20.0,19.3,14.1,190.0,4.8,93.0
70063,147,21.2,20.0,19.377611940298507,14.2,225.0,4.8,93.0
70963,147,21.2,20.0,19.384848484848483,14.3,135.0,9.7,92.0
71863,147,21.13188405797101,20.0,19.33142857142857,14.0,30.0,4.8,93.0
72763,147,21.1,20.0,19.32058823529412,13.9,30.0,4.8,93.0
73663,147,21.1,20.0,19.3,13.8,30.0,4.8,94.0
74563,147,21.1,20.0,19.3,14.0,21.0,3.2,94.0
75463,147,21.1,20.0,19.30307692307692,14.2,14.0,3.2,94.0
76363,147,21.1,20.0,19.3,14.4,11.0,3.2,95.0
77263,147,21.1,20.0,19.31935483870968,14.8,5.0,4.8,94.0
78163,147,21.1,20.0,19.490322580645163,14.9,0.0,1.6,94.0
79063,147,21.1,20.0,19.37076923076923,14.9,0.0,0.0,94.0
79963,147,21.1,20.0,19.37017543859649,14.8,0.0,0.0,94.0
80863,147,21.1,20.0,19.445762711864408,15.4,0.0,3.2,93.0
81763,147,21.077777777777776,20.0,19.31212121212121,16.7,0.0,9.7,89.0
82663,147,21.0,20.0,19.3,16.8,0.0,9.7,88.0
83563,147,21.0,20.0,19.3,16.8,0.0,8.0,88.0
84463,147,21.0,20.0,19.3,16.7,0.0,8.0,89.0
85363,147,21.0,20.0,19.3,16.1,0.0,4.8,91.0
86263,147,21.0,20.0,19.3,16.2,0.0,6.4,92.0
763,148,21.0,20.0,19.3,16.3,0.0,9.7,92.0
1663,148,21.0,20.0,19.3,16.3,0.0,11.3,92.0
2563,148,21.0,20.0,19.3,16.2,0.0,11.3,93.0
3463,148,21.0,20.0,19.3,16.2,0.0,16.1,94.0
4363,148,20.927692307692308,20.0,19.3,16.0,0.0,14.5,94.0
5263,148,20.9,20.0,19.3,15.8,0.0,17.7,94.0
6163,148,20.9,20.0,19.3,15.7,0.0,20.9,94.0
7063,148,20.9,20.0,19.3,15.4,0.0,16.1,94.0
7963,148,20.9,20.0,19.3,15.2,0.0,16.1,94.0
8863,148,20.9,20.0,19.3,14.9,0.0,20.9,94.0
9763,148,20.9,20.0,19.3,14.6,0.0,22.5,94.0
10663,148,20.9,20.0,19.3,14.3,0.0,19.3,94.0
11563,148,20.9,20.0,19.3,14.2,0.0,22.5,94.0
12463,148,20.8984375,20.0,19.3,14.1,0.0,24.1,94.0
13363,148,20.82205882352941,20.0,19.3,14.1,0.0,17.7,94.0
14263,148,20.8,20.0,19.3,14.2,0.0,17.7,93.0
15163,148,20.8,20.0,19.3,14.2,0.0,16.1,93.0
16063,148,20.8,20.0,19.3,14.0,0.0,16.1,93.0
16963,148,20.8,20.0,19.2955223880597,13.7,0.0,20.9,94.0
17863,148,20.8,20.0,19.3,13.6,0.0,20.9,93.0
18763,148,20.904545454545453,20.0,19.3,13.6,14.0,16.1,93.0
19663,148,21.032857142857143,20.0,19.3,13.4,14.0,17.7,93.0
20563,148,21.1,20.0,19.3,13.2,19.0,19.3,94.0
21463,148,21.1,20.0,19.3,13.2,21.0,17.7,94.0
22363,148,21.155882352941177,20.0,19.3,13.3,33.0,16.1,94.0
23263,148,21.19848484848485,20.0,19.3,13.2,14.0,17.7,93.0
24163,148,21.135384615384616,20.0,19.3,13.1,16.0,17.7,93.0
25063,148,21.2,20.0,19.3,13.2,67.0,19.3,93.0
25963,148,21.3515625,20.0,19.42537313432836,13.4,58.0,17.7,92.0
26863,148,21.49558823529412,20.0,19.5,13.5,91.0,16.1,92.0
27763,148,21.4,20.0,19.32622950819672,13.9,105.0,20.9,90.0
28663,148,21.393939393939394,20.0,19.3,14.3,160.0,19.3,89.0
29563,148,21.30281690140845,20.0,19.3,14.1,91.0,19.3,89.0
30463,148,21.22941176470588,20.0,19.3,14.2,79.0,19.3,88.0
31363,148,21.17536231884058,20.0,19.260294117647057,14.8,146.0,19.3,86.0
32263,148,21.1,20.0,19.23333333333333,15.2,334.0,22.5,85.0
33163,148,21.056521739130435,20.0,19.295454545454547,15.1,105.0,20.9,84.0
34063,148,21.0,20.0,19.25774647887324,15.3,640.0,20.9,85.0
34963,148,21.0,20.0,19.3,14.9,316.0,24.1,86.0
35863,148,21.0,20.0,19.3,14.7,302.0,27.4,86.0
36763,148,21.0,20.0,19.3,15.0,680.0,25.7,85.0
37663,148,21.0,20.0,19.3,15.3,752.0,24.1,83.0
38563,148,21.0,20.0,19.213043478260868,16.2,719.0,22.5,83.0
39463,148,20.97910447761194,20.0,19.0,16.6,754.0,19.3,81.0
40363,148,20.9,20.0,19.0,16.6,840.0,22.5,82.0
41263,148,20.9,20.0,19.0,16.7,805.0,22.5,80.0
42163,148,20.9,20.0,19.0,17.1,820.0,19.3,80.0
43063,148,20.9,20.0,19.0,18.1,643.0,16.1,76.0
43963,148,20.9,20.0,19.0,18.2,751.0,17.7,76.0
44863,148,20.9,20.0,19.0,18.8,851.0,19.3,74.0
45763,148,20.9,20.0,19.09264705882353,19.3,790.0,16.1,71.0
46663,148,20.9,20.0,19.076119402985075,18.1,388.0,16.1,73.0
47563,148,20.9,20.0,19.0,18.6,468.0,14.5,72.0
48463,148,20.9,20.0,19.267692307692307,19.9,875.0,16.1,68.0
49363,148,20.9,20.0,19.27826086956522,19.5,297.0,16.1,70.0
50263,148,20.9,20.0,19.17076923076923,18.7,401.0,16.1,73.0
51163,148,20.9,20.0,19.25217391304348,19.7,791.0,14.5,67.0
52063,148,20.96140350877193,20.0,19.3,19.8,490.0,16.1,68.0
52963,148,21.0,20.0,19.3,19.2,442.0,16.1,70.0
53863,148,21.0,20.0,19.3,19.6,364.0,16.1,68.0
54763,148,21.0,20.0,19.3,19.2,410.0,14.5,69.0
55663,148,21.02463768115942,20.0,19.3,20.7,796.0,12.9,64.0
56563,148,21.1,20.0,19.3,20.2,520.0,11.3,66.0
57463,148,21.1,20.0,19.3,19.8,475.0,11.3,65.0
58363,148,21.1,20.0,19.3,20.4,786.0,11.3,65.0
59263,148,21.1,20.0,19.3,20.6,566.0,11.3,63.0
60163,148,21.1,20.0,19.3,21.1,600.0,9.7,62.0
61063,148,21.1,20.0,19.3,21.1,503.0,9.7,61.0
61963,148,21.01186440677966,20.0,19.3,20.8,432.0,6.4,62.0
62863,148,21.0,20.0,19.3,21.6,580.0,6.4,58.0
63763,148,21.0,20.0,19.3,20.3,397.0,9.7,64.0
64663,148,20.96875,20.0,19.3,18.9,144.0,9.7,70.0
65563,148,20.9,20.0,19.3,18.8,137.0,11.3,73.0
66463,148,20.9,20.0,19.3,18.6,155.0,9.7,73.0
67363,148,20.9,20.0,19.3,17.7,114.0,14.5,75.0
68263,148,20.869565217391305,20.0,19.3,17.0,155.0,12.9,76.0
69163,148,20.85909090909091,20.0,19.3,16.9,248.0,14.5,76.0
70063,148,20.9,20.0,19.3,16.7,76.0,14.5,77.0
70963,148,20.9,20.0,19.3,16.2,64.0,12.9,78.0
71863,148,20.9,20.0,19.3,15.8,63.0,12.9,79.0
72763,148,20.9,20.0,19.3,15.6,39.0,14.5,81.0
73663,148,20.9,20.0,19.3,14.8,42.0,17.7,83.0
74563,148,20.81212121212121,20.0,19.19253731343284,14.6,30.0,19.3,83.0
75463,148,20.798571428571428,20.0,19.00422535211268,14.2,16.0,17.7,85.0
76363,148,20.701612903225808,19.71538461538461,18.947692307692307,13.9,11.0,16.1,85.0
77263,148,20.68636363636364,19.5,18.643661971830987,13.8,5.0,17.7,85.0
78163,148,20.753731343283583,19.5,18.79558823529412,13.4,0.0,19.3,86.0
79063,148,22.05538461538461,19.926470588235293,19.22941176470588,13.2,0.0,20.9,86.0
79963,148,21.5921875,20.0,19.0328125,13.0,0.0,20.9,87.0
80863,148,21.262857142857143,20.0,19.0,12.9,0.0,17.7,87.0
81763,148,20.99718309859155,20.0,19.0,12.8,0.0,17.7,87.0
82663,148,20.82985074626865,20.0,19.0,12.6,0.0,17.7,87.0
83563,148,20.724242424242423,20.0,19.0,12.5,0.0,17.7,87.0
84463,148,20.7,20.0,19.0,12.4,0.0,16.1,86.0
85363,148,20.692753623188405,20.0,19.0,12.4,0.0,16.1,86.0
86263,148,20.6,20.0,19.0,12.3,0.0,17.7,86.0
763,149,20.6,19.87121212121212,19.0,12.2,0.0,16.1,87.0
1663,149,20.6,19.63432835820896,19.0,12.1,0.0,14.5,86.0
2563,149,20.51014492753623,19.52173913043478,19.0,11.9,0.0,16.1,85.0
3463,149,20.5,19.5,19.0,11.8,0.0,14.5,86.0
4363,149,20.5,19.5,19.0,11.8,0.0,12.9,85.0
5263,149,20.45714285714286,19.5,19.0,11.7,0.0,11.3,85.0
6163,149,20.4,19.5,19.0,11.7,0.0,14.5,85.0
7063,149,20.4,19.5,19.0,11.7,0.0,11.3,84.0
7963,149,20.4,19.5,18.99705882352941,11.7,0.0,12.9,81.0
8863,149,20.31846153846154,19.5,18.90882352941177,11.6,0.0,9.7,81.0
9763,149,20.3,19.5,18.80307692307692,11.6,0.0,11.3,80.0
10663,149,20.3,19.5,18.8,11.4,0.0,9.7,80.0
11563,149,20.28358208955224,19.5,18.8,11.3,0.0,9.7,81.0
12463,149,20.2,19.5,18.8,11.2,0.0,9.7,82.0
13363,149,20.2,19.5,18.8,11.1,0.0,11.3,82.0
14263,149,20.2,19.5,18.8,10.9,0.0,11.3,84.0
15163,149,20.2,19.5,18.8,10.7,0.0,14.5,85.0
16063,149,20.18115942028985,19.5,18.8,10.7,0.0,12.9,85.0
16963,149,20.1,19.5,18.8,10.7,0.0,12.9,85.0
17863,149,20.1,19.5,18.8,10.7,0.0,9.7,85.0
18763,149,20.1,19.5,18.8,10.7,5.0,8.0,85.0
19663,149,20.1,19.5,18.8,10.6,9.0,9.7,86.0
20563,149,20.1,19.5,18.790769230769232,10.6,23.0,9.7,87.0
21463,149,20.09718309859155,19.5,18.765714285714285,10.6,30.0,8.0,88.0
22363,149,20.0015625,19.5,18.602857142857143,10.6,40.0,11.3,89.0
23263,149,20.0,19.5,18.56617647058824,10.6,56.0,9.7,90.0
24163,149,20.0,19.5,18.544117647058822,10.6,70.0,11.3,91.0
25063,149,20.134722222222223,19.5,18.7955223880597,10.6,62.0,11.3,91.0
25963,149,20.135384615384616,19.5,18.8,10.6,69.0,9.7,90.0
26863,149,20.1,19.5,18.577272727272728,10.7,113.0,11.3,90.0
27763,149,20.035714285714285,19.5,18.5,10.8,103.0,12.9,90.0
28663,149,20.0,19.5,18.5,10.8,88.0,14.5,90.0
29563,149,20.0,19.25,18.5,10.7,109.0,14.5,90.0
30463,149,19.91971830985916,19.00714285714286,18.5,10.8,90.0,12.9,89.0
31363,149,19.9,19.0,18.5,10.8,116.0,14.5,90.0
32263,149,19.9,19.0,18.5,10.8,135.0,16.1,89.0
33163,149,19.9,19.0,18.5,10.9,91.0,14.5,89.0
34063,149,19.9,19.0,18.5,10.8,84.0,14.5,89.0
34963,149,19.9,19.0,18.5,11.0,151.0,16.1,88.0
35863,149,19.9,19.0,18.5,11.0,160.0,14.5,88.0
36763,149,19.87121212121212,19.0,18.5,11.3,221.0,17.7,87.0
37663,149,19.85,19.0,18.5,11.5,183.0,17.7,85.0
38563,149,19.88115942028985,19.0,18.5,11.5,168.0,17.7,86.0
39463,149,19.805633802816903,19.0,18.5,12.1,253.0,16.1,84.0
40363,149,19.8,19.0,18.5,12.5,362.0,14.5,84.0
41263,149,19.8,19.0,18.5,12.3,285.0,16.1,81.0
42163,149,19.8,19.0,18.5,12.3,283.0,16.1,79.0
43063,149,19.8,19.0,18.5,12.3,144.0,16.1,80.0
43963,149,19.8,19.0,18.5,12.2,172.0,14.5,81.0
44863,149,19.8,19.0,18.5,12.7,504.0,12.9,87.0
45763,149,19.8,19.0,18.5,12.4,304.0,12.9,86.0
46663,149,19.8,19.0,18.5,12.6,258.0,11.3,83.0
47563,149,19.79230769230769,19.0,18.5,12.7,288.0,12.9,84.0
48463,149,19.7,19.0,18.5,12.4,279.0,14.5,83.0
49363,149,19.7,19.0,18.49710144927536,12.5,296.0,14.5,82.0
50263,149,19.7,19.0,18.45942028985507,13.3,399.0,14.5,80.0
51163,149,19.65833333333333,19.0,18.3,12.7,281.0,14.5,81.0
52063,149,19.6,18.96875,18.0421875,12.8,125.0,12.9,81.0
52963,149,19.59230769230769,18.54032258064516,18.0,12.7,179.0,12.9,81.0
53863,149,19.501492537313432,18.98550724637681,18.01304347826087,12.8,127.0,11.3,84.0
54763,149,19.58450704225352,19.0,18.3,12.7,179.0,8.0,81.0
55663,149,19.482857142857146,18.948529411764707,18.06617647058824,12.6,155.0,11.3,83.0
56563,149,19.319117647058825,18.5,17.871428571428574,12.4,122.0,12.9,82.0
57463,149,19.027142857142856,18.3768115942029,17.65942028985507,12.3,95.0,11.3,83.0
58363,149,17.95735294117647,17.81451612903226,16.99838709677419,12.3,107.0,12.9,81.0
59263,149,17.746478873239436,17.54054054054054,16.805405405405406,12.3,84.0,11.3,81.0
60163,149,17.644615384615385,17.5,16.8,12.0,179.0,11.3,88.0
61063,149,17.682089552238807,17.890625,16.95,12.2,163.0,12.9,87.0
61963,149,17.6,17.5,16.79558823529412,12.2,171.0,14.5,88.0
62863,149,17.54090909090909,17.5,16.55909090909091,11.8,107.0,14.5,88.0
63763,149,17.4,17.5,16.526865671641794,11.6,135.0,14.5,89.0
64663,149,17.3640625,17.5,16.5,11.6,62.0,11.3,89.0
65563,149,17.3,17.5,16.5,11.5,62.0,11.3,89.0
66463,149,17.30151515151515,17.484848484848484,16.466666666666665,11.6,65.0,11.3,89.0
67363,149,17.346969696969698,17.035714285714285,16.3,11.7,46.0,8.0,89.0
68263,149,17.263768115942028,17.086956521739133,16.286956521739132,11.6,26.0,9.7,89.0
69163,149,17.581818181818182,17.5,16.666153846153847,11.6,30.0,8.0,90.0
70063,149,17.88125,17.75,16.959375,11.6,19.0,9.7,90.0
70963,149,18.07058823529412,18.0,17.154545454545453,11.4,17.0,8.0,91.0
71863,149,18.23692307692308,18.0,17.3,11.3,19.0,9.7,92.0
72763,149,18.373529411764707,18.0,17.36984126984127,11.7,12.0,8.0,91.0
73663,149,18.53230769230769,18.051470588235293,17.5,11.8,11.0,8.0,90.0
74563,149,18.61774193548387,18.45967741935484,17.5,11.7,7.0,6.4,90.0
75463,149,18.76129032258065,18.5,17.64782608695652,11.7,0.0,11.3,90.0
76363,149,18.8,18.5,17.74705882352941,11.6,0.0,9.7,91.0
77263,149,18.8,18.5,17.773134328358207,11.6,0.0,11.3,91.0
78163,149,18.807352941176468,18.5,17.775675675675675,11.5,0.0,11.3,91.0
79063,149,18.89846153846154,18.5,17.8,11.6,0.0,8.0,91.0
79963,149,18.82463768115942,18.5,17.8,11.6,0.0,6.4,91.0
80863,149,18.8,18.5,17.8,11.6,0.0,6.4,91.0
81763,149,18.8,18.5,17.8,11.6,0.0,4.8,91.0
82663,149,18.8,18.5,17.8,11.4,0.0,4.8,92.0
83563,149,18.8,18.5,17.8,11.2,0.0,4.8,93.0
84463,149,18.7768115942029,18.5,17.8,11.1,0.0,4.8,93.0
85363,149,18.7,18.5,17.8,10.9,0.0,4.8,94.0
86263,149,18.7,18.5,17.787142857142857,10.8,0.0,6.4,95.0
763,150,18.7,18.5,17.745454545454546,10.9,0.0,3.2,95.0
1663,150,18.7,18.5,17.68358208955224,10.9,0.0,3.2,95.0
2563,150,18.7,18.5,17.636764705882353,10.9,0.0,3.2,95.0
3463,150,18.7,18.5,17.568571428571428,11.0,0.0,0.0,95.0
4363,150,18.7,18.5,17.52608695652174,11.0,0.0,3.2,95.0
5263,150,18.7,18.5,17.504285714285714,11.0,0.0,1.6,95.0
6163,150,18.7,18.5,17.504545454545454,11.1,0.0,0.0,95.0
7063,150,18.679411764705883,18.5,17.5,11.1,0.0,0.0,95.0
7963,150,18.60142857142857,18.5,17.5,11.2,0.0,1.6,95.0
8863,150,18.6,18.45967741935484,17.5,11.2,0.0,1.6,95.0
9763,150,18.6,18.435714285714287,17.5,11.3,0.0,1.6,94.0
10663,150,18.6,18.27611940298508,17.5,11.4,0.0,0.0,94.0
11563,150,18.6,18.230158730158728,17.5,11.3,0.0,1.6,94.0
12463,150,18.6,18.10869565217392,17.5,11.3,0.0,1.6,95.0
13363,150,18.6,18.02238805970149,17.5,11.3,0.0,3.2,95.0
14263,150,18.6,18.0,17.5,11.3,0.0,0.0,95.0
15163,150,18.6,18.0,17.5,11.3,0.0,0.0,95.0
16063,150,18.6,18.0,17.5,11.3,0.0,0.0,95.0
16963,150,18.59117647058824,18.0,17.5,11.3,0.0,0.0,95.0
17863,150,18.53142857142857,18.0,17.5,11.3,5.0,0.0,95.0
18763,150,18.5,18.0,17.5,11.4,12.0,0.0,95.0
19663,150,18.5,18.0,17.5,11.3,16.0,0.0,96.0
20563,150,18.5,18.0,17.5,11.4,23.0,0.0,96.0
21463,150,18.5,18.0,17.5,11.6,21.0,0.0,95.0
22363,150,18.5,18.0,17.5,11.8,25.0,1.6,95.0
23263,150,18.55588235294117,18.01538461538461,17.5,12.3,14.0,3.2,97.0
24163,150,18.766176470588235,18.08208955223881,17.5,12.7,46.0,4.8,96.0
25063,150,20.70289855072464,18.5,17.8,12.9,53.0,9.7,94.0
25963,150,20.22173913043478,18.55555555555556,18.008333333333333,13.2,72.0,12.9,93.0
26863,150,19.9,18.5,17.809677419354838,13.3,86.0,11.3,91.0
27763,150,19.649253731343286,18.5,17.8,13.6,101.0,12.9,89.0
28663,150,19.52285714285714,18.5,17.8,13.6,91.0,12.9,86.0
29563,150,19.366666666666667,18.5,17.8,13.8,118.0,12.9,86.0
30463,150,19.23529411764705,18.5,17.8,13.7,220.0,16.1,85.0
31363,150,19.11346153846154,18.5,17.58125,13.9,62.0,12.9,83.0
32263,150,19.03214285714286,18.39814814814815,17.5,14.6,297.0,16.1,80.0
33163,150,19.0,18.04615384615385,17.5,14.6,218.0,17.7,80.0
34063,150,19.0,18.10810810810811,17.5,14.2,132.0,17.7,82.0
34963,150,19.0,18.193548387096776,17.5,14.1,174.0,16.1,83.0
35863,150,19.0,18.270491803278688,17.509836065573772,14.1,237.0,17.7,85.0
36763,150,19.0,18.37878787878788,17.62727272727273,14.6,339.0,17.7,84.0
37663,150,19.0,18.47142857142857,17.71857142857143,14.8,281.0,20.9,84.0
38563,150,19.0,18.43661971830986,17.740845070422534,14.9,369.0,17.7,83.0
39463,150,19.0,18.381944444444446,17.575,15.0,376.0,20.9,79.0
40363,150,19.0,18.223076923076924,17.513846153846153,15.8,591.0,22.5,78.0
41263,150,19.0,18.183098591549296,17.504225352112677,16.6,654.0,19.3,74.0
42163,150,19.0,18.330882352941178,17.658823529411766,16.7,489.0,20.9,70.0
43063,150,19.0,18.363636363636363,17.65,16.9,930.0,22.5,69.0
43963,150,18.970149253731343,18.22142857142857,17.521428571428572,16.2,264.0,16.1,70.0
44863,150,18.9,18.057142857142857,17.5,16.3,366.0,17.7,65.0
45763,150,18.9,18.01492537313433,17.5,17.1,392.0,19.3,67.0
46663,150,18.9,18.00735294117647,17.5,16.9,190.0,19.3,66.0
47563,150,18.9,18.02173913043478,17.5,16.1,214.0,20.9,67.0
48463,150,18.9,18.094202898550726,17.5,15.5,111.0,24.1,70.0
49363,150,18.9,18.3,17.525714285714287,14.9,104.0,25.7,75.0
50263,150,18.9,18.338461538461537,17.5,13.6,304.0,17.7,86.0
51163,150,18.9,18.46153846153846,17.60153846153846,13.3,218.0,16.1,89.0
52063,150,18.9,18.5,17.725,13.8,469.0,19.3,88.0
52963,150,18.9,18.5,17.685915492957747,14.7,406.0,22.5,83.0
53863,150,18.91857142857143,18.5,17.719402985074627,14.7,277.0,22.5,84.0
54763,150,18.924615384615382,18.49264705882353,17.623529411764707,14.2,424.0,19.3,85.0
55663,150,18.91044776119403,18.484126984126984,17.523809523809526,14.4,332.0,20.9,87.0
56563,150,18.91818181818181,18.470149253731343,17.52238805970149,13.9,236.0,24.1,86.0
57463,150,18.983870967741936,18.5,17.631818181818183,14.4,304.0,19.3,82.0
58363,150,19.0,18.5,17.71,15.1,220.0,20.9,76.0
59263,150,19.0,18.49264705882353,17.733823529411765,16.0,640.0,20.9,72.0
60163,150,19.0,18.5,17.77887323943662,16.0,633.0,25.7,69.0
61063,150,18.997014925373133,18.5,17.7859375,15.4,570.0,25.7,65.0
61963,150,19.0,18.5,17.8,15.7,610.0,27.4,65.0
62863,150,19.0,18.5,17.8,15.9,629.0,25.7,62.0
63763,150,19.0,18.5,17.786764705882355,15.6,589.0,25.7,63.0
64663,150,18.91014492753623,18.169117647058822,17.508823529411764,14.7,114.0,29.0,63.0
65563,150,18.88142857142857,18.0,17.5,15.0,146.0,22.5,64.0
66463,150,18.8,18.0,17.5,14.7,139.0,22.5,63.0
67363,150,18.8,18.0,17.5,14.8,338.0,24.1,63.0
68263,150,18.8,18.0,17.5,13.9,88.0,24.1,65.0
69163,150,18.8,18.0,17.5,13.8,98.0,22.5,64.0
70063,150,18.720289855072465,18.0,17.5,13.4,49.0,24.1,65.0
70963,150,18.7,18.0,17.5,13.1,61.0,20.9,66.0
71863,150,18.7,18.007462686567163,17.5,13.0,28.0,22.5,67.0
72763,150,18.7,18.0,17.5,12.7,47.0,24.1,68.0
73663,150,18.6640625,18.0,17.5,12.6,46.0,20.9,68.0
74563,150,18.6,18.0,17.5,12.4,32.0,22.5,69.0
75463,150,18.6,18.0,17.5,11.9,18.0,17.7,71.0
76363,150,18.6,18.0,17.5,11.7,11.0,17.7,70.0
77263,150,18.6,18.0,17.5,11.5,9.0,16.1,70.0
78163,150,18.678125,18.328358208955223,17.62089552238806,11.2,0.0,17.7,71.0
79063,150,18.7,18.475,17.509999999999998,10.8,0.0,17.7,73.0
79963,150,19.50441176470588,18.476190476190474,17.768253968253966,10.5,0.0,16.1,74.0
80863,150,20.05797101449276,18.5,17.8375,10.2,0.0,22.5,73.0
81763,150,19.50434782608696,18.5,17.8,10.0,0.0,20.9,73.0
82663,150,19.18260869565217,18.5,17.52068965517241,9.8,0.0,11.3,74.0
83563,150,19.001492537313432,18.414285714285715,17.5,9.7,0.0,19.3,74.0
84463,150,18.913235294117648,18.03521126760564,17.5,9.6,0.0,17.7,75.0
85363,150,18.821428571428573,18.0,17.5,9.4,0.0,11.3,76.0
86263,150,18.74657534246576,18.0,17.5,9.2,0.0,20.9,77.0
763,151,18.7,18.0,17.5,8.8,0.0,11.3,79.0
1663,151,18.61449275362319,18.0,17.5,8.7,0.0,16.1,81.0
2563,151,18.6,18.0,17.5,8.7,0.0,20.9,81.0
3463,151,18.56176470588236,18.0,17.5,8.6,0.0,14.5,81.0
4363,151,18.5,18.0,17.5,8.4,0.0,16.1,82.0
5263,151,18.5,18.0,17.443661971830984,8.3,0.0,16.1,82.0
6163,151,18.5,18.0,17.323529411764707,8.2,0.0,12.9,82.0
7063,151,18.424615384615382,18.0,17.3,8.2,0.0,14.5,82.0
7963,151,18.4,18.0,17.3,7.9,0.0,14.5,83.0
8863,151,18.4,18.0,17.3,7.8,0.0,11.3,83.0
9763,151,18.4,18.0,17.3,7.7,0.0,12.9,83.0
10663,151,18.4,18.0,17.3,7.7,0.0,14.5,84.0
11563,151,18.32463768115942,18.0,17.3,7.6,0.0,12.9,84.0
12463,151,18.3,18.0,17.3,7.6,0.0,16.1,84.0
13363,151,18.3,18.0,17.3,7.4,0.0,16.1,84.0
14263,151,18.3,18.0,17.3,7.4,0.0,17.7,84.0
15163,151,18.3,18.0,17.3,7.3,0.0,14.5,85.0
16063,151,18.3,18.0,17.3,7.4,5.0,17.7,84.0
16963,151,18.3,18.0,17.3,7.4,7.0,14.5,85.0
17863,151,18.39384615384615,18.0,17.3,7.4,11.0,12.9,86.0
18763,151,18.4,18.0,17.3,7.5,26.0,12.9,86.0
19663,151,18.4,18.0,17.3,7.7,42.0,12.9,86.0
20563,151,18.48840579710145,18.0,17.337142857142858,8.2,60.0,14.5,85.0
21463,151,18.70441176470588,18.0,17.5,8.6,76.0,17.7,85.0
22363,151,18.847619047619048,18.008064516129032,17.496774193548386,8.7,62.0,16.1,86.0
23263,151,19.0,18.32575757575757,17.56818181818182,8.9,90.0,16.1,85.0
24163,151,19.0,18.0,17.49402985074627,9.1,91.0,14.5,84.0
25063,151,19.0,18.0,17.317647058823532,9.2,104.0,14.5,83.0
25963,151,19.0,18.0,17.3,9.6,130.0,11.3,82.0
26863,151,19.05,18.0,17.3,9.7,114.0,12.9,81.0
27763,151,19.1,18.0,17.3,10.0,125.0,9.7,80.0
28663,151,19.1,18.0,17.3,10.3,123.0,11.3,77.0
29563,151,19.1,18.0,17.3,10.7,102.0,9.7,74.0
30463,151,19.03636363636364,18.0,17.3,10.7,58.0,16.1,72.0
31363,151,19.0,18.0,17.303125,10.8,49.0,12.9,71.0
32263,151,19.0,18.0,17.302985074626868,11.2,46.0,11.3,72.0
33163,151,19.0,18.0,17.30289855072464,11.7,49.0,9.7,71.0
34063,151,19.0,18.0,17.31904761904762,12.0,84.0,9.7,69.0
34963,151,18.996923076923075,18.0,17.36060606060606,12.8,603.0,9.7,67.0
35863,151,18.9,18.0,17.342424242424244,13.3,642.0,9.7,64.0
36763,151,18.9,18.0,17.345714285714287,13.7,675.0,4.8,65.0
37663,151,18.9,18.0,17.378260869565217,13.7,687.0,9.7,64.0
38563,151,18.9,18.0,17.451428571428572,14.6,706.0,8.0,62.0
39463,151,18.9,18.0,17.46825396825397,14.6,844.0,9.7,61.0
40363,151,18.9,18.0,17.44848484848485,14.8,775.0,9.7,62.0
41263,151,18.9,18.0,17.45714285714286,15.0,694.0,6.4,58.0
42163,151,18.9,18.0,17.41044776119403,14.8,599.0,6.4,54.0
43063,151,18.864615384615384,18.0,17.449253731343283,15.9,933.0,8.0,52.0
43963,151,18.807352941176468,18.0,17.491304347826087,16.1,450.0,9.7,53.0
44863,151,18.875806451612902,18.0,17.5,16.6,860.0,8.0,57.0
45763,151,18.81641791044776,18.0,17.5,16.2,452.0,9.7,60.0
46663,151,18.8,18.0,17.5,17.2,327.0,11.3,54.0
47563,151,18.8,18.0,17.5,15.7,461.0,6.4,59.0
48463,151,18.8,18.0,17.497142857142855,18.1,905.0,4.8,53.0
49363,151,18.8,18.0,17.5,18.7,835.0,8.0,47.0
50263,151,18.8,18.0,17.5,19.3,816.0,8.0,48.0
51163,151,18.8,18.0,17.5,18.4,819.0,6.4,45.0
52063,151,18.8,18.0,17.5,18.9,816.0,6.4,47.0
52963,151,18.8,18.0,17.5,19.4,759.0,6.4,45.0
53863,151,18.8,18.0,17.5,19.9,795.0,8.0,44.0
54763,151,18.8,18.0,17.5,20.1,777.0,9.7,45.0
55663,151,18.8,18.0,17.5,19.2,789.0,11.3,54.0
56563,151,18.8,18.0,17.5,19.0,710.0,8.0,50.0
57463,151,18.8,18.0,17.5,18.7,668.0,11.3,50.0
58363,151,18.8,18.0,17.5,18.3,652.0,16.1,50.0
59263,151,18.8,18.0,17.5,18.2,640.0,16.1,53.0
60163,151,18.68611111111111,18.0,17.5,18.3,587.0,12.9,53.0
61063,151,18.47058823529412,18.0,17.5,18.7,559.0,12.9,53.0
61963,151,18.32537313432836,18.0,17.5,18.8,589.0,12.9,53.0
62863,151,18.3,18.0,17.5,18.4,585.0,14.5,55.0
63763,151,18.26142857142857,18.0,17.5,18.4,473.0,12.9,56.0
64663,151,18.304285714285715,18.0,17.5,18.4,403.0,16.1,56.0
65563,151,18.43380281690141,18.0,17.5,18.1,397.0,14.5,56.0
66463,151,18.64307692307693,18.0,17.5,18.2,336.0,14.5,56.0
67363,151,18.756521739130434,18.0,17.5,17.8,237.0,14.5,58.0
68263,151,18.81449275362319,18.0,17.5,17.7,257.0,11.3,59.0
69163,151,18.85373134328358,18.006756756756758,17.5,17.7,248.0,9.7,57.0
70063,151,18.8,18.0,17.5,17.6,128.0,6.4,53.0
70963,151,18.775,18.0,17.5,17.2,139.0,6.4,56.0
71863,151,18.7,18.0,17.5,16.6,65.0,3.2,59.0
72763,151,18.7,18.0,17.5,16.2,49.0,3.2,62.0
73663,151,18.7,18.0,17.5,15.9,46.0,3.2,68.0
74563,151,18.7,18.0,17.5,15.7,41.0,3.2,69.0
75463,151,18.7,18.0,17.5,15.2,18.0,1.6,71.0
76363,151,18.641538461538463,18.0,17.5,15.2,11.0,4.8,71.0
77263,151,18.671641791044777,18.0,17.5,15.3,0.0,6.4,71.0
78163,151,18.785714285714285,18.0,17.5,15.3,0.0,6.4,72.0
79063,151,18.85238095238095,18.3203125,17.6734375,15.1,0.0,4.8,73.0
79963,151,18.99117647058824,18.5,17.8,14.8,0.0,6.4,72.0
80863,151,19.0,18.5,17.8,15.2,0.0,12.9,67.0
81763,151,19.0,18.5,17.8,15.3,0.0,12.9,64.0
82663,151,19.0,18.5,17.8,15.2,0.0,16.1,66.0
83563,151,19.0,18.5,17.8,15.2,0.0,14.5,67.0
84463,151,19.0,18.5,17.8,15.3,0.0,14.5,68.0
85363,151,19.0,18.5,17.8,15.2,0.0,14.5,69.0
86263,151,19.0,18.5,17.8,15.1,0.0,14.5,70.0
763,152,19.0,18.5,17.791304347826088,15.1,0.0,14.5,70.0
1663,152,19.0,18.5,17.76181818181818,14.9,0.0,8.0,70.0
2563,152,19.0,18.482142857142858,17.735714285714288,14.9,0.0,8.0,70.0
3463,152,18.982258064516127,18.478571428571428,17.71857142857143,14.9,0.0,8.0,70.0
4363,152,18.902702702702705,18.47101449275362,17.643478260869564,14.6,0.0,4.8,72.0
5263,152,18.9,18.416666666666664,17.595,14.7,0.0,8.0,71.0
6163,152,18.9,18.41509433962264,17.545283018867927,14.4,0.0,8.0,71.0
7063,152,18.9,18.375,17.52647058823529,14.3,0.0,8.0,73.0
7963,152,18.9,18.265625,17.5,14.3,0.0,9.7,74.0
8863,152,18.9,18.214285714285715,17.5,14.2,0.0,8.0,76.0
9763,152,18.9,18.201612903225808,17.504838709677422,14.1,0.0,8.0,78.0
10663,152,18.9,18.178571428571427,17.5,14.3,0.0,4.8,78.0
11563,152,18.9,18.11206896551724,17.5,14.2,0.0,4.8,78.0
12463,152,18.9,18.041666666666664,17.5,14.2,0.0,3.2,78.0
13363,152,18.9,18.07692307692308,17.5,14.1,0.0,3.2,79.0
14263,152,18.9,18.007462686567163,17.5,13.7,0.0,6.4,80.0
15163,152,18.9,18.0234375,17.5,13.5,0.0,4.8,81.0
16063,152,18.9,18.02898550724638,17.5,13.4,0.0,6.4,82.0
16963,152,18.9,18.007462686567163,17.5,13.3,0.0,6.4,83.0
17863,152,18.9,18.02173913043478,17.5,13.8,11.0,9.7,85.0
18763,152,18.9,18.015625,17.5,14.1,12.0,8.0,84.0
19663,152,18.9,18.007246376811594,17.5,14.4,9.0,11.3,83.0
20563,152,18.95254237288136,18.296875,17.6359375,14.6,14.0,12.9,82.0
21463,152,19.094202898550726,18.5,17.8,14.5,37.0,11.3,82.0
22363,152,19.16760563380281,18.5,17.8,14.4,32.0,16.1,81.0
23263,152,19.330303030303032,18.5,17.82898550724638,14.4,51.0,12.9,81.0
24163,152,20.408571428571427,18.676470588235293,18.20294117647059,14.6,116.0,9.7,80.0
25063,152,19.95942028985507,19.0,18.34057971014493,15.0,155.0,9.7,78.0
25963,152,19.9,18.746268656716417,18.09850746268657,15.1,130.0,14.5,74.0
26863,152,19.9,18.5,18.0,15.1,128.0,11.3,76.0
27763,152,19.9,18.5,18.0,15.1,144.0,14.5,75.0
28663,152,19.9,18.5,17.963380281690142,15.2,132.0,9.7,76.0
29563,152,19.807462686567163,18.5,17.835616438356162,15.3,114.0,11.3,74.0
30463,152,19.73333333333333,18.5,17.811764705882354,15.5,186.0,9.7,74.0
31363,152,19.7,18.5,17.819718309859155,15.7,185.0,16.1,72.0
32263,152,19.6,18.5,17.8,16.2,197.0,16.1,69.0
33163,152,19.540298507462687,18.5,17.8,16.3,179.0,22.5,69.0
34063,152,19.5,18.5,17.8,17.5,737.0,22.5,65.0
34963,152,19.5,18.5,17.8,17.2,535.0,20.9,64.0
35863,152,19.447142857142858,18.5,17.8,16.6,367.0,24.1,67.0
36763,152,19.4,18.5,17.8,16.3,246.0,22.5,67.0
37663,152,19.4,18.5,17.8,16.6,362.0,22.5,66.0
38563,152,19.4,18.5,17.8,16.2,239.0,24.1,68.0
39463,152,19.4,18.5,17.8,16.3,279.0,22.5,69.0
40363,152,19.4,18.5,17.8,17.6,380.0,16.1,68.0
41263,152,19.4,18.5,17.8,17.4,387.0,19.3,65.0
42163,152,19.4,18.5,17.8,16.9,348.0,19.3,66.0
43063,152,19.37619047619048,18.5,17.8,17.7,503.0,20.9,65.0
43963,152,19.3,18.5,17.8,17.3,362.0,19.3,66.0
44863,152,19.3,18.5,17.8,16.7,234.0,22.5,67.0
45763,152,19.3,18.5,17.8,16.5,171.0,16.1,68.0
46663,152,19.3,18.5,17.805714285714284,16.3,200.0,20.9,67.0
47563,152,19.35890410958904,18.5,17.955882352941178,16.2,171.0,20.9,70.0
48463,152,19.4,18.5,18.0,16.4,202.0,16.1,69.0
49363,152,19.4,18.5,17.99375,16.6,313.0,12.9,70.0
50263,152,19.4,18.5,17.99076923076923,17.0,367.0,19.3,69.0
51163,152,19.4,18.5,18.0,17.3,381.0,17.7,67.0
52063,152,19.4,18.5,17.997101449275362,17.1,288.0,20.9,69.0
52963,152,19.363076923076925,18.5,18.0,16.9,297.0,20.9,69.0
53863,152,19.3,18.5,17.993846153846153,16.6,220.0,25.7,72.0
54763,152,19.3,18.5,17.97941176470588,16.4,188.0,22.5,74.0
55663,152,19.3,18.5,17.96056338028169,16.1,116.0,19.3,75.0
56563,152,19.3,18.5,17.937313432835822,15.9,190.0,19.3,76.0
57463,152,19.3,18.5,17.922033898305084,15.9,160.0,24.1,75.0
58363,152,19.3,18.5,17.958823529411767,15.7,144.0,29.0,76.0
59263,152,19.3,18.5,17.961194029850745,15.7,116.0,24.1,77.0
60163,152,19.28904109589041,18.5,17.949253731343283,15.6,103.0,27.4,77.0
61063,152,19.26607142857143,18.5,17.985714285714288,15.4,72.0,29.0,77.0
61963,152,19.3,18.5,18.0,15.3,69.0,30.6,77.0
62863,152,19.3,18.5,18.0,15.3,90.0,30.6,78.0
63763,152,19.3,18.5,18.0,15.3,91.0,27.4,78.0
64663,152,19.3,18.5,18.0,15.2,95.0,27.4,78.0
65563,152,19.29855072463768,18.5,18.0,15.1,98.0,29.0,79.0
66463,152,19.20862068965517,18.5,18.0,15.0,109.0,29.0,80.0
67363,152,19.2,18.5,17.95357142857143,14.8,93.0,29.0,82.0
68263,152,19.2,18.5,17.892063492063492,14.6,74.0,25.7,82.0
69163,152,19.2,18.5,17.976470588235294,14.5,74.0,25.7,83.0
70063,152,19.29692307692308,18.5,18.0,14.3,74.0,32.2,83.0
70963,152,19.3,18.52272727272728,18.0,14.4,75.0,30.6,83.0
71863,152,19.3,18.5,18.0,14.3,42.0,30.6,84.0
72763,152,19.3,18.5,18.0,14.3,44.0,32.2,84.0
73663,152,19.25970149253732,18.5,18.0,14.3,39.0,32.2,84.0
74563,152,19.2,18.5,18.0,14.1,19.0,32.2,84.0
75463,152,19.2,18.5,17.993846153846153,14.0,11.0,33.8,84.0
76363,152,19.2,18.5,17.989090909090912,13.8,7.0,27.4,85.0
77263,152,19.2,18.5,18.0,13.8,5.0,29.0,85.0
78163,152,19.2,18.5,18.0,13.3,0.0,29.0,87.0
79063,152,19.2,18.5,18.0,13.4,0.0,32.2,85.0
79963,152,19.2,18.5,18.0,13.4,0.0,25.7,85.0
80863,152,20.702857142857145,18.86231884057971,18.240579710144928,13.4,0.0,29.0,86.0
81763,152,20.57846153846154,19.0,18.3,13.4,0.0,25.7,87.0
82663,152,20.12089552238806,19.0,18.095652173913045,13.6,0.0,29.0,87.0
83563,152,19.8,18.863636363636363,18.0,13.4,0.0,24.1,88.0
84463,152,19.585135135135136,18.5,18.0,13.4,0.0,22.5,88.0
85363,152,19.46065573770492,18.5,18.0,13.4,0.0,19.3,89.0
86263,152,19.4,18.5,18.0,13.4,0.0,17.7,89.0
763,153,19.319402985074625,18.5,18.0,13.3,0.0,17.7,89.0
1663,153,19.29047619047619,18.5,18.0,13.3,0.0,20.9,90.0
2563,153,19.2,18.5,18.0,12.6,0.0,17.7,91.0
3463,153,19.2,18.5,17.99655172413793,12.4,0.0,16.1,91.0
4363,153,19.185714285714287,18.5,17.92058823529412,12.3,0.0,19.3,89.0
5263,153,19.1,18.5,17.819607843137256,12.5,0.0,17.7,88.0
6163,153,19.1,18.5,17.8,12.5,0.0,19.3,88.0
7063,153,19.1,18.5,17.8,12.6,0.0,16.1,85.0
7963,153,19.1,18.5,17.8,12.6,0.0,16.1,85.0
8863,153,19.00441176470588,18.5,17.8,12.7,0.0,12.9,83.0
9763,153,19.0,18.5,17.8,12.6,0.0,9.7,83.0
10663,153,19.0,18.5,17.8,12.3,0.0,14.5,84.0
11563,153,19.0,18.5,17.8,12.2,0.0,16.1,86.0
12463,153,19.0,18.5,17.8,12.1,0.0,11.3,86.0
13363,153,19.0,18.5,17.8,12.1,0.0,11.3,87.0
14263,153,19.0,18.5,17.8,12.1,0.0,12.9,87.0
15163,153,18.91492537313433,18.5,17.8,11.9,0.0,6.4,88.0
16063,153,18.9,18.5,17.8,11.9,0.0,11.3,89.0
16963,153,18.9,18.5,17.8,11.7,0.0,14.5,89.0
17863,153,18.9,18.5,17.8,11.7,5.0,11.3,89.0
18763,153,18.9,18.5,17.8,11.7,9.0,11.3,89.0
19663,153,18.9,18.5,17.8,11.7,14.0,11.3,89.0
20563,153,18.9,18.5,17.8,11.7,19.0,8.0,89.0
21463,153,18.9,18.5,17.8,11.8,23.0,6.4,89.0
22363,153,18.9,18.5,17.8,11.8,25.0,9.7,88.0
23263,153,18.9,18.5,17.8,11.8,39.0,8.0,88.0
24163,153,18.91166666666667,18.5,17.8,12.1,88.0,8.0,89.0
25063,153,20.580882352941178,18.729508196721312,18.152459016393443,12.3,77.0,9.7,88.0
25963,153,20.32686567164179,18.828125,18.196875,12.4,62.0,4.8,88.0
26863,153,19.957534246575342,18.5,17.988235294117647,12.4,44.0,4.8,88.0
27763,153,19.672857142857143,18.5,17.817910447761193,12.4,67.0,8.0,87.0
28663,153,19.44558823529412,18.5,17.8,12.6,114.0,9.7,87.0
29563,153,19.29253731343284,18.5,17.8,12.8,63.0,11.3,86.0
30463,153,19.2,18.5,17.8,12.8,79.0,11.3,86.0
31363,153,19.170149253731346,18.5,17.8,12.8,100.0,9.7,87.0
32263,153,19.1,18.5,17.8,12.9,100.0,9.7,86.0
33163,153,19.1,18.5,17.79047619047619,12.7,46.0,9.7,88.0
34063,153,19.1,18.5,17.6265625,12.2,195.0,11.3,88.0
34963,153,19.03709677419355,18.5,17.5,12.6,183.0,9.7,86.0
35863,153,19.0,18.5,17.5,12.9,188.0,8.0,85.0
36763,153,19.0,18.5,17.5,13.1,204.0,11.3,86.0
37663,153,19.08840579710145,18.5,17.5,13.1,165.0,11.3,85.0
38563,153,19.1,18.5,17.5,12.9,175.0,11.3,86.0
39463,153,19.0734375,18.5,17.5,13.2,311.0,12.9,87.0
40363,153,19.00192307692308,18.5,17.5,13.6,501.0,12.9,84.0
41263,153,19.00793650793651,18.5,17.5,15.0,429.0,12.9,81.0
42163,153,19.1,18.5,17.5,14.1,202.0,14.5,83.0
43063,153,19.1,18.5,17.5,13.3,283.0,11.3,91.0
43963,153,19.1,18.5,17.5,13.6,264.0,11.3,86.0
44863,153,19.1,18.5,17.5,14.3,468.0,8.0,84.0
45763,153,19.1,18.5,17.5,15.6,649.0,6.4,76.0
46663,153,19.1,18.5,17.5,16.4,575.0,9.7,77.0
47563,153,19.1,18.5,17.5,15.2,183.0,14.5,75.0
48463,153,19.1,18.5,17.5,15.0,193.0,11.3,76.0
49363,153,19.1,18.5,17.5,16.9,826.0,11.3,70.0
50263,153,19.1,18.5,17.5,17.3,939.0,14.5,67.0
51163,153,19.165217391304346,18.5,17.504285714285714,17.7,905.0,16.1,63.0
52063,153,19.169014084507044,18.5,17.504411764705882,17.8,160.0,14.5,61.0
52963,153,19.16229508196721,18.5,17.5,18.6,211.0,14.5,62.0
53863,153,19.1768115942029,18.5,17.504285714285714,18.6,1004.0,14.5,63.0
54763,153,19.15833333333333,18.5,17.51304347826087,18.6,933.0,16.1,59.0
55663,153,19.191304347826087,18.5,17.534285714285716,17.0,306.0,14.5,63.0
56563,153,19.2,18.5,17.738235294117647,17.1,244.0,12.9,63.0
57463,153,19.2,18.5,17.8,18.1,923.0,11.3,62.0
58363,153,19.2,18.5,17.8,17.2,248.0,11.3,61.0
59263,153,19.2,18.5,17.8,17.2,206.0,9.7,59.0
60163,153,19.2,18.5,17.8,16.9,201.0,11.3,66.0
61063,153,19.2,18.5,17.8,18.3,204.0,14.5,55.0
61963,153,19.2,18.5,17.8,18.4,153.0,12.9,53.0
62863,153,19.2,18.5,17.8,18.3,571.0,12.9,52.0
63763,153,19.2,18.5,17.8,17.3,246.0,12.9,54.0
64663,153,19.2,18.5,17.8,18.1,253.0,14.5,52.0
65563,153,19.2,18.5,17.8,17.5,178.0,14.5,52.0
66463,153,19.2,18.5,17.8,16.8,100.0,11.3,53.0
67363,153,19.2,18.5,17.8,16.4,86.0,9.7,54.0
68263,153,19.2,18.5,17.8,16.8,134.0,8.0,53.0
69163,153,19.2,18.5,17.8,17.3,313.0,12.9,48.0
70063,153,19.2,18.5,17.8,16.3,70.0,12.9,48.0
70963,153,19.2,18.5,17.8,16.7,206.0,11.3,49.0
71863,153,19.13714285714285,18.5,17.8,16.4,62.0,11.3,49.0
72763,153,19.1,18.5,17.8,15.9,47.0,14.5,51.0
73663,153,19.1,18.5,17.8,15.3,42.0,12.9,53.0
74563,153,19.046268656716418,18.5,17.8,15.1,37.0,8.0,56.0
75463,153,19.0,18.5,17.8,14.4,21.0,6.4,57.0
76363,153,19.0,18.5,17.8,14.2,16.0,8.0,58.0
77263,153,19.0,18.5,17.7955223880597,13.8,9.0,4.8,59.0
78163,153,18.99571428571429,18.5,17.8,13.4,5.0,6.4,61.0
79063,153,18.902857142857144,18.5,17.8,12.9,0.0,6.4,62.0
79963,153,18.9,18.5,17.8,12.7,0.0,8.0,62.0
80863,153,18.9,18.5,17.8,12.5,0.0,9.7,63.0
81763,153,18.95441176470588,18.5,17.8,12.4,0.0,9.7,65.0
82663,153,18.97,18.5,17.8,12.3,0.0,8.0,67.0
83563,153,18.9,18.5,17.8,12.2,0.0,8.0,69.0
84463,153,18.9,18.5,17.8,12.0,0.0,8.0,72.0
85363,153,18.9,18.5,17.8,11.8,0.0,8.0,73.0
86263,153,18.9,18.5,17.795714285714286,11.8,0.0,4.8,73.0
763,154,18.882089552238806,18.5,17.707042253521127,11.6,0.0,3.2,73.0
1663,154,18.8,18.5,17.559154929577467,11.2,0.0,1.6,74.0
2563,154,18.8,18.5,17.543478260869566,10.8,0.0,3.2,76.0
3463,154,18.8,18.5,17.534782608695654,10.8,0.0,4.8,78.0
4363,154,18.8,18.5,17.505172413793105,10.8,0.0,4.8,78.0
5263,154,18.75294117647059,18.5,17.5,10.7,0.0,4.8,78.0
6163,154,18.7,18.35507246376812,17.5,10.4,0.0,1.6,78.0
7063,154,18.7,18.407692307692308,17.5,9.8,0.0,4.8,79.0
7963,154,18.7,18.194444444444446,17.5,10.1,0.0,4.8,77.0
8863,154,18.7,18.0,17.5,10.7,0.0,4.8,75.0
9763,154,18.68550724637681,18.0,17.5,10.7,0.0,6.4,75.0
10663,154,18.6,18.0,17.5,10.7,0.0,4.8,76.0
11563,154,18.6,18.0,17.5,10.7,0.0,4.8,76.0
12463,154,18.6,18.0,17.45774647887324,10.7,0.0,4.8,78.0
13363,154,18.6,18.0,17.320588235294117,10.3,0.0,1.6,79.0
14263,154,18.59354838709677,18.0,17.3,10.2,0.0,3.2,80.0
15163,154,18.505172413793105,18.0,17.3,10.0,0.0,0.0,81.0
16063,154,18.5,18.0,17.3,9.4,0.0,0.0,83.0
16963,154,18.5,18.0,17.3,9.6,5.0,3.2,84.0
17863,154,18.5,18.0,17.3,9.5,5.0,0.0,83.0
18763,154,18.5,18.0,17.3,9.1,7.0,0.0,84.0
19663,154,18.613888888888887,18.0,17.417142857142856,8.7,9.0,0.0,86.0
20563,154,18.79705882352941,18.0,17.5,8.5,11.0,1.6,87.0
21463,154,18.99285714285714,18.0,17.5,8.3,16.0,0.0,87.0
22363,154,19.202777777777776,18.035714285714285,17.5,8.1,21.0,0.0,88.0
23263,154,19.31846153846154,18.4,17.55142857142857,8.2,28.0,0.0,90.0
24163,154,19.4,18.1231884057971,17.517391304347825,8.7,40.0,0.0,89.0
25063,154,19.34861111111111,18.0,17.5,9.9,97.0,0.0,86.0
25963,154,19.3,18.0,17.402941176470588,11.8,128.0,0.0,79.0
26863,154,19.3,18.0,17.3,12.7,151.0,0.0,73.0
27763,154,19.3,18.0,17.270422535211267,13.2,131.0,3.2,72.0
28663,154,19.33230769230769,18.0,17.258064516129032,13.4,163.0,3.2,72.0
29563,154,19.1,18.0,17.3,13.5,171.0,3.2,69.0
30463,154,18.847142857142856,18.0,17.320588235294117,13.8,167.0,3.2,71.0
31363,154,18.95,18.0,17.38888888888889,13.9,122.0,1.6,69.0
32263,154,18.804761904761904,18.0,17.3,14.6,49.0,3.2,70.0
33163,154,18.7,18.0,17.3,15.1,67.0,3.2,69.0
34063,154,18.674647887323943,18.0,17.3,15.7,687.0,3.2,65.0
34963,154,18.55,17.92537313432836,17.076119402985075,16.4,260.0,6.4,60.0
35863,154,18.39701492537313,17.54225352112676,17.0,15.2,118.0,4.8,61.0
36763,154,18.28030303030303,17.93846153846154,17.0,14.9,86.0,6.4,63.0
37663,154,18.2,18.0,17.0,14.6,123.0,4.8,66.0
38563,154,18.2,18.0,17.068571428571428,15.6,404.0,4.8,66.0
39463,154,18.08939393939394,18.0,17.104166666666664,16.2,770.0,4.8,64.0
40363,154,18.090625,18.0,17.054929577464787,17.8,863.0,8.0,63.0
41263,154,18.00138888888889,17.99264705882353,17.004411764705882,18.4,940.0,8.0,59.0
42163,154,18.020289855072463,17.992424242424242,17.03636363636364,17.2,116.0,6.4,59.0
43063,154,18.06379310344828,18.0,17.3,16.3,153.0,1.6,62.0
43963,154,18.025,18.0,17.3,16.1,118.0,3.2,62.0
44863,154,18.09464285714286,18.0,17.3,17.9,1016.0,8.0,60.0
45763,154,18.0,18.0,17.3,18.9,1039.0,9.7,51.0
46663,154,17.983870967741936,18.0,17.3,20.1,990.0,12.9,42.0
47563,154,18.094285714285714,18.0,17.3,19.5,919.0,14.5,47.0
48463,154,18.2,18.0,17.3,19.1,1020.0,11.3,46.0
49363,154,18.27462686567164,18.0,17.3,19.2,199.0,11.3,47.0
50263,154,18.36833333333333,18.0,17.3,18.2,211.0,12.9,49.0
51163,154,18.4,18.0,17.3,17.9,302.0,9.7,53.0
52063,154,18.44126984126984,18.0,17.3,17.7,267.0,12.9,54.0
52963,154,18.5,18.0,17.3,17.4,299.0,14.5,56.0
53863,154,18.5,18.0,17.3,17.3,260.0,14.5,51.0
54763,154,18.5,18.0,17.3,17.3,167.0,14.5,57.0
55663,154,18.524615384615384,18.0,17.3,16.3,142.0,16.1,67.0
56563,154,18.6,18.0,17.3,15.5,230.0,9.7,73.0
57463,154,18.6,18.0,17.30597014925373,17.2,246.0,11.3,65.0
58363,154,18.6,18.0,17.44705882352941,16.8,195.0,14.5,57.0
59263,154,18.6,18.0,17.37076923076923,16.8,130.0,16.1,59.0
60163,154,18.6,18.0,17.3,17.6,663.0,17.7,54.0
61063,154,18.6,18.0,17.3,17.1,148.0,14.5,55.0
61963,154,18.6,18.0,17.3,16.7,98.0,11.3,56.0
62863,154,18.682352941176468,18.0,17.344117647058823,15.3,174.0,4.8,72.0
63763,154,19.508823529411764,18.42537313432836,17.750746268656716,14.9,132.0,6.4,73.0
64663,154,19.21764705882353,18.5,17.884057971014492,14.7,109.0,6.4,73.0
65563,154,19.185714285714287,18.5,17.8,14.6,125.0,6.4,70.0
66463,154,19.091549295774648,18.5,17.576119402985075,15.2,188.0,11.3,64.0
67363,154,19.0,18.492957746478872,17.5,14.5,98.0,9.7,71.0
68263,154,18.91857142857143,18.49230769230769,17.5,14.8,295.0,4.8,71.0
69163,154,18.857534246575344,18.44029850746269,17.5,14.7,77.0,9.7,70.0
70063,154,18.8,18.24285714285714,17.5,14.1,39.0,11.3,69.0
70963,154,18.708823529411767,18.10869565217392,17.5,14.0,35.0,6.4,71.0
71863,154,18.7,18.05555555555556,17.5,14.2,51.0,11.3,69.0
72763,154,18.665714285714284,18.0,17.5,14.1,19.0,4.8,71.0
73663,154,18.6,18.0,17.5,13.8,32.0,6.4,74.0
74563,154,18.6,18.0,17.5,13.7,17.0,4.8,74.0
75463,154,18.6,18.0,17.5,13.2,7.0,8.0,75.0
76363,154,18.6,18.0,17.5,12.7,7.0,11.3,79.0
77263,154,18.6,18.0,17.5,12.4,7.0,4.8,80.0
78163,154,18.6,18.0,17.5,12.1,5.0,6.4,80.0
79063,154,18.586153846153845,18.0,17.5,11.8,0.0,14.5,77.0
79963,154,18.505714285714284,18.0,17.5,11.4,0.0,12.9,79.0
80863,154,18.5,17.8828125,17.2234375,11.1,0.0,11.3,80.0
81763,154,18.5,18.0,17.121739130434783,11.2,0.0,11.3,80.0
82663,154,18.56376811594203,18.0,17.409859154929578,10.9,0.0,16.1,80.0
83563,154,18.6,18.0,17.44857142857143,10.8,0.0,17.7,81.0
84463,154,18.6,18.0,17.305714285714284,10.7,0.0,17.7,81.0
85363,154,18.6,18.0,17.3,10.6,0.0,16.1,82.0
86263,154,18.6,18.0,17.3,10.5,0.0,16.1,83.0
763,155,18.53333333333333,18.0,17.3,10.4,0.0,12.9,84.0
1663,155,18.5,18.0,17.3,10.4,0.0,14.5,84.0
2563,155,18.5,18.0,17.3,10.2,0.0,6.4,84.0
3463,155,18.5,18.0,17.3,10.4,0.0,9.7,83.0
4363,155,18.5,18.0,17.3,10.4,0.0,9.7,82.0
5263,155,18.5,18.0,17.3,10.2,0.0,4.8,83.0
6163,155,18.5,18.0,17.3,9.9,0.0,11.3,83.0
7063,155,18.42608695652174,18.0,17.3,10.1,0.0,12.9,81.0
7963,155,18.4,18.0,17.3,10.1,0.0,14.5,81.0
8863,155,18.4,18.0,17.3,9.7,0.0,12.9,79.0
9763,155,18.4,18.0,17.3,9.7,0.0,14.5,77.0
10663,155,18.4,18.0,17.3,9.9,0.0,14.5,75.0
11563,155,18.4,18.0,17.3,9.7,0.0,12.9,77.0
12463,155,18.4,18.0,17.3,9.6,0.0,12.9,79.0
13363,155,18.33142857142857,18.0,17.3,9.7,0.0,14.5,77.0
14263,155,18.3,18.0,17.3,9.9,0.0,14.5,76.0
15163,155,18.3,18.0,17.3,9.9,0.0,12.9,80.0
16063,155,18.3,18.0,17.3,9.7,5.0,9.7,82.0
16963,155,18.3,18.0,17.3,9.5,6.0,6.4,82.0
17863,155,18.3,18.0,17.3,9.6,19.0,9.7,75.0
18763,155,18.378260869565217,18.0,17.3,10.2,25.0,14.5,72.0
19663,155,18.41343283582089,18.0,17.3,10.4,32.0,14.5,72.0
20563,155,18.57941176470588,18.0,17.3,10.4,32.0,12.9,73.0
21463,155,18.79,18.0,17.3,10.1,16.0,12.9,73.0
22363,155,18.98985507246377,18.0,17.3,10.3,21.0,16.1,74.0
23263,155,19.18055555555556,18.0,17.3,10.3,46.0,20.9,75.0
24163,155,19.335714285714285,18.0,17.3,10.3,26.0,16.1,78.0
25063,155,19.452857142857145,18.0,17.3,10.6,28.0,14.5,77.0
25963,155,19.53648648648649,18.0,17.3,10.8,33.0,14.5,78.0
26863,155,19.6,18.0,17.471830985915496,11.1,39.0,17.7,76.0
27763,155,19.582666666666665,18.0,17.5,11.6,32.0,17.7,74.0
28663,155,19.470422535211267,18.0,17.5,11.6,33.0,17.7,74.0
29563,155,19.33943661971831,18.0,17.341176470588234,11.7,39.0,16.1,75.0
30463,155,19.25633802816901,18.0,17.3,11.9,40.0,16.1,73.0
31363,155,19.14305555555556,18.0,17.3,12.7,63.0,12.9,68.0
32263,155,19.098550724637683,18.0,17.3,12.6,67.0,19.3,67.0
33163,155,19.0,18.0,17.3,12.7,54.0,19.3,65.0
34063,155,18.933333333333334,18.0,17.3,12.9,149.0,19.3,66.0
34963,155,18.9,18.0,17.3,13.4,171.0,16.1,65.0
35863,155,18.83913043478261,18.0,17.3,13.1,703.0,17.7,67.0
36763,155,18.78970588235294,18.0,17.3,13.1,174.0,19.3,64.0
37663,155,18.7,18.0,17.3,14.7,821.0,16.1,62.0
38563,155,18.634848484848483,18.0,17.3,14.3,856.0,14.5,62.0
39463,155,18.535820895522388,18.0,17.192857142857143,13.5,246.0,19.3,61.0
40363,155,18.472857142857144,17.869565217391305,17.0,14.1,374.0,19.3,60.0
41263,155,18.42083333333333,17.5,16.94782608695652,14.3,279.0,16.1,58.0
42163,155,18.24285714285714,17.5,16.623529411764707,15.0,513.0,9.7,57.0
43063,155,18.191044776119405,17.49285714285714,16.5,14.7,872.0,22.5,63.0
43963,155,18.103076923076923,17.5,16.51764705882353,14.4,290.0,16.1,59.0
44863,155,18.1,17.5,16.760294117647057,14.5,504.0,22.5,58.0
45763,155,18.27941176470588,17.614285714285714,16.911428571428573,13.0,281.0,20.9,63.0
46663,155,18.4,17.905797101449274,17.0,14.5,306.0,16.1,58.0
47563,155,18.4,17.565217391304348,17.0,15.8,1310.0,17.7,57.0
48463,155,18.4,17.5,17.0,15.2,160.0,14.5,57.0
49363,155,18.4,17.5,17.0,14.9,246.0,12.9,58.0
50263,155,18.4,17.5,17.0,16.7,1027.0,16.1,54.0
51163,155,18.4,17.5,16.974647887323943,16.3,236.0,16.1,49.0
52063,155,18.4,17.5,17.0,15.8,353.0,16.1,51.0
52963,155,18.42394366197183,17.52941176470588,17.0,16.6,330.0,16.1,54.0
53863,155,18.5,17.52941176470588,17.0,15.7,100.0,14.5,54.0
54763,155,18.5,17.621428571428574,17.0,14.2,262.0,19.3,62.0
55663,155,18.5,17.611940298507463,17.0,14.1,779.0,19.3,65.0
56563,155,18.5,17.807142857142857,17.0,15.0,480.0,17.7,64.0
57463,155,18.5,17.98611111111111,17.0,16.6,717.0,17.7,55.0
58363,155,18.5,17.98611111111111,17.0,17.0,698.0,16.1,51.0
59263,155,18.5,18.0,17.0,17.4,729.0,16.1,49.0
60163,155,18.591044776119404,18.0,17.0,17.1,591.0,14.5,50.0
61063,155,18.655882352941177,18.0,17.0,16.6,670.0,12.9,54.0
61963,155,18.7,18.0,17.0,16.3,132.0,17.7,52.0
62863,155,18.7,18.0,17.0,16.2,663.0,14.5,53.0
63763,155,18.671875,18.0,17.0,16.7,562.0,20.9,45.0
64663,155,18.6,18.0,17.0,16.9,438.0,19.3,46.0
65563,155,18.6,18.0,17.0,17.0,441.0,16.1,46.0
66463,155,18.6,18.0,17.0,15.8,86.0,16.1,51.0
67363,155,18.59852941176471,18.0,17.0,13.9,35.0,24.1,62.0
68263,155,18.51212121212121,18.0,17.0,13.0,81.0,20.9,66.0
69163,155,18.5,18.0,17.02173913043478,12.3,33.0,17.7,68.0
70063,155,18.5,18.0,17.07258064516129,12.1,32.0,20.9,75.0
70963,155,18.5,18.0,17.240845070422534,10.4,18.0,22.5,82.0
71863,155,18.5,18.0,17.295774647887324,9.8,21.0,12.9,87.0
72763,155,18.5,18.0,17.3,10.1,53.0,8.0,88.0
73663,155,18.5,18.0,17.3,10.5,21.0,12.9,86.0
74563,155,18.5,18.0,17.3,10.4,33.0,12.9,88.0
75463,155,18.5,18.0,17.3,10.3,14.0,9.7,88.0
76363,155,18.5,18.0,17.3,10.2,5.0,6.4,89.0
77263,155,18.5,18.0,17.12794117647059,10.2,5.0,8.0,90.0
78163,155,18.5,18.0,17.219402985074627,10.0,5.0,8.0,90.0
79063,155,18.5,18.0,17.3,9.7,0.0,11.3,91.0
79963,155,18.49571428571429,18.0,17.2955223880597,9.9,0.0,11.3,89.0
80863,155,18.40142857142857,18.0,17.197142857142858,10.1,0.0,11.3,88.0
81763,155,18.654166666666665,18.071428571428573,17.442857142857143,10.1,0.0,9.7,88.0
82663,155,20.16774193548387,18.535714285714285,18.011428571428574,9.7,0.0,9.7,90.0
83563,155,19.805633802816903,18.5,17.8,9.8,0.0,11.3,89.0
84463,155,19.34558823529412,18.5,17.528378378378378,9.9,0.0,14.5,88.0
85363,155,19.03235294117647,18.069230769230767,17.5,9.8,0.0,11.3,87.0
86263,155,18.890140845070423,18.0,17.48688524590164,9.9,0.0,11.3,87.0
763,156,18.76086956521739,18.0,17.325352112676057,10.2,0.0,12.9,87.0
1663,156,18.680281690140845,18.0,17.3,10.2,0.0,11.3,87.0
2563,156,18.6,18.0,17.3,10.2,0.0,11.3,87.0
3463,156,18.538888888888888,18.0,17.3,10.2,0.0,14.5,87.0
4363,156,18.5,18.0,17.3,10.3,0.0,14.5,86.0
5263,156,18.447142857142858,18.0,17.3,10.4,0.0,12.9,86.0
6163,156,18.4,18.0,17.3,10.1,0.0,11.3,88.0
7063,156,18.4,18.0,17.169565217391302,9.7,0.0,11.3,90.0
7963,156,18.34776119402985,18.0,17.021428571428572,9.4,0.0,8.0,92.0
8863,156,18.3,18.0,17.0,9.3,0.0,8.0,93.0
9763,156,18.3,18.0,17.0,9.1,0.0,9.7,94.0
10663,156,18.27058823529412,17.963235294117645,17.0,9.2,0.0,9.7,95.0
11563,156,18.2,17.79054054054054,17.0,9.3,0.0,9.7,94.0
12463,156,18.2,17.588235294117645,17.0,9.3,0.0,8.0,94.0
13363,156,18.2,17.506944444444446,17.0,9.3,0.0,11.3,94.0
14263,156,18.2,17.5,17.0,9.2,0.0,9.7,93.0
15163,156,18.167142857142856,17.5,17.0,9.2,0.0,9.7,94.0
16063,156,18.1,17.5,17.0,9.1,0.0,4.8,94.0
16963,156,18.1,17.5,16.997222222222224,9.2,0.0,8.0,93.0
17863,156,18.1,17.5,16.934328358208955,8.9,0.0,11.3,92.0
18763,156,18.1,17.5,16.808695652173913,8.8,5.0,9.7,92.0
19663,156,17.973239436619718,17.48,16.794666666666664,8.3,9.0,12.9,92.0
20563,156,16.283823529411766,16.33582089552239,15.464179104477612,8.1,8.0,14.5,93.0
21463,156,17.479710144927537,16.70714285714286,15.892857142857142,7.9,7.0,11.3,94.0
22363,156,16.432352941176468,16.5,15.598571428571429,7.8,11.0,12.9,95.0
23263,156,16.936764705882354,16.785714285714285,16.011111111111113,7.8,16.0,9.7,95.0
24163,156,17.459154929577466,17.0,16.37042253521127,7.9,18.0,11.3,95.0
25063,156,17.638461538461538,17.0,16.446031746031746,8.1,23.0,14.5,94.0
25963,156,17.740350877192984,17.38888888888889,16.5,8.1,40.0,11.3,94.0
26863,156,17.8,17.5,16.524590163934427,8.2,60.0,14.5,94.0
27763,156,17.80597014925373,17.5,16.64142857142857,8.3,32.0,12.9,95.0
28663,156,17.9,17.5,16.79558823529412,8.7,60.0,14.5,94.0
29563,156,17.9,17.5,16.8,8.7,40.0,16.1,94.0
30463,156,17.951470588235292,17.5,16.8,8.6,39.0,19.3,95.0
31363,156,18.0,17.5,16.8,8.7,58.0,20.9,95.0
32263,156,18.06617647058824,17.5,16.8,8.8,123.0,24.1,95.0
33163,156,18.113636363636363,17.5,16.8,9.4,225.0,20.9,95.0
34063,156,18.2,17.5,16.8,10.2,267.0,24.1,93.0
34963,156,18.219117647058823,17.5,16.8,10.7,280.0,22.5,93.0
35863,156,18.3,17.5,16.8,11.7,691.0,24.1,90.0
36763,156,18.3,17.5,16.8,12.3,789.0,27.4,87.0
37663,156,18.34084507042253,17.5,16.8,12.9,795.0,22.5,86.0
38563,156,18.4,17.5,16.8,13.8,865.0,24.1,83.0
39463,156,18.4,17.5,16.8,13.9,364.0,22.5,83.0
40363,156,18.4,17.5,16.8,13.2,396.0,19.3,86.0
41263,156,18.4,17.5,16.8,13.3,352.0,19.3,84.0
42163,156,18.4,17.5,16.8,14.2,299.0,17.7,82.0
43063,156,18.4,17.5,16.8,13.7,304.0,19.3,83.0
43963,156,18.4,17.5,16.8,14.3,323.0,16.1,84.0
44863,156,18.4,17.5,16.8,14.6,489.0,19.3,81.0
45763,156,18.4,17.5,16.8,13.9,200.0,20.9,84.0
46663,156,18.4,17.5,16.8,13.9,322.0,19.3,88.0
47563,156,18.4,17.5,16.8,14.2,172.0,12.9,85.0
48463,156,18.4,17.5,16.8,14.4,241.0,12.9,87.0
49363,156,18.4,17.5,16.8,14.3,169.0,14.5,87.0
50263,156,18.4,17.5,16.8,14.8,654.0,11.3,93.0
51163,156,18.48235294117647,17.5,16.8,15.7,849.0,11.3,86.0
52063,156,18.5,17.5,16.8,17.2,703.0,12.9,77.0
52963,156,18.5,17.5,16.8,17.4,937.0,17.7,69.0
53863,156,18.5,17.5,16.8,16.7,264.0,12.9,74.0
54763,156,18.5,17.5,16.8,16.6,998.0,6.4,73.0
55663,156,18.461764705882352,17.5,16.8,17.1,230.0,4.8,64.0
56563,156,18.4,17.5,16.8,17.8,411.0,12.9,66.0
57463,156,18.449253731343283,17.5,16.8,16.5,185.0,6.4,73.0
58363,156,18.5,17.5,16.8,16.2,860.0,4.8,69.0
59263,156,18.5,17.5,16.8,16.6,134.0,12.9,63.0
60163,156,18.5,17.5,16.8,16.1,154.0,14.5,67.0
61063,156,18.44696969696969,17.5,16.805882352941175,16.0,536.0,12.9,72.0
61963,156,18.4,17.5,16.80923076923077,15.7,183.0,11.3,74.0
62863,156,18.4,17.5,16.805797101449276,14.4,174.0,8.0,77.0
63763,156,18.4,17.5,16.80294117647059,14.4,202.0,8.0,80.0
64663,156,18.4,17.5,16.822535211267606,14.2,107.0,6.4,77.0
65563,156,18.4,17.5,16.83529411764706,14.1,30.0,8.0,78.0
66463,156,18.36268656716418,17.5,16.84179104477612,13.7,130.0,8.0,87.0
67363,156,18.3,17.5,16.873529411764707,13.7,127.0,4.8,86.0
68263,156,18.3,17.5,16.856716417910448,13.7,63.0,4.8,84.0
69163,156,18.3,17.5,16.85142857142857,13.8,44.0,3.2,84.0
70063,156,18.3,17.5,16.857575757575756,13.9,70.0,3.2,81.0
70963,156,18.3,17.5,16.834285714285716,13.9,49.0,1.6,82.0
71863,156,18.203125,17.5,16.834782608695654,13.9,39.0,3.2,80.0
72763,156,18.2,17.5,16.833333333333336,13.7,19.0,8.0,78.0
73663,156,18.2,17.5,16.8,13.4,19.0,8.0,78.0
74563,156,18.2,17.5,16.8,13.2,18.0,8.0,78.0
75463,156,18.2,17.5,16.954545454545453,12.9,9.0,8.0,80.0
76363,156,18.2,17.5,17.0,12.6,0.0,8.0,83.0
77263,156,18.2,17.5,17.0,12.1,0.0,6.4,87.0
78163,156,18.2,17.5,17.0,11.7,0.0,9.7,87.0
79063,156,18.2,17.5,17.0,11.1,0.0,14.5,90.0
79963,156,18.2,17.5,17.0,10.7,0.0,12.9,91.0
80863,156,18.2,17.5,17.0,10.3,0.0,8.0,90.0
81763,156,18.2,17.5,17.0,10.2,0.0,4.8,90.0
82663,156,18.2,17.5,17.0,10.1,0.0,4.8,90.0
83563,156,18.2,17.5,17.0,9.9,0.0,6.4,94.0
84463,156,18.2,17.5,17.0,9.8,0.0,6.4,94.0
85363,156,18.13939393939394,17.5,17.0,9.8,0.0,3.2,94.0
86263,156,18.1,17.5,17.0,9.7,0.0,3.2,95.0
763,157,18.1,17.5,17.0,9.6,0.0,1.6,94.0
1663,157,18.1,17.5,17.0,9.6,0.0,1.6,94.0
2563,157,18.1,17.5,16.997222222222224,9.6,0.0,0.0,95.0
3463,157,18.1,17.5,16.9768115942029,9.4,0.0,1.6,94.0
4363,157,18.044927536231885,17.5,16.938235294117646,9.4,0.0,1.6,94.0
5263,157,18.0,17.5,16.9013698630137,9.3,0.0,1.6,94.0
6163,157,18.0,17.5,16.861764705882354,9.2,0.0,0.0,94.0
7063,157,18.0,17.5,16.8,9.2,0.0,1.6,95.0
7963,157,18.0,17.5,16.8,9.2,0.0,0.0,95.0
8863,157,18.0,17.5,16.8,9.2,0.0,1.6,95.0
9763,157,18.0,17.5,16.8,9.2,0.0,1.6,96.0
10663,157,17.945714285714285,17.5,16.8,9.2,0.0,3.2,96.0
11563,157,17.9,17.5,16.8,9.2,0.0,1.6,96.0
12463,157,,,,9.3,0.0,3.2,97.0
13363,157,,,,9.3,0.0,4.8,97.0
14263,157,,,,9.4,0.0,4.8,97.0
15163,157,,,,9.4,0.0,8.0,97.0
16063,157,,,,9.5,0.0,4.8,97.0
16963,157,,,,9.3,0.0,4.8,97.0
17863,157,,,,9.3,0.0,4.8,97.0
18763,157,,,,9.3,0.0,6.4,98.0
19663,157,,,,9.2,0.0,6.4,98.0
20563,157,,,,9.2,7.0,6.4,98.0
21463,157,,,,9.2,11.0,6.4,98.0
22363,157,,,,9.2,12.0,6.4,98.0
23263,157,,,,9.3,11.0,6.4,98.0
24163,157,,,,9.3,12.0,8.0,98.0
25063,157,,,,9.4,16.0,8.0,98.0
25963,157,,,,9.6,18.0,8.0,98.0
26863,157,,,,9.6,21.0,6.4,99.0
27763,157,,,,9.6,20.0,6.4,98.0
28663,157,,,,9.6,21.0,8.0,98.0
29563,157,,,,9.7,23.0,8.0,99.0
30463,157,,,,9.7,25.0,8.0,98.0
31363,157,,,,9.7,30.0,8.0,99.0
32263,157,,,,9.8,49.0,8.0,99.0
33163,157,,,,9.9,47.0,8.0,99.0
34063,157,,,,9.9,42.0,8.0,99.0
34963,157,,,,9.9,44.0,12.9,99.0
35863,157,,,,9.9,60.0,11.3,98.0
36763,157,,,,10.0,62.0,9.7,99.0
37663,157,,,,10.1,76.0,9.7,99.0
38563,157,,,,10.1,70.0,11.3,98.0
39463,157,,,,10.1,60.0,11.3,98.0
40363,157,,,,10.1,67.0,12.9,98.0
41263,157,,,,10.2,70.0,12.9,98.0
42163,157,,,,10.2,66.0,12.9,98.0
43063,157,,,,10.3,56.0,12.9,98.0
43963,157,,,,10.2,81.0,14.5,98.0
44863,157,,,,10.2,74.0,17.7,98.0
45763,157,,,,10.3,73.0,16.1,98.0
46663,157,,,,10.3,65.0,17.7,98.0
47563,157,,,,10.3,60.0,17.7,98.0
48463,157,,,,10.3,60.0,19.3,98.0
49363,157,,,,10.4,70.0,20.9,98.0
50263,157,,,,10.3,70.0,19.3,98.0
51163,157,,,,10.3,69.0,19.3,98.0
52063,157,,,,10.4,102.0,19.3,98.0
52963,157,,,,10.6,99.0,20.9,98.0
53863,157,,,,10.7,91.0,19.3,98.0
54763,157,,,,10.7,83.0,20.9,98.0
55663,157,,,,10.8,95.0,22.5,98.0
56563,157,,,,10.8,100.0,19.3,97.0
57463,157,,,,10.9,102.0,19.3,97.0
58363,157,,,,10.9,84.0,20.9,97.0
59263,157,,,,10.9,98.0,19.3,97.0
60163,157,,,,10.9,74.0,20.9,97.0
61063,157,,,,10.7,90.0,22.5,97.0
61963,157,,,,10.7,60.0,19.3,97.0
62863,157,,,,10.6,42.0,20.9,97.0
63763,157,,,,10.6,59.0,20.9,97.0
64663,157,,,,10.4,32.0,20.9,97.0
65563,157,,,,10.3,40.0,22.5,97.0
66463,157,,,,10.3,39.0,22.5,97.0
67363,157,,,,10.1,40.0,24.1,97.0
68263,157,,,,9.9,26.0,22.5,97.0
69163,157,,,,9.8,21.0,22.5,97.0
70063,157,,,,9.7,23.0,20.9,97.0
70963,157,,,,9.4,19.0,22.5,97.0
71863,157,,,,9.3,18.0,22.5,97.0
72763,157,,,,9.2,14.0,20.9,97.0
73663,157,,,,9.1,11.0,24.1,97.0
74563,157,,,,9.1,5.0,22.5,97.0
75463,157,,,,9.1,0.0,20.9,97.0
76363,157,,,,9.1,0.0,24.1,97.0
77263,157,,,,9.1,0.0,20.9,97.0
78163,157,,,,9.0,0.0,22.5,97.0
79063,157,,,,8.9,0.0,20.9,97.0
79963,157,,,,8.8,0.0,20.9,97.0
80863,157,,,,8.8,0.0,20.9,97.0
81763,157,,,,8.8,0.0,20.9,97.0
82663,157,,,,8.7,0.0,20.9,97.0
83563,157,,,,8.7,0.0,19.3,97.0
84463,157,,,,8.6,0.0,20.9,97.0
85363,157,,,,8.6,0.0,19.3,97.0
86263,157,,,,8.6,0.0,19.3,97.0
763,158,,,,8.6,0.0,19.3,97.0
1663,158,,,,8.6,0.0,19.3,96.0
2563,158,,,,8.5,0.0,19.3,96.0
3463,158,,,,8.3,0.0,22.5,96.0
4363,158,,,,8.2,0.0,22.5,95.0
5263,158,,,,8.0,0.0,20.9,95.0
6163,158,,,,7.9,0.0,20.9,95.0
7063,158,,,,7.9,0.0,20.9,95.0
7963,158,,,,7.9,0.0,20.9,96.0
8863,158,,,,7.9,0.0,20.9,95.0
9763,158,,,,7.9,0.0,20.9,95.0
10663,158,,,,7.8,0.0,19.3,95.0
11563,158,,,,7.8,0.0,20.9,94.0
12463,158,,,,7.8,0.0,20.9,94.0
13363,158,,,,7.8,0.0,20.9,94.0
14263,158,,,,7.8,0.0,20.9,94.0
15163,158,,,,7.8,0.0,20.9,94.0
16063,158,,,,7.8,0.0,20.9,93.0
16963,158,,,,7.9,0.0,22.5,92.0
17863,158,,,,8.0,0.0,19.3,94.0
18763,158,,,,8.1,7.0,20.9,93.0
19663,158,,,,8.1,18.0,22.5,92.0
20563,158,,,,8.1,23.0,22.5,91.0
21463,158,,,,8.1,33.0,20.9,91.0
22363,158,,,,7.9,53.0,19.3,92.0
23263,158,,,,7.9,53.0,22.5,91.0
24163,158,,,,7.9,39.0,22.5,90.0
25063,158,,,,8.0,49.0,24.1,89.0
25963,158,,,,8.0,62.0,22.5,89.0
26863,158,,,,8.1,60.0,25.7,87.0
27763,158,,,,8.2,72.0,24.1,86.0
28663,158,,,,8.4,97.0,20.9,84.0
29563,158,,,,8.6,135.0,17.7,84.0
30463,158,,,,9.0,192.0,24.1,82.0
31363,158,,,,9.3,105.0,24.1,81.0
32263,158,,,,9.7,51.0,20.9,77.0
33163,158,17.1,16.5,15.8,10.2,42.0,22.5,72.0
34063,158,17.1,16.5,15.8,10.9,617.0,25.7,69.0
34963,158,17.1,16.5,15.8,11.4,679.0,22.5,68.0
35863,158,17.1,16.5,15.8,11.8,659.0,24.1,66.0
36763,158,17.1,16.5,15.8,12.6,691.0,17.7,69.0
37663,158,17.1,16.5,15.8,12.3,735.0,29.0,66.0
38563,158,17.1,16.5,15.8,12.5,749.0,27.4,65.0
39463,158,17.1,16.5,15.8,12.9,877.0,25.7,64.0
40363,158,17.092537313432835,16.5,15.8,13.0,930.0,27.4,65.0
41263,158,17.022972972972973,16.5,15.8,12.9,925.0,25.7,62.0
42163,158,17.018840579710144,16.5,15.8,13.8,831.0,24.1,62.0
43063,158,17.0,16.5,15.8,13.7,882.0,25.7,62.0
43963,158,17.0,16.5,15.8,14.2,947.0,24.1,63.0
44863,158,17.0,16.5,15.8,14.1,898.0,22.5,61.0
45763,158,17.0,16.5,15.8,14.3,977.0,24.1,59.0
46663,158,17.0,16.5,15.8,14.6,1055.0,24.1,61.0
47563,158,17.0,16.5,15.8,14.3,241.0,19.3,60.0
48463,158,17.0,16.5,15.8,14.3,345.0,20.9,58.0
49363,158,17.0,16.5,15.8,14.7,926.0,22.5,58.0
50263,158,17.0,16.5,15.8,15.1,947.0,22.5,54.0
51163,158,17.0,16.5,15.8,15.1,297.0,22.5,53.0
52063,158,17.0,16.5,15.8,15.6,1049.0,22.5,55.0
52963,158,17.0,16.5,15.8,15.2,854.0,25.7,51.0
53863,158,17.0,16.5,15.8,15.7,693.0,20.9,51.0
54763,158,17.0,16.5,15.8,14.9,250.0,19.3,52.0
55663,158,17.002985074626867,16.5,15.8,14.7,320.0,22.5,52.0
56563,158,17.03939393939394,16.5,15.8,15.1,466.0,20.9,53.0
57463,158,17.1,16.5,15.8,15.7,605.0,19.3,55.0
58363,158,17.1,16.5,15.8,15.7,589.0,20.9,54.0
59263,158,17.1,16.5,15.8,15.8,580.0,19.3,52.0
60163,158,17.1,16.5,15.8,15.3,516.0,22.5,51.0
61063,158,17.186567164179102,16.5,15.936363636363636,15.4,661.0,20.9,54.0
61963,158,17.2,16.5,15.99090909090909,15.2,506.0,20.9,58.0
62863,158,17.2,16.5,15.910144927536232,15.1,647.0,22.5,55.0
63763,158,17.198507462686567,16.5,15.86268656716418,14.7,357.0,24.1,53.0
64663,158,17.121739130434783,16.5,15.844776119402985,14.5,524.0,19.3,55.0
65563,158,17.1,16.5,15.84,14.7,439.0,20.9,53.0
66463,158,17.144927536231883,16.5,16.0,14.7,394.0,19.3,55.0
67363,158,17.1,16.5,16.0,14.7,380.0,16.1,54.0
68263,158,17.104285714285716,16.5,16.0,14.7,345.0,19.3,52.0
69163,158,17.195384615384615,16.5,15.984126984126984,14.4,281.0,19.3,49.0
70063,158,17.194202898550724,16.5,15.914285714285716,14.5,243.0,16.1,48.0
70963,158,17.1,16.5,15.808955223880597,14.2,214.0,19.3,51.0
71863,158,17.06056338028169,16.5,15.8,13.2,40.0,17.7,58.0
72763,158,16.995652173913044,16.5,15.8,12.9,40.0,16.1,60.0
73663,158,16.9,16.5,15.8,12.7,47.0,14.5,60.5
74563,158,16.879710144927536,16.5,15.8,12.4,23.0,9.7,64.0
75463,158,16.8,16.5,15.8,11.9,12.0,6.4,65.0
76363,158,16.8,16.5,15.732394366197184,11.3,14.0,6.4,68.0
77263,158,17.898611111111112,16.65942028985507,16.06086956521739,10.9,9.0,8.0,71.0
78163,158,16.917910447761194,16.551470588235293,15.94264705882353,10.9,5.0,9.7,71.0
79063,158,16.41044776119403,16.328358208955223,15.540298507462683,10.9,0.0,9.7,72.0
79963,158,16.250704225352113,16.0,15.3,11.1,0.0,9.7,72.0
80863,158,16.187878787878788,16.0,15.272307692307692,11.1,0.0,8.0,72.0
81763,158,16.407462686567165,16.0,15.40144927536232,11.1,0.0,6.4,72.0
82663,158,16.541428571428572,16.022727272727273,15.5,11.0,0.0,6.4,72.0
83563,158,16.613888888888887,16.3955223880597,15.5,10.8,0.0,3.2,74.0
84463,158,16.7,16.5,15.735714285714286,10.6,0.0,1.6,75.0
85363,158,16.7,16.5,15.8,10.6,0.0,1.6,76.0
86263,158,16.7,16.5,15.8,10.4,0.0,3.2,77.0
763,159,16.7,16.5,15.8,10.4,0.0,3.2,79.0
1663,159,16.7,16.5,15.8,10.3,0.0,1.6,81.0
2563,159,16.7,16.5,15.8,10.3,0.0,3.2,79.0
3463,159,16.7,16.5,15.8,10.3,0.0,4.8,81.0
4363,159,16.7,16.5,15.8,10.3,0.0,6.4,81.0
5263,159,16.7,16.5,15.8,10.2,0.0,6.4,83.0
6163,159,16.7,16.5,15.8,10.2,0.0,8.0,83.0
7063,159,16.7,16.5,15.8,10.1,0.0,6.4,84.0
7963,159,16.7,16.5,15.8,9.9,0.0,4.8,86.0
8863,159,16.7,16.5,15.8,9.9,0.0,4.8,87.0
9763,159,16.7,16.5,15.8,9.9,0.0,4.8,87.0
10663,159,16.7,16.5,15.8,10.2,0.0,6.4,86.0
11563,159,16.7,16.5,15.8,10.4,0.0,8.0,84.0
12463,159,16.7,16.5,15.8,10.6,0.0,4.8,82.0
13363,159,16.698507462686567,16.5,15.8,10.7,0.0,9.7,82.0
14263,159,16.64927536231884,16.5,15.8,10.6,0.0,12.9,83.0
15163,159,16.60857142857143,16.5,15.8,10.6,0.0,12.9,83.0
16063,159,16.6,16.5,15.8,10.6,0.0,9.7,84.0
16963,159,16.6,16.5,15.8,10.6,0.0,8.0,84.0
17863,159,16.6,16.5,15.8,10.6,7.0,9.7,84.0
18763,159,16.6,16.5,15.8,10.6,14.0,11.3,83.0
19663,159,16.6,16.5,15.8,10.6,23.0,8.0,83.0
20563,159,16.6,16.5,15.8,10.6,37.0,11.3,84.0
21463,159,16.668115942028983,16.5,15.8,10.7,37.0,12.9,83.0
22363,159,17.628358208955223,16.57971014492754,16.02753623188406,10.7,65.0,14.5,83.0
23263,159,17.070588235294117,16.717391304347824,16.1463768115942,10.8,54.0,14.5,84.0
24163,159,17.371014492753623,17.0,16.31875,10.7,42.0,17.7,85.0
25063,159,17.404225352112675,16.86764705882353,16.110294117647058,10.8,81.0,19.3,86.0
25963,159,17.322535211267606,16.5,16.0,11.1,125.0,17.7,86.0
26863,159,17.25,16.5,16.0,11.2,109.0,16.1,86.0
27763,159,17.175342465753424,16.5,15.901408450704224,11.2,77.0,16.1,86.0
28663,159,17.1,16.5,15.80857142857143,11.3,116.0,12.9,87.0
29563,159,17.008823529411764,16.5,15.8,11.4,135.0,11.3,87.0
30463,159,16.97391304347826,16.5,15.8,11.7,165.0,11.3,87.0
31363,159,16.9,16.5,15.8,11.6,95.0,12.9,87.0
32263,159,16.9,16.5,15.8,11.7,128.0,12.9,88.0
33163,159,16.9,16.5,15.8,11.5,84.0,14.5,88.0
34063,159,16.81304347826087,16.5,15.8,11.3,125.0,12.9,91.0
34963,159,16.8,16.5,15.8,11.4,136.0,9.7,94.0
35863,159,16.8,16.5,15.8,11.3,120.0,12.9,94.0
36763,159,16.8,16.5,15.8,11.3,144.0,12.9,95.0
37663,159,16.8,16.5,15.8,11.3,123.0,9.7,96.0
38563,159,16.8,16.5,15.8,11.2,116.0,11.3,96.0
39463,159,16.8,16.5,15.8,11.2,109.0,9.7,96.0
40363,159,16.8,16.5,15.8,11.3,104.0,9.7,97.0
41263,159,16.8,16.5,15.8,11.2,139.0,9.7,96.0
42163,159,16.8,16.5,15.8,11.3,116.0,8.0,96.0
43063,159,16.8,16.5,15.8,11.4,93.0,9.7,97.0
43963,159,16.8,16.5,15.8,11.5,84.0,8.0,97.0
44863,159,16.8,16.5,15.8,11.6,204.0,12.9,97.0
45763,159,16.8,16.5,15.8,11.8,84.0,9.7,98.0
46663,159,16.8,16.5,15.8,11.6,56.0,11.3,97.0
47563,159,16.8,16.5,15.8,11.5,76.0,11.3,98.0
48463,159,16.8,16.5,15.8,11.5,65.0,11.3,98.0
49363,159,16.792753623188407,16.5,15.8,11.4,90.0,11.3,98.0
50263,159,16.7609375,16.5,15.8,11.7,102.0,11.3,98.0
51163,159,16.705882352941178,16.5,15.8,11.7,209.0,11.3,98.0
52063,159,16.785074626865672,16.5,15.8,11.6,95.0,12.9,98.0
52963,159,16.8,16.5,15.8,11.5,108.0,12.9,98.0
53863,159,16.8,16.5,15.8,11.4,54.0,11.3,98.0
54763,159,16.8,16.5,15.8,11.4,53.0,11.3,98.0
55663,159,16.8,16.5,15.8,11.7,104.0,11.3,99.0
56563,159,16.780281690140846,16.5,15.8,11.8,91.0,8.0,99.0
57463,159,16.74142857142857,16.5,15.8,11.9,77.0,6.4,99.0
58363,159,16.70441176470588,16.5,15.8,12.2,95.0,1.6,99.0
59263,159,16.702985074626866,16.5,15.8,12.1,83.0,6.4,99.0
60163,159,16.72089552238806,16.5,15.8,12.2,74.0,4.8,99.0
61063,159,16.77638888888889,16.5,15.8,12.1,81.0,4.8,99.0
61963,159,16.77826086956522,16.5,15.8,12.1,56.0,4.8,99.0
62863,159,16.8,16.5,15.8,12.2,165.0,4.8,98.0
63763,159,16.8,16.5,15.8,13.2,149.0,12.9,98.0
64663,159,16.803030303030305,16.5,15.823529411764708,13.7,211.0,17.7,94.0
65563,159,16.9,16.5,15.942424242424243,14.2,227.0,22.5,90.0
66463,159,16.81846153846154,16.5,15.8,14.1,118.0,19.3,90.0
67363,159,16.8,16.5,15.8,14.1,95.0,17.7,91.0
68263,159,16.798591549295775,16.5,15.8,14.0,95.0,16.1,89.0
69163,159,16.777272727272727,16.5,15.8,14.1,53.0,14.5,90.0
70063,159,16.8,16.5,15.8,14.7,244.0,16.1,88.0
70963,159,16.846153846153847,16.5,15.809090909090909,14.7,18.0,17.7,85.0
71863,159,17.1828125,16.765151515151516,16.15909090909091,14.1,18.0,14.5,87.0
72763,159,17.28939393939394,17.0,16.395384615384614,13.9,26.0,8.0,89.0
73663,159,17.225,17.0,16.27,13.7,25.0,11.3,92.0
74563,159,17.12686567164179,16.60144927536232,16.0,13.4,33.0,11.3,92.0
75463,159,16.97887323943662,16.5,16.0,13.2,18.0,16.1,93.0
76363,159,16.8,16.5,15.92753623188406,13.0,14.0,14.5,92.0
77263,159,16.691304347826087,16.5,15.8,12.9,5.0,16.1,91.0
78163,159,16.573529411764707,16.5,15.8,12.9,4.0,20.9,90.0
79063,159,16.533823529411766,16.5,15.8,12.9,0.0,20.9,90.0
79963,159,16.698529411764707,16.5,15.857971014492753,12.7,0.0,22.5,89.0
80863,159,16.8,16.5,15.856716417910448,12.6,0.0,22.5,88.0
81763,159,16.8,16.5,15.8,12.4,0.0,22.5,88.0
82663,159,16.808823529411764,16.5,15.8,12.1,0.0,17.7,89.0
83563,159,16.9,16.5,15.8,11.9,0.0,16.1,89.0
84463,159,16.9,16.5,15.8,12.1,0.0,19.3,89.0
85363,159,16.847142857142856,16.5,15.8,12.0,0.0,22.5,89.0
86263,159,16.8,16.5,15.8,11.9,0.0,20.9,89.0
763,160,16.8,16.5,15.8,11.7,0.0,12.9,90.0
1663,160,16.8,16.5,15.8,11.6,0.0,17.7,90.0
2563,160,16.8,16.5,15.8,11.8,0.0,22.5,89.0
3463,160,16.8,16.5,15.8,11.8,0.0,19.3,89.0
4363,160,16.8,16.5,15.8,11.7,0.0,19.3,89.0
5263,160,16.8,16.5,15.8,11.9,0.0,24.1,88.0
6163,160,16.8,16.5,15.8,11.7,0.0,19.3,89.0
7063,160,16.8,16.5,15.8,11.7,0.0,20.9,89.0
7963,160,16.8,16.5,15.8,11.7,0.0,19.3,89.0
8863,160,16.8,16.5,15.8,11.6,0.0,19.3,89.0
9763,160,16.8,16.5,15.8,11.8,0.0,24.1,85.0
10663,160,16.716417910447763,16.5,15.8,11.4,0.0,14.5,87.0
11563,160,16.7,16.5,15.8,11.4,0.0,20.9,87.0
12463,160,16.7,16.5,15.8,11.3,0.0,19.3,87.0
13363,160,16.7,16.5,15.8,11.2,0.0,16.1,88.0
14263,160,16.7,16.5,15.8,11.3,0.0,22.5,88.0
15163,160,16.7,16.5,15.8,11.3,0.0,27.4,88.0
16063,160,16.7,16.5,15.8,11.2,0.0,22.5,89.0
16963,160,16.7,16.5,15.8,11.1,5.0,22.5,90.0
17863,160,16.806896551724137,16.5,15.8,10.9,9.0,22.5,89.0
18763,160,16.9,16.5,15.8,11.0,10.0,24.1,88.0
19663,160,16.9,16.5,15.8,11.0,21.0,22.5,88.0
20563,160,16.9,16.5,15.8,11.2,40.0,24.1,88.0
21463,160,16.914492753623186,16.5,15.8,11.4,63.0,17.7,87.0
22363,160,17.097014925373134,16.5,15.982352941176469,11.7,60.0,20.9,86.0
23263,160,17.130303030303033,16.5,15.915151515151516,11.8,76.0,20.9,86.0
24163,160,19.35074626865672,16.634328358208954,16.08955223880597,11.8,125.0,19.3,87.0
25063,160,19.076119402985075,17.0,16.453623188405796,12.2,146.0,20.9,85.0
25963,160,18.41857142857143,17.0,16.298529411764708,12.4,142.0,24.1,85.0
26863,160,17.95441176470588,16.731884057971016,16.01304347826087,12.2,158.0,24.1,85.0
27763,160,17.6296875,16.5,16.0,12.2,144.0,24.1,85.0
28663,160,17.40714285714286,16.5,16.0,12.2,86.0,24.1,85.0
29563,160,17.238235294117647,16.5,15.982608695652177,12.1,72.0,22.5,85.0
30463,160,17.107575757575756,16.5,15.82089552238806,12.0,77.0,22.5,85.0
31363,160,17.1,16.5,15.8,12.1,121.0,22.5,85.0
32263,160,17.028169014084504,16.5,15.8,12.4,156.0,22.5,84.0
33163,160,17.0,16.5,15.8,12.7,179.0,24.1,83.0
34063,160,17.0,16.5,15.8,13.0,269.0,20.9,82.0
34963,160,17.0,16.5,15.8,13.3,272.0,24.1,80.0
35863,160,17.0,16.5,15.8,13.2,228.0,25.7,81.0
36763,160,17.0,16.5,15.8,13.7,434.0,22.5,81.0
37663,160,17.0,16.5,15.802898550724638,13.8,339.0,25.7,79.0
38563,160,17.007246376811594,16.5,15.845714285714283,13.8,422.0,25.7,79.0
39463,160,17.097142857142856,16.5,15.88955223880597,13.5,301.0,22.5,81.0
40363,160,17.1,16.5,15.855072463768115,13.6,309.0,19.3,83.0
41263,160,17.1,16.5,15.88181818181818,13.9,327.0,20.9,81.0
42163,160,17.1,16.5,15.948275862068964,14.1,352.0,20.9,84.0
43063,160,17.1,16.5,15.987692307692308,14.2,438.0,22.5,83.0
43963,160,17.102857142857143,16.5,16.0,14.8,647.0,17.7,80.0
44863,160,17.19857142857143,16.5,15.98181818181818,16.1,1079.0,22.5,78.0
45763,160,17.2,16.5,15.972727272727273,15.1,550.0,25.7,80.0
46663,160,17.2,16.5,15.921739130434782,14.4,422.0,24.1,83.0
47563,160,17.2,16.5,15.965625,15.6,1188.0,27.4,80.0
48463,160,17.2,16.5,16.0,16.1,888.0,22.5,78.0
49363,160,17.2,16.5,16.0,16.2,1102.0,25.7,78.0
50263,160,17.2,16.5,16.0,16.1,806.0,24.1,78.0
51163,160,17.2,16.5,16.0,16.4,561.0,22.5,78.0
52063,160,17.2,16.5,16.0,16.7,867.0,22.5,74.0
52963,160,17.2,16.5,16.0,15.8,320.0,20.9,76.0
53863,160,17.2,16.5,16.0,16.1,336.0,22.5,78.0
54763,160,17.268253968253966,16.5,16.0,17.0,849.0,20.9,74.0
55663,160,17.3,16.5,16.0,16.4,427.0,22.5,72.0
56563,160,17.3,16.5,16.0,17.4,647.0,17.7,71.0
57463,160,17.3,16.5,16.0,16.8,432.0,24.1,70.0
58363,160,17.3,16.5,16.0,16.9,805.0,24.1,71.0
59263,160,17.3,16.5,16.0,16.7,394.0,22.5,71.0
60163,160,17.3,16.5,16.0,17.1,729.0,22.5,71.0
61063,160,17.3,16.5,16.0,16.1,144.0,19.3,74.0
61963,160,17.3,16.5,16.0,15.7,230.0,20.9,73.0
62863,160,17.3,16.5,16.0,14.6,202.0,20.9,82.0
63763,160,17.3,16.5,16.0,15.0,236.0,19.3,79.0
64663,160,17.3,16.5,16.0,15.7,311.0,17.7,79.0
65563,160,17.3,16.5,16.0,16.1,367.0,16.1,75.0
66463,160,17.357142857142858,16.580645161290324,16.091935483870966,15.6,155.0,19.3,74.0
67363,160,17.4,16.64516129032258,16.06290322580645,15.7,244.0,17.7,73.0
68263,160,17.4,16.79861111111111,16.104166666666664,15.9,246.0,20.9,71.0
69163,160,17.4,16.852941176470587,16.061764705882354,15.8,162.0,17.7,71.0
70063,160,17.428571428571427,32.09836065573771,25.85081967213115,15.4,113.0,16.1,72.0
70963,160,18.38157894736842,55.69444444444444,52.38055555555555,15.2,102.0,14.5,76.0
71863,160,19.357777777777777,56.09756097560976,53.42682926829268,15.1,91.0,9.7,77.0
72763,160,20.288888888888888,56.5,53.7375,14.8,70.0,12.9,77.0
73663,160,20.890140845070423,56.75,53.88529411764706,14.6,49.0,14.5,78.0
74563,160,21.42794117647059,57.0,54.16818181818181,14.4,42.0,14.5,78.0
75463,160,21.85070422535211,57.0,54.34117647058823,14.2,28.0,16.1,79.0
76363,160,22.13731343283582,50.125,47.71029411764706,14.0,19.0,14.5,80.0
77263,160,22.074285714285715,33.61194029850746,30.56716417910448,13.8,7.0,17.7,79.0
78163,160,21.807575757575755,26.717391304347824,24.78985507246377,13.7,5.0,17.7,79.0
79063,160,21.45,23.547619047619047,22.39047619047619,13.7,3.0,16.1,79.0
79963,160,21.097142857142856,21.580645161290324,20.788709677419355,13.7,0.0,16.1,79.0
80863,160,20.807142857142857,20.86231884057971,20.746376811594203,13.1,0.0,9.7,84.0
81763,160,21.79264705882353,20.82307692307692,21.026153846153846,12.9,0.0,11.3,85.0
82663,160,20.825,19.98550724637681,19.81449275362319,12.9,0.0,16.1,85.0
83563,160,20.324590163934424,19.46212121212121,19.053030303030305,12.9,0.0,17.7,84.0
84463,160,19.818571428571428,19.0,18.67391304347825,12.8,0.0,19.3,85.0
85363,160,19.508823529411764,18.94029850746269,18.3955223880597,12.9,0.0,17.7,83.0
86263,160,19.321428571428573,18.5,18.3,12.9,0.0,19.3,82.0
763,161,19.240579710144928,18.5,18.141176470588235,13.0,0.0,19.3,82.0
1663,161,19.16029411764706,18.5,17.923529411764708,13.0,0.0,17.7,82.0
2563,161,19.07941176470588,18.49242424242424,17.8,13.1,0.0,20.9,82.0
3463,161,19.0,18.084615384615383,17.693846153846152,12.8,0.0,19.3,83.0
4363,161,18.97462686567164,18.0,17.5,12.8,0.0,22.5,84.0
5263,161,18.9,18.0,17.5,12.7,0.0,24.1,85.0
6163,161,18.8955223880597,18.0,17.5,12.7,0.0,20.9,85.0
7063,161,18.8,18.0,17.42173913043478,12.6,0.0,22.5,85.0
7963,161,18.8,18.0,17.3,12.4,0.0,22.5,86.0
8863,161,18.73623188405797,18.0,17.3,12.4,0.0,24.1,85.0
9763,161,18.7,18.0,17.3,12.5,0.0,24.1,85.0
10663,161,18.7,18.0,17.3,12.4,0.0,22.5,85.0
11563,161,18.663636363636364,18.0,17.3,12.5,0.0,24.1,84.0
12463,161,18.6,18.0,17.3,12.5,0.0,25.7,85.0
13363,161,18.6,18.0,17.3,12.5,0.0,24.1,84.0
14263,161,18.6,18.0,17.3,12.7,0.0,20.9,82.0
15163,161,18.544927536231885,18.0,17.291176470588233,12.8,0.0,22.5,82.0
16063,161,18.5,17.99285714285714,17.162857142857142,12.3,0.0,12.9,86.0
16963,161,18.5,17.828358208955223,17.0044776119403,12.0,0.0,16.1,88.0
17863,161,18.5,17.701492537313435,17.0,11.7,0.0,14.5,90.0
18763,161,18.5,17.522058823529413,17.0,11.5,1.0,14.5,91.0
19663,161,18.429411764705883,17.5,17.0,11.3,11.0,11.3,93.0
20563,161,18.4,17.5,17.0,11.3,11.0,11.3,92.0
21463,161,18.4,17.507246376811594,17.0,11.3,13.0,11.3,91.0
22363,161,18.4,17.56818181818182,17.027272727272727,11.4,23.0,16.1,90.0
23263,161,18.215151515151515,17.5,16.843076923076925,11.3,19.0,11.3,91.0
24163,161,17.830434782608698,17.338028169014084,16.540845070422534,11.3,21.0,4.8,91.0
25063,161,17.818571428571428,17.46923076923077,16.698461538461537,11.2,30.0,9.7,93.0
25963,161,18.0390625,26.99275362318841,21.97246376811594,11.2,51.0,8.0,94.0
26863,161,18.546376811594204,51.649253731343286,44.66417910447761,11.2,49.0,9.7,94.0
27763,161,19.76,56.8768115942029,52.98115942028985,11.2,56.0,12.9,95.0
28663,161,20.75692307692308,56.63768115942029,53.02463768115943,11.3,49.0,11.3,95.0
29563,161,21.353125,41.27857142857143,37.43142857142857,11.3,39.0,12.9,94.0
30463,161,21.41818181818181,29.477941176470587,26.613235294117647,11.3,21.0,12.9,94.0
31363,161,21.183823529411764,24.621428571428574,22.95714285714286,11.3,23.0,8.0,94.0
32263,161,20.89444444444445,22.228813559322035,21.1728813559322,11.4,30.0,11.3,94.0
33163,161,20.595774647887325,20.7,19.981428571428573,11.4,39.0,9.7,95.0
34063,161,20.291304347826088,19.892307692307693,19.326153846153847,11.6,51.0,8.0,94.0
34963,161,20.105555555555554,19.45714285714286,18.914285714285715,11.7,39.0,8.0,94.0
35863,161,19.944615384615386,19.0,18.61756756756757,11.7,42.0,8.0,94.0
36763,161,19.780597014925373,18.992957746478872,18.398591549295777,11.8,84.0,8.0,96.0
37663,161,19.656944444444445,18.573529411764707,18.29558823529412,12.1,121.0,6.4,96.0
38563,161,19.543333333333333,18.5,18.0,12.6,216.0,6.4,96.0
39463,161,19.45671641791045,18.5,18.0,13.6,227.0,9.7,92.0
40363,161,19.4,18.5,17.956923076923076,13.9,255.0,8.0,91.0
41263,161,20.001470588235293,18.51515151515152,18.245454545454542,14.3,230.0,12.9,89.0
42163,161,19.724242424242423,18.522058823529413,18.411764705882355,14.4,195.0,12.9,88.0
43063,161,19.509090909090908,18.5,18.185915492957747,14.8,237.0,6.4,89.0
43963,161,19.40571428571429,18.5,18.0,15.7,469.0,8.0,85.0
44863,161,19.37205882352941,18.5,18.0,17.3,882.0,14.5,84.0
45763,161,19.3,18.5,17.89846153846154,17.2,399.0,14.5,81.0
46663,161,19.3,18.5,17.8,16.6,322.0,20.9,83.0
47563,161,19.3,18.5,17.8,16.7,320.0,19.3,82.0
48463,161,19.3,18.5,17.8,17.2,413.0,16.1,83.0
49363,161,19.31044776119403,18.5,17.8,16.7,302.0,16.1,83.0
50263,161,19.4,18.5,17.814705882352943,16.7,239.0,12.9,85.0
51163,161,19.43870967741936,18.5,17.8,17.2,274.0,14.5,83.0
52063,161,19.5,18.5,17.8,17.3,403.0,9.7,85.0
52963,161,19.58059701492537,18.5,17.8,17.4,380.0,14.5,84.0
53863,161,19.6,18.5,17.8,17.5,517.0,14.5,83.0
54763,161,19.6,18.5,17.8,18.3,1004.0,16.1,79.0
55663,161,19.6,18.47826086956522,17.8,19.1,986.0,19.3,77.0
56563,161,19.6,18.36029411764705,17.70294117647059,19.4,865.0,19.3,73.0
57463,161,19.6,18.338235294117645,17.698529411764707,19.3,747.0,19.3,74.0
58363,161,19.6,18.43181818181818,17.795454545454547,19.3,705.0,24.1,72.0
59263,161,19.61549295774648,18.44927536231884,17.8,19.2,680.0,27.4,71.0
60163,161,19.68939393939394,18.5,17.8,19.1,663.0,27.4,69.0
61063,161,19.6,18.5,17.79491525423729,18.8,617.0,27.4,68.0
61963,161,19.6,18.383333333333333,17.505000000000003,18.3,686.0,25.7,68.0
62863,161,19.6,18.086956521739133,17.5,17.9,216.0,24.1,68.0
63763,161,19.6,18.09848484848485,17.5,18.0,605.0,24.1,66.0
64663,161,19.59649122807017,18.007575757575758,17.5,18.0,469.0,27.4,67.0
65563,161,19.50441176470588,18.0,17.5,17.7,429.0,24.1,68.0
66463,161,19.5,18.0,17.5,17.4,383.0,27.4,67.0
67363,161,19.5,18.0,17.5,17.4,368.0,22.5,70.0
68263,161,19.5,18.02307692307692,17.5,17.1,306.0,27.4,72.0
69163,161,19.5,18.366197183098592,17.52112676056338,17.1,265.0,24.1,73.0
70063,161,19.47605633802817,18.484615384615385,17.74923076923077,16.7,230.0,25.7,73.0
70963,161,19.4,18.5,17.795714285714286,16.2,190.0,30.6,75.0
71863,161,19.39,18.5,17.8,15.5,53.0,30.6,78.0
72763,161,19.301470588235293,18.5,17.8,15.2,46.0,29.0,79.0
73663,161,19.3,18.5,17.7375,14.9,47.0,29.0,80.0
74563,161,19.2125,18.422535211267608,17.59718309859155,14.8,40.0,30.6,81.0
75463,161,19.2,18.20138888888889,17.5,14.4,26.0,29.0,83.0
76363,161,19.121917808219177,18.01492537313433,17.5,14.2,16.0,32.2,84.0
77263,161,19.1,18.28787878787879,17.56818181818182,14.0,11.0,27.4,85.0
78163,161,19.191803278688525,27.491666666666667,22.49,13.9,8.0,29.0,85.0
79063,161,19.65230769230769,54.719696969696976,48.94848484848485,13.8,0.0,30.6,85.0
79963,161,20.4671875,40.54761904761905,37.385714285714286,13.7,0.0,20.9,85.0
80863,161,20.795454545454547,29.146153846153844,26.689230769230768,13.8,0.0,22.5,86.0
81763,161,20.9,24.44696969696969,22.95151515151515,13.8,0.0,22.5,85.0
82663,161,20.84375,22.12878787878788,21.2,13.9,0.0,25.7,85.0
83563,161,20.7296875,20.888059701492537,20.214925373134328,13.9,0.0,29.0,85.0
84463,161,20.62686567164179,20.16417910447761,19.71044776119403,13.8,0.0,27.4,85.0
85363,161,20.6,20.0,20.1,13.7,0.0,24.1,86.0
86263,161,20.56417910447761,19.89041095890411,19.68493150684932,13.7,0.0,27.4,86.0
763,162,20.556716417910447,19.514705882352946,19.361764705882354,13.7,0.0,30.6,86.0
1663,162,20.433823529411764,19.5,19.037288135593226,13.7,0.0,30.6,87.0
2563,162,20.29428571428572,19.104166666666664,18.8,13.6,0.0,27.4,87.0
3463,162,20.186153846153847,19.0,18.63943661971831,13.6,0.0,25.7,86.0
4363,162,20.077777777777776,19.0,18.5,13.6,0.0,27.4,87.0
5263,162,19.99264705882353,19.0,18.5,13.6,0.0,29.0,87.0
6163,162,19.9,19.0,18.38611111111112,13.3,0.0,20.9,91.0
7063,162,19.82837837837838,19.0,18.3,12.9,0.0,22.5,91.0
7963,162,19.8,19.0,18.3,12.8,0.0,22.5,91.0
8863,162,19.708695652173912,18.784615384615385,18.3,12.8,0.0,27.4,91.0
9763,162,19.7,18.838028169014084,18.3,12.8,0.0,24.1,90.0
10663,162,19.7,18.63571428571429,18.3,12.9,0.0,25.7,89.0
11563,162,19.6328125,18.5,18.14788732394366,12.9,0.0,22.5,88.0
12463,162,19.6,18.5,18.0,12.8,0.0,19.3,88.0
13363,162,19.6,18.5,18.0,13.1,0.0,25.7,87.0
14263,162,19.58939393939394,18.5,18.0,12.9,0.0,17.7,87.0
15163,162,19.5,18.5,18.0,12.9,0.0,19.3,87.0
16063,162,19.5,18.5,18.0,12.9,0.0,17.7,86.0
16963,162,19.57826086956522,18.554794520547947,18.18082191780822,13.0,0.0,16.1,86.0
17863,162,19.6,18.5,18.0,13.1,9.0,20.9,86.0
18763,162,19.52285714285714,18.5,18.0,13.1,19.0,22.5,86.0
19663,162,19.5,18.5,18.0,13.1,35.0,20.9,86.0
20563,162,19.58620689655172,18.5,18.0,13.1,32.0,19.3,86.0
21463,162,19.6,18.5,18.0,13.1,46.0,17.7,86.0
22363,162,19.52647058823529,18.5,18.0,13.1,63.0,14.5,86.0
23263,162,19.735211267605635,18.944444444444446,18.226388888888888,13.1,81.0,19.3,86.0
24163,162,19.80555555555556,19.0,18.003076923076925,13.3,105.0,17.7,85.0
25063,162,19.933823529411764,19.0,18.3,13.4,120.0,17.7,85.0
25963,162,19.78428571428572,19.0,18.3,13.4,95.0,17.7,84.0
26863,162,19.78448275862069,19.0,18.3,13.5,88.0,16.1,84.0
27763,162,19.8,19.0,18.3,13.6,162.0,20.9,84.0
28663,162,19.82758620689655,19.0,18.3,13.9,165.0,19.3,83.0
29563,162,19.86785714285714,19.0,18.3,13.9,167.0,19.3,83.0
30463,162,19.8,18.67460317460317,18.061904761904763,13.9,206.0,19.3,82.0
31363,162,19.8,18.5,18.0,14.2,271.0,17.7,81.0
32263,162,19.7265625,18.5,18.0,14.4,285.0,24.1,78.0
33163,162,19.7,18.5,18.0,15.3,343.0,22.5,77.0
34063,162,19.7,18.5,18.0,14.7,202.0,20.9,79.0
34963,162,19.7,18.5,18.0,14.6,191.0,19.3,80.0
35863,162,19.7,18.5,18.0,15.0,158.0,24.1,76.0
36763,162,19.7,18.5,18.0,15.5,262.0,17.7,76.0
37663,162,19.7,18.5,18.0,14.7,350.0,24.1,79.0
38563,162,19.7,18.5,18.0,15.0,371.0,24.1,76.0
39463,162,19.7,18.5,18.0,15.7,380.0,22.5,75.0
40363,162,19.7,18.5,18.0,16.3,422.0,22.5,73.0
41263,162,19.7,18.5,18.0,17.1,1049.0,24.1,69.0
42163,162,19.63728813559322,18.5,18.0,16.1,313.0,22.5,73.0
43063,162,19.6,18.5,18.0,15.4,120.0,22.5,78.0
43963,162,19.6,18.5,18.0,13.6,353.0,19.3,90.0
44863,162,19.6,18.5,18.0,14.9,552.0,19.3,89.0
45763,162,19.6,18.5,18.0,14.1,125.0,19.3,87.0
46663,162,19.6,18.5,18.0,14.9,905.0,20.9,93.0
47563,162,19.6,18.5,18.0,14.2,297.0,29.0,85.0
48463,162,19.6359375,18.5,18.0,14.6,359.0,24.1,86.0
49363,162,19.66268656716418,18.5,18.0,14.5,232.0,20.9,86.0
50263,162,19.7,18.6864406779661,18.15254237288136,14.4,217.0,16.1,85.0
51163,162,19.73384615384615,19.0,18.312244897959182,14.9,367.0,22.5,80.0
52063,162,19.60727272727273,19.0,18.356603773584904,15.2,390.0,24.1,77.0
52963,162,19.42903225806452,19.0,18.27,14.3,374.0,25.7,85.0
53863,162,19.298387096774192,18.67796610169492,18.0,14.4,288.0,25.7,84.0
54763,162,19.15818181818182,18.5,18.0,14.7,504.0,24.1,81.0
55663,162,19.1,18.5,18.0,15.9,264.0,24.1,75.0
56563,162,19.115873015873014,18.5,18.0,16.7,775.0,22.5,78.0
57463,162,19.12372881355932,18.5,18.0,16.6,248.0,24.1,72.0
58363,162,19.00862068965517,18.5,18.0,15.1,378.0,25.7,77.0
59263,162,18.975806451612904,18.5,17.925806451612903,15.6,318.0,27.4,76.0
60163,162,19.04909090909091,18.5,17.980392156862745,16.7,686.0,22.5,73.0
61063,162,19.15322580645161,18.5,17.970491803278687,15.9,111.0,25.7,72.0
61963,162,19.194915254237287,18.5,17.876190476190477,15.2,30.0,22.5,75.0
62863,162,18.6671875,18.352459016393443,17.618032786885244,13.8,206.0,29.0,80.0
63763,162,18.20169491525424,18.0,17.34923076923077,13.6,114.0,29.0,84.0
64663,162,17.935,18.0,17.3,12.9,141.0,27.4,87.0
65563,162,18.236666666666668,18.017543859649123,17.46140350877193,12.9,230.0,25.7,88.0
66463,162,18.50677966101695,18.46825396825397,17.5,13.2,292.0,29.0,86.0
67363,162,18.861290322580647,18.5,17.832786885245902,13.9,431.0,25.7,83.0
68263,162,19.0,18.5,17.81846153846154,14.3,134.0,20.9,82.0
69163,162,19.036206896551725,18.5,17.8,13.5,77.0,24.1,85.0
70063,162,19.1,18.5,17.8,13.2,39.0,22.5,86.0
70963,162,19.1,18.5,17.8,12.9,40.0,25.7,86.0
71863,162,19.1,18.5,17.8,12.1,25.0,19.3,92.0
72763,162,19.1,18.5,17.8,12.1,25.0,27.4,88.0
73663,162,19.141666666666666,18.5,17.893333333333334,11.6,42.0,17.7,91.0
74563,162,19.2,18.5,18.0,11.5,35.0,25.7,91.0
75463,162,19.178125,18.5,18.0,11.8,18.0,29.0,90.0
76363,162,19.2,18.5,17.914285714285715,11.9,14.0,29.0,90.0
77263,162,19.165573770491804,18.5,17.841935483870966,12.1,11.0,27.4,89.0
78163,162,19.0953125,18.5,17.941538461538464,12.1,7.0,25.7,90.0
79063,162,19.0,18.5,17.8,11.9,0.0,25.7,91.0
79963,162,19.0,18.5,17.8,11.9,0.0,22.5,92.0
80863,162,18.984375,18.5,17.8,11.8,0.0,19.3,93.0
81763,162,19.121875,18.5,17.879411764705882,11.7,0.0,16.1,93.0
82663,162,19.2,18.5,18.0,11.6,0.0,19.3,92.0
83563,162,19.2,18.5,17.97808219178082,11.6,0.0,20.9,91.0
84463,162,19.2,18.5,17.834285714285716,11.6,0.0,22.5,91.0
85363,162,19.2,18.5,17.8,11.7,0.0,20.9,91.0
86263,162,19.2,18.5,17.8,11.7,0.0,22.5,90.0
763,163,19.15217391304348,18.5,17.8,11.7,0.0,27.4,90.0
1663,163,19.1,18.5,17.8,11.6,0.0,27.4,89.0
2563,163,19.1,18.5,17.8,11.4,0.0,25.7,91.0
3463,163,19.1,18.5,17.8,11.4,0.0,22.5,90.0
4363,163,19.1,18.5,17.8,11.4,0.0,24.1,90.0
5263,163,19.1,18.5,17.8,11.4,0.0,24.1,90.0
6163,163,19.02173913043478,18.5,17.8,11.3,0.0,24.1,91.0
7063,163,19.0,18.5,17.8,11.3,0.0,22.5,90.0
7963,163,19.0,18.5,17.8,11.4,0.0,25.7,89.0
8863,163,19.0,18.5,17.8,11.4,0.0,25.7,89.0
9763,163,19.0,18.5,17.8,11.4,0.0,22.5,89.0
10663,163,19.0,18.5,17.8,11.4,0.0,22.5,87.0
11563,163,19.0,18.5,17.8,11.3,0.0,22.5,88.0
12463,163,18.98840579710145,18.5,17.8,11.3,0.0,24.1,88.0
13363,163,18.9,18.5,17.786956521739132,11.0,0.0,20.9,90.0
14263,163,18.9,18.5,17.7758064516129,11.2,0.0,24.1,88.0
15163,163,18.9,18.5,17.65,11.2,0.0,20.9,89.0
16063,163,18.9,18.5,17.67142857142857,11.1,0.0,25.7,88.0
16963,163,18.982857142857146,18.5,17.716176470588234,11.1,1.0,27.4,88.0
17863,163,18.97101449275362,18.49230769230769,17.50923076923077,11.0,7.0,24.1,89.0
18763,163,18.9,18.436507936507937,17.5,11.2,5.0,24.1,89.0
19663,163,18.9,18.46969696969697,17.5,10.9,33.0,27.4,90.0
20563,163,18.9,18.333333333333336,17.5,10.9,25.0,24.1,91.0
21463,163,18.9,18.45205479452055,17.606849315068494,11.1,35.0,24.1,88.0
22363,163,18.93478260869565,18.5,17.786764705882355,11.2,26.0,24.1,88.0
23263,163,19.12089552238806,18.5,17.84857142857143,11.3,69.0,20.9,89.0
24163,163,19.81571428571429,18.5,18.0,11.3,40.0,24.1,88.0
25063,163,19.96153846153846,18.6044776119403,18.08507462686567,11.2,60.0,20.9,88.0
25963,163,19.6,18.5,18.0,11.4,104.0,24.1,87.0
26863,163,19.49861111111111,18.5,17.83235294117647,11.6,53.0,17.7,87.0
27763,163,19.4,18.5,17.8,11.7,146.0,24.1,86.0
28663,163,19.3,18.5,17.8,11.7,51.0,20.9,85.0
29563,163,19.264615384615382,18.5,17.740000000000002,11.8,230.0,24.1,86.0
30463,163,19.2,18.45652173913044,17.530434782608697,12.1,218.0,27.4,85.0
31363,163,19.11746031746032,18.35507246376812,17.504347826086956,12.1,207.0,27.4,86.0
32263,163,19.1,18.185714285714287,17.5,12.2,250.0,24.1,85.0
33163,163,19.1,18.113636363636363,17.5,12.2,67.0,24.1,85.0
34063,163,19.1,18.18840579710145,17.5,11.9,130.0,25.7,88.0
34963,163,19.1,18.214285714285715,17.5,12.1,232.0,22.5,89.0
35863,163,19.1,18.20714285714286,17.5,12.3,234.0,20.9,88.0
36763,163,19.098550724637683,18.16197183098592,17.504225352112677,12.7,332.0,25.7,86.0
37663,163,19.1,18.139705882352946,17.5,13.6,308.0,27.4,84.0
38563,163,19.1,18.23913043478261,17.517391304347825,13.9,476.0,30.6,82.0
39463,163,19.1,18.369230769230768,17.744615384615383,14.1,250.0,32.2,81.0
40363,163,19.118840579710145,18.479166666666664,17.8,13.6,239.0,29.0,83.0
41263,163,19.1,18.484848484848484,17.795454545454547,13.3,404.0,27.4,85.0
42163,163,19.1,18.426470588235293,17.78235294117647,14.4,619.0,24.1,81.0
43063,163,19.1089552238806,18.455882352941178,17.8,14.4,1005.0,29.0,79.0
43963,163,19.192957746478875,18.49275362318841,17.8,13.9,513.0,29.0,81.0
44863,163,19.107462686567164,18.4921875,17.8,14.4,394.0,29.0,80.0
45763,163,19.1,18.485915492957748,17.77887323943662,14.9,1134.0,30.6,78.0
46663,163,19.1,18.42028985507246,17.734782608695653,14.6,355.0,25.7,78.0
47563,163,19.1,18.47826086956522,17.782608695652176,15.7,1158.0,30.6,75.0
48463,163,19.1,18.428571428571427,17.64142857142857,15.8,940.0,32.2,75.0
49363,163,19.1,18.404761904761905,17.576190476190476,15.7,1000.0,32.2,75.0
50263,163,19.1,18.45,17.722857142857144,14.7,471.0,29.0,79.0
51163,163,19.1,18.5,17.728571428571428,15.1,515.0,22.5,78.0
52063,163,19.1,18.49285714285714,17.662857142857142,15.0,629.0,27.4,78.0
52963,163,19.1,18.45652173913044,17.604347826086958,14.4,369.0,27.4,80.0
53863,163,19.1,18.471830985915496,17.554929577464787,13.9,302.0,29.0,81.0
54763,163,19.1,18.49253731343284,17.777611940298506,14.1,492.0,27.4,79.0
55663,163,19.1,18.5,17.61911764705882,14.7,392.0,24.1,80.0
56563,163,19.1,18.49275362318841,17.508695652173913,14.3,329.0,25.7,81.0
57463,163,19.0955223880597,18.41549295774648,17.5,15.1,933.0,25.7,78.0
58363,163,19.00588235294118,18.371428571428574,17.5,14.7,355.0,29.0,78.0
59263,163,19.0,18.3,17.5,14.2,162.0,22.5,78.0
60163,163,19.0,18.426470588235293,17.5,13.9,88.0,22.5,78.0
61063,163,19.0,18.484375,17.5,13.6,128.0,22.5,81.0
61963,163,19.0,18.485714285714288,17.67142857142857,13.4,134.0,25.7,82.0
62863,163,19.0,18.49305555555556,17.783333333333335,13.4,142.0,24.1,82.0
63763,163,19.0,18.5,17.74705882352941,13.9,225.0,20.9,80.0
64663,163,19.0,18.5,17.78181818181818,13.8,116.0,20.9,79.0
65563,163,19.0,18.5,17.795454545454547,13.9,248.0,24.1,80.0
66463,163,19.0,18.5,17.791428571428572,13.5,116.0,20.9,81.0
67363,163,19.0,18.5,17.72941176470588,13.1,113.0,27.4,81.0
68263,163,19.0,18.5,17.5,13.1,76.0,25.7,82.0
69163,163,19.0,18.44776119402985,17.5,13.4,128.0,20.9,80.0
70063,163,18.9359375,18.282608695652176,17.5,13.1,139.0,22.5,81.0
70963,163,18.9,18.44202898550725,17.5,12.9,154.0,22.5,82.0
71863,163,18.9,18.473684210526315,17.50526315789474,12.6,62.0,24.1,81.0
72763,163,18.9,18.09375,17.5,12.4,91.0,20.9,82.0
73663,163,18.857142857142858,18.0,17.5,12.3,62.0,19.3,84.0
74563,163,18.8,18.0,17.5,12.1,65.0,14.5,85.0
75463,163,18.8,18.0,17.5,11.7,18.0,16.1,86.0
76363,163,18.8,18.0,17.4875,11.4,19.0,14.5,88.0
77263,163,18.753846153846155,18.0,17.490909090909092,11.3,12.0,20.9,86.0
78163,163,18.81142857142857,18.044117647058822,17.5,11.4,5.0,12.9,85.0
79063,163,18.88153846153846,18.036231884057973,17.5,11.4,0.0,14.5,85.0
79963,163,18.92173913043478,18.328125,17.565625,11.4,0.0,24.1,84.0
80863,163,19.0,18.5,17.78125,11.4,0.0,20.9,85.0
81763,163,19.0,18.5,17.730769230769234,11.3,0.0,22.5,84.0
82663,163,18.97910447761194,18.5,17.669354838709676,11.0,0.0,20.9,83.0
83563,163,18.9,18.28985507246377,17.5,10.7,0.0,17.7,85.0
84463,163,18.87205882352941,18.007462686567163,17.5,10.6,0.0,19.3,85.0
85363,163,18.8,18.0,17.5,10.6,0.0,14.5,85.0
86263,163,18.798529411764708,18.0,17.5,10.5,0.0,16.1,85.0
763,164,18.70147058823529,18.0,17.5,10.4,0.0,17.7,85.0
1663,164,18.7,18.0,17.5,10.1,0.0,17.7,87.0
2563,164,18.7,18.0,17.496825396825397,10.1,0.0,17.7,87.0
3463,164,18.7,18.0,17.493939393939392,10.4,0.0,16.1,86.0
4363,164,18.61060606060606,18.0,17.491044776119402,10.6,0.0,12.9,86.0
5263,164,18.6,18.0,17.35070422535211,10.4,0.0,16.1,87.0
6163,164,18.6,18.0,17.3,10.1,0.0,12.9,88.0
7063,164,18.6,18.0,17.3,9.9,0.0,14.5,89.0
7963,164,18.571641791044776,18.0,17.3,10.6,0.0,17.7,89.0
8863,164,18.5,18.0,17.3,10.7,0.0,16.1,90.0
9763,164,18.5,18.0,17.3,10.6,0.0,14.5,91.0
10663,164,18.5,18.0,17.3,10.6,0.0,14.5,91.0
11563,164,18.5,18.0,17.3,10.6,0.0,11.3,91.0
12463,164,18.5,18.0,17.3,10.6,0.0,11.3,91.0
13363,164,18.5,18.0,17.3,10.8,0.0,16.1,91.0
14263,164,18.41692307692308,18.0,17.3,10.9,0.0,12.9,91.0
15163,164,18.4078125,18.0,17.3,11.2,0.0,14.5,90.0
16063,164,18.4,18.0,17.3,11.7,9.0,17.7,88.0
16963,164,18.4,18.0,17.3,11.7,11.0,17.7,88.0
17863,164,18.4,18.0,17.3,11.7,18.0,16.1,89.0
18763,164,18.480882352941176,18.0,17.3,11.8,23.0,14.5,89.0
19663,164,18.5,18.0,17.3,11.7,37.0,14.5,89.0
20563,164,18.5,18.0,17.3,11.8,39.0,16.1,88.0
21463,164,18.5,18.0,17.3,11.9,56.0,16.1,88.0
22363,164,18.5,18.0,17.3,12.0,58.0,14.5,88.0
23263,164,18.59402985074627,18.0,17.3,12.0,60.0,19.3,89.0
24163,164,18.65820895522388,18.0,17.424242424242426,12.2,127.0,17.7,89.0
25063,164,18.888571428571428,18.09090909090909,17.545454545454547,12.7,130.0,16.1,87.0
25963,164,19.0,18.24264705882353,17.5,12.9,125.0,12.9,86.0
26863,164,18.95217391304348,18.0,17.5,13.2,178.0,14.5,86.0
27763,164,18.9,18.0,17.361764705882354,13.3,176.0,19.3,86.0
28663,164,18.82205882352941,18.0,17.3,13.3,174.0,20.9,87.0
29563,164,18.8,18.0,17.3,13.7,225.0,16.1,86.0
30463,164,18.73623188405797,18.0,17.3,13.7,218.0,17.7,87.0
31363,164,18.8,18.0,17.3,13.6,201.0,17.7,87.0
32263,164,18.8,18.0,17.3,13.8,251.0,14.5,88.0
33163,164,18.8,18.0,17.33661971830986,13.9,267.0,17.7,86.0
34063,164,18.8,18.0,17.30294117647059,14.2,229.0,16.1,85.0
34963,164,18.8,18.0,17.3,14.8,417.0,17.7,80.0
35863,164,18.8,18.0,17.34788732394366,15.3,715.0,16.1,81.0
36763,164,18.8,18.0,17.364788732394366,15.6,466.0,17.7,80.0
37663,164,18.844117647058823,18.0,17.458823529411767,15.6,339.0,19.3,77.0
38563,164,18.9,18.0,17.49705882352941,15.5,265.0,19.3,80.0
39463,164,18.9,18.0,17.5,16.3,281.0,17.7,77.0
40363,164,18.9,18.0,17.5,15.7,360.0,17.7,80.0
41263,164,18.9,18.0,17.5,16.0,255.0,17.7,78.0
42163,164,18.9,18.0,17.5,16.3,362.0,16.1,78.0
43063,164,18.9,18.0,17.5,17.0,388.0,14.5,78.0
43963,164,18.9,18.0,17.5,17.7,734.0,16.1,73.0
44863,164,18.97391304347826,18.0,17.5,17.7,406.0,17.7,73.0
45763,164,19.0,18.0,17.5,18.9,923.0,16.1,71.0
46663,164,19.0,18.0,17.5,18.7,896.0,19.3,69.0
47563,164,19.0,18.0,17.5,19.2,853.0,17.7,70.0
48463,164,19.0,18.0,17.5,19.4,793.0,16.1,70.0
49363,164,19.0,18.0,17.5,18.9,281.0,19.3,69.0
50263,164,19.0,18.0,17.5,19.1,229.0,16.1,70.0
51163,164,19.0,18.0,17.5,18.7,309.0,12.9,74.0
52063,164,18.99714285714285,18.0,17.5,18.1,130.0,16.1,74.0
52963,164,18.99857142857143,18.0,17.5,18.7,331.0,16.1,71.0
53863,164,18.916417910447763,18.0,17.5,19.0,700.0,16.1,72.0
54763,164,18.99253731343284,18.0,17.5,18.4,206.0,14.5,73.0
55663,164,19.0,18.0,17.5,18.5,471.0,14.5,71.0
56563,164,19.0,18.0,17.5,18.8,264.0,12.9,70.0
57463,164,19.0,18.0,17.5,17.9,276.0,19.3,76.0
58363,164,19.0,18.0,17.5,18.1,399.0,16.1,73.0
59263,164,19.0,18.0,17.5,18.3,292.0,14.5,74.0
60163,164,19.0,18.133802816901408,17.58450704225352,18.2,128.0,14.5,74.0
61063,164,19.025,18.5,17.8,17.8,332.0,17.7,75.0
61963,164,19.09701492537313,18.5,17.79558823529412,18.3,362.0,16.1,77.0
62863,164,19.1,18.477941176470587,17.78235294117647,18.1,148.0,17.7,77.0
63763,164,19.1,18.5,17.8,16.8,114.0,16.1,86.0
64663,164,19.1,18.5,17.8,16.3,218.0,12.9,87.0
65563,164,19.0072463768116,18.5,17.605882352941176,16.6,58.0,14.5,87.0
66463,164,19.0,18.261194029850746,17.5,15.7,56.0,14.5,91.0
67363,164,18.96231884057971,18.333333333333336,17.5,15.2,79.0,12.9,92.0
68263,164,18.9,18.086956521739133,17.5,15.1,91.0,16.1,92.0
69163,164,18.9,18.214285714285715,17.5,15.6,163.0,16.1,92.0
70063,164,18.9,18.13235294117647,17.5,15.1,56.0,17.7,91.0
70963,164,18.889705882352946,18.33582089552239,17.5,14.8,50.0,16.1,91.0
71863,164,18.9,18.48529411764705,17.623529411764707,14.7,49.0,16.1,91.0
72763,164,18.938235294117646,18.5,17.8,14.6,28.0,16.1,91.0
73663,164,18.90735294117647,18.5,17.67462686567164,14.6,47.0,17.7,91.0
74563,164,18.9,18.43055555555556,17.5,14.6,40.0,17.7,90.0
75463,164,18.9,18.15714285714286,17.5,14.4,23.0,19.3,90.0
76363,164,18.892424242424244,18.0,17.5,14.3,21.0,16.1,90.0
77263,164,18.8,18.0,17.434328358208955,14.2,7.0,14.5,90.0
78163,164,18.67536231884058,18.21212121212121,17.545454545454547,14.2,11.0,14.5,90.0
79063,164,19.435294117647057,18.602941176470587,17.98235294117647,14.1,0.0,17.7,90.0
79963,164,20.555714285714284,19.0,18.445901639344264,14.0,0.0,16.1,90.0
80863,164,19.8328125,18.9296875,18.084375,14.1,0.0,14.5,90.0
81763,164,19.6375,18.5,17.942857142857143,13.9,0.0,16.1,90.0
82663,164,19.44782608695652,18.5,17.8,13.8,0.0,14.5,90.0
83563,164,19.311290322580646,18.5,17.8,13.7,0.0,12.9,90.0
84463,164,19.2,18.5,17.8,13.4,0.0,12.9,90.0
85363,164,19.14927536231884,18.5,17.8,13.4,0.0,14.5,90.0
86263,164,19.0890625,18.5,17.8,13.7,0.0,16.1,90.0
763,165,19.0,18.5,17.8,13.7,0.0,16.1,90.0
1663,165,19.0,18.5,17.8,13.8,0.0,14.5,89.0
2563,165,19.0,18.5,17.8,13.7,0.0,19.3,89.0
3463,165,18.94142857142857,18.5,17.8,13.3,0.0,16.1,91.0
4363,165,18.9,18.5,17.8,13.3,0.0,11.3,91.0
5263,165,18.9,18.5,17.791666666666664,13.3,0.0,12.9,90.0
6163,165,18.9,18.5,17.71044776119403,13.3,0.0,16.1,90.0
7063,165,18.9,18.5,17.638461538461538,13.3,0.0,14.5,90.0
7963,165,18.9,18.5,17.571641791044776,13.2,0.0,16.1,91.0
8863,165,18.9,18.5,17.5,13.2,0.0,16.1,91.0
9763,165,18.9,18.5,17.5,13.2,0.0,16.1,91.0
10663,165,18.9,18.5,17.5,13.2,0.0,11.3,91.0
11563,165,18.9,18.5,17.5,13.1,0.0,14.5,92.0
12463,165,18.9,18.5,17.508955223880598,12.9,0.0,14.5,92.0
13363,165,18.8703125,18.5,17.516901408450703,13.1,0.0,19.3,91.0
14263,165,18.8,18.5,17.5,12.9,0.0,16.1,92.0
15163,165,18.8,18.476190476190474,17.5,12.9,0.0,16.1,92.0
16063,165,18.8,18.49264705882353,17.5,13.1,0.0,19.3,91.0
16963,165,18.8,18.45522388059701,17.5,13.3,0.0,20.9,90.0
17863,165,18.8,18.462686567164177,17.5,13.3,5.0,19.3,90.0
18763,165,18.8,18.44117647058824,17.5,13.2,7.0,14.5,91.0
19663,165,18.8,18.36029411764705,17.5,13.2,18.0,12.9,91.0
20563,165,18.8,18.30597014925373,17.5,13.2,23.0,16.1,91.0
21463,165,18.8,18.303030303030305,17.5,13.2,39.0,19.3,91.0
22363,165,18.8,18.28333333333333,17.5,13.3,35.0,17.7,91.0
23263,165,18.86231884057971,18.49230769230769,17.72153846153846,13.1,37.0,16.1,91.0
24163,165,19.096875,18.5,17.827272727272728,13.1,37.0,16.1,92.0
25063,165,19.91617647058824,18.62878787878788,18.15,13.2,70.0,16.1,92.0
25963,165,19.68387096774193,19.0,18.2296875,13.3,104.0,16.1,92.0
26863,165,19.639705882352946,18.514492753623188,18.0,13.6,148.0,19.3,91.0
27763,165,19.563076923076924,18.5,17.859701492537315,13.8,151.0,22.5,90.0
28663,165,19.4955223880597,18.5,17.8,14.2,172.0,17.7,89.0
29563,165,19.4,18.5,17.8,14.3,128.0,14.5,88.0
30463,165,19.352941176470587,18.5,17.8,14.3,165.0,14.5,87.0
31363,165,19.3,18.5,17.8,14.4,165.0,12.9,87.0
32263,165,19.3,18.5,17.8,14.6,218.0,8.0,87.0
33163,165,19.24264705882353,18.5,17.8,14.6,181.0,8.0,85.0
34063,165,19.2,18.5,17.8,14.6,193.0,4.8,85.0
34963,165,19.2,18.5,17.8,14.9,301.0,12.9,82.0
35863,165,19.2,18.5,17.8,15.3,287.0,9.7,82.0
36763,165,19.2,18.5,17.8,15.5,283.0,8.0,82.0
37663,165,19.2,18.5,17.8,15.6,323.0,11.3,80.0
38563,165,19.2,18.5,17.8,15.8,334.0,8.0,81.0
39463,165,19.2,18.5,17.8,16.3,413.0,9.7,77.0
40363,165,19.2,18.5,17.8,16.9,520.0,11.3,75.0
41263,165,19.2,18.5,17.8,17.4,387.0,8.0,73.0
42163,165,19.2,18.5,17.8,17.3,427.0,3.2,74.0
43063,165,19.2,18.5,17.8,17.7,394.0,6.4,74.0
43963,165,19.2,18.5,17.8,17.6,294.0,11.3,73.0
44863,165,19.2,18.5,17.8,17.6,359.0,12.9,74.0
45763,165,19.2,18.5,17.8,17.4,332.0,17.7,72.0
46663,165,19.19855072463768,18.5,17.8,17.0,350.0,17.7,74.0
47563,165,19.112676056338028,18.5,17.8,17.3,450.0,17.7,73.0
48463,165,19.1,18.5,17.8,17.4,214.0,14.5,73.0
49363,165,19.1,18.5,17.8,16.7,202.0,17.7,76.0
50263,165,19.11492537313433,18.5,17.8,16.4,169.0,14.5,77.0
51163,165,19.19855072463768,18.5,17.8,16.5,172.0,14.5,76.0
52063,165,19.2,18.5,17.8,16.7,207.0,17.7,76.0
52963,165,19.2,18.5,17.8,17.6,461.0,19.3,72.0
53863,165,19.2,18.5,17.8,17.7,281.0,17.7,71.0
54763,165,19.2,18.5,17.8,17.8,257.0,16.1,70.0
55663,165,19.2,18.5,17.8,18.5,403.0,11.3,71.0
56563,165,19.2,18.5,17.8,18.6,295.0,3.2,69.0
57463,165,19.2,18.5,17.8,18.6,309.0,6.4,72.0
58363,165,19.2,18.5,17.8,18.7,297.0,8.0,72.0
59263,165,19.2,18.5,17.8,19.1,248.0,8.0,71.0
60163,165,19.24507042253521,18.5,17.860869565217392,18.4,279.0,11.3,71.0
61063,165,19.39848484848485,18.5,18.0,18.1,105.0,14.5,72.0
61963,165,19.37391304347826,18.5,17.99142857142857,17.9,158.0,11.3,74.0
62863,165,19.3,18.5,17.90909090909091,17.7,109.0,12.9,75.0
63763,165,19.3,18.5,17.81714285714286,17.8,122.0,4.8,76.0
64663,165,19.3,18.5,17.805797101449276,18.0,211.0,4.8,76.0
65563,165,19.3,18.5,17.879411764705882,19.0,176.0,6.4,72.0
66463,165,19.33095238095238,18.5,18.0,18.9,301.0,6.4,74.0
67363,165,19.3,18.5,18.0,18.9,135.0,4.8,72.0
68263,165,19.303030303030305,18.5,18.0,18.7,79.0,4.8,74.0
69163,165,19.4,18.5,18.0,18.7,98.0,1.6,73.0
70063,165,19.450746268656715,18.5,18.0,18.7,86.0,0.0,75.0
70963,165,19.5,18.5,18.0,18.6,57.0,1.6,75.0
71863,165,19.5,18.5,18.0,18.4,32.0,0.0,75.0
72763,165,19.5,18.5,18.0,18.3,56.0,0.0,77.0
73663,165,19.5,18.5,18.0,18.2,26.0,1.6,79.0
74563,165,19.5,18.51492537313433,18.0,18.1,44.0,1.6,77.0
75463,165,19.5,18.698529411764707,18.022058823529413,17.9,16.0,1.6,80.0
76363,165,19.413846153846155,18.56153846153846,18.0,17.7,18.0,4.8,78.0
77263,165,19.3125,18.5,18.0,17.6,16.0,8.0,77.0
78163,165,19.345454545454547,18.5,18.0,17.7,10.0,9.7,76.0
79063,165,19.265671641791045,18.671641791044777,18.0,17.2,0.0,9.7,78.0
79963,165,18.99838709677419,18.581967213114755,18.0,17.1,0.0,6.4,79.0
80863,165,18.753968253968253,18.5,17.893939393939394,16.6,0.0,9.7,79.0
81763,165,18.94561403508772,18.58730158730159,18.0,16.3,0.0,4.8,79.0
82663,165,19.0671875,18.6984126984127,18.0,16.7,0.0,16.1,74.0
83563,165,19.1,18.5,18.0,16.7,0.0,22.5,73.0
84463,165,19.123076923076923,18.5,18.0,16.3,0.0,22.5,75.0
85363,165,19.2,18.5,18.0,16.1,0.0,22.5,77.0
86263,165,19.2,18.5,18.0,16.1,0.0,30.6,76.0
763,166,19.2,18.5,18.0,16.0,0.0,30.6,68.0
1663,166,19.2,18.5,18.0,15.9,0.0,33.8,62.0
2563,166,19.15483870967742,18.5,18.0,15.8,0.0,30.6,59.0
3463,166,19.1,18.5,18.0,15.1,0.0,27.4,60.0
4363,166,19.1,18.5,18.0,14.6,0.0,27.4,62.0
5263,166,19.1,18.5,18.0,14.4,0.0,29.0,60.0
6163,166,19.1,18.5,18.0,14.6,0.0,29.0,59.0
7063,166,19.1,18.5,18.0,14.6,0.0,30.6,58.0
7963,166,19.09076923076924,18.5,18.0,14.0,0.0,25.7,61.0
8863,166,19.001724137931035,18.5,17.952380952380953,13.9,0.0,27.4,63.0
9763,166,19.0,18.5,17.85483870967742,13.7,0.0,25.7,65.0
10663,166,19.0,18.5,17.8,13.2,0.0,24.1,70.0
11563,166,19.0,18.5,17.8,12.9,0.0,27.4,73.0
12463,166,19.0,18.5,17.8,12.7,0.0,25.7,74.0
13363,166,19.0,18.5,17.8,12.8,0.0,27.4,74.0
14263,166,19.0,18.5,17.8,12.3,0.0,29.0,78.0
15163,166,19.0,18.5,17.8,12.3,0.0,29.0,79.0
16063,166,18.9955223880597,18.5,17.8,12.1,0.0,25.7,81.0
16963,166,18.914285714285715,18.5,17.8,12.1,7.0,27.4,82.0
17863,166,18.9,18.5,17.8,12.2,9.0,27.4,83.0
18763,166,18.964615384615385,18.5,17.8,12.3,11.0,25.7,83.0
19663,166,19.0,18.5,17.8,12.3,14.0,24.1,83.0
20563,166,18.99384615384616,18.5,17.8,12.4,25.0,24.1,85.0
21463,166,18.94705882352941,18.5,17.8,12.7,40.0,20.9,86.0
22363,166,19.0,18.5,17.812121212121212,12.6,26.0,17.7,89.0
23263,166,19.05692307692308,18.642857142857142,17.984285714285715,12.4,51.0,16.1,91.0
24163,166,19.1921875,19.0,18.23709677419355,12.8,35.0,16.1,90.0
25063,166,19.03230769230769,18.77692307692308,18.124615384615385,12.9,32.0,16.1,90.0
25963,166,19.01492537313433,18.5,17.985294117647058,12.9,23.0,9.7,91.0
26863,166,19.11451612903226,18.5,17.8,12.9,54.0,14.5,90.0
27763,166,19.2,18.5,17.8,13.1,59.0,12.9,89.0
28663,166,19.2,18.5,17.8,13.7,151.0,14.5,87.0
29563,166,19.2280701754386,18.5,17.8,13.9,76.0,14.5,85.0
30463,166,19.3,18.5,17.934328358208955,14.2,176.0,17.7,81.0
31363,166,19.28529411764706,18.5,17.8,14.4,197.0,19.3,81.0
32263,166,19.2,18.5,17.8,14.5,120.0,17.7,79.0
33163,166,19.2,18.5,17.8,14.4,206.0,16.1,81.0
34063,166,19.2,18.5,17.8,14.4,141.0,16.1,80.0
34963,166,19.2,18.5,17.8,13.7,139.0,12.9,86.0
35863,166,19.2,18.5,17.8,14.0,225.0,16.1,84.0
36763,166,19.2,18.5,17.8,14.1,213.0,20.9,80.0
37663,166,19.2,18.5,17.8,14.1,146.0,16.1,80.0
38563,166,19.2,18.5,17.8,14.3,462.0,12.9,79.0
39463,166,19.2,18.5,17.8,14.7,487.0,20.9,77.0
40363,166,19.2,18.5,17.8,15.6,424.0,19.3,74.0
41263,166,19.2,18.5,17.8,14.7,278.0,19.3,74.0
42163,166,19.187301587301587,18.5,17.8,15.6,338.0,17.7,72.0
43063,166,19.2,18.5,17.8,16.7,867.0,25.7,71.0
43963,166,19.2,18.5,17.8,17.2,886.0,20.9,68.0
44863,166,19.2,18.5,17.8,16.8,213.0,19.3,69.0
45763,166,19.2,18.5,17.8,17.2,692.0,19.3,69.0
46663,166,19.2,18.5,17.8,16.9,362.0,24.1,63.0
47563,166,19.2,18.5,17.8,16.1,329.0,24.1,68.0
48463,166,19.2,18.5,17.8,17.1,954.0,22.5,65.0
49363,166,19.2,18.5,17.8,17.5,1002.0,24.1,64.0
50263,166,19.33692307692308,18.5,17.946666666666665,17.1,726.0,20.9,63.0
51163,166,19.25441176470588,18.5,18.0,18.2,1014.0,22.5,62.0
52063,166,19.179310344827588,18.5,17.88135593220339,18.1,983.0,22.5,58.0
52963,166,19.08095238095238,18.5,17.8,18.1,1079.0,17.7,63.0
53863,166,19.0,18.5,17.8,17.3,454.0,24.1,61.0
54763,166,18.964615384615385,18.5,17.715625,17.8,775.0,24.1,60.0
55663,166,18.9,18.45689655172413,17.5,16.9,306.0,24.1,63.0
56563,166,18.81846153846154,18.032258064516128,17.5,16.6,207.0,22.5,64.0
57463,166,18.77777777777778,18.0,17.5,15.7,225.0,17.7,72.0
58363,166,18.7,18.0,17.393939393939394,14.8,46.0,24.1,75.0
59263,166,18.7,18.0,17.311764705882354,12.1,174.0,20.9,88.0
60163,166,18.7,18.0,17.41864406779661,12.4,111.0,19.3,89.0
61063,166,18.7,18.0,17.493548387096773,12.2,47.0,17.7,90.0
61963,166,18.7,18.0,17.5,11.7,58.0,17.7,92.0
62863,166,18.7,18.0,17.5,11.8,202.0,19.3,92.0
63763,166,18.7,18.0,17.5,12.8,377.0,20.9,92.0
64663,166,18.7,18.0,17.5,14.3,295.0,19.3,84.0
65563,166,18.7,18.0,17.5,14.0,107.0,19.3,86.0
66463,166,18.60615384615385,18.0,17.5,13.7,137.0,17.7,84.0
67363,166,18.6,18.0,17.5,13.8,185.0,17.7,84.0
68263,166,18.6,18.0,17.482089552238808,13.2,141.0,20.9,86.0
69163,166,18.6,18.0,17.421875,13.4,381.0,20.9,87.0
70063,166,18.571428571428573,18.0,17.381818181818183,13.4,44.0,20.9,85.0
70963,166,18.5,18.0,17.30289855072464,13.0,81.0,19.3,84.0
71863,166,18.5,18.0,17.3,12.9,70.0,20.9,83.0
72763,166,18.5,18.0,17.3,13.2,84.0,17.7,81.0
73663,166,18.5,18.0,17.404347826086955,12.7,25.0,20.9,82.0
74563,166,18.501492537313432,18.0,17.325352112676057,12.6,42.0,24.1,82.0
75463,166,18.5,18.0,17.3,12.3,23.0,19.3,84.0
76363,166,18.58939393939394,18.057142857142857,17.49142857142857,12.2,16.0,20.9,85.0
77263,166,18.551470588235293,18.0,17.42753623188406,12.0,18.0,25.7,85.0
78163,166,18.516417910447764,18.0,17.5,11.8,12.0,17.7,87.0
79063,166,18.61449275362319,18.007462686567163,17.5,11.7,0.0,20.9,87.0
79963,166,18.68095238095238,18.0,17.5,11.5,0.0,20.9,87.0
80863,166,18.7,18.0,17.5,11.3,0.0,19.3,88.0
81763,166,18.7,18.029850746268657,17.5,11.2,0.0,17.7,88.0
82663,166,18.7,18.17142857142857,17.5,11.3,0.0,17.7,88.0
83563,166,18.7,18.23275862068965,17.5,11.4,0.0,17.7,88.0
84463,166,18.7,18.0,17.5,11.5,0.0,17.7,88.0
85363,166,18.6671875,18.0,17.5,11.2,0.0,16.1,89.0
86263,166,18.6,18.0,17.5,11.2,0.0,17.7,90.0
763,167,18.6,18.0,17.5,11.2,0.0,19.3,89.0
1663,167,18.6,18.0,17.5,11.2,0.0,19.3,89.0
2563,167,18.6,18.0,17.5,11.2,0.0,17.7,89.0
3463,167,18.6,18.0,17.5,11.2,0.0,19.3,89.0
4363,167,18.6,18.0,17.5,11.3,0.0,19.3,90.0
5263,167,18.6,18.0,17.5,11.2,0.0,19.3,92.0
6163,167,18.6,18.0,17.5,11.2,0.0,17.7,92.0
7063,167,18.6,18.0,17.5,11.2,0.0,19.3,92.0
7963,167,18.6,18.0,17.5,11.3,0.0,17.7,92.0
8863,167,18.5734375,18.0,17.5,11.3,0.0,17.7,91.0
9763,167,18.5,18.0,17.5,11.4,0.0,19.3,91.0
10663,167,18.5,18.0,17.5,11.4,0.0,19.3,91.0
11563,167,18.5,18.0,17.5,11.4,0.0,19.3,91.0
12463,167,18.5,18.0,17.5,11.4,0.0,17.7,90.0
13363,167,18.5,18.0,17.5,11.4,0.0,17.7,90.0
14263,167,18.5,18.0,17.5,11.4,0.0,17.7,89.0
15163,167,18.5,18.0,17.490909090909092,11.3,5.0,17.7,90.0
16063,167,18.5,18.0,17.43913043478261,11.3,5.0,16.1,90.0
16963,167,18.5,18.0,17.424637681159417,11.3,8.0,16.1,90.0
17863,167,18.512307692307694,18.0,17.477777777777778,11.4,32.0,17.7,90.0
18763,167,18.6578125,18.0,17.5,11.4,36.0,16.1,89.0
19663,167,18.76060606060605,18.0,17.5,11.6,32.0,17.7,88.0
20563,167,18.75820895522388,18.0,17.5,11.6,18.0,20.9,87.0
21463,167,18.7,18.0,17.49402985074627,11.4,44.0,17.7,87.0
22363,167,18.7,18.0,17.43913043478261,11.5,44.0,19.3,87.0
23263,167,18.6453125,17.9140625,17.13125,11.8,70.0,14.5,86.0
24163,167,18.615714285714283,17.647058823529413,16.99705882352941,11.8,63.0,17.7,85.0
25063,167,18.7,18.0,17.291666666666664,11.7,90.0,17.7,85.0
25963,167,18.79428571428572,18.0,17.3,11.8,111.0,17.7,86.0
26863,167,18.81449275362319,18.0,17.34848484848485,12.1,121.0,19.3,85.0
27763,167,18.89,18.0,17.5,11.7,93.0,14.5,91.0
28663,167,18.85,18.0,17.5,11.1,130.0,14.5,94.0
29563,167,18.8,18.0,17.405882352941177,11.4,116.0,14.5,93.0
30463,167,18.711111111111112,18.0,17.3,11.9,127.0,19.3,89.0
31363,167,18.695,18.0,17.3,12.2,167.0,22.5,88.0
32263,167,18.6,18.0,17.3,12.6,243.0,19.3,84.0
33163,167,18.6,18.0,17.3,12.5,88.0,19.3,83.0
34063,167,18.6,18.0,17.3,12.5,90.0,11.3,84.0
34963,167,18.5,18.0,17.3,12.6,134.0,11.3,84.0
35863,167,18.5,18.0,17.144827586206894,12.5,169.0,16.1,82.0
36763,167,18.473684210526315,18.0,17.0,13.0,236.0,14.5,82.0
37663,167,18.4,17.99264705882353,17.0,13.6,315.0,14.5,81.0
38563,167,18.4,17.932835820895523,17.0,13.9,364.0,17.7,77.0
39463,167,18.36229508196721,17.841269841269842,17.0,13.9,258.0,17.7,77.0
40363,167,18.3,17.930769230769233,17.0,13.7,109.0,17.7,77.0
41263,167,18.3,17.9296875,17.0,13.6,148.0,17.7,80.0
42163,167,18.23125,17.992537313432837,17.0,13.4,167.0,17.7,82.0
43063,167,18.127692307692307,17.823076923076922,17.0,13.4,137.0,19.3,82.0
43963,167,18.1,17.763157894736842,17.0,13.5,232.0,19.3,83.0
44863,167,18.043076923076924,17.869230769230768,17.0,13.6,135.0,16.1,84.0
45763,167,18.1,17.95,17.0,13.6,185.0,19.3,84.0
46663,167,18.1,18.0,17.013636363636362,13.9,216.0,17.7,84.0
47563,167,18.1,18.0,17.17142857142857,14.9,527.0,17.7,83.0
48463,167,18.13793103448276,18.0,17.13235294117647,15.3,388.0,17.7,83.0
49363,167,18.2,18.0,17.17142857142857,16.3,540.0,17.7,79.0
50263,167,18.2,18.0,17.2,17.3,619.0,17.7,76.0
51163,167,18.3,18.0,17.3,16.7,432.0,19.3,79.0
52063,167,18.3,18.0,17.25294117647059,17.0,550.0,20.9,80.0
52963,167,18.3,18.0,17.0,16.9,663.0,22.5,79.0
53863,167,18.25074626865672,18.0,17.0,17.0,455.0,19.3,80.0
54763,167,18.2,18.0,17.0,17.2,466.0,20.9,79.0
55663,167,18.27058823529412,18.0,17.0,15.9,125.0,24.1,84.0
56563,167,18.3,17.985507246376812,17.0,15.7,112.0,22.5,84.0
57463,167,18.3,17.985294117647058,17.0,15.7,193.0,17.7,87.0
58363,167,18.3,17.941176470588236,17.0,15.4,185.0,17.7,87.0
59263,167,18.31206896551724,17.947368421052634,17.04736842105263,15.8,230.0,16.1,86.0
60163,167,18.366666666666667,18.0,17.3,16.2,249.0,17.7,86.0
61063,167,18.303030303030305,18.0,17.289655172413795,15.9,118.0,17.7,87.0
61963,167,18.3,18.0,17.118032786885244,15.8,160.0,14.5,88.0
62863,167,18.3,18.0,17.0,15.7,100.0,16.1,89.0
63763,167,18.3,18.0,17.06818181818182,15.7,118.0,9.7,91.0
64663,167,18.3,18.0,17.3,15.7,185.0,11.3,92.0
65563,167,18.3,18.0,17.17462686567164,16.2,123.0,11.3,91.0
66463,167,18.3,18.0,17.049180327868854,16.2,109.0,12.9,92.0
67363,167,18.285714285714285,18.0,17.0,16.2,170.0,14.5,90.0
68263,167,18.2,18.0,17.0,16.2,111.0,14.5,89.0
69163,167,18.24516129032257,18.0,17.152631578947368,16.2,110.0,14.5,89.5
70063,167,18.33,18.0,17.283333333333335,16.2,54.0,14.5,89.0
70963,167,18.337878787878783,18.0,17.3,16.2,44.0,16.1,90.0
71863,167,18.3,18.0,17.3,15.8,39.0,22.5,89.0
72763,167,18.282539682539685,18.0,17.3,15.4,28.0,22.5,90.0
73663,167,18.47258064516129,18.0,17.386153846153846,15.1,28.0,17.7,91.0
74563,167,18.413235294117648,18.0,17.33283582089552,14.9,25.0,19.3,91.0
75463,167,18.4,18.0,17.3,14.9,12.0,16.1,91.0
76363,167,18.4,18.0,17.3,14.9,7.0,12.9,91.0
77263,167,18.4,18.0,17.3,14.9,7.0,12.9,92.0
78163,167,18.363492063492064,18.0,17.3,14.9,7.0,11.3,92.0
79063,167,18.307246376811595,18.0,17.3,14.9,0.0,9.7,92.0
79963,167,18.3,18.0,17.06,14.9,0.0,8.0,92.0
80863,167,18.21290322580645,18.0,17.0,15.1,0.0,11.3,92.0
81763,167,18.2,18.0,17.0,15.1,0.0,8.0,92.0
82663,167,18.343076923076925,18.0,17.214925373134328,15.2,0.0,9.7,92.0
83563,167,20.588235294117645,18.36231884057971,17.76086956521739,15.2,0.0,8.0,92.0
84463,167,20.288059701492536,18.5,17.734782608695653,15.2,0.0,8.0,92.0
85363,167,19.77868852459016,18.34558823529412,17.5,15.2,0.0,11.3,92.0
86263,167,19.4089552238806,18.02898550724638,17.5,15.3,0.0,11.3,92.0
763,168,19.159016393442624,18.0,17.5,15.4,0.0,12.9,92.0
1663,168,18.941538461538464,18.0,17.5,15.5,0.0,11.3,91.0
2563,168,18.798507462686565,18.0,17.482608695652175,15.6,0.0,14.5,91.0
3463,168,18.7,18.0,17.369565217391305,15.7,0.0,14.5,91.0
4363,168,18.62537313432836,18.0,17.302816901408452,15.6,0.0,12.9,91.0
5263,168,18.52898550724638,18.0,17.3,15.7,0.0,14.5,91.0
6163,168,18.413235294117648,18.0,17.3,15.8,0.0,14.5,90.0
7063,168,18.4,18.0,17.3,15.8,0.0,16.1,91.0
7963,168,18.30923076923077,18.0,17.3,15.8,0.0,16.1,91.0
8863,168,18.3,18.0,17.3,15.8,0.0,12.9,92.0
9763,168,18.3,18.0,17.3,15.9,0.0,16.1,92.0
10663,168,18.30281690140845,18.0,17.3,15.9,0.0,14.5,91.0
11563,168,18.3969696969697,18.0,17.3,15.9,0.0,19.3,91.0
12463,168,18.4,18.0,17.3,15.9,0.0,16.1,91.0
13363,168,18.4,18.0,17.3,15.9,0.0,20.9,90.0
14263,168,18.4,18.0,17.3,16.0,0.0,20.9,89.0
15163,168,18.4,18.0,17.3,16.0,0.0,14.5,89.0
16063,168,18.4,18.0,17.3,15.9,0.0,16.1,89.0
16963,168,18.4,18.0,17.3,15.7,5.0,16.1,88.0
17863,168,18.53283582089552,18.0,17.429411764705883,15.7,11.0,12.9,88.0
18763,168,18.697142857142858,18.0,17.5,15.4,14.0,11.3,88.0
19663,168,18.873529411764707,18.0,17.5,15.3,19.0,14.5,87.0
20563,168,19.034848484848485,18.0,17.5,15.3,35.0,14.5,87.0
21463,168,19.219402985074627,18.044776119402982,17.5,15.3,28.0,12.9,87.0
22363,168,19.370967741935484,18.321428571428573,17.5,15.5,72.0,9.7,85.0
23263,168,19.4796875,18.48507462686567,17.558208955223883,15.9,76.0,14.5,84.0
24163,168,19.58208955223881,18.5,17.786764705882355,16.3,81.0,16.1,82.0
25063,168,19.591044776119404,18.5,17.791176470588233,16.2,56.0,16.1,83.0
25963,168,19.47536231884058,18.5,17.58955223880597,16.1,107.0,16.1,82.0
26863,168,19.403030303030302,18.45652173913044,17.630434782608695,16.4,95.0,12.9,82.0
27763,168,19.41014492753623,18.5,17.8,16.6,83.0,14.5,81.0
28663,168,19.4,18.5,17.8,16.8,156.0,14.5,80.0
29563,168,19.33125,18.5,17.8,17.0,186.0,17.7,81.0
30463,168,19.3515625,18.5,17.8,17.2,244.0,16.1,80.0
31363,168,19.62463768115942,18.5,17.908823529411766,17.3,224.0,16.1,80.0
32263,168,20.883561643835616,18.53846153846154,18.13384615384616,17.8,118.0,16.1,79.0
33163,168,20.13125,18.5,18.0,18.2,290.0,17.7,79.0
34063,168,19.817391304347822,18.5,18.0,18.3,111.0,17.7,80.0
34963,168,19.75970149253732,18.5,18.0,18.6,195.0,16.1,80.0
35863,168,19.7,18.5,18.0,19.1,306.0,17.7,80.0
36763,168,19.706060606060607,18.5,18.0,19.4,413.0,17.7,80.0
37663,168,19.892982456140352,18.822033898305087,18.24406779661017,19.2,378.0,17.7,80.0
38563,168,19.928,19.0,18.3,19.2,398.0,16.1,80.0
39463,168,19.9,19.0,18.3,20.1,396.0,14.5,79.0
40363,168,19.99814814814815,19.0,18.3,20.5,492.0,16.1,78.0
41263,168,20.0,19.0,18.3,20.9,489.0,17.7,78.0
42163,168,20.024074074074072,19.0,18.06111111111111,20.9,1015.0,20.9,77.0
43063,168,20.12156862745098,18.97222222222222,18.1,21.2,821.0,20.9,76.0
43963,168,20.2,19.0,18.3,21.9,877.0,16.1,75.0
44863,168,20.2625,19.0,18.3,22.3,824.0,16.1,74.0
45763,168,20.30161290322581,19.0,18.3,22.8,880.0,16.1,74.0
46663,168,20.3984126984127,19.0,18.3,22.1,229.0,14.5,77.0
47563,168,20.4,19.0,18.3,22.5,318.0,14.5,75.0
48463,168,20.480555555555554,19.0,18.336666666666662,22.7,780.0,14.5,74.0
49363,168,20.6,19.0,18.5,23.1,373.0,16.1,72.0
50263,168,20.67123287671233,19.0,18.5,23.3,563.0,14.5,73.0
51163,168,20.7,19.0,18.5,24.0,977.0,17.7,69.0
52063,168,20.69701492537313,19.0,18.5,23.8,930.0,17.7,70.0
52963,168,20.548529411764708,19.0,18.5,23.7,930.0,19.3,67.0
53863,168,20.478181818181817,19.0,18.5,24.4,939.0,17.7,64.0
54763,168,20.675,19.03174603174603,18.53333333333333,24.2,362.0,22.5,65.0
55663,168,20.83432835820896,19.11904761904762,18.59523809523809,23.7,819.0,22.5,64.0
56563,168,20.963934426229507,19.00735294117647,18.5,23.7,761.0,25.7,63.0
57463,168,21.057142857142857,19.0,18.5,23.8,715.0,22.5,64.0
58363,168,21.1046875,19.0,18.5,24.3,745.0,19.3,62.0
59263,168,21.19090909090909,19.03846153846154,18.5,24.1,833.0,19.3,64.0
60163,168,21.2,19.484126984126984,18.747619047619047,24.6,715.0,16.1,62.0
61063,168,21.2,19.5,18.8,23.7,714.0,22.5,64.0
61963,168,21.2,19.5,18.8,23.5,207.0,19.3,65.0
62863,168,21.2,19.5,18.8,23.2,167.0,19.3,64.0
63763,168,21.2,19.5,18.80555555555556,22.6,181.0,20.9,67.0
64663,168,21.264705882352946,19.5,18.81515151515152,22.7,190.0,17.7,67.0
65563,168,21.298387096774192,19.5,18.905263157894737,23.2,438.0,19.3,64.0
66463,168,21.20597014925373,19.5,19.0,21.8,102.0,20.9,68.0
67363,168,21.2,19.5,19.0,21.7,131.0,20.9,68.0
68263,168,21.2,19.5,19.0,21.1,65.0,19.3,71.0
69163,168,21.2,19.5,19.0,20.9,69.0,20.9,72.0
70063,168,21.184375,19.5,19.0,20.8,69.0,16.1,73.0
70963,168,21.1,19.5,19.0,20.9,79.0,12.9,73.0
71863,168,21.097142857142856,19.5,19.0,20.7,44.0,12.9,74.0
72763,168,21.00144927536232,19.5,19.0,20.6,100.0,12.9,75.0
73663,168,21.0,19.62962962962963,19.05,20.4,53.0,12.9,77.0
74563,168,21.096774193548388,19.6875,19.121875,20.1,40.0,11.3,78.0
75463,168,21.1,19.517857142857142,19.0,19.8,26.0,11.3,80.0
76363,168,21.00441176470588,19.5,19.0,19.6,16.0,8.0,82.0
77263,168,21.0,19.5,19.0,19.3,9.0,11.3,83.0
78163,168,20.951785714285712,19.5,19.0,19.1,0.0,9.7,83.0
79063,168,20.85820895522388,19.5,19.0,18.9,0.0,9.7,83.0
79963,168,20.8,19.5,19.0,18.8,0.0,12.9,83.0
80863,168,20.838235294117645,19.59090909090909,19.05454545454545,18.9,0.0,14.5,82.0
81763,168,21.039682539682538,20.0,19.371698113207547,18.7,0.0,16.1,83.0
82663,168,21.1,20.0,19.33939393939394,18.9,0.0,20.9,82.0
83563,168,21.1,20.0,19.3,18.9,0.0,16.1,82.0
84463,168,21.09850746268657,20.0,19.3,18.6,0.0,17.7,82.0
85363,168,21.00289855072464,20.0,19.3,18.4,0.0,17.7,82.0
86263,168,21.0,20.0,19.3,18.2,0.0,20.9,83.0
763,169,21.0,20.0,19.3,18.2,0.0,22.5,81.0
1663,169,21.0,20.0,19.3,18.3,0.0,22.5,80.0
2563,169,20.99384615384616,20.0,19.3,18.2,0.0,19.3,81.0
3463,169,20.90151515151515,20.0,19.3,18.2,0.0,19.3,79.0
4363,169,20.9,20.0,19.3,18.2,0.0,27.4,77.0
5263,169,20.9,20.0,19.3,17.8,0.0,24.1,77.0
6163,169,20.9,20.0,19.3,17.6,0.0,25.7,76.0
7063,169,20.9,20.0,19.3,17.2,0.0,24.1,77.0
7963,169,20.9,20.0,19.3,17.2,0.0,24.1,77.0
8863,169,20.89855072463768,20.0,19.3,17.2,0.0,20.9,78.0
9763,169,20.83939393939394,20.0,19.3,17.2,0.0,22.5,79.0
10663,169,20.8,20.0,19.3,17.1,0.0,22.5,79.0
11563,169,20.8,20.0,19.3,17.0,0.0,22.5,77.0
12463,169,20.8,20.0,19.3,16.9,0.0,22.5,77.0
13363,169,20.8,20.0,19.3,16.9,0.0,22.5,76.0
14263,169,20.8,20.0,19.3,16.9,0.0,22.5,76.0
15163,169,20.82985074626865,20.0,19.3,16.6,0.0,14.5,78.0
16063,169,20.9625,20.0,19.3,16.2,0.0,14.5,76.0
16963,169,21.037704918032787,20.0,19.3,15.9,2.0,17.7,76.0
17863,169,21.14782608695652,20.0,19.3,15.9,11.0,22.5,76.0
18763,169,21.247692307692308,20.0,19.326086956521745,16.0,12.0,22.5,77.0
19663,169,21.37058823529412,20.0,19.496875,16.4,16.0,20.9,78.0
20563,169,21.495454545454542,20.0,19.496875,16.5,18.0,22.5,79.0
21463,169,21.461194029850745,20.0,19.36875,16.4,19.0,19.3,80.0
22363,169,21.4,20.0,19.3,16.4,21.0,19.3,81.0
23263,169,21.308823529411764,20.0,19.3,16.4,25.0,19.3,81.0
24163,169,21.285507246376813,20.0,19.3,16.4,26.0,17.7,81.0
25063,169,21.2,20.0,19.3,16.7,58.0,16.1,81.0
25963,169,21.2,20.0,19.3,16.6,76.0,16.1,81.0
26863,169,21.28985507246377,20.0,19.443396226415096,16.7,123.0,14.5,82.0
27763,169,21.4,20.0,19.49705882352941,16.8,123.0,14.5,82.0
28663,169,21.31428571428572,20.0,19.380000000000003,16.9,151.0,12.9,83.0
29563,169,21.3515625,20.0,19.48153846153846,17.2,163.0,16.1,83.0
30463,169,21.4,20.0,19.5,17.6,178.0,14.5,82.0
31363,169,21.4,20.0,19.5,17.8,204.0,14.5,82.0
32263,169,21.38936170212766,20.0,19.5,18.2,246.0,14.5,82.0
33163,169,21.4,20.0,19.5,18.3,271.0,14.5,81.0
34063,169,21.4,20.0,19.5,18.6,309.0,14.5,82.0
34963,169,21.353125,20.0,19.5,18.8,329.0,17.7,80.0
35863,169,21.307692307692307,20.0,19.5,19.4,403.0,14.5,79.0
36763,169,21.43793103448276,20.175925925925927,19.594444444444445,20.7,784.0,14.5,79.0
37663,169,21.46181818181818,20.15,19.578,21.0,722.0,17.7,74.0
38563,169,21.4,20.00862068965517,19.5,21.1,761.0,14.5,73.0
39463,169,21.4,20.0,19.5,21.4,371.0,14.5,72.0
40363,169,21.489705882352943,20.0,19.5,20.7,325.0,14.5,74.0
41263,169,21.5,20.095744680851062,19.51914893617021,20.6,279.0,12.9,75.0
42163,169,21.509803921568626,20.416666666666664,19.6,21.6,223.0,11.3,75.0
43063,169,21.6,20.45555555555556,19.53333333333333,22.4,988.0,14.5,70.0
43963,169,21.6,20.463235294117645,19.508823529411764,22.6,1000.0,16.1,70.0
44863,169,21.6,20.49180327868853,19.59344262295082,22.7,900.0,16.1,69.0
45763,169,21.6,20.5,19.7,22.7,418.0,12.9,70.0
46663,169,21.6,20.5,19.8,21.2,274.0,12.9,74.0
47563,169,21.6,20.5,19.7875,21.4,371.0,11.3,73.0
48463,169,21.6,20.5,19.8,21.3,366.0,11.3,73.0
49363,169,21.6,20.5,19.8,21.1,251.0,12.9,73.0
50263,169,21.6,20.5,19.8,21.1,281.0,12.9,73.0
51163,169,21.65970149253732,20.5,19.8,21.4,466.0,12.9,73.0
52063,169,21.81159420289855,20.5,19.8,21.5,172.0,12.9,71.0
52963,169,21.92878787878788,20.5,19.8,21.1,197.0,12.9,72.0
53863,169,22.0625,20.5,19.8,21.1,178.0,12.9,73.0
54763,169,22.12985074626865,20.5,19.8,21.3,255.0,9.7,73.0
55663,169,22.2,20.5,19.8,21.6,186.0,9.7,71.0
56563,169,22.280597014925373,20.5,19.8,22.1,292.0,9.7,70.0
57463,169,22.36617647058824,20.5,19.8,22.9,313.0,14.5,65.0
58363,169,22.4,20.5,19.8,22.8,299.0,11.3,65.0
59263,169,22.4,20.5,19.968115942028984,22.7,306.0,14.5,67.0
60163,169,22.4,20.5,20.0,23.4,186.0,11.3,64.0
61063,169,22.325,20.5,19.993548387096773,24.0,652.0,12.9,63.0
61963,169,22.202857142857145,20.5,19.911764705882355,23.9,640.0,11.3,64.0
62863,169,22.19855072463768,20.5,19.812698412698413,24.2,591.0,11.3,62.0
63763,169,22.16769230769231,20.5,19.811940298507466,24.3,476.0,12.9,61.0
64663,169,22.1,20.5,19.81492537313433,23.6,169.0,12.9,61.0
65563,169,22.1,20.5,19.973333333333333,23.1,536.0,11.3,63.0
66463,169,22.1,20.5,20.0,22.6,223.0,12.9,65.0
67363,169,22.1,20.5703125,20.0,22.5,159.0,14.5,64.0
68263,169,22.179710144927537,20.51492537313433,20.0,22.2,181.0,16.1,69.0
69163,169,22.2,20.5,20.0,22.2,327.0,14.5,68.0
70063,169,22.2,20.556451612903224,20.0,22.1,258.0,14.5,69.0
70963,169,22.2,20.5327868852459,20.0,22.0,234.0,12.9,69.0
71863,169,22.1864406779661,20.945652173913043,20.0,21.2,49.0,11.3,71.0
72763,169,22.1,21.0,20.08793103448276,20.9,42.0,12.9,73.0
73663,169,22.086666666666662,21.0,20.201639344262297,20.6,30.0,11.3,74.0
74563,169,22.0,21.0,20.3,20.4,33.0,11.3,74.0
75463,169,21.91111111111111,21.0,20.3,20.2,28.0,11.3,75.0
76363,169,21.869565217391305,21.0,20.3,19.9,19.0,9.7,77.0
77263,169,21.8,21.0,20.3,19.6,14.0,9.7,78.0
78163,169,21.8,21.0,20.3,19.3,12.0,8.0,80.0
79063,169,21.86,21.0,20.3,18.8,5.0,6.4,81.0
79963,169,21.9,21.0,20.3,18.6,0.0,8.0,83.0
80863,169,21.9,21.0,20.266129032258064,18.3,0.0,6.4,84.0
81763,169,21.9,21.0,20.048387096774192,18.1,0.0,4.8,84.0
82663,169,21.9,21.0,20.0375,17.7,0.0,0.0,86.0
83563,169,21.973015873015875,21.0,20.3,17.5,0.0,1.6,87.0
84463,169,22.0,21.0,20.3,17.4,0.0,4.8,87.0
85363,169,22.0,21.0,20.29491525423729,17.2,0.0,0.0,89.0
86263,169,21.93098591549296,21.0,20.071641791044776,17.1,0.0,0.0,89.0
763,170,21.9,21.0,20.0,17.1,0.0,4.8,89.0
1663,170,21.9,21.0,20.0,16.9,0.0,3.2,89.0
2563,170,21.9,21.0,20.0,16.9,0.0,4.8,89.0
3463,170,21.9,20.98529411764705,20.0,16.7,0.0,0.0,89.0
4363,170,21.831818181818186,20.97058823529412,20.0,16.5,0.0,0.0,89.0
5263,170,21.8,20.94029850746269,20.0,16.2,0.0,0.0,90.0
6163,170,21.8,20.977941176470587,20.0,15.8,0.0,0.0,91.0
7063,170,21.8,20.897058823529413,20.0,15.5,0.0,0.0,92.0
7963,170,21.8,20.828358208955223,20.0,15.4,0.0,0.0,93.0
8863,170,21.8,20.774647887323944,20.0,15.2,0.0,0.0,92.0
9763,170,21.8,20.6796875,20.0,14.9,0.0,0.0,93.0
10663,170,21.8,20.61764705882353,20.0,14.8,0.0,0.0,93.0
11563,170,21.8,20.56818181818182,20.0,14.8,0.0,0.0,94.0
12463,170,21.72,20.57258064516129,20.0,15.1,0.0,1.6,94.0
13363,170,21.7,20.55,20.0,15.1,0.0,0.0,94.0
14263,170,21.7,20.514705882352946,20.0,15.4,0.0,3.2,95.0
15163,170,21.7,20.52173913043478,20.0,15.4,0.0,0.0,93.0
16063,170,21.71857142857143,20.50714285714286,20.0,15.4,0.0,1.6,94.0
16963,170,21.85820895522388,20.90714285714286,20.0,15.6,5.0,4.8,93.0
17863,170,22.00441176470588,21.0,20.03970588235294,15.5,12.0,0.0,93.0
18763,170,22.1375,21.0,20.269117647058824,15.2,23.0,0.0,93.0
19663,170,22.25797101449276,21.0,20.3,15.3,28.0,3.2,94.0
20563,170,22.338805970149256,21.0,20.3,15.4,28.0,1.6,94.0
21463,170,22.4,21.0,20.3,15.9,28.0,4.8,93.0
22363,170,22.42537313432836,21.0,20.32089552238806,15.9,30.0,0.0,93.0
23263,170,23.158620689655173,21.166666666666664,20.594117647058823,16.2,83.0,0.0,92.0
24163,170,22.919672131147543,21.186274509803923,20.57058823529412,16.4,61.0,1.6,91.0
25063,170,23.06764705882353,21.5,20.77692307692308,16.8,111.0,3.2,90.0
25963,170,23.166129032258063,21.5,20.607462686567164,16.9,62.0,1.6,89.0
26863,170,23.187878787878788,21.11764705882353,20.5,17.0,74.0,1.6,88.0
27763,170,23.1,21.0,20.5,17.1,72.0,1.6,89.0
28663,170,23.1,21.0,20.5,17.6,91.0,4.8,87.0
29563,170,23.03913043478261,21.0,20.49710144927536,17.7,83.0,4.8,86.0
30463,170,23.0,21.0,20.485915492957748,18.4,149.0,9.7,78.0
31363,170,22.99230769230769,21.0,20.49705882352941,18.7,102.0,12.9,79.0
32263,170,22.8609375,21.0,20.5,18.7,70.0,14.5,79.0
33163,170,22.734375,21.0,20.497222222222224,19.2,134.0,11.3,78.0
34063,170,22.630769230769232,21.0,20.5,19.3,264.0,11.3,79.0
34963,170,22.63285714285714,21.0,20.5,19.8,315.0,12.9,75.0
35863,170,22.6,21.0,20.5,20.2,362.0,16.1,73.0
36763,170,22.53768115942029,21.0,20.5,20.4,483.0,16.1,73.0
37663,170,22.451612903225808,21.0,20.5,20.8,744.0,16.1,72.0
38563,170,22.4,21.0,20.5,21.2,724.0,17.7,70.0
39463,170,22.4,21.0,20.5,21.7,819.0,19.3,69.0
40363,170,22.4,21.0,20.48550724637681,21.7,821.0,17.7,66.0
41263,170,22.39857142857143,21.0,20.461764705882352,20.8,415.0,19.3,65.0
42163,170,22.3,21.0,20.490625,21.7,851.0,19.3,65.0
43063,170,22.3,21.0,20.5,21.6,311.0,17.7,69.0
43963,170,22.27285714285714,21.0,20.5,21.3,840.0,16.1,73.0
44863,170,22.2,21.0,20.5,21.7,863.0,16.1,68.0
45763,170,22.2,21.0,20.5,21.9,905.0,16.1,68.0
46663,170,22.2,21.0,20.5,21.8,928.0,16.1,68.0
47563,170,22.2,21.0,20.5,21.7,928.0,17.7,67.0
48463,170,22.2,21.04285714285714,20.5,20.9,424.0,17.7,71.0
49363,170,22.216363636363635,21.00862068965517,20.5,20.4,315.0,17.7,71.0
50263,170,22.3,21.05,20.5,20.2,429.0,16.1,73.0
51163,170,22.3,21.28448275862069,20.5,20.8,789.0,16.1,72.0
52063,170,22.3,21.397058823529413,20.5,21.3,773.0,16.1,70.0
52963,170,22.3,21.4453125,20.5,21.2,388.0,17.7,71.0
53863,170,22.39130434782609,21.49285714285714,20.5,20.9,940.0,17.7,72.0
54763,170,22.4,21.5,20.5,21.0,856.0,22.5,68.0
55663,170,22.4,21.5,20.5,21.4,751.0,19.3,66.0
56563,170,22.4,21.5,20.5,21.2,711.0,17.7,63.0
57463,170,22.4,21.5,20.5,21.2,599.0,17.7,62.0
58363,170,22.4,21.5,20.5,20.7,424.0,17.7,63.0
59263,170,22.4,21.5,20.557534246575344,20.3,257.0,19.3,62.0
60163,170,22.51492537313433,21.5,20.765573770491805,20.2,294.0,14.5,64.0
61063,170,22.66617647058824,21.5,20.8,20.4,455.0,16.1,63.0
61963,170,22.6,21.5,20.8,20.4,452.0,16.1,63.0
62863,170,22.6,21.5,20.8,20.2,336.0,16.1,66.0
63763,170,22.6,21.5,20.695,20.2,318.0,14.5,65.0
64663,170,22.57368421052632,21.5,20.57826086956522,20.2,360.0,12.9,64.0
65563,170,22.5,21.5,20.58372093023256,19.6,167.0,12.9,65.0
66463,170,22.42826086956521,21.5,20.5,19.6,214.0,12.9,68.0
67363,170,22.4,21.127659574468087,20.5,19.9,305.0,14.5,64.0
68263,170,22.303773584905663,21.0,20.5,20.1,299.0,12.9,64.0
69163,170,22.3,21.0,20.5,20.3,304.0,14.5,62.0
70063,170,22.22173913043478,21.0,20.45625,19.2,104.0,11.3,68.0
70963,170,22.2,21.0,20.3,16.2,62.0,12.9,80.0
71863,170,22.19090909090909,20.86764705882353,20.189705882352943,15.3,63.0,8.0,83.0
72763,170,22.1,20.78787878787879,19.91212121212121,14.9,32.0,3.2,83.0
73663,170,22.074603174603176,20.8125,19.91875,14.8,30.0,4.8,84.0
74563,170,22.0,21.0,20.0,14.6,21.0,4.8,85.0
75463,170,22.0,21.0,20.09523809523809,14.1,19.0,6.4,86.0
76363,170,22.0,21.0,20.29016393442623,13.9,23.0,6.4,87.0
77263,170,22.0,21.0,20.3,13.7,18.0,0.0,88.0
78163,170,21.998461538461537,21.0,20.3,13.6,14.0,1.6,88.0
79063,170,22.484126984126984,21.241935483870968,20.55322580645161,13.4,7.0,1.6,89.0
79963,170,23.26231884057971,21.5,20.82307692307692,13.3,0.0,3.2,89.0
80863,170,22.883333333333333,21.5,20.50869565217392,13.4,0.0,4.8,89.0
81763,170,22.633333333333333,21.42063492063492,20.5,13.3,0.0,4.8,89.0
82663,170,22.40151515151515,21.02380952380953,20.5,12.9,0.0,4.8,90.0
83563,170,22.215625,21.0,20.5,12.8,0.0,3.2,91.0
84463,170,22.062857142857144,21.0,20.484615384615385,12.2,0.0,1.6,91.0
85363,170,22.0,21.0,20.365714285714283,11.9,0.0,0.0,92.0
86263,170,21.998507462686568,21.0,20.306153846153848,11.6,0.0,0.0,94.0
763,171,21.90289855072464,21.0,20.3,11.1,0.0,0.0,93.0
1663,171,21.9,21.0,20.3,11.2,0.0,1.6,95.0
2563,171,21.87313432835821,21.0,20.3,11.3,0.0,3.2,94.0
3463,171,21.8,21.0,20.3,11.2,0.0,4.8,93.0
4363,171,21.8,21.0,20.3,11.2,0.0,3.2,92.0
5263,171,21.8,21.0,20.3,11.6,0.0,6.4,89.0
6163,171,21.765217391304347,21.0,20.3,11.6,0.0,4.8,87.0
7063,171,21.7,21.0,20.3,11.3,0.0,1.6,87.0
7963,171,21.7,21.0,20.3,11.0,0.0,1.6,91.0
8863,171,21.7,21.0,20.25970149253732,10.7,0.0,0.0,92.0
9763,171,21.641935483870967,21.0,20.118032786885244,10.3,0.0,0.0,91.0
10663,171,21.6,21.0,20.01764705882353,9.8,0.0,1.6,94.0
11563,171,21.6,21.0,20.0,9.6,0.0,0.0,93.0
12463,171,21.6,21.0,20.0,9.7,0.0,0.0,95.0
13363,171,21.6,21.0,20.0,9.9,0.0,0.0,95.0
14263,171,21.510294117647057,20.96923076923077,20.0,10.3,0.0,0.0,92.0
15163,171,21.5,20.948529411764707,20.0,10.7,0.0,0.0,90.0
16063,171,21.5,20.97692307692308,20.0,10.9,0.0,1.6,89.0
16963,171,21.5,20.977272727272727,20.0,11.0,12.0,4.8,89.0
17863,171,21.5,20.90579710144928,20.0,10.9,12.0,6.4,89.0
18763,171,21.5,20.76153846153846,20.0,10.8,12.0,6.4,92.0
19663,171,21.50793650793651,20.9921875,20.0328125,11.1,16.0,4.8,94.0
20563,171,21.664615384615384,20.97101449275362,20.143478260869564,11.2,20.0,4.8,93.0
21463,171,21.61846153846154,21.0,20.0,11.4,33.0,1.6,93.0
22363,171,21.6,21.0,20.0,11.5,19.0,1.6,93.0
23263,171,21.6,21.0,20.085714285714285,11.5,62.0,0.0,93.0
24163,171,21.98507462686567,21.0,20.288059701492536,11.6,70.0,0.0,93.0
25063,171,21.68695652173913,20.852941176470587,20.155882352941177,11.8,76.0,0.0,92.0
25963,171,21.432352941176468,20.5,19.869565217391305,11.8,77.0,0.0,92.0
26863,171,21.59848484848485,20.536764705882355,20.0,12.1,97.0,4.8,91.0
27763,171,21.644615384615385,20.86764705882353,20.0,12.1,92.0,1.6,90.0
28663,171,21.7,21.0,20.0,12.6,156.0,6.4,90.0
29563,171,21.7,21.0,20.0,12.5,160.0,9.7,86.0
30463,171,21.66716417910448,20.99264705882353,20.0,12.7,162.0,3.2,88.0
31363,171,21.60289855072464,20.94927536231884,20.0,12.8,168.0,6.4,87.0
32263,171,21.66818181818181,20.99275362318841,20.0,13.3,178.0,6.4,87.0
33163,171,21.69516129032258,20.984848484848484,20.0,13.6,241.0,6.4,86.0
34063,171,21.7,20.984848484848484,20.0,14.3,239.0,6.4,82.0
34963,171,21.7,20.99180327868853,20.0,14.3,246.0,8.0,83.0
35863,171,21.67428571428572,21.0,20.013432835820897,15.1,756.0,9.7,82.0
36763,171,21.6,20.99285714285714,20.03428571428572,15.9,770.0,8.0,79.0
37663,171,21.6,21.0,20.09850746268657,15.4,252.0,6.4,79.0
38563,171,21.6,21.0,20.13235294117647,14.8,223.0,9.7,83.0
39463,171,21.6,21.0,20.07058823529412,15.2,308.0,9.7,83.0
40363,171,21.63235294117647,21.0,20.1,15.8,561.0,11.3,81.0
41263,171,21.685294117647057,21.0,20.01304347826087,15.6,244.0,11.3,80.0
42163,171,21.67313432835821,20.977941176470587,20.0,15.6,276.0,12.9,80.0
43063,171,21.6,20.97826086956522,20.0,15.8,239.0,9.7,79.0
43963,171,21.6,20.96969696969697,20.0,15.6,272.0,11.3,79.0
44863,171,21.6,20.9344262295082,20.0,16.8,411.0,12.9,78.0
45763,171,21.6,20.92753623188406,20.0,17.6,907.0,12.9,76.0
46663,171,21.62089552238806,20.94696969696969,20.0,16.6,410.0,12.9,76.0
47563,171,21.64927536231884,20.98550724637681,20.0,17.2,334.0,12.9,74.0
48463,171,21.7,20.92753623188406,20.0,17.1,387.0,14.5,73.0
49363,171,21.7,20.878571428571423,20.0,16.9,529.0,11.3,74.0
50263,171,21.7,20.82857142857143,20.0,17.9,712.0,11.3,73.0
51163,171,21.7,20.96153846153846,20.0,17.7,645.0,11.3,72.0
52063,171,21.7,20.97058823529412,20.0,17.9,673.0,11.3,72.0
52963,171,21.7,20.93939393939394,20.0,19.1,657.0,12.9,68.0
53863,171,21.7,20.8768115942029,20.0,19.3,545.0,11.3,68.0
54763,171,21.67121212121212,20.878571428571423,20.0,19.2,687.0,14.5,67.0
55663,171,21.64857142857143,20.922535211267608,20.0,19.9,860.0,12.9,67.0
56563,171,21.61060606060606,20.88059701492537,20.0,20.6,872.0,12.9,66.0
57463,171,21.6,20.863636363636363,20.0,19.9,833.0,11.3,66.0
58363,171,21.6,20.916666666666664,20.0,19.9,329.0,11.3,68.0
59263,171,21.6,20.857142857142858,20.0,20.1,482.0,9.7,67.0
60163,171,21.6,20.87878787878788,20.0,19.7,628.0,9.7,69.0
61063,171,21.6,20.87878787878788,20.0,18.8,605.0,14.5,70.0
61963,171,21.6,20.871428571428574,20.0,19.0,828.0,12.9,71.0
62863,171,21.6,20.932835820895523,20.0,18.8,693.0,16.1,72.0
63763,171,21.6,20.916666666666664,20.0,19.0,571.0,12.9,72.0
64663,171,21.6,20.913043478260867,20.00869565217392,19.2,494.0,12.9,71.0
65563,171,21.6,20.96875,20.0046875,18.7,578.0,14.5,73.0
66463,171,21.6,20.92753623188406,20.0,18.3,399.0,14.5,75.0
67363,171,21.6,20.96153846153846,20.0,19.1,380.0,9.7,73.0
68263,171,21.6,21.0,20.00441176470588,18.7,371.0,9.7,75.0
69163,171,21.560294117647057,20.985714285714288,20.004285714285714,19.0,302.0,9.7,74.0
70063,171,21.5,20.84285714285714,20.0,18.7,246.0,12.9,74.0
70963,171,21.5,20.53030303030303,20.0,18.4,221.0,12.9,75.0
71863,171,21.5,20.5,20.0,18.1,70.0,12.9,76.0
72763,171,21.42089552238805,20.5,20.0,17.9,74.0,11.3,77.0
73663,171,21.18260869565217,20.5,19.907462686567165,17.5,70.0,14.5,77.0
74563,171,20.865625,20.5,19.672727272727272,17.3,37.0,12.9,78.0
75463,171,20.56206896551724,20.114754098360656,19.437704918032782,16.8,26.0,11.3,79.0
76363,171,20.401612903225807,20.0,19.3,16.5,16.0,11.3,80.0
77263,171,20.11403508771929,20.0,19.128571428571423,16.1,11.0,14.5,81.0
78163,171,19.962222222222223,20.0,19.0,15.9,7.0,14.5,82.0
79063,171,20.0536231884058,20.0,19.114545454545457,15.4,0.0,14.5,84.0
79963,171,20.396610169491527,20.0,19.359016393442623,14.8,0.0,12.9,85.0
80863,171,20.625806451612902,20.207692307692305,19.5,14.4,0.0,11.3,87.0
81763,171,20.81060606060606,20.5,19.670149253731346,14.4,0.0,16.1,87.0
82663,171,20.938235294117646,20.5,19.8,14.3,0.0,14.5,87.0
83563,171,21.0,20.5,19.8,14.3,0.0,14.5,87.0
84463,171,21.058461538461536,20.5,19.8,14.5,0.0,16.1,86.0
85363,171,21.1,20.5,19.8,14.1,0.0,14.5,87.0
86263,171,21.1,20.5,19.8,14.0,0.0,12.9,88.0
763,172,21.1,20.5,19.8,14.0,0.0,14.5,88.0
1663,172,21.1,20.5,19.8,13.9,0.0,12.9,88.0
2563,172,21.1,20.5,19.8,13.8,0.0,11.3,88.0
3463,172,21.1,20.5,19.8,13.8,0.0,12.9,88.0
4363,172,21.1,20.5,19.8,13.8,0.0,12.9,88.0
5263,172,21.1,20.5,19.8,13.8,0.0,6.4,88.0
6163,172,21.1,20.5,19.8,13.8,0.0,9.7,88.0
7063,172,21.1,20.5,19.8,13.7,0.0,6.4,89.0
7963,172,21.1,20.5,19.8,13.7,0.0,12.9,89.0
8863,172,21.1,20.5,19.8,14.1,0.0,11.3,87.0
9763,172,21.1,20.5,19.8,14.2,0.0,8.0,87.0
10663,172,21.1,20.5,19.8,14.2,0.0,6.4,86.0
11563,172,21.1,20.5,19.8,14.2,0.0,6.4,87.0
12463,172,21.1,20.5,19.8,14.2,0.0,1.6,86.0
13363,172,21.0955223880597,20.5,19.8,14.0,0.0,3.2,87.0
14263,172,21.02608695652174,20.5,19.8,13.7,0.0,1.6,88.0
15163,172,21.0,20.5,19.8,13.6,0.0,4.8,88.0
16063,172,21.0,20.5,19.8,13.6,0.0,9.7,87.0
16963,172,21.0,20.5,19.8,13.8,5.0,8.0,86.0
17863,172,21.0,20.5,19.8,14.4,5.0,4.8,83.0
18763,172,21.0,20.5,19.8,14.2,0.0,4.8,88.0
19663,172,21.0,20.5,19.8,13.6,5.0,6.4,91.0
20563,172,21.0,20.5,19.8,13.4,7.0,1.6,92.0
21463,172,21.0,20.15909090909091,19.56060606060606,13.3,26.0,3.2,93.0
22363,172,20.98059701492537,19.685714285714287,18.97,13.4,42.0,9.7,91.0
23263,172,21.807692307692307,20.19117647058824,19.45147058823529,13.6,44.0,9.7,91.0
24163,172,21.88840579710145,20.53846153846154,19.96769230769231,13.7,47.0,12.9,90.0
25063,172,21.425757575757576,20.47142857142857,19.65,13.8,39.0,14.5,88.0
25963,172,21.38695652173913,20.477941176470587,19.5,13.9,56.0,12.9,88.0
26863,172,21.3,20.231884057971016,19.5,14.2,47.0,6.4,88.0
27763,172,21.25,20.04285714285714,19.5,14.4,55.0,6.4,87.0
28663,172,21.2,20.123076923076923,19.5,14.9,111.0,0.0,86.0
29563,172,21.2,20.246376811594203,19.5,14.9,44.0,3.2,88.0
30463,172,21.2,20.246268656716417,19.5,14.9,67.0,4.8,86.0
31363,172,21.2,20.227272727272727,19.5,14.8,56.0,4.8,89.0
32263,172,21.2,20.07575757575757,19.5,14.7,153.0,3.2,89.0
33163,172,21.2,20.0,19.5,14.9,229.0,3.2,89.0
34063,172,21.2,20.0,19.5,15.6,276.0,1.6,88.0
34963,172,21.2,20.0,19.5,16.0,309.0,0.0,84.0
35863,172,21.2,20.00757575757576,19.5,16.6,211.0,1.6,85.0
36763,172,21.2,20.0,19.5,17.2,232.0,3.2,81.0
37663,172,21.172727272727272,20.0,19.5,17.3,244.0,6.4,81.0
38563,172,21.1,20.0,19.5,17.6,218.0,4.8,80.0
39463,172,21.1,20.0,19.5,17.0,227.0,8.0,79.0
40363,172,21.1,20.0,19.5,16.4,190.0,8.0,81.0
41263,172,21.020289855072463,20.0,19.5,16.2,223.0,4.8,83.0
42163,172,21.0,20.007462686567163,19.5,16.3,163.0,4.8,83.0
43063,172,21.0,20.23880597014925,19.5,16.3,81.0,4.8,82.0
43963,172,21.023529411764702,20.322916666666664,19.50625,16.1,94.0,3.2,84.0
44863,172,21.09692307692308,20.421875,19.5140625,15.8,202.0,3.2,86.0
45763,172,21.1,20.357142857142858,19.5,16.4,517.0,3.2,86.0
46663,172,21.1,20.375,19.5,17.1,327.0,6.4,82.0
47563,172,21.1,20.27692307692308,19.5,17.6,494.0,8.0,81.0
48463,172,21.1,20.37878787878788,19.5,18.4,772.0,6.4,80.0
49363,172,21.1,20.37313432835821,19.5,17.9,258.0,4.8,79.0
50263,172,21.1,20.27777777777778,19.5,17.8,438.0,4.8,78.0
51163,172,21.1,20.37878787878788,19.5,18.5,350.0,3.2,76.0
52063,172,21.1,20.333333333333336,19.5,19.2,744.0,3.2,76.0
52963,172,21.1,20.38405797101449,19.5,18.8,439.0,6.4,76.0
53863,172,21.1,20.39041095890411,19.5,19.1,564.0,6.4,76.0
54763,172,21.1,20.36029411764705,19.5,19.1,294.0,4.8,77.0
55663,172,21.1,20.42957746478873,19.50422535211268,19.9,640.0,6.4,77.0
56563,172,21.1,20.40579710144928,19.5,20.4,538.0,3.2,77.0
57463,172,21.1,20.29285714285714,19.5,21.3,547.0,6.4,73.0
58363,172,21.1,20.11904761904762,19.5,20.3,290.0,8.0,72.0
59263,172,21.08507462686567,20.096774193548388,19.5,19.1,225.0,9.7,77.0
60163,172,21.002857142857145,20.112676056338028,19.5,18.7,224.0,6.4,78.0
61063,172,21.0,20.43939393939394,19.66818181818181,18.3,141.0,6.4,80.0
61963,172,20.942307692307693,20.5,19.717021276595744,18.1,132.0,1.6,81.0
62863,172,20.89629629629629,20.5,19.8,17.9,109.0,4.8,82.0
63763,172,20.79090909090909,20.47297297297297,19.727027027027027,18.1,241.0,9.7,82.0
64663,172,20.7,20.1,19.5,18.7,244.0,6.4,82.0
65563,172,20.64210526315789,20.009090909090908,19.5,18.9,181.0,6.4,80.0
66463,172,20.56111111111111,20.0,19.47142857142857,19.0,197.0,6.4,81.0
67363,172,20.655555555555555,20.0,19.47142857142857,19.3,245.0,3.2,83.0
68263,172,20.78333333333333,20.0,19.35,19.1,105.0,4.8,81.0
69163,172,20.70714285714286,20.0,19.3,18.7,79.0,4.8,83.0
70063,172,20.74,20.0,19.3,18.2,26.0,4.8,85.0
70963,172,20.7,20.0,19.3,17.6,32.0,4.8,89.0
71863,172,20.7,20.0,19.3,16.6,14.0,3.2,93.0
72763,172,20.708333333333336,20.0,19.3,16.2,5.0,0.0,94.0
73663,172,20.757894736842104,20.0,19.43636363636364,16.1,23.0,3.2,96.0
74563,172,20.7,20.0,19.49512195121951,16.1,18.0,1.6,96.0
75463,172,20.756603773584903,20.0,19.5,15.9,5.0,4.8,97.0
76363,172,20.8,20.0,19.5,15.9,0.0,1.6,97.0
77263,172,20.8,20.0,19.415625,15.8,0.0,4.8,97.0
78163,172,20.8,20.0,19.43030303030303,15.8,0.0,1.6,97.0
79063,172,21.99,20.32758620689655,19.76206896551724,15.9,0.0,4.8,98.0
79963,172,21.302985074626868,20.5,19.926153846153845,16.0,0.0,4.8,98.0
80863,172,20.5640625,20.3968253968254,19.566666666666663,15.9,0.0,6.4,98.0
81763,172,20.345901639344262,20.0,19.33728813559322,16.1,0.0,4.8,98.0
82663,172,20.19821428571429,20.0,19.211111111111112,16.3,0.0,3.2,98.0
83563,172,20.040983606557376,20.0,19.2,16.6,0.0,3.2,98.0
84463,172,19.910526315789475,19.56779661016949,18.894915254237286,16.6,0.0,3.2,98.0
85363,172,19.8542372881356,19.5,18.817857142857143,16.6,0.0,1.6,97.0
86263,172,19.70147058823529,19.5,18.8,15.9,0.0,0.0,97.0
763,173,19.632394366197182,19.5,18.8,16.0,0.0,0.0,98.0
1663,173,19.441538461538464,19.5,18.8,16.1,0.0,3.2,98.0
2563,173,19.382608695652173,19.5,18.8,16.1,0.0,4.8,98.0
3463,173,19.42727272727273,19.5,18.952238805970147,15.8,0.0,4.8,98.0
4363,173,19.4,19.5,19.0,15.7,0.0,6.4,98.0
5263,173,19.40579710144928,19.544117647058822,19.0,15.2,0.0,6.4,98.0
6163,173,19.4,19.536764705882355,19.0,15.1,0.0,4.8,98.0
7063,173,19.4,19.5,19.0,15.2,0.0,8.0,98.0
7963,173,19.4,19.5,19.0,15.2,0.0,9.7,98.0
8863,173,19.343076923076925,19.5,18.954545454545453,15.3,0.0,8.0,99.0
9763,173,19.45217391304348,19.5,19.0,15.4,0.0,6.4,99.0
10663,173,19.5,19.52898550724638,19.0,15.4,0.0,8.0,99.0
11563,173,19.5,19.50714285714286,19.0,15.6,0.0,8.0,99.0
12463,173,19.5,19.5072463768116,19.0,15.7,0.0,6.4,99.0
13363,173,19.486567164179103,19.5,19.0,15.8,0.0,6.4,99.0
14263,173,19.4,19.5,19.0,15.8,0.0,6.4,99.0
15163,173,19.4,19.5,19.0,15.7,0.0,8.0,99.0
16063,173,19.398529411764702,19.5,19.0,15.7,0.0,8.0,99.0
16963,173,19.39710144927536,19.5,18.99090909090909,15.4,0.0,9.7,99.0
17863,173,19.546376811594204,19.5,19.0,14.9,5.0,11.3,98.0
18763,173,19.6,19.5,19.0,14.8,9.0,6.4,97.0
19663,173,19.725,19.78472222222222,19.0,14.5,11.0,11.3,96.0
20563,173,20.0268656716418,20.0,19.1955223880597,14.4,14.0,12.9,95.0
21463,173,20.45,20.0,19.5,14.1,44.0,16.1,94.0
22363,173,20.69402985074627,20.0,19.48840579710145,13.8,21.0,14.5,93.0
23263,173,20.84583333333333,20.0,19.5,13.6,44.0,11.3,94.0
24163,173,20.9,20.0,19.44328358208956,13.6,41.0,11.3,94.0
25063,173,20.9,20.0,19.38571428571429,13.6,67.0,12.9,93.0
25963,173,20.9,20.0,19.3,13.6,149.0,11.3,93.0
26863,173,20.80952380952381,20.0,19.3,14.0,109.0,9.7,94.0
27763,173,20.766176470588235,20.0,19.3,14.1,193.0,11.3,93.0
28663,173,20.7,20.0,19.3,14.3,139.0,12.9,92.0
29563,173,20.7,20.0,19.3,14.4,149.0,12.9,92.0
30463,173,20.608771929824563,20.0,19.3,14.6,186.0,11.3,92.0
31363,173,20.6,20.0,19.3,14.8,187.0,11.3,91.0
32263,173,20.6,20.0,19.3,14.7,114.0,11.3,91.0
33163,173,20.6,20.0,19.3,14.6,139.0,16.1,90.0
34063,173,20.6,20.0,19.3,14.7,147.0,14.5,90.0
34963,173,20.6,20.0,19.3,14.7,148.0,14.5,90.0
35863,173,20.6,20.0,19.3,14.9,192.0,14.5,90.0
36763,173,20.622857142857143,20.0,19.3,15.1,200.0,12.9,90.0
37663,173,20.7,20.0,19.3,14.9,213.0,16.1,89.0
38563,173,20.7,20.0,19.3,15.1,276.0,14.5,88.0
39463,173,20.7,20.0,19.3,15.6,390.0,16.1,86.0
40363,173,20.75857142857143,20.0,19.3,16.0,385.0,16.1,86.0
41263,173,20.8,20.0,19.3,16.1,336.0,16.1,83.0
42163,173,20.8,20.0,19.3,16.3,334.0,14.5,84.0
43063,173,20.81142857142857,20.0,19.3,16.4,399.0,16.1,82.0
43963,173,20.842424242424244,20.0,19.3,16.7,455.0,14.5,82.0
44863,173,20.8,20.0,19.3,17.2,612.0,14.5,80.0
45763,173,20.8,20.0,19.3,18.3,909.0,14.5,76.0
46663,173,20.8,20.0,19.3,17.9,541.0,11.3,75.0
47563,173,20.8,20.0,19.3,17.9,394.0,12.9,74.0
48463,173,20.812676056338027,20.0,19.3,17.7,359.0,11.3,73.0
49363,173,20.8,20.0,19.3,17.8,374.0,12.9,74.0
50263,173,20.8,20.0,19.3,17.6,276.0,12.9,75.0
51163,173,20.8,20.0,19.3,19.3,1025.0,12.9,68.0
52063,173,20.8,20.0,19.3,18.4,353.0,14.5,70.0
52963,173,20.821739130434786,20.0,19.3,17.9,374.0,12.9,72.0
53863,173,20.9,20.0,19.3,17.9,446.0,12.9,73.0
54763,173,20.9,20.0,19.3,18.2,492.0,14.5,71.0
55663,173,20.89130434782609,20.0,19.3,18.6,466.0,16.1,69.0
56563,173,20.8,20.0,19.3,17.7,285.0,16.1,70.0
57463,173,20.711111111111112,20.0,19.3,17.8,352.0,17.7,69.0
58363,173,20.68076923076924,20.0,19.3,17.6,179.0,17.7,71.0
59263,173,20.6,20.0,19.3,17.4,279.0,17.7,69.0
60163,173,20.49180327868853,20.0,19.3,17.7,548.0,17.7,67.0
61063,173,20.4,20.0,19.3,17.9,399.0,16.1,69.0
61963,173,20.314,20.0,19.259615384615383,18.4,613.0,14.5,67.0
62863,173,20.279629629629632,20.0,19.078,17.4,369.0,16.1,70.0
63763,173,20.27540983606557,20.0,19.25178571428572,16.9,257.0,19.3,72.0
64663,173,20.22241379310345,20.0,19.196875,16.6,257.0,17.7,74.0
65563,173,20.121428571428574,20.0,19.0,16.5,233.0,16.1,72.0
66463,173,20.1,19.960317460317462,19.0,16.2,220.0,19.3,73.0
67363,173,20.08888888888889,19.537313432835823,19.0,16.5,139.0,16.1,73.0
68263,173,20.015254237288136,19.5,18.88615384615385,15.8,81.0,16.1,77.0
69163,173,19.97101449275362,19.5,18.8,15.4,79.0,14.5,78.0
70063,173,19.9,19.5,18.8,15.1,91.0,14.5,78.0
70963,173,19.9,19.5,18.8,14.8,70.0,12.9,79.0
71863,173,19.911475409836065,19.5,18.8,14.6,51.0,12.9,80.0
72763,173,20.00754716981132,19.5,18.833333333333336,14.1,28.0,17.7,81.0
73663,173,20.1,19.507692307692302,19.0,13.9,33.0,12.9,81.0
74563,173,20.04714285714285,19.51515151515152,19.0,13.9,34.0,14.5,82.0
75463,173,19.87272727272727,19.5,19.0,13.8,21.0,12.9,82.0
76363,173,19.785245901639342,19.5,18.964,13.8,23.0,12.9,82.0
77263,173,19.69183673469388,19.5,18.838297872340423,13.6,5.0,14.5,82.0
78163,173,19.6,19.5,18.8,13.4,5.0,16.1,83.0
79063,173,19.6,19.5,18.816129032258065,13.1,0.0,16.1,84.0
79963,173,19.864615384615384,19.708333333333336,18.996666666666663,12.9,0.0,17.7,84.0
80863,173,20.32181818181818,20.0,19.289285714285715,12.9,0.0,17.7,84.0
81763,173,20.5,20.0,19.3,12.9,0.0,17.7,84.0
82663,173,20.5,20.0,19.3,12.9,0.0,22.5,83.0
83563,173,20.49655172413793,20.0,19.3,12.9,0.0,22.5,83.0
84463,173,20.401818181818182,20.0,19.3,13.1,0.0,20.9,82.0
85363,173,20.4,20.0,19.29047619047619,13.2,0.0,24.1,81.0
86263,173,20.370967741935484,20.0,19.18305084745763,13.2,0.0,22.5,81.0
763,174,20.3,20.0,19.005172413793105,13.2,0.0,17.7,83.0
1663,174,20.3,20.0,19.0,13.1,0.0,16.9,83.0
2563,174,20.29714285714285,20.0,19.0,12.9,0.0,14.5,83.0
3463,174,20.20289855072464,20.0,19.0,12.9,0.0,19.3,83.0
4363,174,20.2,19.99253731343284,19.0,12.9,0.0,17.7,83.0
5263,174,20.2,19.863636363636363,19.0,12.8,0.0,16.1,83.0
6163,174,20.2,19.64179104477612,19.0,12.9,0.0,19.3,82.0
7063,174,20.2,19.507692307692302,19.0,12.7,0.0,22.5,88.0
7963,174,20.19710144927536,19.5,19.0,12.3,0.0,17.7,90.0
8863,174,20.105882352941176,19.5,19.0,12.3,0.0,20.9,90.0
9763,174,20.1,19.5,19.0,12.1,0.0,19.3,92.0
10663,174,20.1,19.5,19.0,11.9,0.0,19.3,92.0
11563,174,20.1,19.5,19.0,11.9,0.0,17.7,92.0
12463,174,20.1,19.5,19.0,12.1,0.0,22.5,92.0
13363,174,20.1,19.5,19.0,12.1,0.0,25.7,91.0
14263,174,20.054285714285715,19.5,18.99117647058824,12.1,0.0,24.1,92.0
15163,174,20.0,19.5,18.935294117647057,12.1,0.0,24.1,92.0
16063,174,20.0,19.5,18.892753623188405,12.3,0.0,29.0,90.0
16963,174,20.0,19.5,18.83235294117647,12.6,0.0,30.6,90.0
17863,174,20.0,19.5,18.80588235294117,12.7,7.0,27.4,90.0
18763,174,20.0,19.5,18.8,12.8,11.0,32.2,89.0
19663,174,20.0,19.5,18.8,12.9,19.0,30.6,89.0
20563,174,20.0,19.5,18.8,12.9,28.0,32.2,89.0
21463,174,20.0,19.5,18.8,13.1,35.0,33.8,88.0
22363,174,20.0,19.5,18.859701492537315,13.1,47.0,33.8,88.0
23263,174,20.0,19.38059701492537,18.62537313432836,13.2,47.0,30.6,89.0
24163,174,19.912903225806453,19.056338028169016,18.395774647887325,13.2,53.0,32.2,89.0
25063,174,21.08550724637681,19.5,18.7671875,13.6,114.0,30.6,89.0
25963,174,20.43076923076924,19.609375,18.9796875,13.7,127.0,33.8,88.0
26863,174,20.6,19.5,19.0,13.6,88.0,27.4,89.0
27763,174,20.6,19.5,19.0,13.7,102.0,29.0,89.0
28663,174,20.542424242424243,19.5,18.88235294117647,13.8,86.0,25.7,89.0
29563,174,20.49142857142857,19.5,18.8,13.9,97.0,24.1,89.0
30463,174,20.4,19.5,18.8,14.2,220.0,24.1,89.0
31363,174,20.4,19.5,18.8,15.2,308.0,29.0,86.0
32263,174,20.39253731343284,19.5,18.8,15.3,271.0,29.0,85.0
33163,174,20.3,19.5,18.8,15.0,266.0,32.2,87.0
34063,174,20.3,19.5,18.8,14.9,260.0,30.6,87.0
34963,174,20.3,19.5,18.8,15.4,248.0,32.2,86.0
35863,174,20.27260273972603,19.5,18.8,15.8,359.0,30.6,85.0
36763,174,20.2,19.5,18.8,15.8,310.0,25.7,86.0
37663,174,20.2,19.5,18.8,15.7,366.0,22.5,88.0
38563,174,20.2,19.5,18.8,16.2,294.0,22.5,87.0
39463,174,20.2,19.5,18.8,14.2,234.0,24.1,93.0
40363,174,20.2,19.5,18.8,14.6,163.0,27.4,90.0
41263,174,20.2,19.5,18.8,13.9,107.0,27.4,89.0
42163,174,20.2,19.5,18.8,14.3,483.0,24.1,90.0
43063,174,20.2,19.5,18.8,14.8,371.0,27.4,82.0
43963,174,20.2,19.5,18.8,15.7,942.0,27.4,81.0
44863,174,20.2,19.5,18.803125,15.8,399.0,30.6,78.0
45763,174,20.2,19.5,18.825714285714287,15.8,475.0,27.4,77.0
46663,174,20.235820895522387,19.5,18.86769230769231,15.4,357.0,25.7,74.0
47563,174,20.293055555555554,19.5,18.91515151515152,15.8,387.0,25.7,74.0
48463,174,20.3,19.5,18.975438596491227,16.2,751.0,25.7,72.0
49363,174,20.3,19.5,18.94328358208956,16.0,567.0,25.7,70.0
50263,174,20.244615384615383,19.5,18.808823529411764,16.1,503.0,22.5,70.0
51163,174,20.2,19.5,18.8,16.1,629.0,27.4,69.0
52063,174,20.2,19.5,18.803125,16.1,615.0,32.2,70.0
52963,174,20.2,19.5,18.8,15.9,332.0,29.0,69.0
53863,174,20.2,19.5,18.802857142857142,15.8,318.0,22.5,70.0
54763,174,20.2,19.5,18.80294117647059,17.1,847.0,20.9,68.0
55663,174,20.2,19.5,18.8,16.3,369.0,27.4,67.0
56563,174,20.2,19.5,18.8,16.8,714.0,29.0,65.0
57463,174,20.2,19.5,18.8,16.6,378.0,27.4,63.0
58363,174,20.311290322580646,19.5,18.946666666666665,16.2,229.0,24.1,66.0
59263,174,20.54705882352941,19.51538461538461,19.0,16.3,345.0,19.3,67.0
60163,174,20.48805970149254,19.5,19.0,16.2,320.0,16.1,67.0
61063,174,20.4,19.5,19.0,15.9,267.0,17.7,69.0
61963,174,20.36805555555556,19.5,18.988235294117647,16.6,158.0,25.7,64.0
62863,174,20.3,19.5,18.82647058823529,15.7,165.0,24.1,66.0
63763,174,20.25,19.5,18.8,15.7,190.0,17.7,66.0
64663,174,20.2,19.5,18.8,15.4,206.0,19.3,68.0
65563,174,20.2,19.5,18.8,16.0,559.0,20.9,64.0
66463,174,20.17727272727273,19.5,18.8,15.8,248.0,22.5,62.0
67363,174,20.1,19.5,18.8,15.9,163.0,19.3,64.0
68263,174,20.1,19.5,18.8,15.2,125.0,20.9,65.0
69163,174,20.083333333333336,19.5,18.8,14.6,88.0,20.9,67.0
70063,174,20.0,19.5,18.8,14.5,76.0,17.7,67.0
70963,174,20.0,19.5,18.8,14.2,65.0,19.3,66.0
71863,174,19.971875,19.5,18.746774193548383,13.8,39.0,20.9,67.0
72763,174,19.9,19.5,18.512,13.7,46.0,20.9,67.0
73663,174,19.9,19.5,18.5,13.6,40.0,17.7,66.0
74563,174,19.9,19.4921875,18.5,13.4,32.0,20.9,67.0
75463,174,19.8140625,19.49206349206349,18.5,13.3,26.0,16.1,68.0
76363,174,19.8,19.49264705882353,18.5,13.1,19.0,16.1,67.0
77263,174,19.8,19.5,18.5,12.6,5.0,16.1,69.0
78163,174,19.8,19.5,18.5,12.4,5.0,16.1,70.0
79063,174,19.8,19.5,18.5,12.2,0.0,16.1,71.0
79963,174,19.8,19.5,18.5,11.9,0.0,12.9,73.0
80863,174,19.8,19.5,18.5,11.5,0.0,11.3,75.0
81763,174,19.8,19.5,18.5,11.5,0.0,14.5,76.0
82663,174,19.8054794520548,19.5,18.75238095238096,11.2,0.0,16.1,76.0
83563,174,19.81230769230769,19.5,18.8,10.8,0.0,14.5,77.0
84463,174,19.8,19.5,18.8,10.5,0.0,11.3,79.0
85363,174,19.8,19.5,18.8,10.4,0.0,16.1,80.0
86263,174,19.8,19.5,18.8,10.3,0.0,17.7,80.0
763,175,19.74406779661017,19.5,18.795454545454547,10.1,0.0,17.7,81.0
1663,175,19.7,19.5,18.74179104477612,9.9,0.0,19.3,80.0
2563,175,19.7,19.5,18.587692307692308,10.0,0.0,16.1,80.0
3463,175,19.7,19.5,18.53,10.8,0.0,20.9,74.0
4363,175,19.7,19.5,18.5,11.1,0.0,20.9,72.0
5263,175,19.7,19.48611111111111,18.5,11.1,0.0,17.7,74.0
6163,175,19.65970149253732,19.38571428571429,18.5,11.1,0.0,20.9,74.0
7063,175,19.6,19.21014492753623,18.5,11.1,0.0,20.9,75.0
7963,175,19.6,19.05072463768116,18.5,10.9,0.0,20.9,77.0
8863,175,19.6,19.0,18.5,10.8,0.0,19.3,79.0
9763,175,19.6,19.0,18.5,10.7,0.0,20.9,80.0
10663,175,19.6,19.0,18.5,10.6,0.0,20.9,81.0
11563,175,19.53859649122807,19.0,18.5,10.6,0.0,19.3,81.0
12463,175,19.5,19.0,18.5,10.4,0.0,20.9,81.0
13363,175,19.5,19.0,18.5,10.6,0.0,19.3,79.0
14263,175,19.5,19.0,18.5,10.7,0.0,19.3,78.0
15163,175,19.5,19.0,18.5,10.6,0.0,19.3,78.0
16063,175,19.5,19.0,18.5,10.6,0.0,17.7,79.0
16963,175,19.5,19.0,18.5,10.5,3.0,14.5,81.0
17863,175,19.54507042253521,19.0,18.5,10.4,11.0,17.7,82.0
18763,175,19.53650793650793,19.0,18.49076923076923,10.3,14.0,17.7,83.0
19663,175,19.51212121212121,19.0,18.45522388059701,10.2,26.0,19.3,83.0
20563,175,19.606349206349208,19.0,18.497222222222224,10.2,32.0,17.7,82.0
21463,175,19.73698630136986,19.0,18.5,10.3,35.0,17.7,80.0
22363,175,19.866666666666667,19.0,18.5,10.7,46.0,19.3,77.0
23263,175,20.04583333333333,19.14772727272728,18.520454545454548,10.7,28.0,19.3,76.0
24163,175,20.053846153846155,19.022222222222226,18.5,10.8,74.0,16.1,77.0
25063,175,20.54255319148936,19.42553191489361,18.74468085106383,11.1,95.0,17.7,77.0
25963,175,20.13728813559322,19.46296296296296,18.6,11.1,125.0,14.5,77.0
26863,175,19.95090909090909,19.0531914893617,18.5,11.3,56.0,16.1,77.0
27763,175,19.77142857142857,19.0,18.5,11.6,81.0,24.1,75.0
28663,175,19.891489361702128,19.48529411764705,18.8,11.8,37.0,27.4,72.0
29563,175,19.84897959183673,19.00925925925926,18.36111111111111,11.8,56.0,27.4,72.0
30463,175,19.8,19.0,18.3,12.6,179.0,22.5,70.0
31363,175,19.763492063492063,19.0,18.3,12.7,260.0,27.4,68.0
32263,175,19.7,19.0,18.3,13.2,260.0,20.9,70.0
33163,175,19.6622641509434,19.0,18.3,13.4,292.0,25.7,70.0
34063,175,19.6,19.0,18.3,12.7,225.0,25.7,70.0
34963,175,19.6,19.0,18.3,12.3,79.0,22.5,75.0
35863,175,19.53709677419355,19.0,18.3,12.6,867.0,20.9,73.0
36763,175,19.5,19.0,18.3,13.2,237.0,22.5,68.0
37663,175,19.5,19.0,18.3,12.7,250.0,30.6,68.0
38563,175,19.5,19.0,18.3,12.9,193.0,20.9,70.0
39463,175,19.5,19.0,18.3,12.7,149.0,24.1,70.0
40363,175,19.540677966101693,19.0,18.3,12.6,107.0,24.1,70.0
41263,175,19.50655737704918,19.0,18.3,12.2,457.0,22.5,77.0
42163,175,19.5,19.0,18.3,13.5,430.0,24.1,70.0
43063,175,19.5,19.0,18.3,13.1,315.0,27.4,70.0
43963,175,19.5,19.0,18.3,13.5,471.0,27.4,69.0
44863,175,19.5,18.903508771929825,18.13157894736842,13.6,329.0,30.6,66.0
45763,175,19.44179104477612,18.5,18.0,14.3,828.0,27.4,66.0
46663,175,19.4,18.5,17.897058823529413,13.8,378.0,24.1,65.0
47563,175,19.32698412698413,18.5,17.815625,13.5,360.0,24.1,65.0
48463,175,19.3,18.5,17.8,13.6,418.0,30.6,64.0
49363,175,19.3,18.5,17.8,14.4,956.0,25.7,66.0
50263,175,19.244444444444447,18.5,17.8,13.4,206.0,27.4,68.0
51163,175,19.2,18.5,17.8,13.2,155.0,27.4,69.0
52063,175,19.2,18.5,17.8,12.7,418.0,30.6,71.0
52963,175,19.2,18.5,17.8,13.1,322.0,27.4,69.0
53863,175,19.2,18.5,17.8,13.2,287.0,29.0,70.0
54763,175,19.2,18.5,17.816129032258065,13.1,360.0,32.2,68.0
55663,175,19.2,18.5,17.993939393939392,14.7,967.0,27.4,65.0
56563,175,19.2,18.5,18.0,13.7,211.0,27.4,66.0
57463,175,19.2,18.5,18.0,13.4,301.0,25.7,68.0
58363,175,19.2,18.5,18.0,13.9,183.0,25.7,66.0
59263,175,19.2,18.5,18.0,13.1,262.0,33.8,68.0
60163,175,19.2,18.5,18.0,13.9,234.0,30.6,66.0
61063,175,19.2,18.5,18.0,14.3,193.0,32.2,63.0
61963,175,19.2,18.5,18.0,13.0,211.0,37.0,70.0
62863,175,19.2,18.5,18.0,12.8,186.0,35.4,69.0
63763,175,19.2,18.5,18.0,12.7,157.0,27.4,71.0
64663,175,19.11714285714286,18.5,18.0,12.7,134.0,32.2,70.0
65563,175,19.1,18.5,18.0,12.5,79.0,35.4,71.0
66463,175,19.1,18.5,18.0,11.9,144.0,35.4,76.0
67363,175,19.1,18.5,17.959322033898307,12.0,70.0,33.8,74.0
68263,175,19.1,18.5,17.903333333333332,11.9,56.0,29.0,76.0
69163,175,19.055,18.5,17.85079365079365,11.9,102.0,29.0,75.0
70063,175,19.0,18.5,17.81935483870968,11.5,91.0,32.2,80.0
70963,175,19.0,18.5,17.813793103448276,11.8,353.0,29.0,79.0
71863,175,19.00163934426229,18.5,17.85084745762712,11.6,42.0,29.0,76.0
72763,175,19.09230769230769,18.5,17.996721311475408,11.3,63.0,32.2,77.0
73663,175,19.1,18.5,18.0,11.2,51.0,29.0,77.0
74563,175,19.1,18.5,18.0,11.3,54.0,24.1,78.0
75463,175,19.03939393939394,18.5,18.0,11.3,16.0,24.1,78.0
76363,175,19.155555555555555,18.5,18.0,10.9,16.0,24.1,80.0
77263,175,19.101612903225806,18.5,18.0,10.6,23.0,22.5,81.0
78163,175,19.06716417910448,18.5,18.0,10.7,16.0,22.5,81.0
79063,175,19.0,18.5,17.88923076923077,10.3,5.0,25.7,80.0
79963,175,19.0,18.5,17.80294117647059,10.3,0.0,27.4,81.0
80863,175,19.536764705882355,18.5,17.861538461538462,10.1,0.0,20.9,81.0
81763,175,20.452857142857145,18.5,18.0,9.9,0.0,20.9,82.0
82663,175,19.841666666666665,18.5,18.0,9.8,0.0,19.3,83.0
83563,175,19.47692307692308,18.5,18.0,9.9,0.0,22.5,82.0
84463,175,19.3,18.5,17.88307692307692,9.9,0.0,22.5,82.0
85363,175,19.154545454545453,18.5,17.8,9.9,0.0,24.1,83.0
86263,175,19.033802816901407,18.5,17.8,9.9,0.0,22.5,83.0
763,176,18.987142857142857,18.5,17.8,9.8,0.0,19.3,83.0
1663,176,18.9,18.5,17.8,10.0,0.0,17.7,83.0
2563,176,18.9,18.5,17.8,9.9,0.0,19.3,83.0
3463,176,18.86111111111111,18.5,17.8,9.9,0.0,19.3,83.0
4363,176,18.8,18.5,17.8,9.8,0.0,20.9,84.0
5263,176,18.8,18.5,17.8,9.6,0.0,22.5,85.0
6163,176,18.73809523809524,18.5,17.8,9.4,0.0,22.5,85.0
7063,176,18.7,18.5,17.8,9.5,0.0,22.5,83.0
7963,176,18.7,18.5,17.722857142857144,9.6,0.0,19.3,82.0
8863,176,18.7,18.5,17.549253731343285,9.5,0.0,17.7,82.0
9763,176,18.612121212121213,18.5,17.5,9.3,0.0,19.3,84.0
10663,176,18.6,18.484615384615385,17.5,9.6,0.0,17.7,84.0
11563,176,18.6,18.37878787878788,17.5,9.6,0.0,16.1,84.0
12463,176,18.6,18.17692307692308,17.5,9.4,0.0,14.5,85.0
13363,176,18.58939393939394,18.01492537313433,17.5,9.2,0.0,14.5,86.0
14263,176,18.5,18.0,17.5,9.2,0.0,19.3,85.0
15163,176,18.54179104477612,18.0,17.5,9.2,0.0,20.9,85.0
16063,176,18.68059701492537,18.275362318840585,17.5,9.3,0.0,25.7,83.0
16963,176,18.811940298507466,18.4765625,17.5,9.2,5.0,24.1,83.0
17863,176,18.93768115942029,18.5,17.561764705882354,8.8,11.0,17.7,86.0
18763,176,19.03846153846154,18.5,17.769565217391303,8.9,12.0,22.5,86.0
19663,176,19.15671641791045,18.5,17.8,9.2,14.0,24.1,86.0
20563,176,19.269565217391303,18.5,17.8,9.2,16.0,24.1,86.0
21463,176,19.3768115942029,18.5,17.8,9.3,19.0,17.7,85.0
22363,176,19.503030303030304,18.5,17.8,9.5,21.0,19.3,84.0
23263,176,19.61159420289855,18.5,17.825396825396826,9.8,25.0,20.9,82.0
24163,176,19.88867924528302,18.53061224489796,18.09795918367347,10.1,26.0,24.1,81.0
25063,176,20.09016393442623,18.59259259259259,18.05,10.4,28.0,24.1,79.0
25963,176,19.9375,18.5,18.0,10.6,65.0,20.9,79.0
26863,176,19.846969696969698,18.5,17.895238095238096,11.0,46.0,22.5,77.0
27763,176,19.8,18.5,17.8,11.1,56.0,24.1,76.0
28663,176,19.716216216216218,18.5,17.8,11.3,86.0,22.5,77.0
29563,176,19.607142857142858,18.49206349206349,17.623809523809523,11.6,111.0,20.9,77.0
30463,176,19.45671641791045,18.27857142857143,17.5,11.4,176.0,20.9,77.0
31363,176,19.32985074626865,18.02238805970149,17.5,11.6,79.0,20.9,75.0
32263,176,19.2890625,18.0,17.5,12.0,88.0,22.5,74.0
33163,176,19.2,18.0,17.5,12.4,192.0,20.9,73.0
34063,176,19.1109375,18.0,17.5,12.6,90.0,25.7,70.0
34963,176,19.02753623188406,18.0,17.5,13.2,679.0,25.7,66.0
35863,176,19.0,18.0,17.5,13.7,814.0,22.5,67.0
36763,176,18.94428571428572,18.0,17.5,13.6,292.0,20.9,67.0
37663,176,18.9,18.0,17.5,13.9,257.0,20.9,69.0
38563,176,18.833333333333336,18.0,17.48,13.8,625.0,22.5,70.0
39463,176,18.8,18.0,17.325396825396826,14.1,309.0,20.9,64.0
40363,176,18.753846153846155,18.0,17.392753623188405,14.3,589.0,24.1,67.0
41263,176,18.7,18.0,17.365671641791046,14.4,717.0,20.9,65.0
42163,176,18.7,18.0,17.43030303030303,13.9,403.0,24.1,69.0
43063,176,18.7,18.0,17.44137931034483,15.4,1150.0,19.3,67.0
43963,176,18.630000000000003,18.0,17.446666666666665,13.9,274.0,22.5,65.0
44863,176,18.611666666666668,18.0,17.496491228070177,13.9,380.0,20.9,66.0
45763,176,18.50757575757576,18.0,17.458064516129035,14.9,1055.0,22.5,62.0
46663,176,18.41272727272728,18.0,17.312,14.4,292.0,24.1,64.0
47563,176,18.4,18.0,17.303508771929824,14.6,371.0,19.3,66.0
48463,176,18.31969696969697,18.0,17.3,15.2,661.0,19.3,61.0
49363,176,18.28985507246377,18.0,17.3,15.1,1074.0,24.1,62.0
50263,176,18.26086956521739,18.0,17.3,15.6,276.0,24.1,60.0
51163,176,18.28,18.0,17.3,16.1,1104.0,24.1,58.0
52063,176,18.3,18.0,17.3,15.3,459.0,24.1,61.0
52963,176,18.24347826086957,18.0,17.3,15.3,856.0,27.4,59.0
53863,176,18.2,18.0,17.3,16.2,770.0,22.5,60.0
54763,176,18.2,18.0,17.3,15.6,431.0,24.1,59.0
55663,176,18.2,18.0,17.3,15.3,443.0,25.7,57.0
56563,176,18.197183098591548,18.0,17.3,16.1,819.0,25.7,56.0
57463,176,18.25409836065574,18.0,17.302816901408452,16.3,835.0,24.1,56.0
58363,176,18.3,18.0,17.3,15.3,649.0,24.1,59.0
59263,176,18.3,18.0,17.3,15.2,334.0,20.9,61.0
60163,176,18.3796875,18.0,17.373015873015873,15.7,932.0,20.9,61.0
61063,176,18.4,18.0,17.35614035087719,13.7,188.0,22.5,73.0
61963,176,18.4,18.0,17.3,12.9,167.0,24.1,77.0
62863,176,18.4,18.0,17.3,13.1,278.0,20.9,74.0
63763,176,18.4,18.0,17.3,13.3,199.0,20.9,71.0
64663,176,18.48840579710145,18.0,17.3,13.9,227.0,17.7,68.0
65563,176,18.525396825396825,18.0,17.31509433962264,14.7,288.0,19.3,65.0
66463,176,18.62794117647059,18.0,17.483870967741936,14.3,508.0,19.3,65.0
67363,176,18.7,18.0,17.5,14.9,444.0,20.9,64.0
68263,176,18.6265625,18.0,17.5,13.3,46.0,24.1,67.0
69163,176,18.6,18.0,17.5,13.6,134.0,20.9,67.0
70063,176,18.6,18.0,17.5,13.5,60.0,22.5,69.0
70963,176,18.6,18.0,17.5,13.1,53.0,22.5,69.0
71863,176,18.52741935483871,18.0,17.5,12.9,58.0,16.1,72.0
72763,176,18.5,18.0,17.5,13.0,63.0,20.9,72.0
73663,176,18.5,18.0,17.5,12.8,30.0,20.9,73.0
74563,176,18.5,18.0,17.5,12.4,40.0,20.9,74.0
75463,176,18.5,18.0,17.5,12.3,23.0,19.3,74.0
76363,176,18.5,18.0,17.5,12.1,28.0,17.7,74.0
77263,176,18.47384615384616,18.0,17.5,11.9,14.0,14.5,76.0
78163,176,18.434328358208955,18.0,17.5,11.8,11.0,14.5,76.0
79063,176,18.465079365079365,18.0,17.5,11.3,5.0,16.1,78.0
79963,176,18.4,18.0,17.5,11.1,0.0,16.1,79.0
80863,176,18.4,18.0,17.5,10.7,0.0,14.5,81.0
81763,176,18.4,18.0,17.5,10.4,0.0,14.5,82.0
82663,176,18.4,18.0,17.5,10.2,0.0,14.5,83.0
83563,176,18.4,18.0,17.5,10.1,0.0,16.1,84.0
84463,176,18.4,18.0,17.5,9.9,0.0,16.1,84.0
85363,176,18.41343283582089,18.0,17.5,9.8,0.0,14.5,85.0
86263,176,18.5,18.007462686567163,17.5,9.6,0.0,12.9,86.0
763,177,18.5,18.0,17.5,9.7,0.0,14.5,85.0
1663,177,18.5,18.0,17.5,9.8,0.0,16.1,85.0
2563,177,18.5,18.0,17.5,9.6,0.0,14.5,86.0
3463,177,18.5,18.0,17.5,9.6,0.0,14.5,86.0
4363,177,18.465151515151515,18.0,17.5,9.6,0.0,14.5,86.0
5263,177,18.4,18.0,17.5,9.7,0.0,12.9,87.0
6163,177,18.4,18.0,17.5,9.7,0.0,12.9,87.0
7063,177,18.4,18.0,17.5,9.8,0.0,11.3,87.0
7963,177,18.4,18.0,17.5,9.8,0.0,9.7,87.0
8863,177,18.4,18.0,17.5,9.7,0.0,11.3,87.0
9763,177,18.4,18.0,17.5,9.7,0.0,11.3,88.0
10663,177,18.4,18.0,17.497101449275362,9.9,0.0,12.9,87.0
11563,177,18.35,18.0,17.47714285714286,9.8,0.0,12.9,87.0
12463,177,18.3,18.0,17.440845070422533,9.7,0.0,12.9,88.0
13363,177,18.3,18.0,17.344117647058823,9.7,0.0,12.9,89.0
14263,177,18.3,18.0,17.308695652173913,9.7,0.0,11.3,89.0
15163,177,18.3,18.0,17.3,9.8,0.0,11.3,89.0
16063,177,18.3,18.0,17.3,9.8,0.0,11.3,89.0
16963,177,18.3,18.0,17.3,9.9,5.0,12.9,88.0
17863,177,18.3,18.0,17.3,9.8,9.0,8.0,88.0
18763,177,18.3,18.0,17.303125,9.8,10.0,9.7,88.0
19663,177,18.3,18.0,17.31639344262295,9.9,23.0,11.3,87.0
20563,177,18.801388888888887,18.0,17.371875,9.9,28.0,11.3,87.0
21463,177,19.44264705882353,18.271929824561404,17.735087719298246,10.1,39.0,8.0,87.0
22363,177,18.4,17.99074074074074,17.261111111111113,10.1,46.0,9.7,87.0
23263,177,18.42753623188406,17.5,16.854545454545452,10.2,56.0,11.3,87.0
24163,177,18.53283582089552,17.731884057971016,16.992753623188406,10.4,74.0,11.3,86.0
25063,177,18.7,18.0,17.3,10.6,91.0,11.3,86.0
25963,177,18.7,18.0,17.3,10.7,104.0,11.3,86.0
26863,177,18.61449275362319,18.0,17.3,10.9,123.0,9.7,85.0
27763,177,18.6,18.0,17.3,11.1,130.0,9.7,85.0
28663,177,18.6,18.0,17.3,11.3,149.0,11.3,83.0
29563,177,18.628985507246377,18.0,17.3,11.5,176.0,11.3,84.0
30463,177,18.64264705882353,18.0,17.3,11.9,185.0,9.7,81.0
31363,177,18.6,18.0,17.3,11.9,181.0,9.7,81.0
32263,177,18.58714285714285,18.0,17.3,12.4,265.0,9.7,79.0
33163,177,18.5,18.0,17.3,12.8,315.0,11.3,76.0
34063,177,18.5,18.0,17.3,12.9,211.0,9.7,76.0
34963,177,18.5,18.0,17.3,12.8,213.0,8.0,78.0
35863,177,18.498461538461537,18.0,17.3,13.3,294.0,9.7,77.0
36763,177,18.5,18.0,17.3,13.2,216.0,4.8,73.0
37663,177,18.450746268656715,18.0,17.3,13.0,244.0,6.4,73.0
38563,177,18.4,18.0,17.3,13.3,257.0,4.8,76.0
39463,177,18.4,18.0,17.3,13.8,835.0,4.8,70.0
40363,177,18.4,18.0,17.3,14.9,216.0,3.2,65.0
41263,177,18.4,18.0,17.3,14.3,244.0,9.7,66.0
42163,177,18.4,18.0,17.3,14.4,293.0,4.8,63.0
43063,177,18.4,18.0,17.3,13.8,308.0,6.4,62.0
43963,177,18.4,18.0,17.3,14.7,290.0,3.2,58.0
44863,177,18.4,18.0,17.3,14.8,302.0,8.0,60.0
45763,177,18.4,18.0,17.3,15.2,369.0,6.4,67.0
46663,177,18.4,18.0,17.3,16.7,1039.0,9.7,62.0
47563,177,18.4,18.0,17.3,15.2,174.0,9.7,64.0
48463,177,18.39701492537313,18.0,17.3,14.6,185.0,8.0,65.0
49363,177,18.4,18.0,17.3,14.8,387.0,8.0,64.0
50263,177,18.4,18.0,17.3,15.3,404.0,8.0,63.0
51163,177,18.4,18.0,17.3,15.6,541.0,6.4,62.0
52063,177,18.4,18.0,17.3,15.2,278.0,6.4,63.0
52963,177,18.4,18.0,17.3,14.8,181.0,6.4,61.0
53863,177,18.4,18.0,17.3,14.8,258.0,3.2,64.0
54763,177,18.4,18.0,17.3,15.2,306.0,4.8,61.0
55663,177,18.4,18.0,17.3,15.2,264.0,4.8,63.0
56563,177,18.4,18.0,17.3,14.9,238.0,6.4,61.0
57463,177,18.4,18.0,17.3,15.0,190.0,6.4,64.0
58363,177,18.4,18.0,17.3,14.9,183.0,6.4,64.0
59263,177,18.4,18.0,17.3,15.0,221.0,6.4,64.0
60163,177,18.4,18.0,17.3,15.1,236.0,8.0,62.0
61063,177,18.4,18.0,17.3,14.9,190.0,6.4,62.0
61963,177,18.4,18.0,17.3,14.8,183.0,8.0,63.0
62863,177,18.4,18.0,17.3,14.8,178.0,9.7,65.0
63763,177,18.4,18.0,17.3,14.8,151.0,9.7,66.0
64663,177,18.4,18.0,17.3,14.8,120.0,4.8,67.0
65563,177,18.4,18.0,17.3,14.7,102.0,6.4,67.0
66463,177,18.4,18.0,17.3,14.6,63.0,6.4,72.0
67363,177,18.30588235294117,18.0,17.3,14.3,88.0,9.7,72.0
68263,177,18.32413793103448,19.016949152542374,17.657627118644065,14.2,97.0,11.3,75.0
69163,177,18.540384615384617,44.69,36.792,14.2,84.0,11.3,75.0
70063,177,19.59433962264151,54.89423076923077,51.090384615384615,14.1,95.0,11.3,76.0
70963,177,20.42794117647059,57.0,52.8439393939394,14.1,63.0,9.7,76.0
71863,177,21.0640625,57.267605633802816,53.0,13.8,26.0,9.7,76.0
72763,177,21.6,57.24626865671642,52.90447761194029,13.6,18.0,11.3,77.0
73663,177,22.19756097560976,55.48979591836735,52.07142857142857,13.4,12.0,11.3,77.0
74563,177,22.847457627118644,57.0,53.417647058823526,13.1,9.0,9.7,78.0
75463,177,23.291549295774647,54.35714285714285,51.34142857142857,12.9,7.0,9.7,80.0
76363,177,23.3231884057971,37.07352941176471,33.30147058823529,12.8,5.0,11.3,81.0
77263,177,22.87076923076923,28.5,25.766129032258068,12.6,0.0,12.9,82.0
78163,177,22.42619047619048,25.07692307692308,23.284615384615385,12.6,0.0,12.9,83.0
79063,177,21.874,22.43220338983051,21.38983050847457,12.3,0.0,9.7,84.0
79963,177,21.546268656716418,21.36567164179105,20.577611940298507,12.2,0.0,11.3,85.0
80863,177,21.2241935483871,20.984615384615385,20.43230769230769,11.9,0.0,9.7,86.0
81763,177,21.696774193548386,21.0,20.836666666666662,11.8,0.0,8.0,87.0
82663,177,21.76176470588236,20.630769230769232,20.504615384615384,11.7,0.0,8.0,87.0
83563,177,21.18888888888889,20.25757575757576,19.887878787878787,11.7,0.0,8.0,87.0
84463,177,20.826153846153847,20.0,19.503030303030304,11.6,0.0,8.0,88.0
85363,177,20.57647058823529,19.76515151515152,19.3,11.6,0.0,9.7,88.0
86263,177,20.347826086956523,19.5,19.20192307692308,11.4,0.0,12.9,88.0
763,178,20.21044776119403,19.5,19.0,11.3,0.0,14.5,88.0
1663,178,20.105714285714285,19.5,18.869387755102043,11.1,0.0,14.5,89.0
2563,178,20.001470588235293,19.5,18.8,11.1,0.0,12.9,89.0
3463,178,19.922222222222224,19.2109375,18.603125,11.1,0.0,12.9,88.0
4363,178,19.8774647887324,19.0,18.5,11.0,0.0,12.9,88.0
5263,178,19.8,19.0,18.5,10.9,0.0,11.3,89.0
6163,178,19.764615384615382,19.0,18.42676056338028,10.8,0.0,12.9,89.0
7063,178,19.7,19.0,18.302985074626868,10.6,0.0,12.9,90.0
7963,178,19.7,19.0,18.3,10.5,0.0,14.5,89.0
8863,178,19.60869565217392,19.0,18.3,10.3,0.0,12.9,91.0
9763,178,19.6,19.0,18.3,10.2,0.0,14.5,90.0
10663,178,19.55294117647059,19.0,18.3,9.9,0.0,9.7,91.0
11563,178,19.5,19.0,18.3,9.8,0.0,9.7,92.0
12463,178,19.5,19.0,18.1734375,9.5,0.0,8.0,93.0
13363,178,19.47391304347826,19.0,18.0,9.4,0.0,8.0,94.0
14263,178,19.4,19.0,18.0,9.3,0.0,8.0,95.0
15163,178,19.4,18.87903225806452,18.0,9.2,0.0,9.7,95.0
16063,178,19.4,18.5625,18.0,9.2,0.0,11.3,96.0
16963,178,19.32307692307692,18.5,18.0,9.2,0.0,14.5,95.0
17863,178,19.3,18.5,18.0,9.2,0.0,12.9,96.0
18763,178,19.3,18.5,18.0,9.2,5.0,12.9,96.0
19663,178,19.3,18.5078125,18.0,9.2,9.0,11.3,96.0
20563,178,19.332857142857144,19.0,18.169565217391305,9.2,7.0,14.5,96.0
21463,178,19.3,18.52941176470588,18.013235294117646,9.1,12.0,14.5,96.0
22363,178,19.264179104477613,18.5,18.0,9.1,12.0,16.1,96.0
23263,178,19.2,18.5,18.0,9.2,19.0,19.3,95.0
24163,178,19.234285714285715,18.56818181818182,18.0,9.1,16.0,17.7,96.0
25063,178,19.37794117647059,19.0,18.260294117647057,9.1,21.0,16.1,96.0
25963,178,19.333333333333336,18.8955223880597,18.0,9.0,33.0,14.5,96.0
26863,178,19.3,18.507462686567163,18.0,9.1,33.0,16.1,97.0
27763,178,19.205797101449274,18.5,18.0,9.1,40.0,16.1,96.0
28663,178,19.2,18.5,18.0,9.1,37.0,16.1,96.0
29563,178,19.113698630136987,18.5,17.966666666666665,9.2,40.0,16.1,96.0
30463,178,19.1,18.5,17.82769230769231,9.2,44.0,16.1,96.0
31363,178,19.0578125,18.5,17.8,9.3,53.0,14.5,96.0
32263,178,19.0,18.5,17.8,9.3,35.0,14.5,96.0
33163,178,19.0,18.5,17.8,9.3,39.0,14.5,97.0
34063,178,19.0,18.5,17.8,9.4,35.0,14.5,97.0
34963,178,19.0,18.5,17.8,9.6,93.0,16.1,97.0
35863,178,18.985915492957748,18.5,17.8,9.7,95.0,16.1,97.0
36763,178,18.9,18.5,17.8,9.8,77.0,17.7,96.0
37663,178,18.9,18.5,17.8,9.9,95.0,16.1,96.0
38563,178,18.9,18.5,17.8,9.9,109.0,17.7,96.0
39463,178,18.9,18.5,17.8,9.9,128.0,22.5,95.0
40363,178,18.9,18.5,17.8,10.0,118.0,20.9,96.0
41263,178,18.89855072463768,18.5,17.8,10.2,91.0,20.9,96.0
42163,178,18.815625,18.5,17.740845070422534,10.2,102.0,19.3,96.0
43063,178,18.8,18.5,17.680882352941175,10.3,83.0,17.7,96.0
43963,178,18.8,18.5,17.654285714285713,10.3,90.0,20.9,96.0
44863,178,18.8,18.5,17.73181818181818,10.3,107.0,20.9,96.0
45763,178,18.883333333333333,18.5,17.79047619047619,10.4,93.0,20.9,96.0
46663,178,18.9,18.5,17.78181818181818,10.8,179.0,17.7,96.0
47563,178,18.8328125,18.5,17.635616438356163,10.8,113.0,19.3,96.0
48463,178,18.8,18.49275362318841,17.56086956521739,10.9,169.0,20.9,95.0
49363,178,18.8,18.45652173913044,17.5,11.2,109.0,17.7,95.0
50263,178,18.8,18.3,17.5,11.3,84.0,17.7,94.0
51163,178,18.8,18.246268656716417,17.5,11.4,97.0,17.7,94.0
52063,178,18.8,18.058823529411764,17.5,11.6,98.0,19.3,94.0
52963,178,18.7734375,18.0,17.5,11.6,139.0,20.9,93.0
53863,178,18.7,18.0,17.5,11.9,213.0,19.3,93.0
54763,178,18.7,18.0,17.5,12.0,167.0,20.9,92.0
55663,178,18.7,18.0,17.5,12.1,118.0,17.7,92.0
56563,178,18.7,18.0,17.5,11.9,77.0,17.7,92.0
57463,178,18.7,18.0,17.5,12.0,114.0,22.5,91.0
58363,178,18.615942028985508,18.0,17.5,12.2,193.0,20.9,91.0
59263,178,18.6,18.0,17.5,12.3,102.0,17.7,90.0
60163,178,18.6,18.0,17.5,12.2,79.0,20.9,90.0
61063,178,18.6,18.0,17.5,12.1,102.0,19.3,90.0
61963,178,18.6,18.0,17.5,12.2,109.0,17.7,91.0
62863,178,18.59117647058824,18.0,17.337681159420292,12.2,125.0,19.3,89.0
63763,178,18.505797101449275,18.0,17.336363636363636,12.1,97.0,16.1,90.0
64663,178,18.5,18.0,17.305714285714284,12.1,104.0,17.7,91.0
65563,178,18.5,18.0,17.31875,12.1,72.0,17.7,90.0
66463,178,18.5,18.0,17.36857142857143,11.9,56.0,22.5,90.0
67363,178,18.5,18.0,17.38923076923077,11.8,35.0,19.3,91.0
68263,178,18.5,18.0,17.302985074626868,11.8,37.0,19.3,90.0
69163,178,18.535714285714285,18.0,17.3,11.8,46.0,16.1,91.0
70063,178,18.5,18.0,17.3,11.8,47.0,19.3,90.0
70963,178,18.5,18.0,17.3,11.7,29.0,16.1,91.0
71863,178,18.436507936507937,25.919117647058822,21.538235294117648,11.2,21.0,14.5,93.0
72763,178,18.92419354838709,53.54098360655738,48.04426229508197,11.2,30.0,12.9,93.0
73663,178,19.82413793103448,43.26315789473684,40.857894736842105,11.1,9.0,11.3,94.0
74563,178,20.2377358490566,40.13492063492063,37.66349206349207,10.9,9.0,12.9,95.0
75463,178,20.4,28.725806451612904,26.77258064516129,10.9,9.0,12.9,95.0
76363,178,20.372131147540983,23.816666666666663,22.66333333333333,10.9,9.0,11.3,95.0
77263,178,20.223214285714285,21.666666666666664,20.82982456140351,10.8,0.0,11.3,94.0
78163,178,20.05079365079365,20.4396551724138,19.8,10.8,0.0,11.3,94.0
79063,178,19.8703125,19.74576271186441,19.208474576271183,10.8,0.0,8.0,95.0
79963,178,19.68135593220339,19.383928571428573,18.88214285714286,10.8,0.0,11.3,95.0
80863,178,19.46825396825397,19.16935483870968,18.932258064516127,10.7,0.0,12.9,95.0
81763,178,19.308928571428574,19.0,18.484615384615385,10.7,0.0,12.9,95.0
82663,178,19.16,18.694915254237287,18.3,10.8,0.0,11.3,95.0
83563,178,19.06885245901639,18.5,18.385,10.8,0.0,11.3,95.0
84463,178,19.0,18.5,18.196875,10.8,0.0,12.9,95.0
85363,178,19.0,18.5,18.20597014925373,10.8,0.0,11.3,95.0
86263,178,19.0,18.5,18.3,10.7,0.0,11.3,95.0
763,179,19.0,18.5,18.008955223880598,10.7,0.0,14.5,94.0
1663,179,19.0,18.5,17.933333333333334,10.7,0.0,12.9,94.0
2563,179,19.04558823529412,18.5,18.09523809523809,10.7,0.0,11.3,94.0
3463,179,19.0,18.5,18.0,10.6,0.0,9.7,94.0
4363,179,18.966153846153848,18.5,17.817910447761193,10.6,0.0,6.4,93.0
5263,179,18.9,18.5,17.8,10.6,0.0,8.0,93.0
6163,179,18.9,18.5,17.8,10.4,0.0,8.0,94.0
7063,179,18.811940298507466,18.43076923076924,17.744615384615383,10.4,0.0,8.0,94.0
7963,179,18.8,18.05797101449276,17.504347826086956,10.4,0.0,9.7,93.0
8863,179,18.754285714285714,18.0,17.5,10.4,0.0,9.7,93.0
9763,179,18.7,18.0,17.5,10.3,0.0,11.3,94.0
10663,179,18.7,18.0,17.5,10.3,0.0,9.7,94.0
11563,179,18.653623188405795,18.0,17.5,10.4,0.0,9.7,94.0
12463,179,18.6,18.0,17.5,10.4,0.0,9.7,94.0
13363,179,18.6,18.0,17.5,10.4,0.0,9.7,94.0
14263,179,18.6,18.0,17.45072463768116,10.6,0.0,11.3,94.0
15163,179,18.53529411764706,18.0,17.348387096774193,10.6,0.0,11.3,94.0
16063,179,18.5,18.0,17.3,10.6,0.0,9.7,94.0
16963,179,18.5,18.0,17.3,10.6,0.0,12.9,93.0
17863,179,18.5,18.0,17.3,10.6,7.0,14.5,93.0
18763,179,18.45735294117647,18.0,17.3,10.6,9.0,14.5,93.0
19663,179,18.4,18.0,17.3,10.6,16.0,14.5,93.0
20563,179,19.183823529411764,18.080882352941178,17.5,10.6,18.0,12.9,94.0
21463,179,18.33943661971831,17.930769230769233,17.115384615384617,10.7,28.0,11.3,94.0
22363,179,18.30151515151515,17.865671641791046,17.143283582089552,10.7,25.0,11.3,94.0
23263,179,18.514492753623188,18.0,17.37462686567164,10.8,32.0,9.7,95.0
24163,179,18.5,18.0,17.3,10.8,26.0,11.3,95.0
25063,179,18.5,18.0,17.3,10.7,16.0,12.9,95.0
25963,179,18.5,18.0,17.3,10.6,19.0,12.9,96.0
26863,179,18.48813559322034,18.0,17.3,10.4,23.0,14.5,97.0
27763,179,18.4,18.0,17.3,10.3,28.0,14.5,97.0
28663,179,18.4,18.0,17.3,10.1,39.0,16.1,96.0
29563,179,18.4,18.0,17.3,10.2,50.0,12.9,96.0
30463,179,18.4,18.0,17.3,10.6,97.0,11.3,96.0
31363,179,18.4,18.0,17.3,10.7,80.0,9.7,96.0
32263,179,18.4,18.0,17.3,11.1,148.0,12.9,94.0
33163,179,18.413043478260867,18.0,17.3,11.4,195.0,11.3,92.0
34063,179,18.437878787878788,18.0,17.3,11.9,196.0,12.9,90.0
34963,179,18.4796875,18.0,17.3,12.1,213.0,16.1,86.0
35863,179,18.5,18.0,17.3,12.6,155.0,16.1,85.0
36763,179,18.5,18.0,17.3,12.2,197.0,12.9,85.0
37663,179,18.48,18.0,17.3,12.4,387.0,16.1,84.0
38563,179,18.4,18.0,17.3,12.6,229.0,16.1,81.0
39463,179,18.4,18.0,17.3,12.4,292.0,14.5,83.0
40363,179,18.4,18.0,17.3,12.2,181.0,16.1,85.0
41263,179,18.4,18.0,17.3,12.0,225.0,16.1,85.0
42163,179,18.4,18.0,17.3,12.1,111.0,16.1,86.0
43063,179,18.4,18.0,17.3,11.9,302.0,14.5,86.0
43963,179,18.4,18.0,17.3,11.9,262.0,17.7,84.0
44863,179,18.4,18.0,17.3,12.1,216.0,20.9,83.0
45763,179,18.4,18.0,17.3,12.2,260.0,20.9,83.0
46663,179,18.4,18.0,17.3,12.7,751.0,20.9,81.0
47563,179,18.4,18.0,17.3,13.1,729.0,19.3,80.0
48463,179,18.4,18.0,17.3,13.6,334.0,17.7,78.0
49363,179,18.4,18.0,17.3,13.0,754.0,17.7,80.0
50263,179,18.4,18.0,17.3,12.7,733.0,17.7,80.0
51163,179,18.4,18.0,17.3,12.9,779.0,17.7,78.0
52063,179,18.4,18.0,17.3,12.7,292.0,20.9,79.0
52963,179,18.4,18.0,17.3,13.1,761.0,17.7,78.0
53863,179,18.4,18.0,17.3,12.4,700.0,20.9,79.0
54763,179,18.4,18.0,17.3,13.0,670.0,20.9,78.0
55663,179,18.4,18.0,17.3,12.8,654.0,19.3,78.0
56563,179,18.4,18.0,17.22835820895522,12.6,612.0,22.5,76.0
57463,179,18.307692307692307,17.57857142857143,17.0,12.7,534.0,19.3,75.0
58363,179,18.207692307692305,17.5,16.841935483870966,12.5,457.0,19.3,76.0
59263,179,18.114705882352943,17.5,16.8,11.9,425.0,20.9,79.0
60163,179,18.1,17.5,16.879411764705882,11.9,355.0,19.3,79.0
61063,179,18.1,17.5,16.984615384615385,11.7,327.0,20.9,78.0
61963,179,18.1,17.5,16.993846153846153,11.7,241.0,20.9,79.0
62863,179,18.1,17.5,17.0,11.6,241.0,17.7,81.0
63763,179,18.1,17.5,17.0,11.6,239.0,19.3,80.0
64663,179,18.1,17.5,17.0,11.6,336.0,19.3,82.0
65563,179,18.08888888888889,17.5,16.997014925373133,11.7,265.0,17.7,81.0
66463,179,18.0,17.5,16.883582089552238,11.4,174.0,19.3,82.0
67363,179,18.0,17.5,16.80294117647059,11.2,170.0,19.3,83.0
68263,179,17.966176470588234,17.5,16.8,11.0,148.0,16.1,85.0
69163,179,17.9,17.5,16.8,10.8,144.0,19.3,84.0
70063,179,17.9,17.5,16.8,10.6,111.0,19.3,84.0
70963,179,17.9,17.5,16.8,10.6,99.0,16.1,83.0
71863,179,17.9,17.5,16.8,10.3,72.0,19.3,84.0
72763,179,17.9,17.5,16.8,10.2,67.0,19.3,86.0
73663,179,17.97868852459016,17.5,16.8,10.2,60.0,19.3,85.0
74563,179,18.0,17.5,16.8,10.1,51.0,17.7,85.0
75463,179,18.0,17.5,16.916417910447763,10.0,19.0,16.1,83.0
76363,179,18.003125,17.5,17.0,10.1,11.0,17.7,82.0
77263,179,18.0,17.5,16.976470588235294,10.1,5.0,17.7,83.0
78163,179,17.96470588235294,17.5,16.8,10.1,9.0,12.9,83.0
79063,179,17.9,17.5,16.8,10.1,5.0,17.7,84.0
79963,179,17.9,17.5,16.81449275362319,10.1,0.0,12.9,83.0
80863,179,17.992307692307694,17.5,17.0,10.1,0.0,14.5,84.0
81763,179,18.0,17.5,17.0,10.1,0.0,12.9,84.0
82663,179,18.0,17.5,16.98181818181818,9.9,0.0,12.9,82.0
83563,179,17.957971014492752,17.5,16.863013698630137,9.8,0.0,14.5,83.0
84463,179,17.9,17.5,16.803076923076922,9.8,0.0,11.3,83.0
85363,179,17.9,17.5,16.8,9.8,0.0,14.5,83.0
86263,179,17.9,17.5,16.8,9.7,0.0,12.9,84.0
763,180,17.87323943661972,17.5,16.8,9.7,0.0,12.9,84.0
1663,180,17.8,17.5,16.8,9.6,0.0,12.9,86.0
2563,180,17.8,17.5,16.8,9.6,0.0,12.9,85.0
3463,180,17.8,17.5,16.8,9.4,0.0,12.9,87.0
4363,180,17.8,17.5,16.8,9.4,0.0,12.9,88.0
5263,180,17.8,17.5,16.8,9.3,0.0,9.7,88.0
6163,180,17.8,17.5,16.8,9.2,0.0,11.3,89.0
7063,180,17.731884057971016,17.5,16.8,9.2,0.0,9.7,90.0
7963,180,17.7,17.5,16.8,9.2,0.0,11.3,91.0
8863,180,17.7,17.5,16.8,9.1,0.0,9.7,93.0
9763,180,17.7,17.5,16.8,9.0,0.0,9.7,94.0
10663,180,17.7,17.5,16.8,9.0,0.0,9.7,95.0
11563,180,17.7,17.5,16.8,9.1,0.0,8.0,96.0
12463,180,17.630434782608695,17.5,16.725,9.1,0.0,6.4,96.0
13363,180,17.6,17.5,16.527272727272727,9.2,0.0,9.7,96.0
14263,180,17.6,17.5,16.508955223880598,9.2,0.0,8.0,97.0
15163,180,17.6,17.5,16.5,9.3,0.0,11.3,97.0
16063,180,17.6,17.49285714285714,16.5,9.4,0.0,11.3,97.0
16963,180,17.6,17.477272727272727,16.5,9.6,0.0,12.9,97.0
17863,180,17.6,17.40441176470588,16.5,9.7,0.0,8.0,97.0
18763,180,17.572307692307692,17.33582089552239,16.5,9.7,0.0,6.4,97.0
19663,180,17.50144927536232,17.183823529411764,16.5,9.7,0.0,8.0,97.0
20563,180,17.5,17.029850746268657,16.5,9.7,0.0,6.4,97.0
21463,180,17.5,17.0,16.5,9.7,7.0,8.0,97.0
22363,180,17.5,17.00714285714286,16.5,9.7,7.0,8.0,96.0
23263,180,17.5,17.0,16.5,9.7,7.0,8.0,96.0
24163,180,17.545714285714286,17.0,16.416923076923077,9.7,9.0,9.7,96.0
25063,180,17.7296875,17.0,16.324242424242424,9.7,11.0,8.0,96.0
25963,180,17.897058823529413,17.196969696969695,16.59090909090909,9.6,11.0,11.3,96.0
26863,180,17.845714285714287,17.02173913043478,16.5,9.6,12.0,8.0,97.0
27763,180,17.77285714285714,17.0,16.5,9.7,16.0,8.0,97.0
28663,180,17.7,17.0,16.5,9.7,16.0,11.3,97.0
29563,180,17.6109375,17.0,16.5,9.7,14.0,9.7,97.0
30463,180,17.592957746478874,17.0,16.5,9.8,16.0,9.7,97.0
31363,180,17.5,17.0,16.5,9.8,14.0,8.0,97.0
32263,180,17.5,17.0,16.5,9.9,21.0,11.3,97.0
33163,180,17.483076923076922,17.0,16.5,9.9,21.0,8.0,97.0
34063,180,17.4,17.0,16.5,10.1,28.0,9.7,98.0
34963,180,17.4,17.0,16.5,10.2,28.0,8.0,98.0
35863,180,17.4,17.0,16.497014925373133,10.2,21.0,11.3,97.0
36763,180,17.4,17.0,16.461764705882352,10.2,32.0,8.0,97.0
37663,180,17.4,17.0,16.413846153846155,10.3,37.0,11.3,97.0
38563,180,17.32769230769231,17.0,16.331884057971017,10.3,37.0,11.3,97.0
39463,180,17.3,17.0,16.30597014925373,10.4,44.0,9.7,97.0
40363,180,17.3,17.0,16.3,10.4,39.0,9.7,98.0
41263,180,17.3,17.0,16.3,10.5,40.0,12.9,97.0
42163,180,17.3,17.0,16.3,10.6,42.0,8.0,97.0
43063,180,17.3,17.0,16.3,10.6,53.0,11.3,97.0
43963,180,17.3,17.0,16.3,10.6,44.0,8.0,97.0
44863,180,17.290769230769232,17.0,16.3,10.7,49.0,11.3,97.0
45763,180,17.202985074626866,17.0,16.3,10.7,35.0,9.7,97.0
46663,180,17.2,17.0,16.3,10.7,40.0,8.0,97.0
47563,180,17.2,17.0,16.3,10.7,47.0,11.3,97.0
48463,180,17.2,17.0,16.3,10.7,54.0,11.3,97.0
49363,180,17.2,17.0,16.3,10.7,54.0,11.3,97.0
50263,180,17.2,17.0,16.3,10.7,67.0,11.3,97.0
51163,180,17.2,17.0,16.3,10.6,46.0,9.7,97.0
52063,180,17.153030303030302,17.0,16.3,10.6,40.0,9.7,98.0
52963,180,17.1,17.0,16.3,10.7,54.0,8.0,98.0
53863,180,17.1,17.0,16.3,10.7,54.0,8.0,98.0
54763,180,17.1,17.0,16.3,10.7,47.0,9.7,98.0
55663,180,17.1,17.0,16.3,10.8,44.0,12.9,98.0
56563,180,17.1,17.0,16.3,10.8,37.0,9.7,98.0
57463,180,17.09846153846154,17.0,16.280952380952378,10.8,37.0,8.0,98.0
58363,180,17.02307692307692,17.0,16.189230769230768,10.8,39.0,9.7,98.0
59263,180,17.0,16.975409836065573,16.088524590163935,10.8,46.0,9.7,98.0
60163,180,17.0,16.86764705882353,16.004411764705882,10.9,47.0,11.3,98.0
61063,180,17.0,16.6984126984127,16.0,10.9,28.0,11.3,98.0
61963,180,17.0,16.591666666666665,16.0,10.9,35.0,9.7,98.0
62863,180,17.0,16.575757575757574,16.0,10.9,32.0,14.5,98.0
63763,180,17.0,16.596774193548388,16.0,10.9,40.0,6.4,98.0
64663,180,17.0,16.5,16.0,10.9,33.0,11.3,98.0
65563,180,17.0,16.5,16.0,10.9,23.0,8.0,98.0
66463,180,17.0,16.5,16.0,10.9,30.0,9.7,98.0
67363,180,17.0,16.516129032258064,16.0,10.9,22.0,8.0,98.0
68263,180,17.126785714285713,35.89473684210527,29.05438596491228,10.9,23.0,8.0,98.0
69163,180,17.91904761904762,49.385245901639344,45.17049180327869,11.0,16.0,8.0,98.0
70063,180,19.03333333333333,53.31884057971015,50.63768115942029,10.9,11.0,9.7,98.0
70963,180,19.780851063829783,37.72727272727273,34.51590909090909,10.9,12.0,6.4,98.0
71863,180,19.805,27.684615384615388,25.27846153846154,10.9,12.0,9.7,99.0
72763,180,19.73880597014925,23.2,21.73692307692308,11.0,7.0,8.0,99.0
73663,180,19.494202898550725,20.902985074626866,19.871641791044777,11.0,7.0,8.0,99.0
74563,180,19.255769230769232,19.56818181818182,18.792424242424243,11.1,7.0,8.0,98.0
75463,180,19.006896551724136,18.82307692307692,18.38769230769231,11.1,5.0,8.0,98.0
76363,180,18.74333333333333,18.33606557377049,17.940983606557374,11.1,0.0,4.8,98.0
77263,180,18.50862068965517,18.0,17.65,11.1,0.0,6.4,98.0
78163,180,18.331746031746032,17.782258064516128,17.412903225806453,11.1,0.0,6.4,98.0
79063,180,18.148333333333333,17.5,17.3,11.1,0.0,4.8,98.0
79963,180,18.33225806451613,17.5,17.304918032786883,11.2,0.0,6.4,98.0
80863,180,19.57971014492754,17.97101449275362,17.582608695652176,11.2,0.0,8.0,98.0
81763,180,18.51323529411765,17.61111111111111,17.35238095238095,11.2,0.0,6.4,98.0
82663,180,18.06212121212121,17.5,17.063636363636363,11.2,0.0,8.0,97.0
83563,180,17.932835820895523,17.5,17.09090909090909,11.3,0.0,8.0,97.0
84463,180,17.866153846153846,17.5,17.0,11.3,0.0,8.0,97.0
85363,180,17.8,17.5,16.82089552238806,11.3,0.0,6.4,97.0
86263,180,17.7453125,17.5,16.8,11.3,0.0,4.8,97.0
763,181,17.7,17.237704918032787,16.8,11.3,0.0,4.8,97.0
1663,181,17.678125,17.0,16.78301886792453,11.3,0.0,4.8,97.0
2563,181,17.6,17.0,16.5,11.3,0.0,4.8,97.0
3463,181,17.6,17.0,16.5,11.3,0.0,4.8,97.0
4363,181,17.58095238095238,17.0,16.5,11.3,0.0,4.8,97.0
5263,181,17.5,17.0,16.5,11.3,0.0,4.8,97.0
6163,181,17.5,17.0,16.5,11.3,0.0,4.8,97.0
7063,181,17.5,17.0,16.5,11.3,0.0,4.8,97.0
7963,181,17.49848484848485,17.0,16.483333333333334,11.3,0.0,4.8,97.0
8863,181,17.411290322580648,17.0,16.356716417910448,11.3,0.0,4.8,97.0
9763,181,17.4,17.0,16.3,11.3,0.0,4.8,97.0
10663,181,17.4,17.0,16.3,11.3,0.0,4.8,97.0
11563,181,17.4,17.0,16.3,11.3,0.0,4.8,97.0
12463,181,17.4,17.0,16.3,11.3,0.0,4.8,97.0
13363,181,17.334782608695654,17.0,16.3,11.3,0.0,4.8,97.0
14263,181,17.3,17.0,16.3,11.3,0.0,4.8,97.0
15163,181,17.3,17.0,16.3,11.3,0.0,4.8,97.0
16063,181,17.3,17.0,16.3,11.3,0.0,4.8,97.0
16963,181,17.3,17.0,16.3,11.3,0.0,4.8,97.0
17863,181,17.3,17.0,16.3,11.3,0.0,4.8,97.0
18763,181,17.3,17.0,16.3,11.3,0.0,4.8,97.0
19663,181,17.221212121212123,17.0,16.3,11.3,0.0,4.8,97.0
20563,181,17.2,17.0,16.3,11.3,0.0,4.8,97.0
21463,181,17.2,17.0,16.3,11.3,0.0,4.8,97.0
22363,181,17.2,17.0,16.2953125,11.3,0.0,4.8,97.0
23263,181,17.2,17.0,16.253846153846155,11.3,0.0,4.8,97.0
24163,181,17.416923076923077,17.0,16.3,11.3,0.0,4.8,97.0
25063,181,18.213043478260868,17.166666666666664,16.62272727272727,11.3,0.0,4.8,97.0
25963,181,17.9,17.20967741935484,16.64032258064516,11.3,0.0,4.8,97.0
26863,181,17.80909090909091,17.0,16.5,11.3,0.0,4.8,97.0
27763,181,17.681967213114753,17.0,16.46470588235294,11.3,0.0,4.8,97.0
28663,181,17.58225806451613,17.0,16.31132075471698,11.3,0.0,4.8,97.0
29563,181,17.496825396825397,17.0,16.3,11.3,0.0,4.8,97.0
30463,181,17.4,17.0,16.3,11.3,0.0,4.8,97.0
31363,181,17.336507936507935,17.0,16.3,11.3,0.0,4.8,97.0
32263,181,17.3,17.0,16.3,11.3,0.0,4.8,97.0
33163,181,17.222857142857144,17.0,16.3,11.3,0.0,4.8,97.0
34063,181,17.2,17.0,16.215,11.3,0.0,4.8,97.0
34963,181,17.2,16.95,16.03,11.3,0.0,4.8,97.0
35863,181,17.164285714285715,16.771186440677965,16.0,11.3,0.0,4.8,97.0
36763,181,17.1,16.65909090909091,16.0,11.3,0.0,4.8,97.0
37663,181,17.1,16.524193548387096,16.0,11.3,0.0,4.8,97.0
38563,181,17.1,16.50877192982456,16.0,11.3,0.0,4.8,97.0
39463,181,17.1,16.5,16.0,11.3,0.0,4.8,97.0
40363,181,17.1,16.5,16.0,11.3,0.0,4.8,97.0
41263,181,17.1,16.5,16.0,11.3,0.0,4.8,97.0
42163,181,17.1,16.5,16.0,11.3,0.0,4.8,97.0
43063,181,17.1,16.5,16.0,11.3,0.0,4.8,97.0
43963,181,17.1,16.5,16.0,11.3,0.0,4.8,97.0
44863,181,17.1,16.5,16.0,11.6,0.0,3.2,99.0
45763,181,17.1,16.5,16.0,11.6,0.0,3.2,99.0
46663,181,17.1,16.5,16.0,11.6,0.0,3.2,99.0
47563,181,17.1,16.5,16.0,11.6,0.0,3.2,99.0
48463,181,17.1,16.5,16.0,11.6,0.0,3.2,99.0
49363,181,17.1,16.5,16.0,11.6,0.0,3.2,99.0
50263,181,17.098387096774193,16.5,16.0,11.6,0.0,3.2,99.0
51163,181,17.01076923076923,16.5,16.0,11.6,0.0,3.2,99.0
52063,181,17.0,16.5,16.0,11.6,0.0,3.2,99.0
52963,181,17.0,16.5,16.0,11.6,0.0,3.2,99.0
53863,181,17.0,16.5,16.0,11.6,0.0,3.2,99.0
54763,181,17.0,16.5,16.0,11.6,0.0,3.2,99.0
55663,181,17.0,16.5,16.0,11.6,0.0,3.2,99.0
56563,181,16.998305084745763,16.5,16.0,11.6,0.0,3.2,99.0
57463,181,16.90793650793651,16.5,16.0,11.6,0.0,3.2,99.0
58363,181,16.9,16.5,16.0,11.6,0.0,3.2,99.0
59263,181,16.9,16.5,16.0,11.6,0.0,3.2,99.0
60163,181,16.9,16.5,15.922857142857143,11.6,0.0,3.2,99.0
61063,181,16.9,16.5,15.879365079365078,11.6,0.0,3.2,99.0
61963,181,16.9,16.5,15.874285714285714,11.6,0.0,3.2,99.0
62863,181,16.9,16.5,15.859701492537315,11.6,0.0,3.2,99.0
63763,181,16.85873015873016,16.5,15.83125,11.6,0.0,3.2,99.0
64663,181,16.8,16.5,15.811940298507462,11.6,0.0,3.2,99.0
65563,181,16.8,16.5,15.811267605633802,11.6,0.0,3.2,99.0
66463,181,16.8,16.5,15.802941176470588,11.6,0.0,3.2,99.0
67363,181,16.8,16.5,15.8,11.6,0.0,3.2,99.0
68263,181,16.8,16.5,15.8,11.6,0.0,3.2,99.0
69163,181,16.8,16.5,15.8,11.6,0.0,3.2,99.0
70063,181,16.843835616438355,16.5,15.805714285714284,11.6,0.0,3.2,99.0
70963,181,16.9,16.5,15.827272727272728,11.6,0.0,3.2,99.0
71863,181,16.9,16.5,15.86,11.6,0.0,3.2,99.0
72763,181,16.9,16.5,15.884057971014494,11.6,0.0,3.2,99.0
73663,181,16.9,16.5,15.873846153846154,11.6,0.0,3.2,99.0
74563,181,16.9,16.5,15.996774193548386,11.6,0.0,3.2,99.0
75463,181,16.9,16.5,16.0,11.6,0.0,3.2,99.0
76363,181,16.9,16.5,16.0,11.6,0.0,3.2,99.0
77263,181,16.9,16.5,16.0,11.6,0.0,3.2,99.0
78163,181,16.9,16.5,16.0,11.6,0.0,3.2,99.0
79063,181,16.9,16.5,16.0,11.6,0.0,3.2,99.0
79963,181,16.85441176470588,16.5,15.968115942028984,11.6,0.0,3.2,99.0
80863,181,16.8,16.5,15.86086956521739,11.6,0.0,3.2,99.0
81763,181,16.85441176470588,16.5,15.979710144927536,11.6,0.0,3.2,99.0
82663,181,17.067647058823532,16.78125,16.1453125,11.6,0.0,3.2,99.0
83563,181,17.032857142857143,16.71969696969697,16.07272727272727,11.6,0.0,3.2,99.0
84463,181,17.0,16.5,16.0,11.6,0.0,3.2,99.0
85363,181,17.0,16.5,16.0,11.6,0.0,3.2,99.0
86263,181,16.919402985074626,16.5,16.0,11.6,0.0,3.2,99.0
763,182,16.9,16.5,15.991044776119404,11.6,0.0,3.2,99.0
1663,182,16.9,16.5,15.898507462686569,11.6,0.0,3.2,99.0
2563,182,16.9,16.5,15.80952380952381,11.6,0.0,3.2,99.0
3463,182,16.847826086956523,16.5,15.8,11.6,0.0,3.2,99.0
4363,182,16.8,16.5,15.8,11.6,0.0,3.2,99.0
5263,182,16.8,16.5,15.8,11.4,0.0,4.8,99.0
6163,182,16.8,16.5,15.8,11.4,0.0,6.4,98.0
7063,182,16.8,16.5,15.8,11.4,0.0,1.6,98.0
7963,182,16.8,16.5,15.8,11.4,0.0,3.2,98.0
8863,182,16.8,16.5,15.8,11.4,0.0,1.6,98.0
9763,182,16.8,16.5,15.8,11.5,0.0,1.6,97.0
10663,182,16.718840579710143,16.5,15.8,11.5,0.0,0.0,97.0
11563,182,16.7,16.5,15.8,11.4,0.0,0.0,97.0
12463,182,16.7,16.5,15.8,11.4,0.0,0.0,97.0
13363,182,16.7,16.5,15.8,11.4,0.0,0.0,98.0
14263,182,16.7,16.5,15.8,11.5,0.0,0.0,98.0
15163,182,16.7,16.5,15.8,11.6,0.0,0.0,98.0
16063,182,16.7,16.5,15.8,11.7,0.0,3.2,98.0
16963,182,16.7,16.5,15.8,11.8,0.0,4.8,98.0
17863,182,16.7,16.5,15.8,11.9,0.0,4.8,98.0
18763,182,16.7,16.5,15.8,11.9,5.0,6.4,98.0
19663,182,16.7,16.5,15.8,11.9,14.0,9.7,98.0
20563,182,16.7,16.5,15.8,11.8,39.0,11.3,98.0
21463,182,16.7,16.5,15.8,11.9,18.0,4.8,98.0
22363,182,16.7,16.5,15.8,11.9,35.0,9.7,98.0
23263,182,16.7,16.5,15.8,11.9,63.0,12.9,97.0
24163,182,16.7,16.5,15.8,12.0,83.0,12.9,97.0
25063,182,16.7,16.5,15.8,12.2,76.0,14.5,96.0
25963,182,16.785507246376813,16.5,15.8,12.3,86.0,11.3,95.0
26863,182,16.8,16.5,15.83235294117647,12.6,121.0,12.9,94.0
27763,182,16.8231884057971,16.5,15.858461538461537,12.6,83.0,14.5,93.0
28663,182,16.9,16.5,15.985507246376812,12.1,114.0,12.9,94.0
29563,182,17.127536231884058,16.602941176470587,16.083823529411767,11.9,167.0,14.5,93.0
30463,182,17.37121212121212,17.0,16.3,12.1,193.0,14.5,93.0
31363,182,17.4,17.0,16.3,12.6,155.0,14.5,89.0
32263,182,17.355714285714285,17.0,16.3,12.7,144.0,12.9,88.0
33163,182,17.3,16.9453125,16.3,12.6,265.0,16.1,87.0
34063,182,17.233823529411765,16.51492537313433,16.058208955223883,13.1,174.0,17.7,87.0
34963,182,17.2,16.5,16.0,13.3,462.0,19.3,85.0
35863,182,17.2,16.5,16.0,14.1,202.0,19.3,83.0
36763,182,17.2,16.5,16.0,13.3,141.0,16.1,81.0
37663,182,17.2,16.5,16.0,14.7,708.0,14.5,79.0
38563,182,17.2,16.5,16.0,14.8,720.0,17.7,79.0
39463,182,17.2,16.5,16.0,14.7,540.0,19.3,73.0
40363,182,17.2,16.5,16.0,15.4,791.0,19.3,72.0
41263,182,17.2,16.5,16.0,15.4,838.0,20.9,72.0
42163,182,17.2,16.5,16.0,16.1,893.0,17.7,71.0
43063,182,17.2,16.5,16.0,15.8,315.0,19.3,69.0
43963,182,17.2,16.5,16.0,15.9,925.0,16.1,71.0
44863,182,17.2,16.5,16.0,15.7,958.0,20.9,69.0
45763,182,17.262857142857143,16.5,16.0,16.0,673.0,24.1,67.0
46663,182,17.22,16.5,16.0,15.5,353.0,19.3,69.0
47563,182,17.27846153846154,16.5,16.0,16.8,582.0,19.3,64.0
48463,182,17.3,16.5,16.004615384615384,16.8,520.0,19.3,68.0
49363,182,17.3,16.5,16.0,17.3,821.0,19.3,66.0
50263,182,17.3,16.5,16.004838709677422,17.1,550.0,20.9,69.0
51163,182,17.3,16.5,16.00923076923077,16.4,424.0,25.7,73.0
52063,182,17.3,16.5,16.013636363636362,16.1,512.0,22.5,76.0
52963,182,17.3,16.5,16.010526315789473,16.7,541.0,25.7,74.0
53863,182,17.3,16.5,16.008823529411764,15.9,425.0,25.7,78.0
54763,182,17.3,16.5,16.07272727272727,16.1,338.0,29.0,78.0
55663,182,17.3,16.5,16.12537313432836,15.5,322.0,25.7,80.0
56563,182,17.3,16.507246376811594,16.130434782608695,15.7,373.0,25.7,81.0
57463,182,17.3,16.53174603174603,16.252380952380953,15.8,374.0,29.0,80.0
58363,182,17.3,16.52173913043478,16.2,15.9,371.0,27.4,80.0
59263,182,17.3,16.666666666666664,16.25,15.4,304.0,29.0,81.0
60163,182,17.359420289855073,16.89516129032258,16.3,15.6,366.0,25.7,80.0
61063,182,17.402941176470588,17.0,16.3,15.7,343.0,30.6,81.0
61963,182,17.5,17.0,16.3,15.5,258.0,32.2,81.0
62863,182,17.5,17.0,16.3,15.9,624.0,27.4,82.0
63763,182,17.5,17.0,16.3,16.4,577.0,24.1,80.0
64663,182,17.5,17.0,16.3,16.2,533.0,24.1,82.0
65563,182,17.40138888888889,17.0,16.3,16.4,548.0,22.5,80.0
66463,182,17.4,17.0,16.3,15.4,165.0,24.1,82.0
67363,182,17.4,17.0,16.3,14.9,156.0,29.0,81.0
68263,182,17.4,17.0,16.3,14.9,130.0,29.0,76.0
69163,182,17.4,17.0,16.3,14.6,98.0,25.7,75.0
70063,182,17.4,17.0,16.3,14.2,86.0,29.0,76.0
70963,182,17.4,17.0,16.3,14.1,81.0,22.5,78.0
71863,182,17.4,17.0,16.3,13.7,76.0,20.9,80.0
72763,182,17.332857142857144,17.0,16.3,13.6,83.0,22.5,81.0
73663,182,17.360294117647058,17.0,16.3,13.2,30.0,25.7,83.0
74563,182,17.303030303030305,17.0,16.3,13.1,28.0,22.5,84.0
75463,182,17.267142857142858,17.0,16.3,12.8,25.0,25.7,84.0
76363,182,17.2,17.0,16.3,12.6,12.0,25.7,84.0
77263,182,17.2,17.0,16.3,12.4,11.0,24.1,83.0
78163,182,17.177142857142858,17.0,16.295714285714286,12.4,9.0,20.9,84.0
79063,182,17.1,16.992753623188406,16.065217391304348,12.2,0.0,22.5,85.0
79963,182,17.104285714285716,16.893939393939394,16.06818181818182,12.2,0.0,20.9,84.0
80863,182,17.2,17.0,16.3,12.1,0.0,22.5,82.0
81763,182,17.2,17.0,16.3,11.9,0.0,20.9,83.0
82663,182,17.2,17.0,16.3,11.7,0.0,22.5,84.0
83563,182,17.2,17.0,16.3,11.6,0.0,24.1,84.0
84463,182,17.2,17.0,16.3,11.6,0.0,24.1,83.0
85363,182,17.2,17.0,16.3,11.4,0.0,19.3,83.0
86263,182,17.2,17.0,16.3,11.4,0.0,19.3,83.0
763,183,17.2,17.0,16.3,11.3,0.0,19.3,83.0
1663,183,17.2,17.0,16.3,11.4,0.0,22.5,82.0
2563,183,17.2,17.0,16.3,11.3,0.0,20.9,82.0
3463,183,17.2,17.0,16.3,11.2,0.0,20.9,83.0
4363,183,17.2,17.0,16.3,11.1,0.0,22.5,83.0
5263,183,17.2,17.0,16.3,11.1,0.0,20.9,83.0
6163,183,17.2,17.0,16.3,11.1,0.0,20.9,84.0
7063,183,17.2,17.0,16.3,11.1,0.0,19.3,85.0
7963,183,17.2,17.0,16.3,11.2,0.0,22.5,84.0
8863,183,17.2,17.0,16.3,11.2,0.0,22.5,85.0
9763,183,17.15441176470588,17.0,16.3,11.1,0.0,19.3,84.0
10663,183,17.1,17.0,16.3,11.1,0.0,22.5,84.0
11563,183,17.1,17.0,16.3,11.0,0.0,22.5,84.0
12463,183,17.1,17.0,16.3,10.9,0.0,22.5,84.0
13363,183,17.1,17.0,16.29558823529412,10.9,0.0,20.9,83.0
14263,183,17.1,16.983870967741936,16.3,10.8,0.0,24.1,82.0
15163,183,17.1,16.964285714285715,16.291428571428572,10.8,0.0,20.9,83.0
16063,183,17.1,16.985507246376812,16.3,10.7,0.0,19.3,83.0
16963,183,17.13134328358209,17.0,16.3,10.4,7.0,19.3,85.0
17863,183,17.1859375,17.0,16.3,10.4,6.0,16.1,85.0
18763,183,17.101408450704223,16.992753623188406,16.3,10.3,11.0,19.3,85.0
19663,183,17.1,16.990909090909092,16.3,10.5,49.0,19.3,85.0
20563,183,17.175714285714285,16.99264705882353,16.3,10.9,69.0,19.3,85.0
21463,183,17.2,17.0,16.3,10.9,28.0,16.1,87.0
22363,183,17.230882352941176,17.0,16.3,10.8,60.0,16.1,88.0
23263,183,17.413846153846155,17.0,16.3,10.9,42.0,19.3,88.0
24163,183,17.581818181818182,17.0,16.384745762711866,11.1,39.0,22.5,88.0
25063,183,17.6,17.0,16.48360655737705,11.3,28.0,20.9,87.0
25963,183,17.691549295774646,17.0,16.544776119402986,11.4,44.0,20.9,85.0
26863,183,17.72676056338028,17.00735294117647,16.570588235294117,11.7,95.0,22.5,82.0
27763,183,18.197142857142858,17.205882352941178,16.65441176470588,11.9,158.0,24.1,80.0
28663,183,17.901408450704224,17.0,16.5,12.3,160.0,19.3,78.0
29563,183,17.764788732394365,17.0,16.5,12.3,156.0,25.7,78.0
30463,183,17.673239436619717,17.0,16.5,12.7,230.0,22.5,78.0
31363,183,17.6,17.0,16.483098591549297,12.7,206.0,19.3,77.0
32263,183,17.547142857142855,17.0,16.437313432835822,13.2,100.0,22.5,76.0
33163,183,17.6,17.0,16.47391304347826,13.9,294.0,24.1,73.0
34063,183,17.6,17.0,16.3,13.8,127.0,22.5,74.0
34963,183,17.6,17.0,16.320588235294117,14.3,463.0,25.7,75.0
35863,183,17.6,17.0,16.323529411764707,14.3,631.0,30.6,75.0
36763,183,17.6,17.0,16.37536231884058,14.4,874.0,27.4,76.0
37663,183,17.6,17.0,16.485294117647058,14.4,902.0,24.1,77.0
38563,183,17.6,17.0,16.4,14.3,517.0,25.7,77.0
39463,183,17.6,17.0,16.325714285714287,13.9,369.0,24.1,79.0
40363,183,17.6,17.0,16.484615384615385,14.2,392.0,20.9,80.0
41263,183,17.6,17.0,16.466666666666665,14.0,341.0,24.1,79.0
42163,183,17.6,17.0,16.40153846153846,12.7,357.0,20.9,88.0
43063,183,17.6,17.0,16.302857142857142,14.6,696.0,20.9,82.0
43963,183,17.598507462686566,17.0,16.3,13.8,178.0,17.7,81.0
44863,183,17.6,17.0,16.302985074626868,13.0,95.0,20.9,84.0
45763,183,17.518840579710144,17.0,16.3,13.6,181.0,17.7,83.0
46663,183,17.5,17.0,16.3,14.1,239.0,20.9,79.0
47563,183,17.5,17.0,16.3,13.7,221.0,19.3,81.0
48463,183,17.5,17.0,16.3,13.8,218.0,22.5,80.0
49363,183,17.492424242424242,17.0,16.3,13.8,168.0,19.3,80.0
50263,183,17.42142857142857,17.0,16.3,13.1,309.0,22.5,86.0
51163,183,17.5,17.0,16.3,14.1,269.0,20.9,82.0
52063,183,17.5,17.0,16.3,14.6,148.0,22.5,78.0
52963,183,17.5,17.0,16.3,15.8,362.0,19.3,75.0
53863,183,17.5,17.0,16.3,13.6,218.0,25.7,84.0
54763,183,17.5,17.0,16.3,13.6,450.0,22.5,84.0
55663,183,17.5,17.0,16.3,13.3,306.0,20.9,84.0
56563,183,17.4859375,17.0,16.3,14.2,488.0,20.9,81.0
57463,183,17.4,17.0,16.3,14.1,88.0,17.7,80.0
58363,183,17.4,17.0,16.3,12.9,146.0,17.7,87.0
59263,183,17.498039215686273,17.0,16.3,12.8,193.0,16.1,88.0
60163,183,17.5,17.0,16.303174603174604,12.8,234.0,17.7,89.0
61063,183,17.5,17.0,16.32758620689655,12.9,155.0,16.1,89.0
61963,183,17.5,17.0,16.33157894736842,12.7,121.0,16.1,88.0
62863,183,17.5,17.0,16.428813559322034,12.6,70.0,16.1,88.0
63763,183,17.5,17.0,16.306060606060605,12.5,66.0,12.9,87.0
64663,183,17.5,17.0,16.3,12.3,56.0,12.9,89.0
65563,183,17.5,17.0,16.3,12.1,58.0,11.3,92.0
66463,183,17.446774193548386,17.0,16.3,11.9,44.0,11.3,93.0
67363,183,17.412,17.0,16.3,11.9,104.0,9.7,93.0
68263,183,17.401639344262296,17.0,16.3,12.3,114.0,12.9,91.0
69163,183,17.4,17.0,16.3,12.4,84.0,14.5,89.0
70063,183,17.48032786885246,17.0,16.46551724137931,12.6,62.0,12.9,88.0
70963,183,17.5,17.0,16.36031746031746,12.6,40.0,11.3,88.0
71863,183,17.420895522388058,17.0,16.3,12.7,33.0,11.3,88.0
72763,183,17.4,17.0,16.3,12.6,25.0,9.7,89.0
73663,183,17.4,17.0,16.3,12.6,12.0,11.3,89.0
74563,183,17.4,17.0,16.3,12.4,14.0,12.9,89.0
75463,183,17.4,17.0,16.3,12.3,19.0,16.1,88.0
76363,183,17.4,17.0,16.3,12.3,0.0,14.5,88.0
77263,183,17.4,17.0,16.3,12.1,5.0,14.5,91.0
78163,183,17.40909090909091,17.0,16.34,11.7,2.0,11.3,93.0
79063,183,17.5,17.0,16.5,11.4,0.0,12.9,94.0
79963,183,17.5,17.0,16.446875,11.3,0.0,14.5,95.0
80863,183,17.5,17.0,16.30597014925373,11.2,0.0,14.5,96.0
81763,183,17.5,17.0,16.3,11.1,0.0,14.5,96.0
82663,183,17.5,17.0,16.3,11.1,0.0,14.5,96.0
83563,183,17.5,17.0,16.3,11.2,0.0,9.7,96.0
84463,183,17.5,17.0,16.3,11.2,0.0,9.7,96.0
85363,183,17.5,17.0,16.3,11.2,0.0,16.1,94.0
86263,183,17.5,17.0,16.3,11.2,0.0,16.1,95.0
763,184,17.5,17.0,16.3,11.0,0.0,9.7,94.0
1663,184,17.5,17.0,16.3,10.7,0.0,8.0,94.0
2563,184,17.5,17.0,16.3,11.1,0.0,12.9,94.0
3463,184,17.5,17.0,16.3,11.4,0.0,20.9,93.0
4363,184,17.5,17.0,16.3,11.5,0.0,19.3,93.0
5263,184,17.492307692307694,17.0,16.3,11.6,0.0,20.9,93.0
6163,184,17.401492537313434,17.0,16.3,11.7,0.0,20.9,92.0
7063,184,17.4,17.0,16.3,11.8,0.0,20.9,92.0
7963,184,17.4,17.0,16.3,11.7,0.0,22.5,92.0
8863,184,17.4,17.0,16.3,11.6,0.0,14.5,93.0
9763,184,17.4,17.0,16.3,11.7,0.0,12.9,94.0
10663,184,17.4,17.0,16.3,11.5,0.0,14.5,94.0
11563,184,17.4,17.0,16.3,11.4,0.0,16.1,94.0
12463,184,17.4,17.0,16.3,11.5,0.0,19.3,95.0
13363,184,17.4,17.0,16.3,11.4,0.0,14.5,95.0
14263,184,17.4,17.0,16.3,11.4,0.0,14.5,96.0
15163,184,17.4,17.0,16.3,11.3,0.0,19.3,95.0
16063,184,17.4,17.0,16.3,11.2,0.0,16.1,95.0
16963,184,17.4,17.0,16.3,11.2,0.0,17.7,94.0
17863,184,17.4,17.0,16.3,11.1,11.0,16.1,94.0
18763,184,17.4,17.0,16.3,11.1,11.0,16.1,94.0
19663,184,17.4,17.0,16.3,10.9,12.0,16.1,94.0
20563,184,17.4,17.0,16.3,10.7,19.0,16.1,92.0
21463,184,17.4,17.0,16.3,10.6,26.0,16.1,91.0
22363,184,17.4,17.0,16.3,10.6,39.0,11.3,90.0
23263,184,17.47222222222222,17.0,16.3,10.7,69.0,9.7,90.0
24163,184,17.5,17.0,16.3,10.8,100.0,12.9,89.0
25063,184,17.557971014492754,17.0,16.357575757575756,11.0,98.0,14.5,89.0
25963,184,17.813235294117646,17.25,16.7,11.1,105.0,17.7,89.0
26863,184,18.185454545454544,17.5,16.857692307692307,11.2,135.0,19.3,88.0
27763,184,18.2,17.5,16.8,11.2,81.0,14.5,89.0
28663,184,18.2,17.462686567164177,16.786567164179104,11.3,116.0,16.1,87.0
29563,184,18.195833333333333,17.11320754716981,16.539622641509432,11.3,51.0,17.7,85.0
30463,184,18.1,17.0,16.5,11.6,56.0,19.3,85.0
31363,184,18.05857142857143,17.0,16.5,11.9,79.0,20.9,81.0
32263,184,18.0,17.0,16.5,12.3,118.0,17.7,80.0
33163,184,18.0,17.0,16.5,12.6,167.0,17.7,75.0
34063,184,18.0,17.0,16.5,12.7,200.0,19.3,76.0
34963,184,18.0,17.0,16.5,12.7,510.0,19.3,73.0
35863,184,18.0,17.0,16.5,13.3,629.0,17.7,72.0
36763,184,18.0,17.0,16.5,13.7,346.0,19.3,71.0
37663,184,17.9375,17.0,16.5,13.3,258.0,19.3,68.0
38563,184,17.9,17.0,16.5,13.9,269.0,17.7,70.0
39463,184,17.9,17.0,16.5,14.4,628.0,17.7,68.0
40363,184,17.9,17.0,16.5,13.7,445.0,19.3,69.0
41263,184,17.95714285714286,17.0,16.5,13.9,139.0,17.7,70.0
42163,184,17.943283582089553,17.0,16.5,14.2,826.0,19.3,71.0
43063,184,17.986666666666668,17.0,16.5,13.4,279.0,17.7,72.0
43963,184,17.98153846153846,17.0,16.5,14.6,784.0,16.1,69.0
44863,184,17.9859375,17.0,16.5,14.6,536.0,16.1,71.0
45763,184,17.93548387096774,17.0,16.5,14.9,441.0,16.1,68.0
46663,184,17.9955223880597,17.0,16.5,15.3,304.0,17.7,63.0
47563,184,17.935384615384613,17.0,16.5,14.5,353.0,19.3,65.0
48463,184,17.9,17.0,16.5,15.1,1069.0,16.1,69.0
49363,184,17.9,17.0,16.5,15.4,232.0,19.3,64.0
50263,184,17.9,17.0,16.5,15.1,346.0,16.1,65.0
51163,184,17.9,17.0,16.5,15.4,369.0,17.7,62.0
52063,184,17.9,17.0,16.5,15.2,221.0,12.9,62.0
52963,184,17.9,17.0,16.5,16.1,313.0,17.7,60.0
53863,184,17.9,17.007575757575758,16.5,15.7,684.0,17.7,61.0
54763,184,17.9,17.007462686567163,16.5,16.1,186.0,14.5,63.0
55663,184,17.9640625,17.045454545454547,16.504545454545454,15.7,296.0,11.3,62.0
56563,184,17.990000000000002,17.07462686567164,16.5044776119403,16.5,802.0,17.7,59.0
57463,184,17.919642857142858,17.09433962264151,16.511320754716984,15.6,195.0,14.5,60.0
58363,184,17.996875,17.359154929577464,16.7112676056338,16.2,540.0,16.1,60.0
59263,184,18.0,17.49137931034483,16.794827586206896,15.7,234.0,14.5,59.0
60163,184,18.0,17.5,16.8,16.8,658.0,14.5,57.0
61063,184,18.0,17.5,16.86774193548387,16.7,169.0,16.1,55.0
61963,184,18.0,17.5,16.8,16.1,311.0,14.5,57.0
62863,184,17.971830985915496,17.5,16.8,16.1,311.0,11.3,56.0
63763,184,17.9,17.5,16.8,17.1,552.0,14.5,56.0
64663,184,17.9,17.5,16.8,17.1,330.0,12.9,56.0
65563,184,17.90204081632653,17.5,16.8,16.3,172.0,14.5,57.0
66463,184,18.0,17.5,16.8,15.7,172.0,12.9,61.0
67363,184,18.066666666666663,17.5,16.8,15.9,141.0,11.3,59.0
68263,184,18.1,17.5,16.8,16.2,316.0,11.3,60.0
69163,184,18.026315789473685,17.5,16.8,15.7,120.0,12.9,59.0
70063,184,18.0,17.5,16.8,15.2,116.0,11.3,63.0
70963,184,18.0,17.5,16.8,15.0,113.0,11.3,64.0
71863,184,18.0,17.5,16.8,14.7,95.0,9.7,64.0
72763,184,17.96290322580645,17.5,16.8,14.6,88.0,9.7,65.0
73663,184,17.9,17.5,16.596923076923076,14.4,72.0,9.7,66.0
74563,184,17.9,17.5,16.5,14.2,54.0,11.3,67.0
75463,184,17.8265625,17.450819672131146,16.5,13.6,42.0,12.9,69.0
76363,184,17.8,17.4609375,16.5,13.4,33.0,11.3,70.0
77263,184,17.8,17.5,16.588235294117645,13.2,19.0,14.5,71.0
78163,184,17.8,17.5,16.8,12.6,7.0,12.9,74.0
79063,184,18.656338028169014,17.514705882352942,16.870588235294118,12.2,0.0,14.5,75.0
79963,184,19.93230769230769,17.761194029850746,17.16865671641791,12.2,0.0,14.5,75.0
80863,184,19.306451612903224,17.5,17.0,12.0,0.0,12.9,75.0
81763,184,18.863235294117647,17.5,16.908823529411766,11.9,0.0,12.9,74.0
82663,184,18.542424242424243,17.5,16.8,11.8,0.0,9.7,74.0
83563,184,18.35507246376812,17.5,16.8,11.8,0.0,9.7,74.0
84463,184,18.2,17.5,16.8,11.8,0.0,9.7,74.0
85363,184,18.046875,17.5,16.8,11.8,0.0,11.3,74.0
86263,184,17.8984126984127,17.5,16.8,11.8,0.0,8.0,75.0
763,185,17.8,17.5,16.8,11.7,0.0,9.7,75.0
1663,185,17.76056338028169,17.5,16.8,11.6,0.0,8.0,76.0
2563,185,17.7,17.5,16.8,11.6,0.0,9.7,75.0
3463,185,17.7,17.5,16.761904761904763,11.7,0.0,8.0,75.0
4363,185,17.665671641791043,17.5,16.616417910447762,11.7,0.0,6.4,75.0
5263,185,17.602816901408453,17.5,16.526865671641794,11.7,0.0,4.8,76.0
6163,185,17.6,17.5,16.5,11.6,0.0,4.8,76.0
7063,185,17.6,17.5,16.5,11.6,0.0,4.8,75.0
7963,185,17.6,17.485507246376812,16.5,11.6,0.0,4.8,75.0
8863,185,17.688059701492538,17.5,16.668181818181818,11.7,0.0,8.0,75.0
9763,185,17.61060606060606,17.5,16.53134328358209,11.7,0.0,3.2,75.0
10663,185,17.6,17.492424242424242,16.5,11.5,0.0,3.2,75.0
11563,185,17.6,17.442028985507246,16.5,11.4,0.0,1.6,75.0
12463,185,17.6,17.115942028985508,16.5,11.3,0.0,0.0,76.0
13363,185,17.557746478873238,17.028169014084504,16.5,11.2,0.0,1.6,78.0
14263,185,17.5,17.0,16.5,10.8,0.0,0.0,82.0
15163,185,17.5,17.0,16.5,10.7,0.0,0.0,83.0
16063,185,17.5,17.0,16.5,10.6,0.0,0.0,83.0
16963,185,17.5,17.0,16.5,10.5,0.0,0.0,84.0
17863,185,17.576923076923077,17.242424242424242,16.595454545454547,10.4,11.0,0.0,85.0
18763,185,17.8044776119403,17.5,16.8,10.4,9.0,0.0,86.0
19663,185,17.8,17.5,16.8,10.4,16.0,0.0,88.0
20563,185,17.73235294117647,17.5,16.71044776119403,10.4,19.0,1.6,88.0
21463,185,17.7,17.5,16.5044776119403,10.2,32.0,4.8,92.0
22363,185,17.64179104477612,17.455223880597014,16.5,10.1,35.0,3.2,92.0
23263,185,17.6,17.1640625,16.5,9.9,26.0,4.8,93.0
24163,185,17.422857142857143,17.053030303030305,16.304545454545455,9.9,36.0,3.2,94.0
25063,185,18.21044776119403,17.230158730158728,16.515873015873016,10.1,42.0,0.0,94.0
25963,185,16.360714285714288,16.696428571428573,15.878571428571428,10.3,62.0,1.6,93.0
26863,185,16.569117647058825,16.830882352941178,16.022058823529413,10.5,56.0,0.0,93.0
27763,185,16.998507462686568,17.0,16.3,10.6,66.0,0.0,91.0
28663,185,17.19090909090909,17.0,16.3,10.3,74.0,3.2,92.0
29563,185,17.3,17.0,16.441176470588236,10.3,77.0,4.8,92.0
30463,185,17.3703125,17.0,16.5,10.2,76.0,4.8,93.0
31363,185,17.4,17.0,16.5,10.2,63.0,3.2,94.0
32263,185,17.4,17.0,16.5,10.2,74.0,3.2,95.0
33163,185,17.4,17.0,16.5,10.2,90.0,3.2,95.0
34063,185,17.4,17.0,16.5,10.2,88.0,4.8,96.0
34963,185,17.4,17.0,16.5,10.2,104.0,6.4,95.0
35863,185,17.433823529411764,17.0,16.5,10.2,114.0,8.0,96.0
36763,185,17.419999999999998,17.0,16.5,10.2,109.0,8.0,95.0
37663,185,17.4044776119403,17.0,16.5,10.2,118.0,9.7,95.0
38563,185,17.47887323943662,17.0,16.5,10.2,120.0,8.0,95.0
39463,185,17.5,17.0,16.5,10.2,111.0,9.7,95.0
40363,185,17.5,17.0,16.5,10.3,132.0,11.3,96.0
41263,185,17.5,17.0,16.5,10.5,130.0,8.0,96.0
42163,185,17.5,17.0,16.5,10.6,152.0,9.7,97.0
43063,185,17.5,17.0,16.5,10.7,169.0,9.7,97.0
43963,185,17.5,17.0,16.5,10.7,167.0,11.3,97.0
44863,185,17.5,17.0,16.5,10.9,132.0,11.3,96.0
45763,185,17.5,17.0,16.5,11.2,74.0,8.0,97.0
46663,185,17.5,17.0,16.5,11.2,278.0,12.9,95.0
47563,185,17.5,17.0,16.5,11.2,202.0,12.9,96.0
48463,185,17.5,17.0,16.5,11.4,211.0,9.7,96.0
49363,185,17.5,17.0,16.5,11.5,84.0,9.7,96.0
50263,185,17.453030303030303,17.0,16.5,11.7,276.0,11.3,97.0
51163,185,17.4,17.0,16.5,11.8,221.0,9.7,96.0
52063,185,17.4,17.0,16.5,11.9,172.0,9.7,95.0
52963,185,17.4,17.0,16.491044776119402,11.9,100.0,9.7,96.0
53863,185,17.4,17.0,16.433333333333334,11.5,105.0,11.3,96.0
54763,185,17.398529411764706,17.0,16.319718309859155,11.3,56.0,11.3,97.0
55663,185,17.31714285714286,17.0,16.3,11.1,72.0,12.9,97.0
56563,185,17.3,17.0,16.3,11.0,63.0,11.3,97.0
57463,185,17.3,17.0,16.3,10.9,56.0,11.3,97.0
58363,185,17.3,17.0,16.3,10.8,44.0,12.9,97.0
59263,185,17.3,17.0,16.3,10.8,46.0,11.3,97.0
60163,185,17.3,17.0,16.3,10.8,70.0,16.1,97.0
61063,185,17.245205479452054,17.0,16.3,10.9,53.0,11.3,98.0
61963,185,17.2,17.0,16.3,10.9,56.0,11.3,98.0
62863,185,17.2,17.0,16.3,10.7,44.0,14.5,98.0
63763,185,17.2,17.0,16.3,10.6,35.0,14.5,98.0
64663,185,17.2,17.0,16.3,10.5,39.0,14.5,98.0
65563,185,17.2,17.0,16.3,10.5,42.0,12.9,98.0
66463,185,17.2,17.0,16.3,10.6,26.0,9.7,98.0
67363,185,17.285454545454545,24.0,19.68076923076924,10.4,26.0,12.9,98.0
68263,185,17.590740740740742,47.868421052631575,40.150877192982456,10.4,25.0,11.3,98.0
69163,185,18.526984126984125,56.42063492063492,51.47936507936508,10.5,37.0,11.3,98.0
70063,185,19.394366197183096,57.0,52.4,10.6,39.0,9.7,98.0
70963,185,20.15,57.0,52.15967741935484,10.6,29.0,11.3,98.0
71863,185,20.798360655737703,56.41176470588236,52.02745098039215,10.6,16.0,9.7,98.0
72763,185,21.066666666666663,43.40769230769231,39.85230769230769,10.7,18.0,8.0,99.0
73663,185,21.047761194029853,51.49230769230769,46.60769230769231,10.7,12.0,8.0,98.0
74563,185,21.201538461538465,38.92307692307692,34.84,10.8,10.0,8.0,98.0
75463,185,21.15106382978724,28.875,25.834615384615383,10.7,7.0,8.0,98.0
76363,185,20.8359375,23.87704918032787,22.078688524590163,10.7,5.0,9.7,98.0
77263,185,20.550819672131148,21.686567164179102,20.52537313432836,10.6,7.0,11.3,98.0
78163,185,20.18115942028985,20.36764705882353,19.53382352941177,10.6,2.0,9.7,98.0
79063,185,19.89384615384615,19.73076923076924,19.35076923076923,10.4,0.0,11.3,98.0
79963,185,19.602941176470587,19.333333333333336,19.07826086956522,10.4,0.0,9.7,98.0
80863,185,19.32985074626865,19.0,18.752238805970148,10.4,0.0,9.7,98.0
81763,185,19.096969696969698,18.565217391304348,18.12608695652174,10.4,0.0,11.3,98.0
82663,185,18.91212121212121,18.485714285714288,17.822857142857142,10.3,0.0,9.7,98.0
83563,185,18.746376811594203,18.02898550724638,17.569565217391304,10.3,0.0,12.9,98.0
84463,185,18.62686567164179,18.0,17.47910447761194,10.2,0.0,11.3,98.0
85363,185,18.53521126760564,18.0,17.30294117647059,10.1,0.0,9.7,98.0
86263,185,18.462857142857143,18.0,17.3,10.1,0.0,11.3,98.0
763,186,18.4,17.96969696969697,17.18181818181818,10.1,0.0,11.3,98.0
1663,186,18.338571428571427,17.57462686567164,17.0,10.1,0.0,9.7,98.0
2563,186,18.3,17.5,17.0,10.2,0.0,6.4,98.0
3463,186,18.21014492753623,17.5,17.0,10.2,0.0,8.0,98.0
4363,186,18.2,17.5,17.0,10.1,0.0,8.0,98.0
5263,186,18.15223880597015,17.5,16.966197183098593,10.1,0.0,6.4,98.0
6163,186,18.1,17.5,16.803030303030305,10.2,0.0,6.4,98.0
7063,186,18.1,17.5,16.8,10.3,0.0,8.0,98.0
7963,186,18.055223880597016,17.5,16.8,10.3,0.0,8.0,98.0
8863,186,18.0,17.5,16.8,10.3,0.0,6.4,98.0
9763,186,18.0,17.5,16.8,10.3,0.0,6.4,98.0
10663,186,17.976470588235294,17.5,16.8,10.3,0.0,8.0,98.0
11563,186,17.9,17.5,16.8,10.2,0.0,8.0,98.0
12463,186,17.9,17.5,16.786764705882355,10.2,0.0,6.4,98.0
13363,186,17.87323943661972,17.5,16.62727272727273,10.2,0.0,6.4,98.0
14263,186,17.8,17.5,16.508695652173913,10.1,0.0,6.4,98.0
15163,186,17.8,17.5,16.5,10.0,0.0,8.0,98.0
16063,186,17.8,17.486301369863014,16.5,9.9,0.0,6.4,98.0
16963,186,17.79861111111111,17.272727272727273,16.5,9.9,0.0,8.0,98.0
17863,186,17.71818181818182,17.05223880597015,16.5,10.0,5.0,9.7,98.0
18763,186,17.7,17.015625,16.5,10.0,7.0,9.7,98.0
19663,186,17.7,17.0,16.5,10.0,19.0,9.7,98.0
20563,186,17.7,17.0,16.5,9.9,19.0,11.3,98.0
21463,186,17.7,17.0,16.5,10.0,23.0,9.7,98.0
22363,186,17.7,17.0,16.5,10.1,19.0,6.4,98.0
23263,186,17.7,17.0,16.5,10.1,33.0,8.0,98.0
24163,186,17.735294117647058,17.185714285714287,16.5,10.2,69.0,8.0,98.0
25063,186,18.0,17.5,16.848148148148148,10.3,74.0,8.0,98.0
25963,186,18.128571428571423,17.5,16.805797101449276,10.4,98.0,9.7,98.0
26863,186,18.1,17.5,16.8,10.6,123.0,9.7,97.0
27763,186,18.1,17.5,16.8,10.7,126.0,9.7,96.0
28663,186,18.02238805970149,17.5,16.8,10.9,151.0,12.9,95.0
29563,186,18.09117647058824,17.5,16.8,11.1,171.0,11.3,95.0
30463,186,18.1,17.5,16.8,11.4,186.0,8.0,94.0
31363,186,18.1,17.5,16.8,11.4,209.0,11.3,93.0
32263,186,18.1,17.5,16.8,11.9,236.0,11.3,90.0
33163,186,18.1,17.5,16.8,11.9,262.0,12.9,89.0
34063,186,18.1955223880597,17.5,16.8,12.6,276.0,11.3,84.0
34963,186,18.2,17.5,16.8,12.6,448.0,12.9,84.0
35863,186,18.2,17.5,16.8,12.9,446.0,12.9,83.0
36763,186,18.2,17.5,16.8,13.6,292.0,11.3,82.0
37663,186,18.2,17.5,16.8,13.4,325.0,11.3,85.0
38563,186,18.163636363636364,17.5,16.8,13.4,317.0,12.9,83.0
39463,186,,,,14.2,355.0,11.3,80.0
40363,186,,,,14.6,295.0,12.9,77.0
41263,186,,,,15.1,485.0,12.9,77.0
42163,186,,,,14.3,306.0,12.9,82.0
43063,186,18.1,17.5,16.8,14.0,285.0,11.3,81.0
43963,186,18.1,17.5,16.8,14.3,306.0,11.3,82.0
44863,186,18.1,17.5,16.8,14.1,248.0,11.3,83.0
45763,186,18.1,17.5,16.8,14.1,250.0,11.3,82.0
46663,186,18.1,17.5,16.8,14.7,394.0,11.3,82.0
47563,186,18.1,17.5,16.8,14.6,313.0,11.3,80.0
48463,186,18.1,17.5,16.8,15.3,489.0,9.7,80.0
49363,186,18.1,17.5,16.8,15.4,397.0,9.7,81.0
50263,186,18.1,17.5,16.8,16.2,524.0,9.7,69.0
51163,186,18.09857142857143,17.5,16.8,16.3,492.0,9.7,70.0
52063,186,18.025757575757574,17.5,16.8,15.4,301.0,12.9,70.0
52963,186,18.0,17.5,16.8,15.1,195.0,14.5,73.0
53863,186,18.0,17.5,16.8,14.9,221.0,12.9,74.0
54763,186,18.0,17.5,16.8,14.8,209.0,12.9,77.0
55663,186,18.0,17.5,16.8,14.8,214.0,11.3,77.0
56563,186,18.0,17.5,16.8,14.8,172.0,11.3,77.0
57463,186,18.0,17.5,16.8,14.5,130.0,11.3,78.0
58363,186,18.0,17.5,16.8,14.7,218.0,11.3,78.0
59263,186,18.0,17.5,16.8,14.7,299.0,14.5,79.0
60163,186,18.0,17.5,16.8,14.9,360.0,12.9,78.0
61063,186,18.0,17.5,16.8,15.2,294.0,14.5,78.0
61963,186,18.034426229508195,17.5,16.8625,14.9,229.0,14.5,79.0
62863,186,18.1,17.5,16.9,14.8,267.0,16.1,78.0
63763,186,18.1,17.5,16.844,15.2,379.0,14.5,78.0
64663,186,18.1,17.5,16.95,15.2,388.0,16.1,78.0
65563,186,18.1,17.5,16.995454545454546,15.2,292.0,14.5,78.0
66463,186,18.1,17.5,16.996428571428574,15.3,264.0,14.5,77.0
67363,186,18.12982456140351,17.5,17.0,15.0,294.0,14.5,79.0
68263,186,18.2,17.5,17.0,15.3,274.0,12.9,79.0
69163,186,18.2,17.5,17.0,15.0,127.0,12.9,80.0
70063,186,18.1859375,17.5,16.97058823529412,14.7,104.0,12.9,83.0
70963,186,18.1,17.5,16.879310344827587,14.6,121.0,11.3,82.0
71863,186,18.1,17.5,16.803571428571427,14.6,121.0,11.3,82.0
72763,186,18.011764705882353,17.5,16.8,14.6,121.0,11.3,82.0
73663,186,17.99344262295082,17.5,16.8,14.6,121.0,11.3,82.0
74563,186,17.9,17.5,16.8,14.5,127.0,14.5,82.0
75463,186,17.9,17.5,16.8,14.5,127.0,14.5,82.0
76363,186,17.9,17.5,16.8,14.5,127.0,14.5,82.0
77263,186,17.9,17.5,16.8,13.2,16.0,8.0,88.0
78163,186,17.87878787878788,17.5,16.8,13.1,11.0,8.0,89.0
79063,186,17.8,17.5,16.8,12.7,0.0,8.0,89.0
79963,186,17.82,17.5,16.8,12.7,0.0,6.4,89.0
80863,186,18.503030303030304,17.661764705882355,17.03529411764706,12.5,0.0,,90.0
81763,186,20.595714285714287,18.07971014492754,17.597101449275364,12.4,0.0,6.4,90.0
82663,186,19.88115942028985,18.0,17.3,12.1,0.0,6.4,91.0
83563,186,19.369565217391305,18.0,17.172727272727272,11.8,0.0,8.0,92.0
84463,186,18.9887323943662,17.807142857142857,17.0,11.7,0.0,4.8,92.0
85363,186,18.695714285714285,17.5,17.0,11.6,0.0,6.4,93.0
86263,186,18.49142857142857,17.5,17.0,11.9,0.0,4.8,92.0
763,187,18.351666666666667,17.5,17.0,12.1,0.0,4.8,91.0
1663,187,18.17076923076923,17.5,17.0,12.0,0.0,8.0,91.0
2563,187,18.01014492753623,17.5,16.997014925373133,12.1,0.0,9.7,91.0
3463,187,17.83134328358209,17.5,16.93623188405797,12.2,0.0,12.9,91.0
4363,187,17.644927536231883,17.5,16.869696969696967,12.3,0.0,11.3,91.0
5263,187,17.60735294117647,17.5,16.8,12.6,0.0,9.7,90.0
6163,187,17.696969696969695,17.5,16.8,12.7,0.0,4.8,90.0
7063,187,17.725,17.5,16.8,12.7,0.0,3.2,90.0
7963,187,17.8,17.5,16.8,12.6,0.0,3.2,90.0
8863,187,17.8,17.5,16.8,12.4,0.0,6.4,91.0
9763,187,17.8,17.5,16.8,12.6,0.0,3.2,90.0
10663,187,17.8,17.5,16.8,12.7,0.0,1.6,90.0
11563,187,17.8,17.5,16.8,12.7,0.0,6.4,91.0
12463,187,17.8,17.5,16.8,12.7,0.0,6.4,92.0
13363,187,17.8,17.5,16.8,12.6,0.0,3.2,92.0
14263,187,17.8,17.5,16.8,12.6,0.0,3.2,93.0
15163,187,17.8,17.5,16.8,12.7,0.0,1.6,93.0
16063,187,17.8,17.5,16.8,12.7,0.0,9.7,93.0
16963,187,17.8,17.5,16.8,12.7,0.0,8.0,93.0
17863,187,17.8,17.5,16.8,12.7,0.0,6.4,93.0
18763,187,17.8,17.5,16.8,12.7,5.0,3.2,93.0
19663,187,17.8,17.5,16.8,12.8,0.0,3.2,93.0
20563,187,17.8,17.5,16.8,12.7,5.0,0.0,93.0
21463,187,17.8,17.5,16.8,12.6,25.0,3.2,94.0
22363,187,17.8,17.5,16.8,12.4,28.0,1.6,95.0
23263,187,17.806153846153848,17.5,16.8,12.2,39.0,1.6,95.0
24163,187,18.06875,17.5,16.85625,12.4,30.0,0.0,96.0
25063,187,19.80588235294117,17.918032786885245,17.450819672131146,12.7,33.0,0.0,96.0
25963,187,18.98955223880597,18.0,17.361764705882354,12.8,26.0,1.6,95.0
26863,187,18.610958904109587,18.0,17.212307692307693,13.1,39.0,1.6,94.0
27763,187,18.461428571428574,17.52777777777778,17.0,12.9,40.0,3.2,94.0
28663,187,18.36865671641791,17.5,17.0,12.9,72.0,1.6,94.0
29563,187,18.284615384615385,17.5,17.0,13.1,83.0,3.2,94.0
30463,187,18.2,17.5,16.988235294117647,13.2,72.0,1.6,94.0
31363,187,18.15735294117647,17.5,17.0,13.3,90.0,1.6,94.0
32263,187,18.11060606060606,17.5,17.0,13.7,134.0,0.0,93.0
33163,187,18.1,17.5,17.0,14.1,172.0,1.6,93.0
34063,187,18.1,17.5,17.0,14.1,118.0,3.2,93.0
34963,187,18.169565217391305,17.5,17.0,14.9,476.0,3.2,92.0
35863,187,18.2,17.5,17.0,15.4,394.0,1.6,89.0
36763,187,18.2,17.5,17.0,16.1,305.0,3.2,90.0
37663,187,18.2,17.5,17.0,16.5,380.0,4.8,87.0
38563,187,18.2,17.5,17.0,16.1,175.0,4.0,87.5
39463,187,18.2,17.5,16.997014925373133,16.3,185.0,3.2,88.0
40363,187,18.174242424242426,17.5,16.914285714285715,16.2,155.0,3.2,88.0
41263,187,18.1,17.5,16.802857142857142,16.4,237.0,0.0,87.0
42163,187,18.1,17.5,16.811940298507462,16.7,100.0,1.6,86.0
43063,187,18.101388888888888,17.5,16.96857142857143,16.7,151.0,3.2,87.0
43963,187,18.19253731343284,17.5,17.0,16.7,77.0,3.2,88.0
44863,187,18.2,17.5,17.0,16.6,197.0,1.6,87.0
45763,187,18.19117647058824,17.5,16.98787878787879,16.8,212.0,0.0,88.0
46663,187,18.156923076923075,17.5,16.99411764705882,18.1,309.0,3.2,82.0
47563,187,18.2,17.5,17.0,18.1,185.0,3.2,83.0
48463,187,18.2,17.5,17.0,17.6,86.0,1.6,84.0
49363,187,18.2,17.5,17.0,17.3,174.0,4.8,86.0
50263,187,18.2,17.5,17.0,17.9,436.0,9.7,84.0
51163,187,18.2,17.5,17.0,19.2,306.0,8.0,80.0
52063,187,18.2,17.5,17.0,18.7,237.0,9.7,81.0
52963,187,18.2,17.5,17.0,19.0,375.0,9.7,81.0
53863,187,18.2,17.5,17.0,19.8,183.0,11.3,75.0
54763,187,18.198529411764707,17.5,17.0,18.9,207.0,12.9,77.0
55663,187,18.11159420289855,17.5,17.0,18.4,176.0,12.9,79.0
56563,187,18.1,17.5,17.0,18.1,114.0,12.9,80.0
57463,187,18.16470588235294,17.5,17.0,17.8,105.0,11.3,81.0
58363,187,18.2,17.5,17.0,17.2,74.0,14.5,85.0
59263,187,18.2,17.5,17.0,16.7,123.0,9.7,90.0
60163,187,18.2,17.5,17.0,16.6,343.0,8.0,90.0
61063,187,18.2,17.5,17.0,17.9,285.0,12.9,82.0
61963,187,18.2,17.5,17.0,18.0,316.0,12.9,81.0
62863,187,18.2,17.5,17.0,18.4,330.0,11.3,77.0
63763,187,18.2,17.5,17.0,18.4,160.0,11.3,77.0
64663,187,18.20735294117647,17.5,17.0,18.1,213.0,12.9,80.0
65563,187,18.3,17.5,17.0,18.1,163.0,11.3,80.0
66463,187,18.3,17.676923076923078,17.064615384615387,17.8,176.0,9.7,80.0
67363,187,18.3,17.87121212121212,17.022727272727273,17.8,134.0,8.0,82.0
68263,187,18.3,17.828358208955223,17.0,17.7,155.0,8.0,82.0
69163,187,18.38088235294118,17.975409836065573,17.167213114754098,17.8,153.0,8.0,83.0
70063,187,18.4,18.0,17.291044776119403,18.2,158.0,9.7,81.0
70963,187,18.414285714285715,18.0,17.3,18.2,211.0,9.7,82.0
71863,187,18.5,18.0,17.3,17.8,134.0,9.7,82.0
72763,187,18.5,18.0,17.3,17.9,120.0,9.7,82.0
73663,187,18.5,18.0,17.3,17.6,70.0,9.7,81.0
74563,187,18.47611940298508,18.0,17.3,17.4,68.0,11.3,80.0
75463,187,18.4,18.0,17.234782608695653,17.1,40.0,9.7,81.0
76363,187,18.4,18.0,17.03529411764706,16.9,26.0,11.3,81.0
77263,187,18.4,18.0,17.252380952380953,16.4,11.0,9.7,82.0
78163,187,18.4,18.0,17.3,16.2,5.0,6.4,84.0
79063,187,18.40714285714286,18.0,17.3,15.8,0.0,3.2,85.0
79963,187,18.5,18.0,17.3,15.6,0.0,4.8,86.0
80863,187,18.671641791044777,18.0,17.46333333333333,15.3,0.0,4.8,88.0
81763,187,18.68550724637681,18.0,17.488235294117647,15.4,0.0,8.0,88.0
82663,187,18.6,18.0,17.43448275862069,15.4,0.0,8.0,89.0
83563,187,18.6,18.0,17.4,15.3,0.0,11.3,89.0
84463,187,18.6,18.0,17.385294117647057,15.3,0.0,12.9,88.0
85363,187,18.6,18.0,17.352941176470587,15.3,0.0,11.3,88.0
86263,187,18.59850746268657,18.0,17.328125,15.2,0.0,9.7,89.0
763,188,18.51,18.0,17.33283582089552,15.0,0.0,12.9,90.0
1663,188,18.5,18.0,17.32686567164179,14.8,0.0,11.3,90.0
2563,188,18.5,18.0,17.305714285714284,14.8,0.0,14.5,90.0
3463,188,18.5,18.0,17.305797101449276,15.1,0.0,16.1,89.0
4363,188,18.5,18.0,17.3,15.2,0.0,14.5,89.0
5263,188,18.5,18.0,17.3,15.1,0.0,11.3,88.0
6163,188,18.5,18.0,17.30597014925373,15.1,0.0,12.9,88.0
7063,188,18.5,18.0,17.3,15.2,0.0,11.3,88.0
7963,188,18.5,18.0,17.3,15.3,0.0,16.1,89.0
8863,188,18.5,18.0,17.3,15.7,0.0,19.3,88.0
9763,188,18.5,18.0,17.3,15.7,0.0,19.3,88.0
10663,188,18.5,18.0,17.3,15.6,0.0,16.1,89.0
11563,188,18.498529411764707,18.0,17.3,15.6,0.0,19.3,89.0
12463,188,18.453731343283582,18.0,17.3,15.3,0.0,17.7,89.0
13363,188,18.402857142857144,18.0,17.3,15.2,0.0,16.1,89.0
14263,188,18.4,18.0,17.3,15.1,0.0,19.3,90.0
15163,188,18.40625,18.0,17.3,14.9,0.0,14.5,91.0
16063,188,18.461764705882352,18.0,17.3,14.8,0.0,14.5,91.0
16963,188,18.49,18.0,17.3,14.8,0.0,12.9,92.0
17863,188,18.498507462686568,18.0,17.3,14.9,11.0,14.5,92.0
18763,188,18.5,18.0,17.3,14.8,14.0,14.5,92.0
19663,188,18.5,18.0,17.3,14.7,28.0,14.5,92.0
20563,188,18.5,18.0,17.3,14.9,19.0,12.9,92.0
21463,188,18.5,18.0,17.30597014925373,15.1,67.0,14.5,91.0
22363,188,18.5,18.0,17.45774647887324,15.3,77.0,14.5,90.0
23263,188,19.73913043478261,18.192307692307693,17.623076923076923,15.3,67.0,16.1,90.0
24163,188,19.715151515151515,18.5,17.98235294117647,15.3,44.0,14.5,90.0
25063,188,19.419117647058822,18.5,17.852307692307694,15.4,97.0,9.7,90.0
25963,188,19.251470588235293,18.5,17.8,15.5,56.0,14.5,91.0
26863,188,19.08484848484849,18.49242424242424,17.631818181818183,15.3,127.0,12.9,92.0
27763,188,19.0,18.190140845070424,17.5,15.4,101.0,12.9,92.0
28663,188,18.913636363636364,18.0,17.5,15.8,174.0,16.1,90.0
29563,188,18.9,18.0,17.5,16.1,109.0,12.9,89.0
30463,188,18.82205882352941,18.0,17.5,15.8,118.0,12.9,92.0
31363,188,18.8,18.0,17.5,15.6,121.0,11.3,93.0
32263,188,18.8,18.0,17.5,15.7,116.0,14.5,92.0
33163,188,18.8,18.0,17.5,15.6,118.0,11.3,93.0
34063,188,18.8,18.0,17.5,15.4,123.0,9.7,93.0
34963,188,18.8,18.0,17.5,15.6,132.0,12.9,91.0
35863,188,18.8,18.0,17.5,15.9,299.0,14.5,89.0
36763,188,18.8,18.0,17.5,16.4,315.0,14.5,87.0
37663,188,18.8,18.0,17.5,16.6,265.0,14.5,87.0
38563,188,18.8,18.0,17.5,16.7,216.0,16.1,85.0
39463,188,18.8,18.0,17.5,16.6,137.0,14.5,84.0
40363,188,18.8,18.0,17.5,16.3,141.0,14.5,86.0
41263,188,18.8,18.0,17.5,16.6,272.0,11.3,86.0
42163,188,18.8,18.0,17.5,16.7,258.0,14.5,85.0
43063,188,18.8,18.0,17.5,16.4,160.0,14.5,85.0
43963,188,18.8,18.0,17.5,15.9,193.0,14.5,89.0
44863,188,18.8,18.0,17.5,15.5,76.0,17.7,90.0
45763,188,18.84857142857143,18.0,17.5,15.1,83.0,16.1,92.0
46663,188,18.9,18.0,17.5,15.1,186.0,12.9,92.0
47563,188,18.9,18.0,17.5,15.5,239.0,11.3,92.0
48463,188,18.9,18.0,17.5,16.8,404.0,16.1,89.0
49363,188,18.9,18.0,17.5,16.5,438.0,16.1,86.0
50263,188,18.9,18.0,17.5,16.8,403.0,16.1,84.0
51163,188,18.9,18.0,17.5,17.0,638.0,17.7,81.0
52063,188,18.9,18.0,17.5,16.9,243.0,19.3,80.0
52963,188,18.9,18.007042253521128,17.5,16.4,262.0,16.1,82.0
53863,188,18.9,18.0,17.5,16.4,179.0,16.1,81.0
54763,188,18.9,18.037313432835823,17.5,16.3,364.0,17.7,81.0
55663,188,18.9,18.037313432835823,17.5,16.4,271.0,17.7,81.0
56563,188,18.9,18.07971014492754,17.5,16.3,186.0,17.7,79.0
57463,188,18.9,18.083333333333336,17.5,16.1,149.0,16.1,81.0
58363,188,18.9,18.06818181818182,17.5,15.9,149.0,16.1,82.0
59263,188,18.9,18.086956521739133,17.5,15.6,211.0,16.1,81.0
60163,188,18.9,18.18840579710145,17.5,15.6,259.0,17.7,79.0
61063,188,18.9,18.34848484848485,17.5,15.6,264.0,17.7,76.0
61963,188,18.9,18.36029411764705,17.5,15.3,229.0,20.9,76.0
62863,188,18.9,18.36231884057971,17.5,15.2,174.0,16.1,75.0
63763,188,18.9,18.463768115942027,17.504347826086956,14.9,180.0,17.7,76.0
64663,188,18.9,18.5,17.5,15.6,352.0,17.7,73.0
65563,188,18.8969696969697,18.5,17.508333333333333,15.1,151.0,16.1,74.0
66463,188,18.81451612903226,18.5,17.5,14.9,123.0,14.5,75.0
67363,188,18.9,18.5,17.606451612903225,14.7,109.0,14.5,76.0
68263,188,18.9,18.5,17.756451612903227,14.0,86.0,16.1,79.0
69163,188,18.9,18.5,17.8,13.9,83.0,14.5,80.0
70063,188,18.9,18.5,17.8,13.8,104.0,14.5,80.0
70963,188,18.9,18.5,17.8,13.7,101.0,12.9,81.0
71863,188,18.9,18.5,17.8,13.7,67.0,16.1,80.0
72763,188,18.975,18.5,17.8,13.6,33.0,12.9,78.0
73663,188,19.01323529411765,18.34558823529412,17.676470588235293,13.5,25.0,11.3,78.0
74563,188,18.95142857142857,18.185714285714287,17.5,13.4,22.0,12.9,78.0
75463,188,18.9,18.428571428571427,17.5,13.3,21.0,14.5,77.0
76363,188,18.9,18.49253731343284,17.5,13.2,19.0,14.5,75.0
77263,188,18.9,18.5,17.602857142857143,12.8,9.0,14.5,75.0
78163,188,18.815277777777776,18.5,17.566666666666666,12.6,5.0,12.9,76.0
79063,188,18.8,18.5,17.53134328358209,12.3,0.0,14.5,77.0
79963,188,18.8,18.5,17.519354838709678,12.0,0.0,9.7,80.0
80863,188,18.719402985074627,18.5,17.5,11.3,0.0,11.3,81.0
81763,188,18.7,18.5,17.5044776119403,10.9,0.0,11.3,81.0
82663,188,18.7,18.49264705882353,17.5,10.6,0.0,12.9,78.0
83563,188,18.7,18.485714285714288,17.5,10.4,0.0,14.5,77.0
84463,188,18.683333333333334,18.40625,17.5,10.2,0.0,16.1,77.0
85363,188,18.6,18.223076923076924,17.5,10.2,0.0,16.1,77.0
86263,188,18.6,18.18115942028985,17.5,10.1,0.0,16.1,79.0
763,189,18.6,18.04615384615385,17.5,10.1,0.0,16.1,79.0
1663,189,18.6,18.0,17.5,10.0,0.0,16.1,79.0
2563,189,18.6,18.0,17.5,10.1,0.0,16.1,80.0
3463,189,18.5939393939394,18.0,17.5,10.1,0.0,14.5,81.0
4363,189,18.5,18.0,17.5,10.0,0.0,14.5,81.0
5263,189,18.5,18.0,17.5,9.8,0.0,14.5,82.0
6163,189,18.5,18.0,17.5,9.8,0.0,14.5,82.0
7063,189,18.5,18.0,17.5,9.8,0.0,14.5,81.0
7963,189,18.5,18.0,17.5,9.7,0.0,14.5,82.0
8863,189,18.45151515151515,18.0,17.5,9.6,0.0,14.5,82.0
9763,189,18.4,18.0,17.5,9.4,0.0,12.9,83.0
10663,189,18.4,18.0,17.49402985074627,9.2,0.0,14.5,83.0
11563,189,18.4,18.0,17.48181818181818,9.0,0.0,14.5,85.0
12463,189,18.4,18.0,17.380000000000003,9.1,0.0,16.1,85.0
13363,189,18.4,18.0,17.31111111111111,8.9,0.0,16.1,86.0
14263,189,18.4,18.0,17.303030303030305,8.9,0.0,14.5,87.0
15163,189,18.4,18.0,17.305882352941175,8.9,0.0,12.9,87.0
16063,189,18.4,18.0,17.3,8.9,0.0,14.5,88.0
16963,189,18.4,18.0,17.3,8.8,0.0,14.5,88.0
17863,189,18.4,18.0,17.3,8.9,7.0,14.5,88.0
18763,189,18.4,18.0,17.3,8.9,11.0,14.5,87.0
19663,189,18.4,18.0,17.3,8.9,12.0,12.9,87.0
20563,189,18.47462686567164,18.0,17.3,8.9,14.0,12.9,87.0
21463,189,18.50289855072464,18.0,17.3,9.2,18.0,12.9,86.0
22363,189,18.6,18.0,17.302816901408452,9.6,19.0,12.9,85.0
23263,189,18.67462686567164,18.0,17.31818181818182,9.8,23.0,12.9,83.0
24163,189,18.815384615384616,18.0,17.45151515151515,9.9,25.0,12.9,84.0
25063,189,18.9536231884058,18.0,17.5,10.4,28.0,12.9,80.0
25963,189,19.08730158730159,18.0,17.5,10.7,44.0,12.9,78.0
26863,189,19.2,18.0,17.5,11.1,33.0,14.5,75.0
27763,189,19.2,18.0,17.5,11.3,30.0,12.9,74.0
28663,189,19.21029411764706,18.0,17.5,11.7,32.0,11.3,76.0
29563,189,19.37611940298508,18.35820895522388,17.750746268656716,11.8,32.0,14.5,73.0
30463,189,19.47761194029851,18.5,17.8,12.3,49.0,9.7,69.0
31363,189,19.34117647058824,18.5,17.777272727272727,12.4,40.0,12.9,71.0
32263,189,19.224615384615383,18.107142857142858,17.50714285714286,12.8,118.0,12.9,71.0
33163,189,19.1,18.0,17.5,12.9,218.0,11.3,65.0
34063,189,19.01044776119403,18.0,17.5,13.3,195.0,14.5,63.0
34963,189,19.0,18.0,17.5,13.3,242.0,11.3,70.0
35863,189,18.969565217391303,18.0,17.5,12.9,118.0,12.9,69.0
36763,189,18.90757575757576,18.0,17.5,13.6,381.0,14.5,67.0
37663,189,18.9,18.0,17.5,13.5,728.0,12.9,64.0
38563,189,18.9,18.0,17.5,14.3,236.0,14.5,62.0
39463,189,18.9,18.0,17.5,13.4,432.0,16.1,72.0
40363,189,18.83521126760564,18.0,17.5,14.1,253.0,14.5,67.0
41263,189,18.8,18.0,17.416923076923077,13.9,735.0,19.3,68.0
42163,189,18.771830985915493,18.0,17.303030303030305,15.5,860.0,14.5,66.0
43063,189,18.7,18.0,17.3,16.1,933.0,12.9,60.0
43963,189,18.7,18.0,17.324615384615385,15.4,276.0,16.1,61.0
44863,189,18.7,18.0,17.3,16.1,949.0,14.5,61.0
45763,189,18.7,18.0,17.305882352941175,16.3,759.0,12.9,62.0
46663,189,18.7,18.0,17.365671641791046,16.3,882.0,14.5,59.0
47563,189,18.7,18.0,17.31492537313433,16.9,919.0,14.5,60.0
48463,189,18.7,18.0,17.356716417910448,16.7,898.0,16.1,64.0
49363,189,18.7,18.0,17.392753623188405,16.7,911.0,17.7,58.0
50263,189,18.7,18.0,17.316901408450704,16.8,260.0,17.7,59.0
51163,189,18.7,18.0,17.41267605633803,17.3,819.0,17.7,59.0
52063,189,18.824242424242424,18.0,17.424285714285713,17.0,807.0,16.1,61.0
52963,189,20.75254237288136,18.48529411764705,17.855882352941176,17.7,791.0,16.1,59.0
53863,189,20.19855072463768,18.5,17.8,17.4,779.0,19.3,57.0
54763,189,19.7,18.46875,17.7109375,17.4,761.0,19.3,57.0
55663,189,19.36393442622951,18.01515151515152,17.5,17.7,737.0,17.7,56.0
56563,189,19.04153846153846,18.0,17.5,17.7,729.0,17.7,54.0
57463,189,18.93636363636364,18.0,17.5,18.2,694.0,16.1,59.0
58363,189,18.9,18.0,17.5,17.8,670.0,19.3,55.0
59263,189,18.9,18.0,17.5,18.2,647.0,19.3,54.0
60163,189,18.9,18.0,17.5,18.4,632.0,17.7,54.0
61063,189,18.9,18.0,17.5,18.1,582.0,17.7,58.0
61963,189,18.93793103448276,18.0,17.5,18.2,561.0,17.7,55.0
62863,189,19.0,18.0,17.5,18.1,575.0,17.7,55.0
63763,189,19.05,18.0,17.5,17.8,515.0,20.9,52.0
64663,189,19.1,18.0,17.5,18.2,450.0,17.7,54.0
65563,189,19.174137931034483,18.0,17.5,17.8,415.0,20.9,50.0
66463,189,19.2,18.0,17.505454545454548,17.6,380.0,19.3,52.0
67363,189,19.2,18.0,17.683870967741935,17.7,364.0,17.7,54.0
68263,189,19.2,18.00793650793651,17.785714285714285,17.7,308.0,16.1,53.0
69163,189,19.2,18.007575757575758,17.763636363636362,17.5,272.0,16.1,55.0
70063,189,19.2,18.0,17.686206896551724,17.6,236.0,14.5,57.0
70963,189,19.2,18.0,17.766129032258064,17.4,221.0,14.5,59.0
71863,189,19.2,18.01851851851852,17.783333333333335,17.0,51.0,16.1,60.0
72763,189,19.2,18.12121212121212,17.759090909090908,16.3,40.0,16.1,63.0
73663,189,19.10483870967742,18.057377049180328,17.760655737704916,16.0,39.0,11.3,64.0
74563,189,19.1,18.049180327868854,17.71639344262295,15.7,36.0,11.3,66.0
75463,189,19.1,18.015873015873016,17.714285714285715,15.3,26.0,6.4,69.0
76363,189,19.1,18.1,17.79,14.9,14.0,8.0,71.0
77263,189,19.1,18.15873015873016,17.780952380952378,14.6,9.0,8.0,72.0
78163,189,19.1,18.413043478260867,17.8,14.4,7.0,12.9,72.0
79063,189,19.1,18.5,17.8,14.7,0.0,19.3,71.0
79963,189,19.1,18.46923076923077,17.8,14.3,0.0,12.9,73.0
80863,189,19.040677966101693,18.4672131147541,17.8,13.7,0.0,14.5,76.0
81763,189,19.0,18.391666666666666,17.8,13.4,0.0,16.1,77.0
82663,189,19.0,18.416666666666664,17.8,13.1,0.0,17.7,77.0
83563,189,19.0,18.35507246376812,17.8,12.9,0.0,19.3,78.0
84463,189,19.0,18.31617647058824,17.8,12.9,0.0,17.7,78.0
85363,189,19.0,18.232394366197184,17.745070422535214,12.9,0.0,20.9,78.0
86263,189,18.928169014084503,18.12686567164179,17.665671641791043,13.1,0.0,19.3,79.0
763,190,18.9,18.1171875,17.59375,13.8,0.0,22.5,77.0
1663,190,18.9,18.0234375,17.51875,14.3,0.0,25.7,75.0
2563,190,18.9,18.04861111111111,17.508333333333333,14.1,0.0,22.5,77.0
3463,190,18.9,18.02272727272728,17.5,14.4,0.0,29.0,76.0
4363,190,18.9,18.007692307692306,17.5,14.4,0.0,29.0,76.0
5263,190,18.9,18.0,17.5,14.4,0.0,27.4,77.0
6163,190,18.9,18.0,17.5,14.4,0.0,29.0,78.0
7063,190,18.9,18.0,17.5,14.6,0.0,30.6,78.0
7963,190,18.9,18.0,17.5,14.5,0.0,29.0,79.0
8863,190,18.9,18.0,17.5,14.4,0.0,27.4,80.0
9763,190,18.895714285714284,18.0,17.5,14.2,0.0,24.1,81.0
10663,190,18.81969696969697,18.0,17.5,14.3,0.0,25.7,81.0
11563,190,18.8,18.0,17.5,14.3,0.0,25.7,81.0
12463,190,18.8,18.0,17.5,14.3,0.0,22.5,80.0
13363,190,18.8,18.0,17.5,14.2,0.0,25.7,80.0
14263,190,18.8,18.0,17.5,13.7,0.0,22.5,82.0
15163,190,18.8,18.0,17.5,13.7,0.0,22.5,81.0
16063,190,18.8,18.0,17.5,13.7,0.0,22.5,82.0
16963,190,18.8,18.0,17.5,13.7,0.0,20.9,82.0
17863,190,18.8,18.0,17.5,13.6,0.0,20.9,83.0
18763,190,18.8,18.0,17.5,13.3,0.0,14.5,84.0
19663,190,18.8,18.0,17.5,13.4,5.0,19.3,84.0
20563,190,18.785507246376813,18.0,17.5,13.3,6.0,17.7,84.0
21463,190,18.7,18.0,17.5,13.1,7.0,16.1,84.0
22363,190,18.74927536231884,18.0,17.5,13.2,16.0,17.7,83.0
23263,190,18.76764705882353,18.0,17.5,13.2,23.0,19.3,83.0
24163,190,18.7,18.0,17.5,13.1,28.0,19.3,83.0
25063,190,18.75142857142857,18.0,17.5,13.2,28.0,19.3,82.0
25963,190,18.942857142857143,18.15079365079365,17.5,13.3,35.0,19.3,79.0
26863,190,19.0,18.011363636363637,17.5,13.4,65.0,17.7,77.0
27763,190,18.98181818181818,18.0,17.5,13.6,76.0,19.3,77.0
28663,190,18.9,18.0,17.5,13.7,109.0,19.3,76.0
29563,190,18.9,18.0,17.5,13.9,121.0,17.7,75.0
30463,190,18.9,18.0,17.497014925373133,14.2,134.0,20.9,74.0
31363,190,18.9,18.0,17.44705882352941,14.3,160.0,20.9,73.0
32263,190,18.861764705882354,18.0,17.366666666666667,14.6,172.0,20.9,74.0
33163,190,18.8,18.0,17.355384615384615,14.7,179.0,20.9,75.0
34063,190,18.8,18.0,17.404761904761905,14.7,172.0,17.7,75.0
34963,190,18.78939393939394,18.0,17.46470588235294,14.9,198.0,14.5,75.0
35863,190,19.698507462686567,18.10606060606061,17.580303030303032,14.7,183.0,17.7,76.0
36763,190,19.55142857142857,18.5,17.8,14.7,165.0,16.1,77.0
37663,190,19.07246376811594,18.286764705882355,17.55294117647059,14.7,156.0,16.1,76.0
38563,190,18.93142857142857,18.0,17.5,14.3,151.0,20.9,74.0
39463,190,18.77391304347826,18.0,17.5,14.3,257.0,16.1,77.0
40363,190,18.607692307692307,18.0,17.37741935483871,14.6,253.0,20.9,74.0
41263,190,18.45873015873016,18.0,17.3,14.6,271.0,24.1,75.0
42163,190,18.30952380952381,18.0,17.3,14.7,232.0,25.7,75.0
43063,190,18.22063492063492,18.0,17.3,14.2,183.0,24.1,79.0
43963,190,18.10952380952381,18.0,17.204545454545453,13.8,153.0,22.5,83.0
44863,190,18.0875,18.0,17.253846153846155,13.7,132.0,17.7,85.0
45763,190,18.229850746268657,18.0,17.3,13.6,100.0,17.7,86.0
46663,190,18.33015873015873,18.0,17.3,13.1,158.0,16.1,91.0
47563,190,18.4,18.0,17.3,13.3,179.0,17.7,90.0
48463,190,18.46060606060606,18.0,17.3,13.4,193.0,19.3,90.0
49363,190,18.5,18.0,17.3,13.6,199.0,17.7,90.0
50263,190,18.5,18.0,17.3,13.7,186.0,16.1,90.0
51163,190,18.516666666666666,18.046511627906977,17.3,13.8,276.0,16.1,88.0
52063,190,,,,14.5,302.0,17.7,88.0
52963,190,18.54137931034483,18.0,17.3,14.6,352.0,16.1,86.0
53863,190,18.5,18.36,17.3,14.7,294.0,16.1,85.0
54763,190,18.5,18.0,17.3,14.6,276.0,17.7,85.0
55663,190,18.5,18.0,17.3,14.6,204.0,16.1,86.0
56563,190,18.5,18.0,17.3,14.3,129.0,16.1,87.0
57463,190,18.5,18.0,17.3,14.1,139.0,12.9,87.0
58363,190,18.425,18.0,17.3,14.0,188.0,11.3,89.0
59263,190,18.4,18.0,17.29558823529412,14.0,195.0,14.5,89.0
60163,190,18.4,18.0,17.194117647058825,14.0,163.0,14.5,88.0
61063,190,18.4,18.0,17.216666666666665,13.9,77.0,11.3,88.0
61963,190,18.4,18.0,17.3,13.7,206.0,12.9,89.0
62863,190,18.4,18.0,17.3,13.8,114.0,11.3,90.0
63763,190,18.4,18.0,17.3,13.8,127.0,9.7,90.0
64663,190,18.4,18.0,17.240845070422534,13.9,149.0,8.0,89.0
65563,190,18.4,18.0,17.295714285714286,14.4,149.0,11.3,89.0
66463,190,18.4,18.0,17.3,14.4,127.0,8.0,89.0
67363,190,18.35909090909091,18.0,17.3,14.3,120.0,9.7,89.0
68263,190,18.3609375,18.0,17.3,14.1,65.0,8.0,90.0
69163,190,18.4,18.0,17.3,14.1,63.0,8.0,91.0
70063,190,18.333333333333336,18.0,17.3,13.8,39.0,9.7,91.0
70963,190,18.3,18.0,17.3,13.7,39.0,6.4,91.0
71863,190,18.3,18.0,17.28909090909091,13.5,32.0,12.9,92.0
72763,190,18.3,18.0,17.2203125,13.4,33.0,12.9,92.0
73663,190,18.298387096774192,18.0,17.1875,13.4,26.0,11.3,92.0
74563,190,18.20144927536232,18.0,17.008955223880598,13.4,25.0,8.0,93.0
75463,190,18.2,17.992307692307694,17.0,13.4,9.0,11.3,92.0
76363,190,18.2,18.0,17.0,13.3,5.0,11.3,93.0
77263,190,18.2,17.97142857142857,17.0,13.2,0.0,9.7,94.0
78163,190,18.2,18.0,17.017910447761192,13.0,0.0,9.7,95.0
79063,190,18.27142857142857,18.0,17.291549295774647,12.9,0.0,8.0,95.0
79963,190,18.4,18.0,17.3,12.8,0.0,11.3,95.0
80863,190,18.4,18.0,17.3,12.8,0.0,11.3,95.0
81763,190,18.4,18.0,17.3,12.8,0.0,11.3,94.0
82663,190,18.3969696969697,18.0,17.3,12.8,0.0,6.4,95.0
83563,190,18.30434782608696,18.0,17.3,12.7,0.0,4.8,96.0
84463,190,18.3,18.0,17.3,12.6,0.0,6.4,96.0
85363,190,18.3,18.0,17.3,12.6,0.0,6.4,97.0
86263,190,18.3,18.0,17.3,12.6,0.0,4.8,97.0
763,191,18.3,18.0,17.3,12.5,0.0,4.8,97.0
1663,191,18.3,18.0,17.3,12.4,0.0,6.4,97.0
2563,191,18.3,18.0,17.3,12.3,0.0,4.8,97.0
3463,191,18.23333333333333,18.0,17.3,12.2,0.0,4.8,97.0
4363,191,18.2,18.0,17.3,12.2,0.0,3.2,98.0
5263,191,18.2,18.0,17.3,12.2,0.0,3.2,98.0
6163,191,18.2,18.0,17.3,12.1,0.0,3.2,97.0
7063,191,18.2,18.0,17.295714285714286,11.8,0.0,3.2,97.0
7963,191,18.2,18.0,17.295454545454547,11.8,0.0,4.8,98.0
8863,191,18.2,18.0,17.245454545454546,11.7,0.0,4.8,98.0
9763,191,18.2,18.0,17.201428571428572,11.7,0.0,4.8,98.0
10663,191,18.2,17.992537313432837,17.098507462686566,11.7,0.0,3.2,98.0
11563,191,18.2,17.985507246376812,17.14782608695652,11.7,0.0,4.8,98.0
12463,191,18.2,18.0,17.3,11.7,0.0,4.8,98.0
13363,191,18.2,18.0,17.23913043478261,11.7,0.0,4.8,98.0
14263,191,18.197222222222223,17.962686567164177,17.02238805970149,11.7,0.0,4.8,98.0
15163,191,18.125714285714288,17.782608695652176,17.0,11.6,0.0,3.2,98.0
16063,191,18.1,17.59090909090909,17.0,11.6,0.0,3.2,98.0
16963,191,18.1,17.507042253521128,17.0,11.6,0.0,3.2,98.0
17863,191,18.1,17.5,17.0,11.6,0.0,3.2,98.0
18763,191,18.1,17.5,17.0,11.4,0.0,3.2,98.0
19663,191,18.087878787878783,17.5,17.0,11.1,11.0,4.8,98.0
20563,191,18.0,17.5,17.0,11.0,11.0,4.8,98.0
21463,191,18.0,17.5,17.0,10.9,12.0,4.8,98.0
22363,191,18.06,17.54861111111111,17.0,10.8,12.0,1.6,98.0
23263,191,18.352857142857143,17.77941176470588,17.123529411764707,10.7,19.0,4.8,98.0
24163,191,19.269565217391303,18.0,17.433823529411764,10.5,19.0,8.0,98.0
25063,191,18.8955223880597,18.085714285714285,17.594285714285714,10.5,21.0,6.4,98.0
25963,191,18.819117647058825,18.0,17.41014492753623,10.4,30.0,8.0,98.0
26863,191,18.62941176470588,18.0,17.3,10.5,33.0,6.4,98.0
27763,191,18.49857142857143,18.0,17.3,10.4,37.0,9.7,98.0
28663,191,18.4,18.0,17.3,10.4,63.0,9.7,98.0
29563,191,18.33134328358209,18.0,17.25588235294118,10.4,42.0,8.0,98.0
30463,191,18.26764705882353,17.753968253968253,17.004761904761903,10.4,69.0,9.7,98.0
31363,191,18.2,17.52173913043478,17.0,10.4,63.0,9.7,98.0
32263,191,18.17794117647059,17.507462686567163,17.0,10.5,116.0,11.3,98.0
33163,191,18.1,17.5,17.0,10.6,91.0,8.0,98.0
34063,191,18.1,17.5,17.0,10.6,93.0,11.3,98.0
34963,191,18.098550724637683,17.5,17.0,10.6,93.0,9.7,98.0
35863,191,18.0044776119403,17.5,17.0,10.5,81.0,8.0,98.0
36763,191,18.0,17.5,17.0,10.6,95.0,9.7,98.0
37663,191,18.0,17.5,17.0,10.7,118.0,9.7,98.0
38563,191,18.0,17.5,17.0,10.8,115.0,6.4,98.0
39463,191,18.0,17.5,17.0,10.9,192.0,11.3,98.0
40363,191,18.0,17.5,17.0,11.0,243.0,9.7,98.0
41263,191,18.0,17.5,16.99411764705882,11.4,274.0,9.7,98.0
42163,191,17.964285714285715,17.5,16.988571428571426,11.1,206.0,11.3,97.0
43063,191,17.9,17.5,16.901449275362317,10.8,128.0,9.7,97.0
43963,191,17.9,17.5,16.846376811594205,10.6,158.0,12.9,97.0
44863,191,17.9,17.5,16.83142857142857,10.7,172.0,12.9,97.0
45763,191,17.9,17.5,16.843478260869567,10.7,201.0,11.3,97.0
46663,191,17.9,17.5,16.803225806451614,10.7,243.0,11.3,97.0
47563,191,17.9,17.5,16.8,11.2,297.0,11.3,98.0
48463,191,17.9,17.5,16.8,11.2,206.0,9.7,97.0
49363,191,17.9,17.5,16.87017543859649,10.9,139.0,9.7,97.0
50263,191,17.9,17.5,16.808823529411764,10.8,146.0,11.3,97.0
51163,191,17.9,17.5,16.93846153846154,10.8,202.0,11.3,97.0
52063,191,17.9,17.5,16.817910447761193,10.9,123.0,9.7,96.0
52963,191,17.9,17.5,16.8,10.9,96.0,8.0,97.0
53863,191,17.838235294117645,17.5,16.8,10.7,132.0,9.7,97.0
54763,191,17.8,17.5,16.8,10.7,127.0,9.7,96.0
55663,191,17.8,17.5,16.8,11.0,93.0,6.4,96.0
56563,191,17.8,17.5,16.8,10.8,85.0,8.0,96.0
57463,191,17.8,17.5,16.8,10.8,90.0,8.0,95.0
58363,191,17.8,17.5,16.8,11.0,104.0,4.8,95.0
59263,191,17.8,17.5,16.8,11.1,111.0,6.4,94.0
60163,191,17.8,17.5,16.8,11.2,123.0,6.4,95.0
61063,191,17.8,17.5,16.8,11.3,197.0,4.8,95.0
61963,191,17.8,17.5,16.8,11.4,114.0,8.0,96.0
62863,191,17.8,17.5,16.8,11.3,134.0,8.0,95.0
63763,191,17.8,17.5,16.79558823529412,11.4,129.0,6.4,95.0
64663,191,17.8,17.5,16.8,11.3,79.0,9.7,95.0
65563,191,17.8,17.5,16.8,11.2,101.0,8.0,95.0
66463,191,17.8,17.5,16.8,11.1,33.0,8.0,95.0
67363,191,17.8,17.5,16.8,11.1,44.0,6.4,95.0
68263,191,17.733898305084743,17.5,16.8,11.1,109.0,8.0,95.0
69163,191,17.7,17.233333333333334,16.555,11.2,163.0,11.3,93.0
70063,191,17.7,17.375,16.5,11.3,116.0,9.7,92.0
70963,191,17.774603174603175,17.491803278688526,16.627868852459017,11.2,53.0,9.7,91.0
71863,191,17.8,17.5,16.79090909090909,11.1,44.0,8.0,92.0
72763,191,17.8,17.5,16.8,11.1,12.0,6.4,92.0
73663,191,17.79705882352941,17.5,16.8,10.9,16.0,8.0,94.0
74563,191,17.703030303030303,17.5,16.644827586206894,10.8,16.0,8.0,93.0
75463,191,17.707246376811593,17.5,16.56875,10.7,7.0,8.0,94.0
76363,191,17.87741935483871,17.484375,16.8,10.7,0.0,8.0,94.0
77263,191,17.897014925373135,17.5,16.71818181818182,10.5,0.0,4.8,95.0
78163,191,17.84626865671642,17.5,16.740909090909092,10.4,0.0,6.4,95.0
79063,191,17.9,17.5,16.8,10.3,0.0,6.4,96.0
79963,191,17.94848484848485,17.5,16.8,10.2,0.0,4.8,96.0
80863,191,18.0,17.5,16.8,10.2,0.0,4.8,97.0
81763,191,17.918840579710142,17.5,16.8,10.1,0.0,3.2,97.0
82663,191,17.87846153846154,17.5,16.8,10.1,0.0,3.2,98.0
83563,191,17.8,17.5,16.8,10.1,0.0,6.4,98.0
84463,191,17.782608695652176,17.49285714285714,16.63285714285714,10.1,0.0,4.8,98.0
85363,191,17.7,17.274647887323944,16.5,10.0,0.0,4.8,98.0
86263,191,17.7,17.04285714285714,16.5,9.9,0.0,4.8,98.0
763,192,17.691176470588236,17.007575757575758,16.5,10.0,0.0,4.8,98.0
1663,192,17.6,17.0,16.5,9.9,0.0,4.8,98.0
2563,192,17.6,17.0,16.5,9.9,0.0,3.2,98.0
3463,192,17.6,17.0,16.5,9.9,0.0,0.0,98.0
4363,192,17.6,17.0,16.5,9.9,0.0,3.2,98.0
5263,192,17.515277777777776,17.0,16.5,9.9,0.0,3.2,98.0
6163,192,17.5,17.0,16.5,9.8,0.0,0.0,98.0
7063,192,17.5,17.0,16.5,9.9,0.0,0.0,98.0
7963,192,17.5,17.0,16.5,9.9,0.0,0.0,98.0
8863,192,17.5,17.0,16.475757575757576,9.8,0.0,0.0,98.0
9763,192,17.463076923076922,17.0,16.393548387096775,9.5,0.0,1.6,98.0
10663,192,17.4,17.0,16.30952380952381,9.3,0.0,1.6,97.0
11563,192,17.4,17.0,16.3,9.4,0.0,1.6,96.0
12463,192,17.4,17.0,16.3,9.6,0.0,0.0,97.0
13363,192,17.4,17.0,16.3,9.4,0.0,0.0,97.0
14263,192,17.4,17.0,16.3,9.3,0.0,0.0,97.0
15163,192,17.354545454545452,17.0,16.3,9.3,0.0,0.0,97.0
16063,192,17.3,17.0,16.3,9.3,0.0,0.0,97.0
16963,192,17.3,17.0,16.3,9.2,0.0,0.0,97.0
17863,192,17.31142857142857,17.0,16.3,9.2,0.0,0.0,97.0
18763,192,17.411290322580648,17.0,16.363492063492064,9.2,7.0,0.0,98.0
19663,192,17.588059701492536,17.022058823529413,16.5,9.3,7.0,0.0,97.0
20563,192,17.574193548387097,17.0,16.5,9.3,9.0,0.0,98.0
21463,192,17.5,17.0,16.437313432835822,9.4,23.0,0.0,98.0
22363,192,17.4515625,17.0,16.3,9.4,35.0,0.0,97.0
23263,192,17.4,17.0,16.3,9.6,32.0,1.6,96.0
24163,192,17.4,17.0,16.311940298507462,9.8,41.0,0.0,96.0
25063,192,17.346153846153847,16.953125,16.3703125,10.1,47.0,1.6,95.0
25963,192,16.527118644067798,16.5,15.665671641791045,10.2,47.0,1.6,94.0
26863,192,16.83050847457627,16.50793650793651,15.923809523809524,10.3,53.0,1.6,94.0
27763,192,17.016923076923078,16.892307692307693,16.0,10.3,56.0,0.0,93.0
28663,192,17.115873015873014,17.0,16.259701492537314,10.3,102.0,0.0,94.0
29563,192,17.2,17.0,16.3,10.5,86.0,0.0,94.0
30463,192,17.244615384615383,17.0,16.3,10.5,49.0,0.0,94.0
31363,192,17.3,17.0,16.3,10.4,54.0,0.0,95.0
32263,192,17.3,17.0,16.3,10.3,90.0,1.6,96.0
33163,192,17.318032786885247,17.0,16.3,10.3,91.0,0.0,96.0
34063,192,17.4,17.0,16.3,10.4,104.0,0.0,96.0
34963,192,17.4,17.0,16.3,11.1,258.0,3.2,97.0
35863,192,17.4,17.0,16.3,11.3,156.0,4.8,96.0
36763,192,17.4,17.0,16.31230769230769,11.2,148.0,6.4,96.0
37663,192,17.4,17.0,16.325,11.5,169.0,6.4,96.0
38563,192,17.46065573770492,17.0,16.38125,11.4,320.0,8.0,96.0
39463,192,17.498461538461537,17.0,16.436507936507937,12.0,323.0,6.4,95.0
40363,192,17.5,17.0,16.478461538461538,12.7,529.0,8.0,94.0
41263,192,17.45151515151515,17.0,16.343076923076925,12.6,246.0,9.7,91.0
42163,192,17.4,17.0,16.315625,12.4,207.0,9.7,90.0
43063,192,17.4,17.0,16.329032258064515,12.2,223.0,11.3,91.0
43963,192,17.408064516129034,17.0,16.463934426229507,12.1,385.0,12.9,93.0
44863,192,17.446031746031746,17.0,16.490625,12.6,635.0,9.7,94.0
45763,192,17.431343283582088,17.0,16.480645161290322,13.1,596.0,9.7,94.0
46663,192,17.4,17.0,16.423809523809524,12.9,621.0,11.3,95.0
47563,192,17.445901639344264,17.0,16.48805970149254,13.3,462.0,12.9,92.0
48463,192,17.5,17.0,16.5,12.8,299.0,12.9,93.0
49363,192,17.5,17.0,16.5,13.3,441.0,14.5,90.0
50263,192,17.5,17.0,16.5,13.4,485.0,12.9,86.0
51163,192,17.5,17.0,16.5,13.7,459.0,12.9,90.0
52063,192,17.5,17.0,16.5,13.3,431.0,14.5,87.0
52963,192,17.5,17.0,16.5,13.6,414.0,11.3,86.0
53863,192,17.5,17.0,16.5,13.9,469.0,12.9,83.0
54763,192,17.5,17.0,16.5,14.4,547.0,8.0,84.0
55663,192,17.5,17.0,16.5,14.9,635.0,12.9,83.0
56563,192,17.506451612903227,17.0,16.5,16.1,1048.0,11.3,77.0
57463,192,17.6,17.0,16.5,15.6,394.0,12.9,74.0
58363,192,17.6,17.0,16.5,15.9,670.0,12.9,74.0
59263,192,17.6,17.0,16.5,16.3,805.0,12.9,70.0
60163,192,17.6,17.0,16.5,16.3,464.0,12.9,72.0
61063,192,17.6,17.0,16.5,16.3,710.0,16.1,69.0
61963,192,17.52413793103448,17.0,16.5,16.1,703.0,11.3,70.0
62863,192,17.5,17.0,16.5,15.9,867.0,12.9,70.0
63763,192,17.5,17.0,16.5,15.9,374.0,12.9,70.0
64663,192,19.29516129032258,17.448275862068964,16.90344827586207,16.1,564.0,12.9,69.0
65563,192,18.880000000000003,17.5,17.006060606060608,15.5,276.0,14.5,71.0
66463,192,18.10151515151515,17.5,16.806349206349207,15.8,248.0,11.3,71.0
67363,192,17.774242424242424,17.440677966101696,16.66271186440678,15.3,239.0,11.3,73.0
68263,192,17.57547169811321,17.043103448275865,16.5,15.1,336.0,11.3,75.0
69163,192,17.142372881355932,17.0,16.30677966101695,15.3,302.0,12.9,73.0
70063,192,16.94,17.0,16.197014925373132,14.9,251.0,14.5,73.0
70963,192,16.695238095238096,16.568965517241377,15.99655172413793,14.9,197.0,11.3,74.0
71863,192,16.628571428571426,16.5,16.0,14.5,104.0,9.7,75.0
72763,192,16.7,16.5,15.890625,13.4,35.0,11.3,77.0
73663,192,16.73448275862069,16.5,15.88148148148148,13.0,40.0,11.3,78.0
74563,192,16.924193548387098,16.746031746031747,16.023809523809526,12.6,30.0,11.3,81.0
75463,192,16.9,16.78813559322034,16.083050847457628,12.3,21.0,9.7,83.0
76363,192,16.3796875,16.47692307692308,15.512307692307692,12.1,16.0,8.0,84.0
77263,192,16.42909090909091,16.466666666666665,15.606666666666666,11.9,11.0,6.4,85.0
78163,192,16.687301587301587,16.5,15.95593220338983,11.6,7.0,6.4,88.0
79063,192,16.857142857142858,16.661538461538463,16.0,11.2,0.0,6.4,90.0
79963,192,16.95483870967742,16.9921875,16.0,10.9,0.0,8.0,92.0
80863,192,17.0,17.0,16.0,10.7,0.0,6.4,94.0
81763,192,17.068333333333335,17.0,16.01846153846154,10.6,0.0,8.0,94.0
82663,192,17.1,17.0,16.06206896551724,10.4,0.0,8.0,94.0
83563,192,17.10483870967742,17.0,16.0,10.2,0.0,4.8,95.0
84463,192,17.1859375,17.0,16.004761904761903,9.9,0.0,3.2,95.0
85363,192,17.2,17.0,16.0,9.8,0.0,3.2,95.0
86263,192,17.2,17.0,16.00526315789474,9.4,0.0,1.6,95.0
763,193,17.2,17.0,16.0,9.1,0.0,0.0,96.0
1663,193,17.2,17.0,16.0,9.0,0.0,0.0,96.0
2563,193,17.2,17.0,16.0,9.0,0.0,0.0,96.0
3463,193,17.1984126984127,17.0,16.0,9.1,0.0,0.0,97.0
4363,193,17.1463768115942,17.0,16.0,9.2,0.0,0.0,97.0
5263,193,17.1,17.0,16.0,8.6,0.0,0.0,96.0
6163,193,17.1,17.0,16.0,8.4,0.0,0.0,96.0
7063,193,17.10909090909091,16.99264705882353,16.008823529411764,8.1,0.0,0.0,96.0
7963,193,17.2,17.0,16.216176470588234,7.8,0.0,0.0,96.0
8863,193,17.2,17.0,16.013432835820897,7.4,0.0,0.0,96.0
9763,193,17.172131147540984,17.0,16.0,7.3,0.0,0.0,96.0
10663,193,17.1,17.0,16.0,7.1,0.0,0.0,96.0
11563,193,17.1,16.953125,16.0,7.1,0.0,0.0,97.0
12463,193,17.1,16.87323943661972,16.0,6.9,0.0,0.0,97.0
13363,193,17.1,16.849206349206348,16.0,7.2,0.0,0.0,97.0
14263,193,17.1,16.746031746031747,16.0,7.7,0.0,3.2,98.0
15163,193,17.1,16.6640625,16.0,7.9,0.0,3.2,98.0
16063,193,17.1,16.917910447761194,16.0,7.9,0.0,3.2,98.0
16963,193,17.1,16.713235294117645,16.0,8.2,0.0,1.6,98.0
17863,193,17.1,16.746031746031747,16.0,8.4,5.0,3.2,98.0
18763,193,17.143939393939394,16.893442622950822,16.0,8.5,7.0,3.2,98.0
19663,193,17.2,16.984615384615385,16.083076923076923,8.4,9.0,1.6,97.0
20563,193,17.296774193548387,16.7734375,16.1640625,8.6,26.0,0.0,97.0
21463,193,17.3,16.701612903225808,16.0,8.7,37.0,0.0,97.0
22363,193,17.388709677419353,16.928571428571427,16.023809523809526,8.8,42.0,0.0,97.0
23263,193,17.553030303030305,17.0,16.3,9.5,39.0,3.2,98.0
24163,193,17.704761904761902,17.0,16.306451612903224,9.6,30.0,3.2,97.0
25063,193,18.94761904761905,17.3203125,16.715625,9.6,74.0,4.8,97.0
25963,193,17.93846153846154,17.282258064516128,16.509677419354837,10.1,79.0,4.8,96.0
26863,193,18.0439393939394,17.007575757575758,16.5,10.3,107.0,0.0,96.0
27763,193,18.0,17.0,16.5,10.8,53.0,4.8,95.0
28663,193,18.0,17.0,16.5,11.2,144.0,4.8,93.0
29563,193,17.938709677419354,17.0,16.5,11.6,188.0,4.8,92.0
30463,193,17.834848484848486,17.0,16.497014925373133,11.8,202.0,3.2,89.0
31363,193,17.8,17.0,16.479710144927537,12.3,134.0,1.6,86.0
32263,193,17.8,17.0,16.484375,12.3,121.0,0.0,84.0
33163,193,17.8,17.0,16.49047619047619,12.3,56.0,0.0,85.0
34063,193,17.843333333333334,17.0,16.496825396825397,12.3,128.0,0.0,84.0
34963,193,17.9,17.0,16.5,12.3,62.0,0.0,84.0
35863,193,17.9,17.0,16.5,12.4,172.0,0.0,84.0
36763,193,17.9,17.0,16.5,12.8,153.0,0.0,83.0
37663,193,17.9,17.0,16.5,14.4,759.0,3.2,80.0
38563,193,17.95737704918033,17.0,16.5,15.1,682.0,3.2,79.0
39463,193,18.0,17.0,16.5,15.1,360.0,3.2,79.0
40363,193,18.0,17.0,16.5,15.1,153.0,4.8,73.0
41263,193,17.901492537313434,17.0,16.5,14.3,165.0,4.8,80.0
42163,193,17.9,17.0,16.5,16.3,838.0,4.8,74.0
43063,193,17.9,17.0,16.5,17.2,991.0,4.8,70.0
43963,193,17.9,17.0,16.5,16.9,868.0,4.8,70.0
44863,193,17.9,17.0,16.5,15.8,253.0,6.4,73.0
45763,193,17.9,17.0,16.5,15.9,176.0,6.4,73.0
46663,193,17.9,17.0,16.5,15.7,325.0,3.2,72.0
47563,193,17.9,17.0,16.5,17.1,898.0,1.6,70.0
48463,193,17.9,17.0,16.5,17.3,288.0,4.8,67.0
49363,193,17.9,17.0,16.5,18.3,1025.0,1.6,63.0
50263,193,17.9,17.0,16.5,17.4,334.0,8.0,68.0
51163,193,17.984615384615385,17.0,16.5,17.3,223.0,8.0,66.0
52063,193,18.0,17.0,16.5,16.9,255.0,4.8,66.0
52963,193,18.0,17.0,16.5,17.4,238.0,4.8,62.0
53863,193,18.0,17.03787878787879,16.5,18.7,882.0,6.4,63.0
54763,193,18.0,17.03846153846154,16.5,19.4,174.0,4.8,56.0
55663,193,18.0,17.234848484848484,16.504545454545454,18.8,204.0,11.3,49.0
56563,193,18.0,17.38235294117647,16.544117647058822,18.7,193.0,8.0,54.0
57463,193,18.0,17.46825396825397,16.67142857142857,19.8,773.0,6.4,52.0
58363,193,18.0,17.492307692307694,16.790769230769232,20.6,807.0,4.8,49.0
59263,193,18.0,17.5,16.8,18.6,304.0,8.0,53.0
60163,193,18.0796875,17.5,16.8,19.8,610.0,4.8,52.0
61063,193,18.1,17.5,16.8,20.3,638.0,6.4,48.0
61963,193,18.1,17.5,16.8,20.2,221.0,6.4,47.0
62863,193,18.111290322580647,17.5,16.8,20.4,714.0,6.4,49.0
63763,193,18.19375,17.5,16.8,20.7,522.0,11.3,48.0
64663,193,18.2,17.5,16.8,19.7,130.0,11.3,51.0
65563,193,18.2,17.5,16.8,20.1,482.0,6.4,50.0
66463,193,18.20172413793104,17.5,16.8,19.5,54.0,9.7,51.0
67363,193,18.29672131147541,17.5,16.8,19.6,295.0,8.0,50.0
68263,193,18.3,17.5,16.81492537313433,20.3,315.0,11.3,45.0
69163,193,18.35967741935484,17.5,16.932258064516127,20.2,297.0,11.3,43.0
70063,193,18.4,17.5,17.0,20.1,241.0,12.9,46.0
70963,193,18.4,17.5,17.0,19.8,195.0,12.9,46.0
71863,193,18.486206896551725,17.5,17.0,19.3,127.0,11.3,46.0
72763,193,18.556060606060605,17.5,17.0,18.4,37.0,8.0,51.0
73663,193,18.6,17.5,17.0,17.8,39.0,9.7,54.0
74563,193,18.6,17.5,17.0,17.3,30.0,8.0,58.0
75463,193,18.6,17.5,17.0,16.8,21.0,8.0,60.0
76363,193,18.6,17.5,17.0,16.2,12.0,8.0,64.0
77263,193,18.6,17.5,17.0044776119403,15.7,9.0,6.4,65.0
78163,193,18.6,17.546153846153846,17.133846153846154,15.2,5.0,9.7,66.0
79063,193,18.6,17.79090909090909,17.283636363636365,14.9,0.0,11.3,64.0
79963,193,18.6,17.96825396825397,17.3,14.8,0.0,11.3,64.0
80863,193,18.59857142857143,18.0,17.3,14.8,0.0,12.9,66.0
81763,193,18.540298507462687,18.0,17.3,14.6,0.0,9.7,66.0
82663,193,18.5,18.0,17.3,14.1,0.0,8.0,67.0
83563,193,18.5,18.0,17.28636363636364,14.1,0.0,9.7,65.0
84463,193,18.5,17.693548387096776,17.10483870967742,14.1,0.0,8.0,64.0
85363,193,18.5,17.5,16.996923076923075,13.9,0.0,11.3,65.0
86263,193,18.4265625,17.5,17.0,13.8,0.0,8.0,64.0
763,194,18.438333333333333,17.746268656716417,17.140298507462685,13.4,0.0,4.8,66.0
1663,194,18.6,18.0,17.49705882352941,13.1,0.0,6.4,67.0
2563,194,18.5453125,18.0,17.306349206349207,13.2,0.0,8.0,67.0
3463,194,18.5,18.0,17.3,13.4,0.0,6.4,67.0
4363,194,18.5,18.0,17.3,13.5,0.0,8.0,68.0
5263,194,18.5,18.0,17.3,13.5,0.0,8.0,67.0
6163,194,18.5,18.0,17.3,13.9,0.0,9.7,67.0
7063,194,18.4984375,18.0,17.3,13.8,0.0,4.8,68.0
7963,194,18.44179104477612,18.0,17.3,13.4,0.0,1.6,70.0
8863,194,18.4,18.0,17.3,13.2,0.0,3.2,73.0
9763,194,18.4,18.0,17.3,13.1,0.0,3.2,75.0
10663,194,18.4,18.0,17.3,13.6,0.0,4.8,73.0
11563,194,18.4,18.0,17.285,13.7,0.0,9.7,71.0
12463,194,18.4,18.0,17.253125,13.6,0.0,14.5,68.0
13363,194,18.4,18.0,17.222727272727273,13.6,0.0,16.1,65.0
14263,194,18.4,18.0,17.20952380952381,13.7,0.0,12.9,66.0
15163,194,18.4,17.991803278688526,17.14262295081967,13.6,0.0,9.7,69.0
16063,194,18.4,18.0,17.196721311475407,13.1,0.0,11.3,70.0
16963,194,18.4,18.0,17.3,12.9,0.0,6.4,73.0
17863,194,18.4089552238806,18.0,17.32622950819672,11.9,7.0,3.2,70.0
18763,194,18.390625,18.0,17.452542372881357,12.4,14.0,8.0,68.0
19663,194,17.963076923076922,18.0,17.3,12.6,33.0,9.7,66.0
20563,194,17.829032258064515,18.0,17.225,13.1,39.0,12.9,64.0
21463,194,17.875862068965517,18.0,17.203076923076924,13.4,46.0,16.1,64.0
22363,194,17.937704918032786,18.0,17.09375,13.4,46.0,14.5,65.0
23263,194,18.06212121212121,18.0,17.291044776119403,13.4,56.0,16.1,67.0
24163,194,18.488524590163934,18.0,17.429032258064517,13.5,63.0,16.1,68.0
25063,194,18.60153846153846,18.0,17.392307692307693,13.7,83.0,19.3,69.0
25963,194,18.7,18.0,17.3,13.9,104.0,17.7,69.0
26863,194,18.725,18.0,17.3,14.2,79.0,17.7,71.0
27763,194,18.804615384615385,18.0,17.303174603174604,14.2,100.0,20.9,71.0
28663,194,18.89264705882353,18.0,17.306349206349207,14.3,148.0,17.7,73.0
29563,194,18.9,18.0,17.380000000000003,15.1,139.0,16.1,71.0
30463,194,18.99375,18.0,17.441935483870967,15.3,125.0,14.5,73.0
31363,194,19.01538461538461,18.0,17.497014925373133,15.9,151.0,16.1,72.0
32263,194,19.1,18.0,17.5,16.5,165.0,16.1,70.0
33163,194,19.1,18.0,17.5,16.4,190.0,16.1,71.0
34063,194,19.1,18.0,17.5,16.7,155.0,17.7,72.0
34963,194,19.05625,18.0,17.5,17.8,694.0,14.5,67.0
35863,194,19.1,18.0,17.5,17.7,265.0,16.1,68.0
36763,194,19.01875,18.0,17.5,17.1,359.0,16.1,71.0
37663,194,19.0,18.0,17.5,18.3,352.0,14.5,70.0
38563,194,19.0,18.0,17.5,17.3,211.0,14.5,70.0
39463,194,19.0,18.0,17.5,17.8,160.0,16.1,68.0
40363,194,19.0,18.0,17.5,16.7,65.0,14.5,71.0
41263,194,19.0,18.0,17.5,16.9,299.0,12.9,72.0
42163,194,19.0,18.0,17.5,16.8,156.0,16.1,71.0
43063,194,19.0,18.0,17.5,17.7,538.0,11.3,70.0
43963,194,19.0,18.0,17.5,18.3,937.0,12.9,72.0
44863,194,19.05625,18.0,17.5,18.6,475.0,12.9,73.0
45763,194,19.1,18.0,17.5,17.3,299.0,14.5,68.0
46663,194,19.1,18.0,17.5,17.8,223.0,14.5,67.0
47563,194,19.04833333333333,18.0,17.5,19.2,956.0,17.7,62.0
48463,194,19.0,18.0,17.5,20.4,884.0,16.1,66.0
49363,194,19.0,18.0,17.5,19.3,216.0,16.1,65.0
50263,194,19.0,18.0,17.5,20.8,199.0,12.9,62.0
51163,194,19.0,18.0,17.5515625,19.2,53.0,14.5,68.0
52063,194,19.0,18.053030303030305,17.75,17.2,163.0,12.9,75.0
52963,194,19.0,18.01538461538461,17.68,17.3,302.0,20.9,72.0
53863,194,19.0,18.1984126984127,17.780952380952378,17.3,313.0,17.7,69.0
54763,194,19.0,18.294117647058822,17.725,16.9,359.0,19.3,70.0
55663,194,19.0,18.09016393442623,17.504918032786883,16.8,218.0,17.7,69.0
56563,194,19.0,18.115384615384617,17.5,16.4,139.0,16.1,70.0
57463,194,19.103125,18.443396226415096,17.7377358490566,16.2,285.0,14.5,73.0
58363,194,19.366666666666667,18.5,17.884848484848483,16.8,355.0,16.1,73.0
59263,194,19.37619047619048,18.5,17.933333333333334,17.1,564.0,17.7,72.0
60163,194,19.3,18.5,17.8,17.9,399.0,14.5,70.0
61063,194,19.22131147540984,18.5,17.8,17.4,197.0,19.3,70.0
61963,194,19.2,18.5,17.8,16.9,260.0,14.5,74.0
62863,194,19.2,18.5,17.8,17.3,248.0,12.9,74.0
63763,194,19.1031746031746,18.5,17.8,17.2,221.0,16.1,72.0
64663,194,19.1,18.5,17.8,17.0,158.0,12.9,76.0
65563,194,19.1,18.5,17.8,17.3,137.0,16.1,73.0
66463,194,19.1,18.5,17.8,17.2,128.0,12.9,73.0
67363,194,19.06615384615385,18.5,17.8,17.3,183.0,9.7,73.0
68263,194,19.0,18.5,17.8,18.5,401.0,11.3,71.0
69163,194,19.0,18.5,17.8,18.1,83.0,12.9,69.0
70063,194,19.0,18.5,17.8,17.1,65.0,14.5,74.0
70963,194,19.0,18.5,17.8,16.5,33.0,17.7,76.0
71863,194,19.0,18.5,17.8,15.8,49.0,16.1,83.0
72763,194,19.0,18.5,17.8,15.1,18.0,12.9,88.0
73663,194,19.0,18.5,17.8,14.2,16.0,12.9,92.0
74563,194,19.0,18.5,17.8,14.1,15.0,9.7,94.0
75463,194,18.953030303030303,18.5,17.794999999999998,13.7,26.0,14.5,93.0
76363,194,18.9,18.5,17.7953125,13.2,14.0,16.1,93.0
77263,194,18.9,18.5,17.8,12.8,5.0,16.1,93.0
78163,194,18.9,18.5,17.8,12.7,7.0,16.1,93.0
79063,194,18.9,18.5,17.78636363636364,12.3,0.0,16.1,93.0
79963,194,18.9,18.5,17.750819672131147,12.1,0.0,12.9,93.0
80863,194,18.9,18.5,17.701923076923077,12.0,0.0,14.5,94.0
81763,194,18.9,18.5,17.721311475409838,12.0,0.0,16.1,94.0
82663,194,18.9,18.5,17.8,11.6,0.0,12.9,94.0
83563,194,18.9,18.5,17.770967741935486,11.6,0.0,12.9,94.0
84463,194,18.9,18.5,17.576190476190476,11.4,0.0,14.5,94.0
85363,194,18.87627118644068,18.5,17.535593220338985,11.3,0.0,17.7,93.0
86263,194,18.8,18.5,17.5,11.1,0.0,17.7,93.0
763,195,18.8,18.5,17.5,11.1,0.0,17.7,93.0
1663,195,18.8,18.5,17.5,11.1,0.0,16.1,93.0
2563,195,18.8,18.5,17.5,11.1,0.0,14.5,93.0
3463,195,18.8,18.5,17.5,11.0,0.0,17.7,93.0
4363,195,18.8,18.466101694915256,17.5,11.0,0.0,16.1,93.0
5263,195,18.757377049180327,18.45967741935484,17.5,10.8,0.0,19.3,93.0
6163,195,18.7,18.31451612903226,17.5,10.8,0.0,19.3,92.0
7063,195,18.7,18.22131147540984,17.5,10.8,0.0,17.7,92.0
7963,195,18.7,18.16935483870968,17.5,10.8,0.0,17.7,92.0
8863,195,18.7,18.0234375,17.5,10.8,0.0,16.1,92.0
9763,195,18.7,18.0,17.5,10.7,0.0,17.7,92.0
10663,195,18.7,18.0,17.5,10.8,0.0,20.9,92.0
11563,195,18.7,18.0,17.5,10.8,0.0,19.3,92.0
12463,195,18.668115942028983,18.0,17.5,10.8,0.0,17.7,92.0
13363,195,18.6,18.0,17.5,10.8,0.0,16.1,92.0
14263,195,18.6,18.0,17.5,10.6,0.0,16.1,92.0
15163,195,18.6,18.0,17.5,10.5,0.0,16.1,92.0
16063,195,18.6,18.0,17.5,10.6,0.0,16.1,92.0
16963,195,18.6,18.0,17.5,10.6,0.0,14.5,92.0
17863,195,18.6,18.0,17.5,10.4,5.0,14.5,92.0
18763,195,18.6,18.0,17.5,10.3,9.0,14.5,92.0
19663,195,18.6,18.0,17.5,10.2,11.0,14.5,92.0
20563,195,18.67419354838709,18.0,17.5,10.2,14.0,16.1,93.0
21463,195,18.7296875,18.0,17.5,10.3,16.0,16.1,92.0
22363,195,19.00655737704918,18.3515625,17.65,10.4,18.0,16.1,92.0
23263,195,19.23692307692308,18.5,17.8,10.6,23.0,16.1,91.0
24163,195,19.37121212121212,18.5,17.8,10.8,26.0,16.1,90.0
25063,195,19.50952380952381,18.5,17.8,11.0,25.0,19.3,89.0
25963,195,19.602985074626865,18.5,17.8,11.3,26.0,16.1,89.0
26863,195,19.56615384615385,18.5,17.8,11.6,28.0,19.3,86.0
27763,195,19.545454545454547,18.5,17.8,11.9,30.0,17.7,86.0
28663,195,19.589830508474577,18.5,17.8,12.1,37.0,17.7,85.0
29563,195,19.5765625,18.5,17.8,12.4,62.0,19.3,82.0
30463,195,19.5,18.5,17.8,12.9,181.0,16.1,82.0
31363,195,19.5,18.5,17.8,13.1,141.0,19.3,81.0
32263,195,19.5,18.5,17.8,13.2,230.0,17.7,81.0
33163,195,19.4968253968254,18.5,17.8,13.6,235.0,17.7,78.0
34063,195,19.444927536231884,18.5,17.8,13.9,195.0,16.1,78.0
34963,195,19.43846153846154,18.5,17.8,14.4,237.0,17.7,75.0
35863,195,19.4171875,18.5,17.8,15.1,357.0,16.1,73.0
36763,195,19.46764705882353,18.5,17.8,14.8,701.0,17.7,73.0
37663,195,19.4,18.5,17.805797101449276,15.3,728.0,16.1,71.0
38563,195,19.4,18.5,17.8125,15.1,777.0,17.7,73.0
39463,195,19.4,18.5,17.822535211267606,15.4,951.0,16.1,69.0
40363,195,19.317241379310342,18.5,17.8,15.3,270.0,16.1,69.0
41263,195,19.310769230769232,18.5,17.81290322580645,16.4,949.0,16.1,68.0
42163,195,19.3,18.5,17.803125,14.9,214.0,17.7,70.0
43063,195,19.3,18.5,17.8,15.4,299.0,14.5,69.0
43963,195,19.3,18.5,17.8,15.8,213.0,14.5,67.0
44863,195,19.3,18.5,17.8,16.8,963.0,14.5,65.0
45763,195,19.3,18.5,17.8,17.2,775.0,17.7,64.0
46663,195,19.3,18.5,17.8,16.8,1055.0,19.3,66.0
47563,195,19.3,18.5,17.8,16.1,466.0,19.3,68.0
48463,195,19.3,18.5,17.8,15.8,292.0,17.7,68.0
49363,195,19.3,18.5,17.8,18.0,1065.0,17.7,66.0
50263,195,19.3,18.5,17.8,16.2,388.0,16.1,63.0
51163,195,19.3,18.5,17.8,17.1,287.0,19.3,62.0
52063,195,19.3,18.5,17.8,17.3,940.0,19.3,65.0
52963,195,19.3,18.5,17.8,17.7,776.0,16.1,62.0
53863,195,19.3,18.5,17.8,18.0,877.0,17.7,62.0
54763,195,19.3,18.5,17.8,17.6,422.0,16.1,61.0
55663,195,19.3,18.5,17.8,17.1,401.0,17.7,60.0
56563,195,19.3,18.5,17.8,16.9,178.0,16.1,60.0
57463,195,19.3,18.5,17.875862068965517,17.8,842.0,17.7,64.0
58363,195,19.366,18.5,18.0,16.6,216.0,16.1,65.0
59263,195,19.398275862068964,18.5,18.0,18.1,673.0,16.1,61.0
60163,195,19.3,18.5,17.982758620689655,16.8,191.0,16.1,62.0
61063,195,19.3,18.5,17.82033898305085,17.1,353.0,17.7,64.0
61963,195,19.3,18.5,17.821052631578947,16.6,278.0,17.7,64.0
62863,195,19.3,18.5,17.836666666666666,15.9,213.0,17.7,68.0
63763,195,19.3,18.5,17.996875,15.5,192.0,17.7,69.0
64663,195,19.3,18.5,18.0,15.1,132.0,16.1,71.0
65563,195,19.3,18.5,18.0,14.8,132.0,17.7,72.0
66463,195,19.22903225806452,18.5,18.0,14.6,162.0,16.1,74.0
67363,195,19.213461538461537,18.5,18.0,14.4,120.0,19.3,74.0
68263,195,19.3,18.5,18.0,13.4,86.0,16.1,83.0
69163,195,19.272222222222226,18.5,18.0,13.2,102.0,11.3,86.0
70063,195,19.2,18.5,17.90344827586207,13.2,81.0,14.5,83.0
70963,195,19.2,18.5,17.803389830508472,13.2,54.0,12.9,84.0
71863,195,19.2,18.5,17.8,13.1,54.0,14.5,85.0
72763,195,19.2,18.5,17.837735849056603,13.1,56.0,12.9,84.0
73663,195,19.2,18.5,17.96363636363636,12.9,16.0,12.9,85.0
74563,195,19.2,18.5,18.0,12.7,9.0,9.7,86.0
75463,195,19.2,18.5,18.0,12.5,0.0,11.3,87.0
76363,195,19.145,18.5,17.99344262295082,12.4,5.0,14.5,87.0
77263,195,19.1,18.5,17.826666666666668,12.2,0.0,12.9,88.0
78163,195,19.1,18.5,17.886153846153846,12.1,4.0,11.3,89.0
79063,195,21.098333333333333,18.86029411764705,18.29705882352941,12.1,0.0,9.7,89.0
79963,195,21.44761904761905,19.0,18.39538461538461,12.1,0.0,4.8,89.0
80863,195,20.787692307692307,19.0,18.3,12.3,0.0,12.9,89.0
81763,195,20.307462686567163,19.0,18.16111111111111,12.4,0.0,12.9,89.0
82663,195,19.969117647058823,18.99264705882353,18.0,12.4,0.0,12.9,89.0
83563,195,19.63432835820896,18.623076923076923,18.0,12.4,0.0,12.9,90.0
84463,195,19.3328125,18.5,18.0,12.4,0.0,16.1,90.0
85363,195,19.161016949152543,18.5,18.0,12.2,0.0,16.1,91.0
86263,195,19.06346153846154,18.5,18.0,12.4,0.0,16.1,90.0
763,196,19.0,18.5,18.0,12.4,0.0,17.7,90.0
1663,196,19.0,18.5,18.0,12.5,0.0,12.9,90.0
2563,196,18.964615384615385,18.5,18.0,12.6,0.0,16.1,90.0
3463,196,18.9,18.5,18.0,12.7,0.0,12.9,90.0
4363,196,18.9,18.5,18.0,12.8,0.0,12.9,89.0
5263,196,18.9,18.5,17.919999999999998,12.8,0.0,11.3,90.0
6163,196,18.9,18.5,17.847058823529412,12.8,0.0,16.1,91.0
7063,196,18.9,18.5,17.8,12.4,0.0,16.1,93.0
7963,196,18.9,18.5,17.8,12.3,0.0,16.1,93.0
8863,196,18.9,18.5,17.8,12.4,0.0,16.1,93.0
9763,196,18.9,18.5,17.8,12.5,0.0,19.3,92.0
10663,196,18.9,18.5,17.8,12.7,0.0,17.7,92.0
11563,196,18.9,18.5,17.8,12.7,0.0,16.1,92.0
12463,196,18.9,18.5,17.8,12.8,0.0,17.7,92.0
13363,196,18.9,18.5,17.8,12.9,0.0,14.5,92.0
14263,196,18.9,18.5,17.8,13.1,0.0,17.7,91.0
15163,196,18.9,18.5,17.8,13.1,0.0,17.7,91.0
16063,196,18.9,18.5,17.8,13.2,0.0,16.1,92.0
16963,196,18.9,18.5,17.8,13.2,0.0,16.1,92.0
17863,196,18.9,18.5,17.8,13.3,0.0,16.1,91.0
18763,196,18.9,18.5,17.8,13.4,12.0,16.1,92.0
19663,196,18.9,18.5,17.8,13.5,18.0,12.9,91.0
20563,196,18.9,18.5,17.8,13.7,25.0,16.1,91.0
21463,196,18.9,18.5,17.8,13.8,40.0,16.1,91.0
22363,196,18.9,18.5,17.8,13.9,42.0,14.5,91.0
23263,196,18.9,18.5,17.8,14.1,44.0,12.9,90.0
24163,196,18.9,18.5,17.8,14.2,61.0,8.0,91.0
25063,196,18.9,18.5,17.8,14.4,69.0,9.7,91.0
25963,196,18.9,18.5,17.8,14.6,62.0,9.7,91.0
26863,196,18.984615384615385,18.5,17.8,14.6,69.0,11.3,90.0
27763,196,19.0,18.5,17.8,14.7,81.0,8.0,90.0
28663,196,19.0,18.5,17.8,14.9,107.0,11.3,90.0
29563,196,19.0,18.5,17.8,15.1,104.0,12.9,90.0
30463,196,19.0,18.5,17.8,15.1,46.0,11.3,89.0
31363,196,19.0,18.5,17.8,15.0,83.0,9.7,91.0
32263,196,19.0,18.5,17.8,15.3,160.0,11.3,91.0
33163,196,18.99242424242424,18.5,17.8,15.4,160.0,14.5,90.0
34063,196,18.921666666666667,18.5,17.8,15.4,146.0,17.7,90.0
34963,196,18.940625,18.5,17.8,15.6,182.0,19.3,90.0
35863,196,18.90153846153846,18.5,17.8,15.6,144.0,14.5,90.0
36763,196,18.9,18.5,17.8,15.6,149.0,19.3,92.0
37663,196,18.901666666666667,18.5,17.8,15.6,144.0,22.5,92.0
38563,196,18.901666666666667,18.5,17.8,15.6,154.0,20.9,93.0
39463,196,18.90952380952381,18.5,17.8,15.7,197.0,19.3,93.0
40363,196,18.99206349206349,18.5,17.8,15.8,206.0,20.9,92.0
41263,196,19.0,18.5,17.8,16.3,214.0,17.7,91.0
42163,196,19.0,18.5,17.8,16.5,226.0,22.5,90.0
43063,196,19.0,18.5,17.8,16.8,294.0,25.7,90.0
43963,196,19.0,18.5,17.8,16.9,165.0,24.1,90.0
44863,196,19.07230769230769,18.5,17.8,17.2,294.0,25.7,90.0
45763,196,19.1,18.5,17.8,17.5,341.0,22.5,90.0
46663,196,19.1,18.5,17.8,17.8,366.0,22.5,89.0
47563,196,19.1453125,18.5,17.8,18.2,330.0,24.1,88.0
48463,196,19.2,18.5,17.8,18.9,418.0,24.1,86.0
49363,196,19.2,18.5,17.8,19.2,575.0,25.7,85.0
50263,196,19.281132075471696,18.5,17.8,19.3,473.0,25.7,85.0
51163,196,19.3,18.5,17.8,19.2,492.0,25.7,86.0
52063,196,19.3,18.5,17.8,19.9,642.0,25.7,82.0
52963,196,19.3,18.5,17.8,20.0,514.0,20.9,84.0
53863,196,19.3,18.5,17.8,20.3,599.0,24.1,83.0
54763,196,19.3,18.5,17.8,20.6,671.0,24.1,82.0
55663,196,19.307142857142857,18.5,17.930232558139533,20.2,557.0,27.4,83.0
56563,196,20.5,18.5,18.0,19.9,401.0,24.1,84.0
57463,196,20.23709677419355,18.78030303030303,18.113636363636363,18.9,237.0,24.1,90.0
58363,196,19.95846153846154,18.846774193548388,18.033870967741937,18.9,239.0,20.9,90.0
59263,196,19.770909090909093,18.629310344827587,18.005172413793105,18.6,229.0,20.9,90.0
60163,196,19.649253731343286,18.5,18.0,18.7,128.0,20.9,89.0
61063,196,19.5203125,18.5,18.0,19.2,171.0,30.6,87.0
61963,196,19.42537313432836,18.5,18.0,19.4,153.0,30.6,86.0
62863,196,19.38030303030304,18.5,18.0,19.3,111.0,32.2,86.0
63763,196,19.3,18.5,18.0,19.2,81.0,29.0,88.0
64663,196,19.3,18.5,18.0,18.4,49.0,24.1,93.0
65563,196,19.287692307692307,18.5,18.0,17.7,42.0,22.5,94.0
66463,196,19.2,18.5,18.0,16.6,56.0,20.9,95.0
67363,196,19.2,18.5,18.0,16.4,46.0,14.5,96.0
68263,196,19.2,18.5,18.0,15.9,51.0,19.3,96.0
69163,196,19.2,18.5,18.0,15.7,26.0,22.5,95.0
70063,196,19.2,18.5,18.0,15.6,19.0,20.9,95.0
70963,196,19.2,18.5,18.0,15.6,25.0,22.5,95.0
71863,196,19.2,18.5,18.0,15.6,35.0,20.9,94.0
72763,196,19.2,18.5,18.0,15.7,83.0,20.9,94.0
73663,196,19.1671875,18.5,18.0,15.9,40.0,20.9,92.0
74563,196,19.1,18.5,18.0,15.8,18.0,22.5,92.0
75463,196,19.1,18.5,18.0,15.6,11.0,17.7,93.0
76363,196,19.1,18.5,18.0,15.4,7.0,19.3,91.0
77263,196,19.1,18.5,18.0,15.2,5.0,22.5,90.0
78163,196,19.1,18.5,18.0,15.1,7.0,20.9,90.0
79063,196,19.1,18.5,18.0,14.9,0.0,19.3,90.0
79963,196,19.286764705882355,18.74561403508772,18.121052631578948,14.6,0.0,19.3,90.0
80863,196,19.3,19.0,18.3,14.3,0.0,16.1,91.0
81763,196,19.279661016949152,18.962686567164177,18.102985074626865,14.2,0.0,17.7,91.0
82663,196,19.2,18.525,18.0,13.8,0.0,12.9,90.0
83563,196,19.2,18.5,18.0,13.7,0.0,12.9,90.0
84463,196,19.14406779661017,18.5,18.0,13.3,0.0,19.3,91.0
85363,196,19.1,18.5,18.0,13.3,0.0,17.7,91.0
86263,196,19.1,18.5,17.991176470588236,13.2,0.0,14.5,91.0
763,197,19.05396825396825,18.5,17.926153846153845,13.0,0.0,17.7,91.0
1663,197,19.0,18.5,17.85483870967742,12.7,0.0,14.5,90.0
2563,197,19.0,18.5,17.80923076923077,12.4,0.0,16.1,91.0
3463,197,19.0,18.5,17.8,12.2,0.0,16.1,90.0
4363,197,19.0,18.5,17.8,12.0,0.0,16.1,91.0
5263,197,19.0,18.5,17.8,11.8,0.0,19.3,90.0
6163,197,18.963492063492065,18.5,17.8,12.0,0.0,19.3,89.0
7063,197,18.9,18.5,17.8,12.0,0.0,17.7,87.0
7963,197,18.9,18.5,17.8,11.9,0.0,20.9,88.0
8863,197,18.9,18.5,17.8,11.7,0.0,19.3,89.0
9763,197,18.9,18.5,17.8,11.9,0.0,19.3,89.0
10663,197,18.9,18.5,17.8,11.9,0.0,17.7,89.0
11563,197,18.9,18.5,17.8,11.8,0.0,19.3,88.0
12463,197,18.9,18.5,17.8,11.9,0.0,19.3,87.0
13363,197,18.8625,18.5,17.8,11.9,0.0,19.3,88.0
14263,197,18.8,18.5,17.8,11.9,0.0,19.3,88.0
15163,197,18.8,18.5,17.8,11.8,0.0,16.1,89.0
16063,197,18.8,18.5,17.8,11.5,0.0,14.5,90.0
16963,197,18.8,18.5,17.8,11.3,0.0,17.7,89.0
17863,197,18.8,18.5,17.8,11.2,5.0,16.1,89.0
18763,197,18.8,18.5,17.8,11.1,9.0,16.1,90.0
19663,197,18.8,18.5,17.8,11.2,16.0,16.1,90.0
20563,197,18.8,18.5,17.8,11.6,26.0,17.7,88.0
21463,197,18.8,18.5,17.8,11.7,39.0,19.3,88.0
22363,197,18.810769230769232,18.5,17.8,11.8,39.0,17.7,88.0
23263,197,18.952238805970147,18.5,17.8,12.1,46.0,17.7,88.0
24163,197,19.0,18.5,17.8,12.1,58.0,17.7,88.0
25063,197,19.00677966101695,18.5,17.8,12.3,60.0,19.3,88.0
25963,197,19.33809523809524,18.5,17.984126984126984,12.3,83.0,16.1,88.0
26863,197,19.5,18.5,18.0,12.6,125.0,16.1,87.0
27763,197,19.465151515151515,18.5,17.987692307692306,12.8,130.0,14.5,86.0
28663,197,19.4,18.5,17.83661971830986,13.1,37.0,12.9,82.0
29563,197,19.3,18.5,17.8,13.2,86.0,14.5,80.0
30463,197,19.232835820895524,18.5,17.8,13.6,158.0,16.1,78.0
31363,197,19.2,18.5,17.8,13.5,178.0,20.9,77.0
32263,197,19.2,18.5,17.8,13.4,176.0,20.9,75.0
33163,197,19.2,18.5,17.8,13.6,125.0,22.5,73.0
34063,197,19.14264705882353,18.5,17.8,14.0,288.0,19.3,74.0
34963,197,18.94179104477612,18.475806451612904,17.616129032258065,13.7,167.0,16.1,76.5
35863,197,18.79846153846153,18.016129032258064,17.5,13.2,364.0,16.1,81.0
36763,197,18.6796875,18.0,17.384848484848483,14.2,740.0,17.7,77.0
37663,197,18.6,18.0,17.30625,14.7,698.0,22.5,75.0
38563,197,18.53015873015873,18.0,17.423529411764708,14.7,165.0,19.3,73.0
39463,197,18.5,18.0,17.33214285714286,14.2,188.0,16.1,73.0
40363,197,18.43684210526316,18.0,17.331746031746032,14.3,190.0,20.9,75.0
41263,197,18.38888888888889,18.0,17.3,15.1,218.0,19.3,68.0
42163,197,18.3203125,18.0,17.3,14.8,243.0,17.7,71.0
43063,197,18.3,18.0,17.3,14.4,976.0,22.5,73.0
43963,197,18.3203125,18.0,17.3,15.2,773.0,22.5,69.0
44863,197,18.4,18.0,17.334482758620688,15.9,997.0,24.1,61.0
45763,197,18.4,18.0,17.361290322580647,16.4,1013.0,22.5,64.0
46663,197,18.4,18.0,17.487301587301587,15.3,434.0,22.5,65.0
47563,197,18.46923076923077,18.0,17.5,16.0,905.0,22.5,67.0
48463,197,18.54927536231884,18.09322033898305,17.5,16.4,204.0,19.3,63.0
49363,197,18.6,18.17741935483871,17.5,16.7,179.0,16.1,64.0
50263,197,18.6,18.063492063492063,17.5,16.8,243.0,17.7,61.0
51163,197,18.54615384615385,18.0,17.5,16.7,272.0,19.3,59.0
52063,197,18.5,18.0,17.5,17.2,889.0,19.3,62.0
52963,197,18.521875,18.0,17.5,17.6,909.0,19.3,60.0
53863,197,18.6,18.0,17.5,17.3,800.0,22.5,58.0
54763,197,18.67391304347825,18.00625,17.5,16.5,847.0,24.1,62.0
55663,197,18.7,18.0,17.5,17.6,802.0,24.1,58.0
56563,197,18.76206896551724,18.12903225806452,17.5,17.2,769.0,25.7,58.0
57463,197,18.7,18.17910447761194,17.5,16.2,290.0,22.5,60.0
58363,197,18.674,18.15384615384616,17.5,16.4,213.0,24.1,60.0
59263,197,18.67714285714285,18.12878787878788,17.5,15.9,158.0,20.9,64.0
60163,197,18.6,18.046875,17.5,15.7,213.0,22.5,65.0
61063,197,18.611290322580647,18.047619047619047,17.5,15.7,206.0,17.7,66.0
61963,197,18.6,18.0,17.5,15.7,160.0,19.3,66.0
62863,197,18.6,18.02941176470588,17.5,16.1,169.0,19.3,64.0
63763,197,18.6,18.05223880597015,17.5,15.9,198.0,22.5,63.0
64663,197,18.6,18.08955223880597,17.5,15.9,566.0,20.9,65.0
65563,197,18.6,18.3015873015873,17.5,16.1,199.0,22.5,64.0
66463,197,18.6,18.133333333333333,17.5,16.3,497.0,16.1,65.0
67363,197,18.6,18.05,17.5,16.3,282.0,17.7,64.0
68263,197,18.6,18.008064516129032,17.5,16.2,301.0,22.5,64.0
69163,197,18.6,18.0703125,17.5,16.0,109.0,20.9,64.0
70063,197,18.6,18.01639344262295,17.5,16.1,283.0,17.7,65.0
70963,197,18.6,18.008333333333333,17.5,15.8,192.0,16.1,66.0
71863,197,18.535820895522388,18.0,17.5,15.1,137.0,17.7,68.0
72763,197,18.5,18.0,17.5,14.4,35.0,19.3,70.0
73663,197,18.5,18.0,17.5,14.1,54.0,17.7,72.0
74563,197,18.5,18.0,17.496875,13.8,35.0,16.1,73.0
75463,197,18.42333333333333,18.0,17.316129032258065,13.5,28.0,14.5,75.0
76363,197,18.4,18.0,17.3,13.1,12.0,14.5,77.0
77263,197,18.4,18.0,17.3,12.7,9.0,12.9,78.0
78163,197,18.4,18.0,17.3,12.6,5.0,9.7,78.0
79063,197,18.47230769230769,18.0,17.441176470588236,12.4,0.0,11.3,79.0
79963,197,18.5,18.0,17.5,12.3,0.0,11.3,79.0
80863,197,18.45263157894737,18.0,17.488235294117647,11.9,0.0,14.5,81.0
81763,197,18.4,18.0,17.36875,11.8,0.0,16.1,81.0
82663,197,18.4,18.0,17.3,11.7,0.0,17.7,82.0
83563,197,18.4,18.0,17.3,11.6,0.0,20.9,82.0
84463,197,18.38360655737705,18.0,17.3,11.5,0.0,22.5,83.0
85363,197,18.3,18.0,17.3,11.6,0.0,20.9,82.0
86263,197,18.3,18.0,17.3,11.5,0.0,20.9,82.0
763,198,18.3,18.0,17.3,11.6,0.0,20.9,82.0
1663,198,18.3,18.0,17.3,11.7,0.0,19.3,82.0
2563,198,18.3,18.0,17.3,11.9,0.0,22.5,82.0
3463,198,18.3,18.0,17.3,11.9,0.0,22.5,83.0
4363,198,18.261904761904763,18.0,17.3,12.1,0.0,24.1,84.0
5263,198,18.2,18.0,17.3,12.1,0.0,25.7,84.0
6163,198,18.2,18.0,17.3,11.9,0.0,24.1,85.0
7063,198,18.2,18.0,17.3,11.8,0.0,24.1,85.0
7963,198,18.2,18.0,17.3,11.7,0.0,24.1,86.0
8863,198,18.2,18.0,17.3,11.5,0.0,25.7,88.0
9763,198,18.2,18.0,17.3,11.5,0.0,24.1,88.0
10663,198,18.2,18.0,17.3,11.7,0.0,24.1,89.0
11563,198,18.2,18.0,17.3,11.8,0.0,27.4,89.0
12463,198,18.2,18.0,17.3,11.9,0.0,27.4,88.0
13363,198,18.148333333333333,18.0,17.3,12.1,0.0,24.1,89.0
14263,198,18.1,18.0,17.3,12.2,0.0,22.5,89.0
15163,198,18.1,18.0,17.295774647887324,12.3,0.0,27.4,88.0
16063,198,18.1,18.0,17.286956521739132,12.2,0.0,24.1,89.0
16963,198,18.1,18.0,17.201492537313435,12.2,0.0,22.5,89.0
17863,198,18.1,18.0,17.14776119402985,12.2,7.0,17.7,89.0
18763,198,18.18548387096774,18.0,17.28181818181818,12.3,12.0,19.3,88.0
19663,198,18.31311475409836,18.0,17.3,12.4,14.0,25.7,87.0
20563,198,18.489655172413794,18.0,17.396875,12.4,15.0,27.4,86.0
21463,198,18.626984126984127,18.0,17.49298245614035,12.4,23.0,25.7,85.0
22363,198,19.607017543859648,18.216666666666665,17.62333333333333,12.4,26.0,24.1,84.0
23263,198,19.33809523809524,18.5,17.812698412698413,12.6,30.0,29.0,84.0
24163,198,19.3,18.5,17.8,12.7,33.0,25.7,84.0
25063,198,19.35892857142857,18.5,17.8,12.9,40.0,24.1,84.0
25963,198,19.3,18.4921875,17.7390625,13.0,44.0,24.1,84.0
26863,198,19.3,18.295454545454547,17.513636363636362,13.2,49.0,25.7,84.0
27763,198,19.3,18.0078125,17.5,13.6,54.0,27.4,83.0
28663,198,19.3,18.0,17.5,13.7,54.0,25.7,82.0
29563,198,19.24285714285714,18.0,17.5,13.9,69.0,27.4,81.0
30463,198,19.196721311475407,18.0,17.5,14.2,65.0,27.4,80.0
31363,198,19.1,18.0,17.5,14.3,72.0,24.1,80.0
32263,198,19.02272727272728,18.0,17.5,14.6,93.0,29.0,79.0
33163,198,19.0,18.0,17.5,14.8,74.0,29.0,78.0
34063,198,18.99848484848485,18.0,17.5,15.1,123.0,30.6,77.0
34963,198,18.92950819672131,18.0,17.5,15.3,530.0,29.0,78.0
35863,198,18.9,18.0,17.5,15.6,603.0,24.1,76.0
36763,198,18.9,18.0,17.5,15.8,624.0,25.7,75.0
37663,198,18.9,18.0,17.5,16.6,698.0,19.3,75.0
38563,198,18.9,18.0,17.5,16.4,677.0,22.5,73.0
39463,198,18.9,18.0,17.5,17.1,698.0,22.5,72.0
40363,198,18.9,18.0,17.5,17.1,710.0,22.5,71.0
41263,198,18.9,18.0,17.5,17.5,737.0,22.5,69.0
42163,198,18.9,18.0,17.5,17.4,749.0,25.7,70.0
43063,198,18.9,18.01492537313433,17.5,18.4,772.0,20.9,68.0
43963,198,18.9,18.10606060606061,17.5,18.4,784.0,20.9,67.0
44863,198,18.9,18.166666666666664,17.5,18.2,786.0,27.4,67.0
45763,198,18.9,18.31060606060606,17.5,18.3,807.0,24.1,69.0
46663,198,18.9,18.407692307692308,17.5,18.9,816.0,22.5,68.0
47563,198,18.9,18.49180327868853,17.5,18.9,814.0,20.9,68.0
48463,198,18.9,18.49230769230769,17.5,19.1,810.0,24.1,65.0
49363,198,18.9,18.5,17.5,19.1,814.0,25.7,64.0
50263,198,18.9,18.5,17.5046875,19.5,807.0,24.1,64.0
51163,198,18.9,18.5,17.561764705882354,19.7,798.0,22.5,62.0
52063,198,18.9,18.5,17.587096774193547,20.2,784.0,20.9,63.0
52963,198,18.9,18.5,17.7203125,20.2,778.0,20.9,61.0
53863,198,18.9,18.5,17.756451612903227,19.8,754.0,22.5,62.0
54763,198,18.9,18.5,17.78,20.1,740.0,19.3,61.0
55663,198,18.9,18.5,17.8,20.4,722.0,20.9,60.0
56563,198,18.958064516129035,18.5,17.8,20.7,716.0,20.9,58.0
57463,198,19.0,18.5,17.8,20.2,671.0,24.1,61.0
58363,198,19.0,18.5,17.8,20.5,642.0,17.7,60.0
59263,198,19.0,18.5,17.8,20.9,629.0,19.3,60.0
60163,198,19.0,18.5,17.8,21.1,610.0,19.3,60.0
61063,198,19.001818181818184,18.5,17.8,20.9,557.0,19.3,59.0
61963,198,19.1,18.5,17.8,20.8,527.0,17.7,59.0
62863,198,19.1,18.5,17.8,21.1,492.0,19.3,59.0
63763,198,19.18125,18.5,17.8,21.2,454.0,16.1,59.0
64663,198,19.2,18.5,17.8,21.6,429.0,14.5,57.0
65563,198,19.2044776119403,18.5,17.838709677419352,21.4,403.0,14.5,55.0
66463,198,19.29344262295082,18.5,18.0,21.1,357.0,14.5,57.0
67363,198,19.3,18.5,18.0,21.3,334.0,12.9,55.0
68263,198,19.3,18.5,18.0,21.2,281.0,12.9,56.0
69163,198,19.39454545454545,18.5,18.0,20.9,258.0,14.5,57.0
70063,198,19.38939393939394,18.5,18.0,20.7,204.0,14.5,58.0
70963,198,19.3,18.5,17.966153846153848,20.6,179.0,12.9,59.0
71863,198,19.235,18.5,17.815384615384616,19.9,121.0,11.3,61.0
72763,198,19.2,18.5,17.8,19.5,44.0,8.0,63.0
73663,198,19.2,18.5,17.8,19.1,35.0,8.0,65.0
74563,198,19.2,18.5,17.907692307692308,18.8,32.0,11.3,66.0
75463,198,19.2,18.5,17.89090909090909,18.2,21.0,9.7,68.0
76363,198,19.125806451612902,18.5,17.8,17.7,14.0,8.0,69.0
77263,198,19.1,18.5,17.8,17.5,9.0,11.3,69.0
78163,198,19.1,18.5,17.8,17.2,7.0,8.0,70.0
79063,198,19.12,18.5,17.882539682539683,16.8,0.0,11.3,74.0
79963,198,19.2,18.5,18.0,16.6,0.0,12.9,76.0
80863,198,19.2,18.5,18.0,16.2,0.0,11.3,78.0
81763,198,19.122388059701493,18.5,17.96,16.2,0.0,14.5,78.0
82663,198,19.1,18.5,17.80923076923077,15.9,0.0,12.9,79.0
83563,198,19.1,18.5,17.827272727272728,15.7,0.0,12.9,80.0
84463,198,19.053125,18.5,17.876923076923077,15.6,0.0,12.9,79.0
85363,198,19.0,18.5,17.803174603174604,15.5,0.0,11.3,79.0
86263,198,19.11379310344828,18.5,18.0,15.5,0.0,9.7,79.0
763,199,19.2,18.5,18.0,15.3,0.0,9.7,79.0
1663,199,19.2,18.5,18.0,15.2,0.0,8.0,79.0
2563,199,19.2,18.5,18.0,15.3,0.0,8.0,79.0
3463,199,19.2,18.5,18.0,15.2,0.0,11.3,79.0
4363,199,19.2,18.5,18.0,15.0,0.0,9.7,79.0
5263,199,19.2,18.5,18.0,14.9,0.0,8.0,78.0
6163,199,19.2,18.5,18.0,14.9,0.0,8.0,78.0
7063,199,19.2,18.5,18.0,14.7,0.0,4.8,78.0
7963,199,19.2,18.5,18.0,14.6,0.0,8.0,78.0
8863,199,19.2,18.5,18.0,14.5,0.0,6.4,78.0
9763,199,19.2,18.5,18.0,14.4,0.0,6.4,78.0
10663,199,19.2,18.5,18.0,14.3,0.0,4.8,78.0
11563,199,19.19402985074627,18.5,18.0,14.1,0.0,3.2,79.0
12463,199,19.14444444444445,18.5,18.0,12.7,0.0,3.2,83.0
13363,199,19.1,18.5,18.0,11.7,0.0,1.6,87.0
14263,199,19.1,18.5,18.0,11.4,0.0,0.0,88.0
15163,199,19.1,18.5,18.0,11.2,0.0,0.0,89.0
16063,199,19.1,18.5,18.0,11.1,0.0,0.0,88.0
16963,199,19.1,18.5,18.0,10.8,0.0,0.0,89.0
17863,199,19.17301587301588,18.5,18.0,10.7,5.0,0.0,91.0
18763,199,19.2734375,18.69117647058824,18.05294117647059,10.6,9.0,0.0,90.0
19663,199,19.375,18.99206349206349,18.128571428571423,10.5,16.0,1.6,91.0
20563,199,19.4741935483871,18.99242424242424,18.02272727272728,10.7,19.0,0.0,92.0
21463,199,19.635384615384616,19.0,18.20597014925373,11.4,25.0,0.0,90.0
22363,199,19.83125,19.0,18.3,11.3,28.0,0.0,90.0
23263,199,20.035849056603773,18.92727272727273,18.223636363636366,11.4,32.0,0.0,91.0
24163,199,21.184375,19.032258064516128,18.391935483870967,11.7,33.0,0.0,92.0
25063,199,20.986153846153847,19.09848484848485,18.566666666666663,12.1,35.0,0.0,92.0
25963,199,20.65,19.058333333333334,18.5,12.7,39.0,0.0,91.0
26863,199,20.648275862068964,19.0,18.5,14.1,42.0,3.2,86.0
27763,199,20.630000000000003,19.0,18.425,14.9,44.0,6.4,83.0
28663,199,20.6,19.0,18.3,15.7,46.0,8.0,79.0
29563,199,20.559649122807016,19.0,18.3,15.8,47.0,8.0,79.0
30463,199,20.5,19.0,18.3,16.1,49.0,9.7,76.0
31363,199,20.40925925925925,19.0,18.3,16.8,53.0,6.4,75.0
32263,199,20.336956521739133,19.0,18.3,17.4,58.0,8.0,72.0
33163,199,20.284615384615385,19.0,18.3,17.6,62.0,9.7,71.0
34063,199,20.2,19.0,18.3,17.9,61.0,8.0,72.0
34963,199,20.2,19.0,18.3,19.0,557.0,9.7,71.0
35863,199,20.2,19.0,18.3,19.5,591.0,9.7,70.0
36763,199,20.102631578947367,19.0,18.3,20.2,610.0,8.0,68.0
37663,199,20.10833333333333,19.0,18.314035087719297,20.4,647.0,11.3,68.0
38563,199,20.1,19.0,18.3,20.6,658.0,11.3,65.0
39463,199,20.091666666666665,19.0,18.303125,20.0,684.0,12.9,70.0
40363,199,20.029310344827586,19.0,18.35396825396825,20.3,707.0,11.3,70.0
41263,199,20.0,19.0,18.46190476190476,20.0,700.0,12.9,71.0
42163,199,20.0,19.0,18.4968253968254,19.9,737.0,14.5,73.0
43063,199,20.00263157894737,19.0,18.5,20.1,752.0,14.5,72.0
43963,199,20.083076923076923,19.0,18.5,19.7,735.0,16.1,74.0
44863,199,20.1,19.0,18.5,20.1,765.0,14.5,72.0
45763,199,20.1,19.0,18.5,21.2,785.0,12.9,71.0
46663,199,20.1,19.0,18.5,21.6,817.0,12.9,69.0
47563,199,20.118181818181817,19.0,18.5,22.2,814.0,14.5,66.0
48463,199,20.2,19.0,18.5,22.1,816.0,12.9,65.0
49363,199,20.2,19.0,18.5,23.2,818.0,11.3,65.0
50263,199,20.2,19.0,18.5,23.6,798.0,9.7,62.0
51163,199,20.257894736842104,19.03448275862069,18.51551724137931,23.9,846.0,11.3,55.0
52063,199,20.616666666666667,19.5,18.934545454545454,24.4,383.0,12.9,51.0
52963,199,20.85833333333333,19.5,19.0,23.9,218.0,12.9,53.0
53863,199,20.73529411764705,19.5,18.86122448979592,23.6,236.0,12.9,54.0
54763,199,20.7,19.5,18.88888888888889,24.2,809.0,12.9,53.0
55663,199,20.8,19.5,19.0,24.4,766.0,14.5,52.0
56563,199,20.89444444444445,19.5,19.0,24.7,733.0,14.5,51.0
57463,199,20.9,19.5,19.0,24.8,701.0,16.1,53.0
58363,199,20.9,19.5,19.0,24.3,645.0,20.9,55.0
59263,199,20.9,19.5,19.0,24.4,608.0,20.9,56.0
60163,199,20.946666666666665,19.510416666666664,19.06875,24.2,594.0,20.9,57.0
61063,199,20.9,19.51818181818182,19.10363636363636,23.9,536.0,20.9,57.0
61963,199,20.9,19.509090909090908,19.010909090909088,23.7,510.0,22.5,56.0
62863,199,20.9,19.64814814814815,19.1,23.4,473.0,22.5,57.0
63763,199,20.9,19.55172413793104,19.0,23.4,462.0,20.9,57.0
64663,199,20.9,19.61111111111111,19.0,22.9,410.0,20.9,60.0
65563,199,20.9,19.50943396226415,19.0,22.5,383.0,20.9,60.0
66463,199,20.9,19.507692307692302,19.0,22.0,316.0,20.9,62.0
67363,199,20.9,19.50862068965517,19.0,21.9,301.0,20.9,63.0
68263,199,20.8719298245614,19.5,19.0,21.5,271.0,22.5,63.0
69163,199,20.8,19.52542372881356,19.0,21.4,252.0,19.3,64.0
70063,199,20.8,19.5,19.0,20.9,197.0,20.9,65.0
70963,199,20.769491525423728,19.82575757575757,19.0,20.7,186.0,20.9,66.0
71863,199,20.7,19.519230769230766,19.0,19.9,102.0,20.9,66.0
72763,199,20.685,19.5,19.0,19.7,42.0,22.5,67.0
73663,199,20.6,19.613636363636363,19.0,19.2,33.0,22.5,65.0
74563,199,20.6,19.5,19.0,18.7,26.0,19.3,66.0
75463,199,20.535593220338985,19.5,19.0,18.4,21.0,17.7,66.0
76363,199,20.5,19.5,19.0,18.2,14.0,17.7,66.0
77263,199,20.5,19.5,19.0,17.2,9.0,12.9,70.0
78163,199,20.5,19.5,19.0,16.8,5.0,12.9,71.0
79063,199,20.5,19.5,19.0,15.9,0.0,16.1,75.0
79963,199,20.422222222222224,19.5,19.0,15.3,0.0,14.5,77.0
80863,199,20.5,19.56617647058824,19.0,15.0,0.0,14.5,78.0
81763,199,20.5,19.7109375,19.0,14.6,0.0,14.5,80.0
82663,199,20.55396825396825,19.921875,19.0,14.2,0.0,16.1,80.0
83563,199,20.6,20.0,19.219047619047625,14.3,0.0,16.1,80.0
84463,199,20.6,20.0,19.3,13.8,0.0,14.5,81.0
85363,199,20.6,20.0,19.3,13.6,0.0,9.7,82.0
86263,199,20.596969696969698,20.0,19.3,14.4,0.0,17.7,78.0
763,200,20.522058823529413,20.0,19.3,14.1,0.0,20.9,80.0
1663,200,20.5,20.0,19.3,13.4,0.0,17.7,83.0
2563,200,20.5,20.0,19.28636363636364,12.8,0.0,19.3,87.0
3463,200,20.5,20.0,19.29090909090909,12.4,0.0,17.7,89.0
4363,200,20.5,20.0,19.24,12.2,0.0,16.1,90.0
5263,200,20.5,20.0,19.255000000000003,11.9,0.0,12.9,91.0
6163,200,20.5,20.0,19.1828125,11.8,0.0,12.9,92.0
7063,200,20.5,19.99206349206349,19.10952380952381,11.9,0.0,14.5,92.0
7963,200,20.5,20.0,19.040298507462687,12.2,0.0,16.1,92.0
8863,200,20.498214285714287,20.0,19.077272727272728,12.3,0.0,14.5,92.0
9763,200,20.423809523809524,20.0,19.03636363636364,12.2,0.0,11.3,92.0
10663,200,20.4,19.93846153846154,19.01846153846154,12.4,0.0,12.9,92.0
11563,200,20.4,19.808823529411764,19.0,12.4,0.0,12.9,92.0
12463,200,20.4,19.75,19.0,12.6,0.0,9.7,92.0
13363,200,20.4,19.584615384615383,19.0,12.7,0.0,6.4,91.0
14263,200,20.4,19.52941176470588,19.0,12.6,0.0,4.8,92.0
15163,200,20.4,19.507462686567163,19.0,12.6,0.0,3.2,92.0
16063,200,20.4,19.5,19.0,12.7,0.0,9.7,92.0
16963,200,20.4,19.5,19.0,12.9,0.0,11.3,91.0
17863,200,20.4,19.5,19.0,13.1,11.0,9.7,91.0
18763,200,20.4,19.5,19.0,13.1,11.0,11.3,91.0
19663,200,20.4,19.5,19.0,13.3,9.0,12.9,90.0
20563,200,20.4,19.5,19.0,13.4,9.0,11.3,90.0
21463,200,20.4171875,19.516129032258064,19.004838709677426,13.6,21.0,16.1,90.0
22363,200,20.566666666666663,19.72142857142857,19.09857142857143,13.6,33.0,16.1,90.0
23263,200,20.67692307692308,19.8984375,19.0796875,13.8,30.0,16.1,90.0
24163,200,21.33478260869565,20.192307692307693,19.623076923076923,13.8,39.0,16.1,89.0
25063,200,21.024193548387096,20.5,19.984848484848484,14.2,62.0,14.5,88.0
25963,200,21.1515625,20.5,19.80508474576272,14.4,72.0,14.5,88.0
26863,200,21.1,20.1031746031746,19.5,14.9,113.0,17.7,86.0
27763,200,21.00625,20.0,19.325396825396822,15.4,155.0,16.1,85.0
28663,200,20.91343283582089,20.0,19.3,15.2,120.0,17.7,85.0
29563,200,20.83939393939394,20.0,19.27391304347826,15.2,91.0,16.1,87.0
30463,200,20.76764705882353,19.953125,19.1828125,14.8,56.0,17.7,90.0
31363,200,20.7,19.640625,19.0375,14.8,82.0,19.3,90.0
32263,200,20.69607843137255,19.5,19.0,14.9,63.0,16.1,90.0
33163,200,20.6,19.5,19.0,14.8,60.0,16.1,91.0
34063,200,20.6,19.5,19.0,14.8,49.0,17.7,91.0
34963,200,20.558823529411764,19.5,19.0,14.9,44.0,12.9,92.0
35863,200,20.5,19.5,19.0,14.9,39.0,12.9,92.0
36763,200,20.5,19.5,19.0,15.1,49.0,14.5,92.0
37663,200,20.5,19.5,19.0,15.2,118.0,17.7,92.0
38563,200,20.4984375,19.5,19.0,15.3,95.0,19.3,91.0
39463,200,20.491935483870968,19.5,19.0,15.3,77.0,19.3,91.0
40363,200,20.5,19.5,19.0,15.6,142.0,14.5,90.0
41263,200,20.5,19.5,19.0,15.9,272.0,16.1,90.0
42163,200,20.5,19.5,19.0,16.0,168.0,16.1,88.0
43063,200,20.503508771929823,19.507462686567163,19.0,16.1,133.0,19.3,88.0
43963,200,20.59846153846154,19.5,19.0,16.2,153.0,17.7,87.0
44863,200,20.6,19.5,19.0,16.7,169.0,16.1,86.0
45763,200,20.6,19.5,19.0,16.8,229.0,16.1,86.0
46663,200,20.6,19.5,19.0,17.2,132.0,17.7,84.0
47563,200,20.543333333333333,19.5,19.0,17.7,367.0,22.5,82.0
48463,200,20.5,19.5,19.0,17.7,339.0,19.3,82.0
49363,200,20.5,19.5,19.0,17.4,194.0,17.7,82.0
50263,200,20.478571428571428,19.5,19.0,17.3,81.0,16.1,84.0
51163,200,20.4,19.5,19.0,16.9,171.0,17.7,85.0
52063,200,20.4,19.5,19.0,16.8,313.0,20.9,86.0
52963,200,20.4,19.5,19.0,16.3,163.0,24.1,87.0
53863,200,20.3515625,19.5,19.0,15.6,105.0,19.3,90.0
54763,200,20.3,19.5,19.0,15.6,63.0,14.5,91.0
55663,200,20.3,19.5,19.0,15.4,70.0,16.1,91.0
56563,200,20.3,19.5,19.0,15.4,70.0,14.5,92.0
57463,200,20.3,19.5,19.0,15.4,39.0,12.9,91.0
58363,200,20.3,19.5,19.0,15.4,51.0,12.9,92.0
59263,200,20.273333333333333,19.5,19.0,15.3,42.0,14.5,92.0
60163,200,20.2,19.5,19.0,15.4,47.0,12.9,92.0
61063,200,20.2,19.5,19.0,15.4,33.0,14.5,92.0
61963,200,20.2,19.5,19.0,15.2,46.0,12.9,93.0
62863,200,20.2,19.5,19.0,15.2,47.0,12.9,93.0
63763,200,20.2,19.5,19.0,15.2,59.0,9.7,94.0
64663,200,20.2,19.5,19.0,15.2,107.0,14.5,93.0
65563,200,20.2,19.5,18.996296296296297,15.4,86.0,11.3,93.0
66463,200,20.2,19.5,18.99,15.5,47.0,8.0,93.0
67363,200,20.2,19.5,19.0,15.6,23.0,9.7,93.0
68263,200,20.2,19.5,19.0,15.6,14.0,8.0,93.0
69163,200,20.271212121212123,19.5,19.0,15.7,18.0,4.8,93.0
70063,200,20.3,19.5,19.0,15.8,30.0,4.8,93.0
70963,200,20.36875,19.5,19.0,15.8,37.0,9.7,93.0
71863,200,20.4,19.5,19.0,15.6,14.0,4.8,93.0
72763,200,20.4,19.5,19.0,15.3,9.0,6.4,95.0
73663,200,20.4,19.5,19.0,15.2,5.0,1.6,95.0
74563,200,20.392957746478874,19.5,19.0,15.3,14.0,0.0,95.0
75463,200,20.39387755102041,19.5,19.0,15.4,11.0,4.8,95.0
76363,200,20.343103448275865,19.5,19.0,15.3,5.0,6.4,96.0
77263,200,20.3,19.5,19.0,15.3,0.0,1.6,97.0
78163,200,20.3,19.5,19.0,15.4,0.0,1.6,97.0
79063,200,20.23333333333333,19.5,19.0,15.6,0.0,3.2,98.0
79963,200,20.2921875,19.5,19.0,15.5,0.0,6.4,97.0
80863,200,20.369565217391305,19.619402985074625,19.09850746268657,15.4,0.0,6.4,98.0
81763,200,20.4,19.734375,19.225,15.3,0.0,9.7,98.0
82663,200,20.4,19.508196721311474,19.004918032786883,15.3,0.0,8.0,98.0
83563,200,20.4,19.5,19.0,15.3,0.0,9.7,98.0
84463,200,20.384126984126983,19.5,19.0,15.3,0.0,4.8,98.0
85363,200,20.3,19.5,19.0,15.3,0.0,3.2,98.0
86263,200,20.3,19.5,19.0,15.3,0.0,0.0,98.0
763,201,20.3,19.5,19.0,15.3,0.0,3.2,98.0
1663,201,20.3,19.5,19.0,15.4,0.0,1.6,98.0
2563,201,20.253846153846155,19.5,19.0,15.5,0.0,1.6,98.0
3463,201,20.2,19.5,19.0,15.7,0.0,4.8,98.0
4363,201,20.2,19.5,19.0,15.2,0.0,8.0,97.0
5263,201,20.2,19.5,19.0,15.1,0.0,0.0,98.0
6163,201,20.2,19.5,19.0,15.1,0.0,0.0,98.0
7063,201,20.2,19.5,19.0,15.1,0.0,0.0,98.0
7963,201,20.2,19.5,19.0,15.1,0.0,4.8,98.0
8863,201,20.2,19.5,18.99384615384616,14.9,0.0,1.6,98.0
9763,201,20.16212121212121,19.5,18.971875,14.7,0.0,6.4,98.0
10663,201,20.1,19.5,18.9625,14.5,0.0,11.3,97.0
11563,201,20.1,19.5,18.9859649122807,14.2,0.0,11.3,96.0
12463,201,20.1,19.5,18.91272727272728,13.8,0.0,16.1,96.0
13363,201,20.1,19.5,18.835483870967742,13.6,0.0,16.1,96.0
14263,201,20.1,19.5,18.816129032258065,13.3,0.0,9.7,97.0
15163,201,20.1,19.5,18.8,13.1,0.0,12.9,96.0
16063,201,20.03333333333333,19.5,18.8,13.0,0.0,9.7,96.0
16963,201,20.0,19.5,18.8,12.8,0.0,11.3,95.0
17863,201,20.0,19.5,18.8,12.7,0.0,11.3,95.0
18763,201,20.0,19.5,18.8,12.6,0.0,12.9,95.0
19663,201,20.0,19.5,18.8,12.4,5.0,12.9,95.0
20563,201,20.0,19.5,18.8,12.2,12.0,17.7,95.0
21463,201,20.0,19.5,18.8,12.0,11.0,19.3,95.0
22363,201,20.0,19.5,18.8,11.9,18.0,17.7,95.0
23263,201,20.0,19.5,18.8,11.9,46.0,19.3,96.0
24163,201,20.0,19.5,18.8,11.9,32.0,16.1,96.0
25063,201,20.028358208955225,19.5,18.8,11.7,25.0,19.3,95.0
25963,201,20.16060606060606,19.5,18.8671875,11.5,33.0,17.7,95.0
26863,201,20.33731343283582,19.5,18.947692307692307,11.4,53.0,17.7,94.0
27763,201,20.3,19.5,18.8,11.3,62.0,20.9,94.0
28663,201,20.3,19.5,18.8,11.6,102.0,20.9,93.0
29563,201,20.21029411764706,19.5,18.8,11.9,146.0,19.3,92.0
30463,201,20.2,19.5,18.8,11.9,146.0,19.3,91.0
31363,201,20.2,19.5,18.8,12.1,185.0,17.7,92.0
32263,201,20.2,19.5,18.8,12.2,185.0,19.3,90.0
33163,201,20.2,19.5,18.8,12.2,168.0,17.7,89.0
34063,201,20.2,19.5,18.8,12.3,172.0,16.1,89.0
34963,201,20.2,19.5,18.8,12.8,299.0,16.1,87.0
35863,201,20.2,19.5,18.8,12.9,225.0,14.5,85.0
36763,201,20.2,19.5,18.8,12.9,313.0,17.7,85.0
37663,201,20.2,19.5,18.8,14.3,738.0,14.5,81.0
38563,201,20.246376811594203,19.5,18.8,14.3,538.0,17.7,81.0
39463,201,20.2,19.5,18.8,14.1,448.0,19.3,76.0
40363,201,20.2,19.5,18.8,14.5,682.0,19.3,76.0
41263,201,20.2,19.5,18.8,14.1,373.0,24.1,74.0
42163,201,20.2,19.5,18.8,15.1,729.0,17.7,70.0
43063,201,20.2,19.5,18.8,14.4,290.0,22.5,69.0
43963,201,20.2,19.5,18.8,14.6,352.0,20.9,69.0
44863,201,20.2,19.5,18.8,14.9,510.0,16.1,70.0
45763,201,20.2,19.5,18.8,15.1,510.0,17.7,70.0
46663,201,20.2,19.5,18.8,14.7,315.0,19.3,69.0
47563,201,20.2,19.5,18.8,15.8,468.0,16.1,67.0
48463,201,20.2,19.5,18.8,15.3,339.0,17.7,66.0
49363,201,20.2,19.5,18.8,15.5,382.0,19.3,68.0
50263,201,20.136507936507936,19.5,18.8,14.8,243.0,20.9,67.0
51163,201,20.1,19.5,18.8,14.6,292.0,20.9,70.0
52063,201,20.1,19.5,18.8,14.8,225.0,17.7,68.0
52963,201,20.1,19.5,18.8,14.7,195.0,16.1,68.0
53863,201,20.04558823529412,19.5,18.8,14.8,167.0,14.5,68.0
54763,201,20.0,19.5,18.8,14.7,148.0,14.5,68.0
55663,201,20.0,19.5,18.8,14.4,155.0,12.9,69.0
56563,201,20.0,19.5,18.8,14.4,140.0,12.9,69.0
57463,201,20.0,19.5,18.8,13.9,67.0,11.3,77.0
58363,201,20.0,19.5,18.8,13.7,104.0,12.9,77.0
59263,201,20.0,19.5,18.8,13.8,151.0,16.1,77.0
60163,201,20.0,19.5,18.8,13.7,144.0,16.1,77.0
61063,201,20.0,19.5,18.8,13.7,206.0,12.9,77.0
61963,201,20.0,19.5,18.8,14.0,269.0,12.9,75.0
62863,201,20.0,19.5,18.8,14.6,244.0,12.9,71.0
63763,201,20.0,19.5,18.8,14.7,299.0,16.1,70.0
64663,201,20.0,19.5,18.8,14.9,234.0,14.5,69.0
65563,201,20.0,19.5,18.8,14.7,227.0,14.5,68.0
66463,201,20.0,19.5,18.8,14.7,232.0,19.3,69.0
67363,201,19.9875,19.5,18.8,14.7,230.0,17.7,68.0
68263,201,19.901639344262296,19.45384615384616,18.63846153846153,15.2,292.0,14.5,67.0
69163,201,19.9,19.363636363636363,18.5,15.3,179.0,16.1,65.0
70063,201,19.9,19.25,18.5,15.1,180.0,16.1,64.0
70963,201,19.804285714285715,19.0,18.35,14.8,145.0,12.9,65.0
71863,201,19.749295774647887,19.0,18.3,14.3,63.0,8.0,66.0
72763,201,19.7,19.0,18.30588235294117,14.1,53.0,4.8,68.0
73663,201,19.7,19.0,18.357142857142858,13.7,49.0,6.4,66.0
74563,201,19.7,19.0,18.5,13.4,18.0,8.0,69.0
75463,201,19.7,19.014492753623188,18.5,12.7,11.0,14.5,74.0
76363,201,19.7,19.0,18.5,12.3,7.0,17.7,78.0
77263,201,19.7,19.0,18.5,12.1,5.0,19.3,78.0
78163,201,19.655223880597013,19.0,18.5,12.2,0.0,20.9,79.0
79063,201,19.6,19.0,18.494366197183098,12.1,0.0,20.9,77.0
79963,201,19.6,19.0,18.37536231884058,12.1,0.0,19.3,77.0
80863,201,19.54583333333333,19.0,18.332876712328765,11.9,0.0,16.1,79.0
81763,201,19.56142857142857,19.0,18.430434782608696,11.8,0.0,16.1,78.0
82663,201,19.6,19.0,18.5,11.7,0.0,16.1,79.0
83563,201,19.546268656716418,19.0,18.425,11.4,0.0,16.1,81.0
84463,201,19.5,19.0,18.3,11.2,0.0,14.5,81.0
85363,201,19.5,19.0,18.3,11.1,0.0,14.5,78.0
86263,201,19.453125,19.0,18.3,11.1,0.0,14.5,82.0
763,202,19.4,19.0,18.3,10.8,0.0,12.9,83.0
1663,202,19.4,19.0,18.3,10.8,0.0,11.3,82.0
2563,202,19.4,19.0,18.3,10.9,0.0,11.3,82.0
3463,202,19.320289855072463,19.0,18.3,10.7,0.0,1.6,83.0
4363,202,19.3,19.0,18.29558823529412,10.2,0.0,1.6,84.0
5263,202,19.3,19.0,18.201639344262297,9.5,0.0,3.2,88.0
6163,202,19.3,19.0,18.017391304347825,9.2,0.0,4.8,89.0
7063,202,19.297014925373134,19.0,18.0,8.8,0.0,3.2,90.0
7963,202,19.2,19.0,18.0,8.4,0.0,4.8,91.0
8863,202,19.2,18.99242424242424,18.0,8.1,0.0,4.8,92.0
9763,202,19.2,18.833333333333336,18.0,8.2,0.0,6.4,92.0
10663,202,19.2,18.55797101449276,18.0,8.5,0.0,11.3,91.0
11563,202,19.131818181818183,18.53521126760564,18.0,9.4,0.0,12.9,91.0
12463,202,19.1,18.5,18.0,9.8,0.0,8.0,89.0
13363,202,19.1,18.5,18.0,9.6,0.0,4.8,90.0
14263,202,19.1,18.5,18.0,9.2,0.0,4.8,91.0
15163,202,19.1,18.5,18.0,8.9,0.0,6.4,92.0
16063,202,19.1,18.5,18.0,8.4,0.0,8.0,93.0
16963,202,19.1,18.5,18.0,8.5,0.0,11.3,93.0
17863,202,19.047826086956523,18.5,17.997014925373133,8.5,16.0,9.7,93.0
18763,202,19.0,18.5,17.935294117647057,8.7,26.0,8.0,93.0
19663,202,19.06615384615385,18.56716417910448,17.97910447761194,9.2,25.0,9.7,92.0
20563,202,19.1,18.5,18.0,9.4,28.0,9.7,91.0
21463,202,19.07878787878788,18.5,18.0,9.6,37.0,8.0,92.0
22363,202,19.0,18.5,17.976470588235294,9.6,58.0,8.0,93.0
23263,202,19.0,18.5,17.873529411764707,9.7,26.0,12.9,92.0
24163,202,19.0,18.5,17.931343283582088,9.8,27.0,12.9,91.0
25063,202,19.882608695652173,18.639705882352946,17.975,9.9,30.0,12.9,91.0
25963,202,20.20144927536232,19.0,18.403030303030302,9.9,19.0,11.3,91.0
26863,202,19.94848484848485,19.0,18.03970588235294,10.1,47.0,6.4,91.0
27763,202,19.72463768115941,18.75735294117647,18.0,10.2,57.0,6.4,91.0
28663,202,19.52769230769231,18.5,18.0,10.9,105.0,6.4,90.0
29563,202,19.40147058823529,18.5,18.0,11.2,176.0,8.0,88.0
30463,202,19.36857142857143,18.5,18.0,12.2,151.0,14.5,84.0
31363,202,19.3,18.5,18.0,12.5,206.0,16.1,83.0
32263,202,19.3,18.5,18.0,13.1,211.0,16.1,82.0
33163,202,19.3,18.5,18.0,13.3,185.0,17.7,83.0
34063,202,19.3,18.5,18.0,13.3,230.0,17.7,83.0
34963,202,19.23134328358209,18.5,18.0,13.4,137.0,17.7,82.0
35863,202,19.2,18.5,18.0,13.4,225.0,19.3,84.0
36763,202,19.2,18.5,18.0,13.9,462.0,19.3,83.0
37663,202,19.2,18.5,18.0,14.1,304.0,19.3,83.0
38563,202,19.2,18.5,17.996969696969696,14.2,294.0,20.9,83.0
39463,202,19.2,18.5,17.945454545454545,14.1,156.0,17.7,84.0
40363,202,19.2,18.5,17.91044776119403,14.3,297.0,16.1,84.0
41263,202,19.2,18.5,17.982089552238808,14.9,144.0,16.1,82.0
42163,202,19.2,18.5,17.99402985074627,14.9,216.0,12.9,83.0
43063,202,19.2,18.5,17.908823529411766,15.2,218.0,20.9,82.0
43963,202,19.14558823529412,18.5,17.82898550724638,15.4,287.0,22.5,81.0
44863,202,19.1,18.5,17.8,15.6,274.0,20.9,81.0
45763,202,19.1,18.5,17.8,15.5,188.0,22.5,82.0
46663,202,19.1,18.5,17.8,15.7,265.0,19.3,82.0
47563,202,19.1,18.5,17.8,15.8,308.0,24.1,82.0
48463,202,19.1,18.5,17.814705882352943,15.7,155.0,22.5,82.0
49363,202,19.13230769230769,18.5,17.852307692307694,15.8,135.0,22.5,82.0
50263,202,19.2,18.5,17.947692307692307,16.3,197.0,22.5,81.0
51163,202,19.2,18.5,17.985714285714288,16.4,139.0,20.9,81.0
52063,202,19.2,18.5,17.885294117647057,16.8,209.0,19.3,80.0
52963,202,19.13548387096774,18.5,17.809375,17.2,206.0,22.5,78.0
53863,202,19.1,18.5,17.816129032258065,17.4,153.0,20.9,77.0
54763,202,19.1,18.5,17.8231884057971,17.7,162.0,20.9,75.0
55663,202,19.1,18.5,17.811940298507462,17.6,141.0,19.3,76.0
56563,202,19.1,18.5,17.857971014492755,17.5,104.0,16.1,77.0
57463,202,19.1,18.5,17.879411764705882,17.4,169.0,17.7,77.0
58363,202,19.1,18.5,17.944117647058825,17.8,336.0,17.7,77.0
59263,202,19.1,18.5,17.907692307692308,18.5,220.0,16.1,76.0
60163,202,19.1,18.5,17.836363636363636,18.2,192.0,16.1,76.0
61063,202,19.1,18.5,17.826470588235292,17.6,58.0,19.3,78.0
61963,202,19.1,18.5,17.838235294117645,17.7,179.0,17.7,78.0
62863,202,19.1,18.5,17.87272727272727,17.8,105.0,20.9,76.0
63763,202,19.1,18.5,17.896875,17.7,75.0,17.7,77.0
64663,202,19.1,18.5,17.942857142857143,17.5,58.0,22.5,76.0
65563,202,19.1,18.5,17.92727272727273,17.4,97.0,22.5,76.0
66463,202,19.036764705882355,18.5,17.915151515151514,17.5,107.0,22.5,76.0
67363,202,19.0,18.5,17.90909090909091,17.4,111.0,20.9,77.0
68263,202,19.0,18.5,17.885294117647057,17.4,84.0,19.3,76.0
69163,202,19.0,18.5,17.95151515151515,17.3,54.0,14.5,78.0
70063,202,19.0,18.5,17.83283582089552,17.1,51.0,14.5,79.0
70963,202,19.0,18.5,17.803076923076922,16.9,53.0,14.5,79.0
71863,202,19.0,18.5,17.817647058823532,16.7,47.0,14.5,79.0
72763,202,19.0,18.5,17.808823529411764,16.5,47.0,14.5,80.0
73663,202,19.0,18.5,17.921212121212122,16.2,28.0,12.9,81.0
74563,202,19.0,18.5,18.0,16.1,26.0,11.3,81.0
75463,202,18.92295081967213,18.5,17.9625,15.7,21.0,11.3,82.0
76363,202,18.9,18.5,17.885245901639344,15.5,12.0,8.0,83.0
77263,202,18.9,18.5,17.830303030303032,15.3,5.0,6.4,83.0
78163,202,18.9,18.5,17.8,15.1,0.0,3.2,84.0
79063,202,18.9,18.5,17.8,14.7,0.0,1.6,86.0
79963,202,18.9,18.5,17.93220338983051,14.3,0.0,0.0,87.0
80863,202,18.9,18.5,18.0,14.5,0.0,8.0,87.0
81763,202,18.950746268656715,18.537313432835823,18.0268656716418,14.6,0.0,11.3,86.0
82663,202,20.115714285714283,19.115384615384617,18.53846153846154,14.3,0.0,9.7,88.0
83563,202,20.5625,19.01515151515152,18.43939393939394,14.1,0.0,4.8,89.0
84463,202,20.05070422535212,19.0,18.3,13.9,0.0,4.8,89.0
85363,202,19.745454545454542,19.0,18.21363636363636,13.9,0.0,4.8,90.0
86263,202,19.491304347826087,18.99264705882353,18.0,14.1,0.0,6.4,90.0
763,203,19.32878787878788,18.695652173913043,18.0,14.1,0.0,8.0,90.0
1663,203,19.20147058823529,18.5,18.0,13.9,0.0,8.0,90.0
2563,203,19.11159420289855,18.5,18.0,13.9,0.0,8.0,90.0
3463,203,19.04375,18.5,18.0,13.9,0.0,12.9,90.0
4363,203,19.0,18.5,18.0,13.9,0.0,9.7,90.0
5263,203,19.0,18.5,18.0,13.9,0.0,12.9,90.0
6163,203,19.0,18.5,18.0,13.9,0.0,16.1,89.0
7063,203,18.961764705882352,18.5,18.0,13.7,0.0,14.5,90.0
7963,203,18.9,18.5,18.0,13.8,0.0,16.1,89.0
8863,203,18.9,18.5,18.0,13.7,0.0,11.3,89.0
9763,203,18.9,18.5,17.961764705882352,13.6,0.0,12.9,89.0
10663,203,18.9,18.5,17.86060606060606,13.4,0.0,16.1,88.0
11563,203,18.9,18.5,17.805797101449276,13.2,0.0,14.5,89.0
12463,203,18.9,18.5,17.8,12.9,0.0,9.7,90.0
13363,203,18.89855072463768,18.5,17.8,12.9,0.0,9.7,90.0
14263,203,18.83432835820896,18.5,17.8,12.7,0.0,8.0,91.0
15163,203,18.8,18.5,17.8,12.8,0.0,8.0,91.0
16063,203,18.8,18.5,17.8,13.1,0.0,9.7,91.0
16963,203,18.8,18.5,17.8,13.2,0.0,12.9,91.0
17863,203,18.8,18.5,17.8,13.4,0.0,11.3,91.0
18763,203,18.8,18.5,17.8,13.6,0.0,12.9,91.0
19663,203,18.8,18.5,17.8,13.7,12.0,9.7,91.0
20563,203,18.8,18.5,17.8,13.8,12.0,8.0,91.0
21463,203,18.8,18.5,17.8,13.8,16.0,11.3,92.0
22363,203,18.8,18.5,17.8,13.8,11.0,11.3,93.0
23263,203,18.8,18.5,17.8,13.7,18.0,12.9,94.0
24163,203,18.771212121212123,18.5,17.87272727272727,13.8,15.0,11.3,95.0
25063,203,18.625714285714288,18.5,17.8,14.1,16.0,11.3,93.0
25963,203,18.53134328358209,18.5,17.791176470588233,14.3,21.0,11.3,93.0
26863,203,18.468055555555555,18.5,17.716923076923077,14.7,14.0,14.5,91.0
27763,203,18.346969696969698,18.5,17.70735294117647,14.8,28.0,14.5,91.0
28663,203,18.6359375,18.5,17.85,15.0,81.0,16.1,90.0
29563,203,18.7,18.5,17.8,15.1,32.0,17.7,90.0
30463,203,18.7,18.5,17.8,15.0,28.0,16.1,90.0
31363,203,18.7,18.5,17.8,14.9,28.0,12.9,89.0
32263,203,18.7,18.5,17.8,14.9,35.0,14.5,90.0
33163,203,18.7,18.5,17.65,14.9,21.0,14.5,89.0
34063,203,18.7,18.5,17.601470588235294,14.9,44.0,14.5,90.0
34963,203,18.67121212121212,18.46969696969697,17.5,14.7,51.0,16.1,92.0
35863,203,18.6,18.119402985074625,17.5,14.5,54.0,14.5,94.0
36763,203,18.6,18.00735294117647,17.5,14.4,30.0,12.9,95.0
37663,203,18.6,18.0,17.5,14.3,33.0,9.7,96.0
38563,203,18.588059701492536,18.0,17.5,14.2,33.0,11.3,96.0
39463,203,18.5,18.0,17.5,14.2,71.0,11.3,97.0
40363,203,18.5,18.0,17.5,14.2,76.0,12.9,97.0
41263,203,18.5,18.0,17.36769230769231,14.1,81.0,14.5,97.0
42163,203,18.425,18.0,17.3,13.9,62.0,17.7,98.0
43063,203,18.4,18.0,17.3,13.9,40.0,14.5,98.0
43963,203,18.4,18.0,17.3,13.9,90.0,14.5,98.0
44863,203,18.4,18.0,17.3,13.9,60.0,12.9,98.0
45763,203,18.392424242424244,18.0,17.3,13.8,63.0,14.5,98.0
46663,203,18.3,18.0,17.3,13.7,42.0,14.5,97.0
47563,203,18.3,18.0,17.3,13.7,49.0,14.5,97.0
48463,203,18.3,18.0,17.3,13.5,60.0,14.5,98.0
49363,203,18.3,18.0,17.3,13.4,32.0,14.5,98.0
50263,203,18.36764705882353,18.0,17.3,13.1,28.0,12.9,98.0
51163,203,18.4,18.0,17.3,13.1,63.0,14.5,98.0
52063,203,18.4,18.0,17.32089552238806,13.1,51.0,14.5,98.0
52963,203,18.4,18.0,17.471830985915496,13.1,67.0,16.1,98.0
53863,203,18.4,18.0,17.496969696969696,13.0,26.0,17.7,98.0
54763,203,18.4,18.0,17.46,12.9,42.0,17.7,98.0
55663,203,19.239393939393945,18.258064516129032,17.68709677419355,12.7,40.0,14.5,98.0
56563,203,17.753333333333334,18.0,17.213432835820896,12.7,39.0,14.5,98.0
57463,203,17.81904761904762,18.0,17.190140845070424,12.7,19.0,14.5,98.0
58363,203,18.1828125,18.0,17.355072463768117,12.6,23.0,17.7,98.0
59263,203,18.42727272727273,18.086956521739133,17.5,12.6,25.0,14.5,99.0
60163,203,18.5,18.0,17.5,12.8,23.0,14.5,99.0
61063,203,18.5,18.0,17.5,12.9,26.0,12.9,99.0
61963,203,18.5,18.0,17.5,13.2,16.0,14.5,99.0
62863,203,18.5,18.0,17.5,13.1,16.0,11.3,99.0
63763,203,18.5,18.0,17.5,12.9,19.0,12.9,99.0
64663,203,18.49375,18.0,17.5,12.8,19.0,14.5,99.0
65563,203,18.40149253731344,18.0,17.5,12.8,16.0,14.5,99.0
66463,203,18.4,18.0,17.5,12.9,14.0,12.9,99.0
67363,203,18.4,18.0,17.5,12.8,11.0,11.3,99.0
68263,203,18.4,18.0,17.5,12.8,18.0,11.3,99.0
69163,203,18.4,18.0,17.5,12.8,16.0,9.7,99.0
70063,203,18.4,18.0,17.493650793650794,12.8,9.0,9.7,99.0
70963,203,18.375,18.0,17.42727272727273,12.7,6.0,11.3,99.0
71863,203,18.3,18.0,17.381690140845073,12.7,5.0,11.3,99.0
72763,203,18.3,18.0,17.323880597014927,12.7,0.0,9.7,99.0
73663,203,18.3,18.0,17.305797101449276,12.8,0.0,9.7,99.0
74563,203,18.3,18.0,17.3,12.8,0.0,11.3,99.0
75463,203,18.3,18.0,17.3,12.7,0.0,9.7,99.0
76363,203,18.3,18.0,17.3,12.7,0.0,9.7,99.0
77263,203,18.3,18.0,17.3,12.8,0.0,9.7,99.0
78163,203,18.3,18.0,17.3,12.8,0.0,8.0,99.0
79063,203,18.23030303030303,18.0,17.3,12.8,0.0,6.4,99.0
79963,203,18.2,18.0,17.3,12.9,0.0,9.7,99.0
80863,203,18.2,18.0,17.3,12.9,0.0,6.4,99.0
81763,203,18.2,18.0,17.3,12.9,0.0,8.0,99.0
82663,203,18.2,18.0,17.3,12.9,0.0,8.0,99.0
83563,203,18.2,18.0,17.3,13.0,0.0,8.0,99.0
84463,203,18.23846153846154,18.0,17.3,12.9,0.0,8.0,99.0
85363,203,18.3,18.0,17.306349206349207,12.9,0.0,6.4,99.0
86263,203,18.3,18.0,17.3,12.9,0.0,6.4,99.0
763,204,18.3,18.0,17.3,13.0,0.0,6.4,99.0
1663,204,18.22173913043478,18.0,17.3,12.9,0.0,8.0,99.0
2563,204,18.2,18.0,17.3,12.9,0.0,8.0,99.0
3463,204,18.2,18.0,17.3,12.9,0.0,4.8,99.0
4363,204,18.2,18.0,17.3,12.9,0.0,4.8,99.0
5263,204,18.2,18.0,17.3,12.8,0.0,4.8,99.0
6163,204,18.2,18.0,17.3,12.8,0.0,3.2,99.0
7063,204,18.16818181818181,18.0,17.3,12.8,0.0,3.2,99.0
7963,204,18.1,18.0,17.3,12.7,0.0,4.8,99.0
8863,204,18.1,18.0,17.3,12.6,0.0,3.2,99.0
9763,204,18.1,18.0,17.3,12.5,0.0,3.2,99.0
10663,204,18.1,18.0,17.3,12.5,0.0,1.6,99.0
11563,204,18.1,18.0,17.291044776119403,12.6,0.0,1.6,99.0
12463,204,18.1,18.0,17.259090909090908,12.6,0.0,1.6,99.0
13363,204,18.1,17.99122807017544,17.157894736842103,12.6,0.0,1.6,99.0
14263,204,18.1,17.966666666666665,17.035,12.4,0.0,3.2,99.0
15163,204,18.015873015873016,17.985714285714288,17.021428571428572,12.4,0.0,6.4,99.0
16063,204,18.0,17.916666666666664,17.0,12.4,0.0,3.2,99.0
16963,204,18.0,17.77941176470588,17.0,12.5,0.0,3.2,99.0
17863,204,18.0,17.676056338028168,17.0,12.5,0.0,4.8,99.0
18763,204,18.0,17.623076923076923,17.0,12.6,0.0,3.2,99.0
19663,204,18.0,17.565217391304348,17.0,12.6,0.0,4.8,99.0
20563,204,18.0,17.52941176470588,17.0,12.6,0.0,4.8,99.0
21463,204,18.0,17.5078125,17.0,12.6,5.0,1.6,99.0
22363,204,18.0,17.5472972972973,17.0,12.6,7.0,4.8,99.0
23263,204,18.0,17.52307692307692,17.0,12.6,9.0,6.4,99.0
24163,204,18.0,17.5,17.0,12.6,18.0,4.8,99.0
25063,204,18.0,17.5,17.0,12.7,63.0,3.2,99.0
25963,204,18.02058823529412,17.634328358208954,17.05373134328358,12.8,69.0,3.2,99.0
26863,204,18.1774647887324,17.992424242424242,17.28181818181818,12.9,58.0,3.2,99.0
27763,204,18.4536231884058,18.0,17.35373134328358,13.1,83.0,1.6,99.0
28663,204,18.532258064516128,18.0,17.327272727272728,13.1,79.0,1.6,99.0
29563,204,18.43,18.0,17.3,13.2,128.0,0.0,99.0
30463,204,18.358823529411765,18.0,17.3,13.3,91.0,0.0,99.0
31363,204,18.3,18.0,17.3,13.3,90.0,0.0,99.0
32263,204,18.217391304347824,18.0,17.3,13.4,77.0,3.2,99.0
33163,204,18.208219178082192,18.0,17.3,13.6,134.0,3.2,99.0
34063,204,18.11304347826087,17.891304347826086,17.208695652173912,13.4,95.0,3.2,99.0
34963,204,17.75873015873016,17.5,16.975384615384616,13.5,113.0,3.2,99.0
35863,204,17.557575757575755,17.5,16.8,13.7,125.0,3.2,99.0
36763,204,17.65820895522388,17.5,16.83235294117647,13.7,188.0,4.8,99.0
37663,204,17.774603174603175,17.5,16.886153846153846,13.8,83.0,1.6,99.0
38563,204,17.8,17.5,17.0,13.7,54.0,1.6,99.0
39463,204,17.84923076923077,17.5,17.0,13.7,63.0,3.2,99.0
40363,204,17.9,17.5,17.0,13.8,91.0,3.2,99.0
41263,204,17.9,17.5,17.0,13.9,83.0,4.8,99.0
42163,204,17.894117647058824,17.5,17.0,14.1,77.0,4.8,99.0
43063,204,17.76301369863014,17.5,17.0,14.1,37.0,8.0,99.0
43963,204,17.54794520547945,17.5,16.921875,14.0,33.0,8.0,99.0
44863,204,17.213432835820896,17.5,16.795384615384613,14.2,46.0,9.7,99.0
45763,204,16.975714285714286,17.47692307692308,16.504615384615384,14.3,57.0,4.8,99.0
46663,204,16.855223880597016,17.171641791044777,16.5,14.5,30.0,3.2,99.0
47563,204,16.713235294117645,17.0,16.49047619047619,14.2,21.0,9.7,99.0
48463,204,16.6,17.0,16.344117647058823,13.9,37.0,11.3,99.0
49363,204,16.504545454545454,17.0,16.3,13.7,40.0,14.5,99.0
50263,204,16.53,17.0,16.3,13.7,44.0,9.7,99.0
51163,204,16.5859375,17.0,16.3,13.7,26.0,11.3,99.0
52063,204,16.58360655737705,17.0,16.3,13.8,44.0,11.3,99.0
52963,204,16.607692307692307,17.0,16.3,13.7,40.0,9.7,99.0
53863,204,16.915151515151514,17.0,16.484848484848484,13.8,81.0,14.5,99.0
54763,204,17.14179104477612,17.022727272727273,16.5,13.8,125.0,12.9,99.0
55663,204,17.292307692307695,17.453846153846154,16.5,14.0,72.0,6.4,99.0
56563,204,17.4,17.5,16.504615384615384,14.0,58.0,8.0,99.0
57463,204,17.483823529411765,17.5,16.570588235294117,13.9,69.0,9.7,99.0
58363,204,17.5,17.5,16.59130434782609,14.2,262.0,9.7,99.0
59263,204,17.5,17.5,16.62608695652174,14.5,127.0,8.0,99.0
60163,204,17.5578125,17.5,16.707692307692305,14.4,69.0,9.7,98.0
61063,204,17.7,17.5,16.8,14.4,76.0,9.7,98.0
61963,204,17.7,17.5,16.8,14.4,241.0,14.5,98.0
62863,204,17.761971830985917,17.5,16.8,14.2,171.0,12.9,97.0
63763,204,17.719117647058823,17.5,16.8,14.0,118.0,12.9,96.0
64663,204,17.7,17.5,16.8,13.6,32.0,16.1,97.0
65563,204,17.7,17.5,16.8,13.5,19.0,14.5,97.0
66463,204,17.7,17.5,16.8,13.3,7.0,9.7,97.0
67363,204,17.7,17.5,16.8,13.2,0.0,4.8,97.0
68263,204,17.7,17.5,16.8,13.1,9.0,6.4,97.0
69163,204,17.7,17.5,16.8,13.2,11.0,9.7,97.0
70063,204,17.7,17.5,16.8,13.3,14.0,8.0,97.0
70963,204,17.7,17.5,16.8,13.6,16.0,8.0,96.0
71863,204,17.7,17.5,16.8,13.7,9.0,6.4,95.0
72763,204,17.7,17.5,16.8,13.7,11.0,6.4,95.0
73663,204,17.7,17.5,16.8,13.7,0.0,6.4,93.0
74563,204,17.7,17.5,16.8,13.8,9.0,8.0,93.0
75463,204,17.7,17.5,16.8,13.7,11.0,6.4,94.0
76363,204,17.7,17.5,16.8,13.6,7.0,6.4,94.0
77263,204,17.7,17.5,16.8,13.7,0.0,4.8,94.0
78163,204,17.7,17.5,16.8,13.6,0.0,4.8,94.0
79063,204,17.703225806451613,17.5,16.8,13.7,0.0,1.6,94.0
79963,204,17.7609375,17.5,16.8,13.5,0.0,0.0,94.0
80863,204,17.883823529411764,17.5,16.952380952380953,13.4,0.0,3.2,95.0
81763,204,17.9421875,17.5,17.0,13.4,0.0,4.8,95.0
82663,204,17.9,17.5,16.922388059701493,13.4,0.0,4.8,95.0
83563,204,17.890384615384615,17.5,16.80408163265306,13.6,0.0,6.4,94.0
84463,204,17.8,17.5,16.8,13.6,0.0,6.4,94.0
85363,204,17.8,17.5,16.8,13.5,0.0,6.4,95.0
86263,204,17.8,17.5,16.8,13.5,0.0,4.8,94.0
763,205,17.8,17.5,16.8,13.5,0.0,4.8,94.0
1663,205,17.735820895522387,17.5,16.8,13.4,0.0,4.8,93.0
2563,205,17.7,17.5,16.8,13.2,0.0,4.8,94.0
3463,205,17.7,17.5,16.8,13.0,0.0,4.8,94.0
4363,205,17.7,17.5,16.8,13.1,0.0,6.4,94.0
5263,205,17.7,17.5,16.8,13.1,0.0,4.8,93.0
6163,205,17.7,17.5,16.8,13.1,0.0,3.2,92.0
7063,205,17.7,17.5,16.8,12.8,0.0,3.2,93.0
7963,205,17.682352941176468,17.5,16.791044776119403,12.5,0.0,3.2,94.0
8863,205,17.60151515151515,17.5,16.68181818181818,12.5,0.0,3.2,94.0
9763,205,17.6,17.5,16.562686567164178,12.6,0.0,4.8,94.0
10663,205,17.6,17.5,16.504761904761903,12.8,0.0,1.6,94.0
11563,205,17.6,17.5,16.5,12.7,0.0,1.6,93.0
12463,205,17.6,17.5,16.5,12.6,0.0,0.0,94.0
13363,205,17.6,17.5,16.5,12.6,0.0,1.6,95.0
14263,205,17.6,17.491666666666667,16.5,12.4,0.0,0.0,95.0
15163,205,17.6,17.401785714285715,16.5,12.4,0.0,0.0,95.0
16063,205,17.58235294117647,17.338461538461537,16.5,12.2,0.0,0.0,96.0
16963,205,17.503225806451614,17.2265625,16.5,11.9,0.0,1.6,96.0
17863,205,17.563492063492063,17.18939393939394,16.5,11.9,0.0,4.8,96.0
18763,205,17.655384615384616,17.47761194029851,16.508955223880598,12.1,5.0,3.2,95.0
19663,205,17.76875,17.5,16.780645161290323,12.1,9.0,3.2,95.0
20563,205,17.9,17.5,16.8,11.9,10.0,4.8,95.0
21463,205,18.04507042253521,17.5,16.8,11.9,14.0,4.8,95.0
22363,205,18.205797101449274,17.5,16.8,12.2,18.0,4.8,95.0
23263,205,18.3921875,17.5,16.901449275362317,12.3,21.0,3.2,94.0
24163,205,19.19855072463768,17.684615384615384,17.16769230769231,12.5,22.0,1.6,94.0
25063,205,18.788059701492536,17.992753623188406,17.268115942028984,12.9,26.0,3.2,93.0
25963,205,18.61911764705882,17.97761194029851,17.285074626865672,13.2,28.0,3.2,92.0
26863,205,18.86567164179105,18.0,17.41875,13.4,32.0,3.2,92.0
27763,205,18.807352941176468,18.0,17.3,13.6,32.0,3.2,92.0
28663,205,18.8,17.916666666666664,17.29090909090909,13.8,37.0,3.2,89.0
29563,205,18.73333333333333,17.55072463768116,17.108695652173914,14.2,40.0,6.4,86.0
30463,205,18.693939393939395,17.5,17.004285714285714,14.5,44.0,8.0,87.0
31363,205,18.6,17.5,17.0,14.7,42.0,6.4,88.0
32263,205,18.59850746268657,17.5,17.0,14.7,130.0,6.4,89.0
33163,205,18.5,17.5,17.0,14.9,74.0,9.7,87.0
34063,205,18.5,17.5,17.0,15.1,483.0,9.7,87.0
34963,205,18.5,17.5,17.0,15.3,508.0,9.7,88.0
35863,205,18.5,17.5,17.0,15.9,591.0,6.4,84.0
36763,205,18.5,17.5,17.0,16.1,613.0,6.4,84.0
37663,205,18.5,17.5,17.0,16.0,628.0,8.0,82.0
38563,205,18.5,17.5,17.0,16.1,663.0,6.4,81.0
39463,205,18.5,17.5,17.0,15.9,332.0,9.7,79.0
40363,205,18.5,17.5,17.0,16.8,726.0,8.0,79.0
41263,205,18.5,17.5,17.0,16.8,724.0,8.0,78.0
42163,205,18.5,17.5,17.0,17.3,736.0,8.0,76.0
43063,205,18.5,17.5,17.0,17.3,766.0,9.7,75.0
43963,205,18.5,17.5,17.0,17.4,784.0,8.0,73.0
44863,205,18.5,17.5,17.0,17.6,791.0,9.7,70.0
45763,205,18.5,17.5,17.0,17.9,793.0,8.0,73.0
46663,205,18.5,17.514492753623188,17.0,18.6,809.0,9.7,72.0
47563,205,18.5,17.606060606060606,17.0,18.8,717.0,12.9,76.0
48463,205,18.5,17.609375,17.0046875,18.8,798.0,14.5,71.0
49363,205,18.5,17.753968253968253,17.04285714285714,18.9,795.0,12.9,72.0
50263,205,18.5,17.897058823529413,17.14558823529412,18.3,788.0,12.9,69.0
51163,205,18.5,17.953125,17.2390625,18.8,784.0,12.9,68.0
52063,205,18.5,17.992307692307694,17.286153846153844,19.2,773.0,12.9,70.0
52963,205,18.5,18.0,17.3,19.3,767.0,8.0,68.0
53863,205,18.5,17.99206349206349,17.3,19.3,745.0,9.7,67.0
54763,205,18.5,18.0,17.3,19.4,728.0,11.3,72.0
55663,205,18.5,18.0,17.3,19.8,707.0,12.9,67.0
56563,205,18.5,18.0,17.3,19.5,699.0,11.3,67.0
57463,205,18.5,18.0,17.3,19.4,663.0,11.3,68.0
58363,205,18.552857142857142,18.0,17.3,19.2,643.0,14.5,66.0
59263,205,18.6,18.0,17.3,19.0,617.0,14.5,67.0
60163,205,18.6,18.0,17.3,19.1,597.0,12.9,67.0
61063,205,18.6,18.0,17.3,18.9,550.0,14.5,68.0
61963,205,18.6,18.0,17.3,18.2,519.0,14.5,69.0
62863,205,18.6,18.0,17.3,18.4,487.0,14.5,69.0
63763,205,18.6,18.0,17.3,18.1,473.0,16.1,71.0
64663,205,18.6,18.0,17.3,17.7,417.0,16.1,70.0
65563,205,18.6,18.0,17.3,17.5,378.0,16.1,71.0
66463,205,18.565217391304348,18.0,17.3,17.1,343.0,16.1,73.0
67363,205,18.5,18.0,17.3,16.9,328.0,16.1,72.0
68263,205,18.413043478260867,18.0,17.3,16.9,269.0,12.9,73.0
69163,205,18.4,18.0,17.3,16.4,244.0,17.7,75.0
70063,205,18.343478260869567,18.0,17.3,16.2,193.0,14.5,76.0
70963,205,18.3,18.0,17.291304347826088,15.9,165.0,16.1,78.0
71863,205,18.274242424242424,18.73134328358209,17.308955223880595,15.2,39.0,12.9,79.0
72763,205,18.224615384615383,34.46376811594203,27.65217391304348,14.7,32.0,16.1,81.0
73663,205,18.652941176470588,55.93283582089553,50.89850746268657,14.4,26.0,14.5,82.0
74563,205,19.437878787878788,52.8768115942029,49.41884057971014,14.3,25.0,14.5,83.0
75463,205,19.944927536231884,43.8955223880597,39.85820895522388,13.9,14.0,14.5,84.0
76363,205,20.328358208955223,50.82394366197183,46.914084507042254,13.7,11.0,14.5,84.0
77263,205,20.607246376811595,33.93076923076923,30.444615384615386,13.2,5.0,11.3,86.0
78163,205,20.68115942028985,27.037313432835823,25.017910447761192,13.0,1.0,14.5,87.0
79063,205,20.56212121212121,23.383561643835616,22.11917808219178,12.6,0.0,12.9,88.0
79963,205,20.368115942028982,21.539682539682538,20.6936507936508,12.3,0.0,12.9,88.0
80863,205,20.16716417910448,20.643939393939394,19.91818181818181,12.2,0.0,11.3,88.0
81763,205,20.03939393939394,20.09558823529412,19.586764705882352,12.2,0.0,9.7,89.0
82663,205,19.891935483870967,19.580882352941178,19.17205882352941,12.1,0.0,9.7,89.0
83563,205,19.75522388059701,19.47058823529412,18.894117647058824,11.9,0.0,8.0,90.0
84463,205,19.63793103448276,19.0,18.698529411764707,11.9,0.0,11.3,90.0
85363,205,19.51935483870968,19.0,18.5,11.7,0.0,9.7,90.0
86263,205,19.4231884057971,19.0,18.374193548387098,11.7,0.0,9.7,90.0
763,206,19.37272727272727,19.0,18.3,11.6,0.0,11.3,90.0
1663,206,19.3,18.61764705882353,18.286764705882355,11.7,0.0,9.7,90.0
2563,206,19.3,18.5,18.030882352941177,11.8,0.0,9.7,90.0
3463,206,19.219402985074627,18.5,18.0,12.0,0.0,11.3,89.0
4363,206,19.2,18.5,18.0,12.1,0.0,11.3,88.0
5263,206,19.2,18.5,18.0,12.2,0.0,11.3,88.0
6163,206,19.16764705882353,18.5,18.0,12.2,0.0,11.3,88.0
7063,206,19.1,18.5,18.0,12.2,0.0,11.3,88.0
7963,206,19.1,18.5,17.892537313432836,12.2,0.0,9.7,88.0
8863,206,19.1,18.5,17.802816901408452,12.3,0.0,8.0,88.0
9763,206,19.1,18.5,17.8,12.3,0.0,8.0,88.0
10663,206,19.027142857142856,18.5,17.8,12.3,0.0,8.0,87.0
11563,206,19.0,18.5,17.8,12.1,0.0,6.4,89.0
12463,206,19.0,18.5,17.8,11.8,0.0,8.0,90.0
13363,206,19.0,18.5,17.8,11.6,0.0,6.4,91.0
14263,206,19.0,18.5,17.8,11.6,0.0,6.4,91.0
15163,206,19.0,18.5,17.8,11.6,0.0,8.0,91.0
16063,206,18.95633802816901,18.5,17.8,11.4,0.0,6.4,92.0
16963,206,18.9,18.5,17.8,11.3,0.0,4.8,92.0
17863,206,18.9,18.5,17.8,11.4,0.0,4.8,92.0
18763,206,18.9,18.5,17.8,11.4,7.0,4.8,92.0
19663,206,18.9,18.5,17.8,11.7,11.0,4.8,92.0
20563,206,18.902985074626866,18.5,17.8,11.9,18.0,4.8,91.0
21463,206,18.994202898550725,18.5,17.8,12.1,35.0,6.4,90.0
22363,206,19.10735294117647,18.5,17.8,12.1,28.0,4.8,91.0
23263,206,20.88358208955224,18.74264705882353,18.161764705882355,12.2,33.0,4.8,91.0
24163,206,20.014705882352946,18.92537313432836,18.391044776119404,12.3,44.0,4.8,92.0
25063,206,19.464285714285715,18.559701492537314,18.0,12.6,90.0,4.8,90.0
25963,206,19.5,18.5,17.8955223880597,13.1,111.0,6.4,89.0
26863,206,19.402857142857144,18.5,17.8,13.6,120.0,8.0,84.0
27763,206,19.4,18.5,17.8,13.6,119.0,6.4,83.0
28663,206,19.32753623188406,18.5,17.8,13.8,148.0,6.4,85.0
29563,206,19.3,18.5,17.8,13.7,162.0,8.0,85.0
30463,206,19.26142857142857,18.5,17.8,13.9,158.0,6.4,84.0
31363,206,19.2,18.5,17.8,14.0,171.0,6.4,84.0
32263,206,19.18695652173913,18.5,17.786764705882355,14.2,171.0,4.8,83.0
33163,206,19.1,18.5,17.75588235294118,14.2,160.0,6.4,83.0
34063,206,19.1,18.49264705882353,17.57941176470588,14.1,142.0,6.4,83.0
34963,206,19.1,18.47058823529412,17.513235294117646,14.2,145.0,8.0,83.0
35863,206,19.00289855072464,18.45652173913044,17.5,14.1,162.0,9.7,84.0
36763,206,19.0,18.42753623188406,17.5,14.3,185.0,9.7,83.0
37663,206,19.0,18.269230769230766,17.5,14.5,179.0,9.7,82.0
38563,206,19.0,18.13043478260869,17.5,14.4,156.0,9.7,84.0
39463,206,19.0,18.058823529411764,17.5,14.6,243.0,8.0,83.0
40363,206,19.0,18.02307692307692,17.5,14.8,195.0,8.0,83.0
41263,206,19.0,18.00735294117647,17.5,14.8,204.0,8.0,82.0
42163,206,19.0,18.0,17.5,14.8,199.0,4.8,81.0
43063,206,19.0,18.0,17.5,14.8,157.0,8.0,82.0
43963,206,19.0,18.0,17.5,14.9,163.0,6.4,83.0
44863,206,19.0,18.0,17.5,15.0,160.0,6.4,83.0
45763,206,19.0,18.0,17.5,14.9,158.0,8.0,83.0
46663,206,19.0,18.0,17.5,14.9,115.0,6.4,83.0
47563,206,18.981159420289856,18.0,17.5,14.9,102.0,4.8,83.0
48463,206,18.9,18.0,17.5,15.1,124.0,3.2,83.0
49363,206,18.9,18.0,17.5,15.1,113.0,4.8,84.0
50263,206,18.9,18.0,17.5,14.7,85.0,4.8,85.0
51163,206,18.9,18.0,17.5,14.6,113.0,8.0,86.0
52063,206,18.9,18.0,17.5,14.3,90.0,8.0,87.0
52963,206,18.9,18.0,17.5,14.3,105.0,6.4,87.0
53863,206,18.9,18.0,17.5,14.3,139.0,4.8,88.0
54763,206,18.9,18.0,17.5,14.4,95.0,3.2,87.0
55663,206,18.9,18.0,17.5,14.4,197.0,3.2,89.0
56563,206,18.9,18.0,17.5,14.7,180.0,4.8,88.0
57463,206,18.9,18.0,17.5,14.8,97.0,4.8,87.0
58363,206,18.9,18.0,17.5,14.4,63.0,8.0,89.0
59263,206,18.898507462686567,18.0,17.5,14.3,120.0,4.8,88.0
60163,206,18.892753623188405,18.0,17.5,14.2,93.0,8.0,88.0
61063,206,18.820634920634923,18.0,17.5,14.2,79.0,4.8,89.0
61963,206,18.8,18.0,17.5,14.2,102.0,4.8,90.0
62863,206,18.8,18.0,17.5,14.3,79.0,3.2,89.0
63763,206,18.85538461538461,18.0,17.5,14.3,76.0,3.2,90.0
64663,206,18.9,18.00735294117647,17.5,14.2,81.0,0.0,91.0
65563,206,18.9,18.09230769230769,17.5,14.4,151.0,1.6,91.0
66463,206,18.9,18.15441176470588,17.5,14.8,142.0,1.6,89.0
67363,206,18.9,18.1328125,17.5,14.9,132.0,1.6,88.0
68263,206,18.9,18.38095238095238,17.642857142857142,15.1,141.0,0.0,88.0
69163,206,18.96875,18.5,17.8,15.2,149.0,3.2,87.0
70063,206,19.0,18.5,17.8,15.7,176.0,4.8,86.0
70963,206,19.0,18.5,17.8,15.7,141.0,4.8,87.0
71863,206,19.0,18.5,17.766666666666666,15.6,53.0,6.4,87.0
72763,206,18.905084745762714,18.5,17.616129032258065,15.3,42.0,6.4,88.0
73663,206,18.9,18.49253731343284,17.5044776119403,15.0,28.0,6.4,89.0
74563,206,18.8265625,18.39516129032258,17.5,14.6,23.0,4.8,89.0
75463,206,18.8,18.098360655737704,17.5,14.2,18.0,1.6,90.0
76363,206,18.798305084745763,18.03333333333333,17.5,13.9,11.0,3.2,91.0
77263,206,18.70147058823529,18.0,17.5,13.7,5.0,3.2,91.0
78163,206,18.7,18.0,17.5,13.4,0.0,4.8,92.0
79063,206,18.7,18.0,17.5,13.0,0.0,6.4,93.0
79963,206,18.7,18.0,17.5,12.8,0.0,3.2,93.0
80863,206,18.758823529411764,18.30434782608696,17.57391304347826,13.1,0.0,6.4,92.0
81763,206,19.71060606060606,18.66197183098592,18.007042253521128,13.1,0.0,3.2,91.0
82663,206,20.048529411764708,18.537313432835823,18.02238805970149,12.6,0.0,4.8,93.0
83563,206,19.711764705882352,18.5,17.983333333333334,12.5,0.0,3.2,94.0
84463,206,19.48235294117647,18.5,17.824,12.9,0.0,3.2,94.0
85363,206,19.309375,18.5,17.8,13.1,0.0,1.6,93.0
86263,206,19.153030303030302,18.5,17.8,13.3,0.0,3.2,92.0
763,207,19.016666666666666,18.5,17.8,13.6,0.0,3.2,90.0
1663,207,18.978571428571428,18.5,17.8,13.6,0.0,3.2,90.0
2563,207,18.9,18.5,17.8,13.7,0.0,3.2,89.0
3463,207,18.9,18.5,17.8,13.7,0.0,4.8,88.0
4363,207,18.86857142857143,18.5,17.8,13.5,0.0,3.2,88.0
5263,207,18.8,18.5,17.8,13.6,0.0,6.4,88.0
6163,207,18.8,18.5,17.766129032258064,13.4,0.0,12.9,88.0
7063,207,18.8,18.48550724637681,17.56086956521739,12.9,0.0,11.3,90.0
7963,207,18.8,18.45652173913044,17.5,12.8,0.0,9.7,91.0
8863,207,18.8,18.323529411764707,17.5,12.1,0.0,8.0,92.0
9763,207,18.759090909090908,18.094202898550726,17.5,12.2,0.0,8.0,94.0
10663,207,18.7,18.014705882352946,17.5,12.2,0.0,9.7,94.0
11563,207,18.7,18.0,17.5,12.1,0.0,4.8,93.0
12463,207,18.7,18.0,17.5,12.5,0.0,11.3,93.0
13363,207,18.7,18.0,17.5,12.8,0.0,16.1,92.0
14263,207,18.7,18.0,17.5,12.9,0.0,12.9,91.0
15163,207,18.7,18.0,17.5,12.9,0.0,9.7,91.0
16063,207,18.697142857142858,18.0,17.5,12.6,0.0,4.8,92.0
16963,207,18.62463768115942,18.0,17.5,12.2,0.0,4.8,93.0
17863,207,18.6,18.0,17.5,12.2,11.0,4.8,93.0
18763,207,18.6,18.0,17.5,12.1,11.0,4.8,93.0
19663,207,18.6,18.0,17.5,11.9,18.0,3.2,93.0
20563,207,18.6,18.0,17.5,11.8,13.0,1.6,94.0
21463,207,18.6,18.0,17.5,11.8,26.0,4.8,95.0
22363,207,18.6,18.0,17.5,11.7,18.0,3.2,95.0
23263,207,18.6,18.0,17.5,11.7,18.0,3.2,95.0
24163,207,18.64558823529412,18.02898550724638,17.5,11.7,18.0,4.8,95.0
25063,207,18.7,18.00714285714286,17.5,11.8,12.0,3.2,96.0
25963,207,18.74347826086957,18.1044776119403,17.5,11.9,14.0,1.6,95.0
26863,207,18.7,18.0,17.5,12.0,23.0,1.6,96.0
27763,207,18.7,18.0,17.5,12.1,19.0,4.8,96.0
28663,207,18.69558823529412,18.0,17.5,12.2,21.0,6.4,96.0
29563,207,18.6,18.0,17.5,12.2,26.0,6.4,97.0
30463,207,18.6,18.0,17.5,12.3,47.0,12.9,98.0
31363,207,18.6,18.0,17.5,12.4,91.0,17.7,98.0
32263,207,18.6,18.0,17.5,12.7,79.0,14.5,98.0
33163,207,18.6,18.0,17.5,13.0,53.0,14.5,97.0
34063,207,18.6,18.0,17.5,13.3,69.0,12.9,97.0
34963,207,18.581159420289858,18.0,17.49076923076923,13.5,116.0,20.9,97.0
35863,207,18.50294117647059,18.0,17.474285714285713,13.5,67.0,16.1,97.0
36763,207,18.505797101449275,18.0,17.47230769230769,13.6,58.0,16.1,97.0
37663,207,18.53283582089552,18.0,17.46231884057971,13.6,62.0,16.1,97.0
38563,207,18.6,18.0,17.5,13.6,72.0,14.5,98.0
39463,207,18.6,18.0,17.5,13.8,98.0,17.7,97.0
40363,207,18.6,18.0,17.5,14.2,171.0,17.7,98.0
41263,207,18.695714285714285,18.0,17.5,14.4,169.0,20.9,97.0
42163,207,18.7,18.0,17.5,14.7,260.0,24.1,97.0
43063,207,18.765671641791045,18.0,17.5,15.7,376.0,22.5,96.0
43963,207,18.8,18.0,17.5,15.8,258.0,24.1,95.0
44863,207,18.8,18.0,17.5,16.2,469.0,25.7,96.0
45763,207,18.8,18.0,17.5,16.1,400.0,27.4,95.0
46663,207,18.80142857142857,18.0,17.5,16.5,316.0,20.9,95.0
47563,207,18.8,18.0,17.5,17.6,376.0,17.7,93.0
48463,207,18.80151515151515,18.0,17.5,17.6,227.0,19.3,93.0
49363,207,18.882089552238806,18.0,17.5,17.3,302.0,22.5,91.0
50263,207,18.9,18.0,17.5,16.1,394.0,25.7,93.0
51163,207,18.89206349206349,18.0,17.5,15.5,220.0,29.0,91.0
52063,207,18.81571428571429,18.0,17.5,16.3,417.0,24.1,88.0
52963,207,18.8,18.0,17.5,17.3,919.0,29.0,84.0
53863,207,18.8,18.0,17.5,17.6,800.0,27.4,79.0
54763,207,18.8,18.0,17.5,17.6,279.0,22.5,76.0
55663,207,18.8,18.0,17.5,17.4,740.0,25.7,77.0
56563,207,18.8,18.0,17.5,17.7,735.0,22.5,75.0
57463,207,18.84285714285714,18.0,17.5,17.4,227.0,19.3,77.0
58363,207,18.9,18.0,17.5,17.9,178.0,20.9,73.0
59263,207,18.87846153846154,18.0,17.5,16.9,258.0,20.9,75.0
60163,207,18.88059701492537,18.0,17.5,16.2,248.0,25.7,76.0
61063,207,18.8,18.0,17.5,15.6,269.0,20.9,81.0
61963,207,18.8125,18.0,17.5,16.3,524.0,25.7,73.0
62863,207,18.8,18.0,17.5,16.8,577.0,24.1,68.0
63763,207,18.8,18.0,17.5,16.8,74.0,24.1,70.0
64663,207,18.8,18.0,17.5,16.6,415.0,25.7,68.0
65563,207,18.8,18.0,17.5,16.5,104.0,24.1,68.0
66463,207,18.8,18.0,17.5,15.8,69.0,17.7,69.0
67363,207,18.98153846153846,18.204545454545453,17.577272727272728,15.3,79.0,19.3,73.0
68263,207,19.277142857142856,18.5,17.82121212121212,16.1,272.0,12.9,72.0
69163,207,19.468115942028984,18.5,17.97352941176471,15.3,53.0,14.5,73.0
70063,207,19.37910447761194,18.5,17.802985074626868,15.0,90.0,11.3,75.0
70963,207,19.280597014925373,18.5,17.8,15.3,190.0,14.5,75.0
71863,207,19.19142857142857,18.5,17.8,14.9,70.0,12.9,75.0
72763,207,19.1,18.4921875,17.6078125,14.4,28.0,14.5,77.0
73663,207,19.01290322580645,18.33050847457627,17.5,13.9,21.0,16.1,78.0
74563,207,19.0,18.178571428571427,17.5,13.5,12.0,20.9,86.0
75463,207,18.912068965517243,18.0,17.5,12.2,54.0,17.7,91.0
76363,207,18.9,18.0,17.5,12.2,18.0,17.7,90.0
77263,207,18.9,18.0327868852459,17.5,11.9,5.0,14.5,90.0
78163,207,18.82413793103448,18.0,17.5,11.7,0.0,16.1,90.0
79063,207,18.8,18.0,17.5,11.6,0.0,16.1,90.0
79963,207,18.8,18.0,17.5,11.6,0.0,17.7,90.0
80863,207,18.759375,18.0,17.5,11.4,0.0,16.1,90.0
81763,207,18.796969696969697,18.45652173913044,17.765217391304347,11.6,0.0,16.1,89.0
82663,207,18.8,18.5,17.8,11.4,0.0,16.1,90.0
83563,207,18.8,18.419117647058822,17.738235294117647,11.4,0.0,16.1,90.0
84463,207,18.8,18.198529411764707,17.53970588235294,11.3,0.0,14.5,90.0
85363,207,18.747692307692308,18.07462686567164,17.5,11.4,0.0,19.3,92.0
86263,207,18.7,18.0,17.5,11.2,0.0,17.7,92.0
763,208,18.7,18.007246376811594,17.5,11.1,0.0,19.3,91.0
1663,208,18.7,18.0,17.5,11.0,0.0,19.3,89.0
2563,208,18.7,18.0,17.5,10.8,0.0,19.3,90.0
3463,208,18.66029411764706,18.0,17.5,10.7,0.0,20.9,90.0
4363,208,18.6,18.0,17.5,10.6,0.0,20.9,91.0
5263,208,18.6,18.0,17.5,10.6,0.0,20.9,91.0
6163,208,18.6,18.0,17.5,10.7,0.0,24.1,91.0
7063,208,18.6,18.0,17.5,10.9,0.0,20.9,90.0
7963,208,18.6,18.0,17.5,10.8,0.0,19.3,88.0
8863,208,18.6,18.0,17.5,10.7,0.0,19.3,90.0
9763,208,18.53846153846154,18.0,17.5,10.6,0.0,20.9,91.0
10663,208,18.5,18.0,17.5,10.7,0.0,20.9,90.0
11563,208,18.5,18.0,17.5,10.7,0.0,22.5,90.0
12463,208,18.5,18.0,17.5,10.7,0.0,20.9,91.0
13363,208,18.5,18.0,17.5,10.7,0.0,20.9,90.0
14263,208,18.5,18.0,17.5,10.8,0.0,22.5,89.0
15163,208,18.5,18.0,17.5,10.8,0.0,20.9,90.0
16063,208,18.47462686567164,18.0,17.5,10.8,0.0,19.3,89.0
16963,208,18.4,18.0,17.491044776119402,10.6,0.0,17.7,89.0
17863,208,18.411764705882355,18.0,17.494202898550725,10.7,0.0,20.9,89.0
18763,208,18.5,18.0,17.5,10.6,0.0,19.3,89.0
19663,208,18.62205882352941,18.0,17.5,10.8,5.0,24.1,88.0
20563,208,18.73787878787879,18.0,17.5,11.1,9.0,20.9,87.0
21463,208,18.8,18.0,17.428571428571427,10.9,19.0,19.3,88.0
22363,208,19.1,18.0,17.302857142857142,10.8,19.0,17.7,89.0
23263,208,19.967142857142857,18.185714285714287,17.619999999999997,10.8,67.0,14.5,90.0
24163,208,19.611940298507463,18.5,17.95625,11.3,30.0,17.7,89.0
25063,208,19.58,18.5,17.8,11.4,33.0,17.7,88.0
25963,208,19.59558823529412,18.3828125,17.565625,11.7,44.0,17.7,87.0
26863,208,19.475,18.0,17.5,11.7,39.0,14.5,87.0
27763,208,19.35909090909091,18.0,17.5,12.0,121.0,17.7,86.0
28663,208,19.277464788732395,18.0,17.5,12.2,158.0,17.7,85.0
29563,208,19.189705882352943,18.0,17.5,12.4,165.0,17.7,85.0
30463,208,19.1,18.0,17.5,12.4,135.0,17.7,84.0
31363,208,19.04264705882353,18.0,17.497014925373133,12.7,148.0,16.1,83.0
32263,208,19.0,18.0,17.49142857142857,12.9,209.0,19.3,81.0
33163,208,19.0,18.0,17.5,12.8,207.0,19.3,82.0
34063,208,18.96,18.0,17.5,12.8,250.0,17.7,81.0
34963,208,18.9,18.0,17.5,13.1,245.0,12.9,82.0
35863,208,18.9,18.0,17.5,14.4,564.0,12.9,78.0
36763,208,18.9,18.0,17.5,14.5,636.0,20.9,75.0
37663,208,18.83235294117647,18.0,17.5,14.4,353.0,24.1,72.0
38563,208,18.8,18.0,17.5,13.9,267.0,25.7,74.0
39463,208,18.80149253731344,18.0,17.5,14.1,301.0,17.7,76.0
40363,208,18.81111111111111,18.0,17.5,13.9,315.0,22.5,74.0
41263,208,18.866666666666667,18.0,17.5,14.1,290.0,17.7,76.0
42163,208,18.9,18.0,17.5,14.1,323.0,22.5,75.0
43063,208,18.9,18.0,17.5,14.4,292.0,17.7,78.0
43963,208,18.9,18.0,17.5,14.2,376.0,16.1,78.0
44863,208,18.9,18.0,17.5,14.5,316.0,14.5,76.0
45763,208,18.9,18.0,17.5,14.8,415.0,14.5,78.0
46663,208,18.9,18.0,17.5,15.2,478.0,17.7,73.0
47563,208,18.9,18.0,17.5,15.7,652.0,16.1,72.0
48463,208,18.9,18.0,17.5,16.4,803.0,17.7,72.0
49363,208,18.9,18.0,17.5,16.1,793.0,19.3,68.0
50263,208,18.84264705882353,18.0,17.5,16.6,369.0,19.3,72.0
51163,208,18.884615384615383,18.0,17.5,17.2,921.0,19.3,66.0
52063,208,18.9,18.0,17.5,15.8,299.0,19.3,70.0
52963,208,18.9,18.0,17.5,15.6,237.0,16.1,71.0
53863,208,18.9,18.0,17.5,14.3,809.0,12.9,89.0
54763,208,18.9,18.0,17.5,15.6,272.0,11.3,82.0
55663,208,18.9,18.0,17.5,15.4,499.0,16.1,78.0
56563,208,18.9,18.0,17.5,16.8,752.0,20.9,68.0
57463,208,18.9,18.0,17.5,17.1,752.0,14.5,68.0
58363,208,18.9,18.0,17.5,17.2,745.0,14.5,67.0
59263,208,18.9,18.0,17.5,17.8,773.0,16.1,68.0
60163,208,18.9,18.0,17.5,17.1,282.0,12.9,67.0
61063,208,18.9,18.073529411764707,17.504411764705882,18.1,591.0,16.1,68.0
61963,208,18.9,18.053846153846155,17.5,17.9,601.0,14.5,66.0
62863,208,18.86231884057971,18.0,17.5,17.9,295.0,12.9,66.0
63763,208,18.74153846153846,18.0,17.5,17.6,181.0,11.3,66.0
64663,208,18.7,18.0,17.5,16.8,169.0,12.9,70.0
65563,208,18.7,18.857142857142858,17.717142857142857,16.1,127.0,16.1,72.0
66463,208,18.93913043478261,46.4469696969697,38.37121212121212,15.2,39.0,9.7,76.0
67363,208,19.962686567164177,54.369230769230775,50.4676923076923,14.9,12.0,9.7,77.0
68263,208,20.98,56.1640625,52.95625,13.3,16.0,12.9,88.0
69163,208,21.79,56.15714285714286,52.662857142857135,12.7,25.0,12.9,91.0
70063,208,22.25072463768116,51.34328358208956,48.30298507462687,12.3,26.0,11.3,92.0
70963,208,22.3,51.4,46.60923076923077,12.2,65.0,9.7,92.0
71863,208,22.45230769230769,48.7910447761194,44.88059701492537,12.5,76.0,11.3,93.0
72763,208,22.447142857142858,33.4140625,29.640625,12.7,42.0,14.5,91.0
73663,208,22.26818181818182,26.96212121212121,24.85909090909091,12.8,26.0,14.5,91.0
74563,208,21.922727272727272,23.683823529411764,22.57205882352941,12.6,14.0,16.1,89.0
75463,208,21.59090909090909,34.03731343283582,30.607462686567164,12.3,7.0,16.1,91.0
76363,208,21.69117647058824,49.34558823529412,46.076470588235296,12.1,5.0,14.5,91.0
77263,208,21.9,33.0,30.63174603174603,12.1,0.0,14.5,91.0
78163,208,21.88823529411765,26.86231884057971,25.205797101449274,11.9,0.0,14.5,91.0
79063,208,21.8,23.8125,22.7390625,12.2,0.0,12.9,90.0
79963,208,21.698529411764707,22.6864406779661,22.210169491525424,12.3,0.0,17.7,89.0
80863,208,21.542424242424243,21.448529411764707,20.92794117647059,12.2,0.0,16.1,89.0
81763,208,21.3421875,20.746376811594203,20.268115942028984,12.2,0.0,14.5,88.0
82663,208,21.128571428571423,20.408450704225352,19.890140845070423,12.2,0.0,11.3,87.0
83563,208,20.946875,20.0,19.60869565217392,12.2,0.0,16.1,87.0
84463,208,20.78852459016393,20.0,19.422388059701493,12.1,0.0,17.7,85.0
85363,208,20.671186440677964,19.732394366197184,19.3,12.1,0.0,19.3,85.0
86263,208,20.57575757575757,19.5,19.169565217391305,12.2,0.0,17.7,85.0
763,209,20.48082191780822,19.5,19.0,12.2,0.0,17.7,85.0
1663,209,20.4,19.5,19.0,12.1,0.0,16.1,87.0
2563,209,20.311290322580646,19.5,18.83283582089552,12.0,0.0,17.7,87.0
3463,209,20.27,19.5,18.8,12.0,0.0,17.7,87.0
4363,209,20.2,19.5,18.8,11.9,0.0,14.5,87.0
5263,209,20.2,19.5,18.8,11.9,0.0,14.5,86.0
6163,209,20.15,19.42063492063492,18.776190476190475,12.0,0.0,19.3,85.0
7063,209,20.1,19.098591549295776,18.529577464788733,11.9,0.0,19.3,87.0
7963,209,20.1,19.0,18.5,11.9,0.0,19.3,87.0
8863,209,20.035714285714285,19.0,18.5,11.8,0.0,20.9,86.0
9763,209,20.0,19.0,18.5,11.8,0.0,19.3,86.0
10663,209,20.0,19.0,18.5,11.6,0.0,16.1,87.0
11563,209,19.90714285714286,19.0,18.49322033898305,11.6,0.0,16.1,86.0
12463,209,19.9,19.0,18.332876712328765,11.4,0.0,14.5,86.0
13363,209,19.897142857142857,19.0,18.3,11.6,0.0,16.1,86.0
14263,209,19.8,19.0,18.3,11.5,0.0,11.3,87.0
15163,209,19.8,19.0,18.3,11.6,0.0,14.5,87.0
16063,209,19.8,19.0,18.3,11.7,0.0,19.3,86.0
16963,209,19.788235294117648,19.0,18.3,11.7,0.0,14.5,87.0
17863,209,19.7,19.0,18.3,11.7,0.0,19.3,87.0
18763,209,19.7,19.0,18.3,11.8,0.0,20.9,87.0
19663,209,19.7,19.0,18.3,11.8,5.0,19.3,88.0
20563,209,19.7,19.0,18.3,11.7,8.0,20.9,89.0
21463,209,19.7,18.71969696969697,18.095454545454547,11.8,16.0,20.9,89.0
22363,209,19.7,18.5,17.881159420289855,11.9,26.0,22.5,88.0
23263,209,20.542028985507248,18.815384615384616,18.201538461538465,12.1,40.0,22.5,88.0
24163,209,20.856,19.38888888888889,18.7,12.1,44.0,20.9,88.0
25063,209,20.81969696969697,19.0,18.3542372881356,12.3,67.0,20.9,88.0
25963,209,20.61014492753624,19.0,18.3,12.4,63.0,20.9,87.0
26863,209,20.44,19.0,18.3,12.4,123.0,19.3,88.0
27763,209,20.310769230769232,19.0,18.3,12.7,100.0,19.3,87.0
28663,209,20.24558823529412,19.0,18.3,12.7,125.0,22.5,87.0
29563,209,20.2,19.0,18.3,12.8,149.0,20.9,87.0
30463,209,20.15428571428572,19.0,18.3,12.9,165.0,20.9,87.0
31363,209,20.1,19.0,18.290769230769232,13.6,223.0,20.9,85.0
32263,209,20.097101449275364,19.0,18.3,13.7,250.0,22.5,84.0
33163,209,20.008823529411764,19.0,18.3,13.8,165.0,20.9,82.0
34063,209,20.0,19.0,18.3,14.3,100.0,24.1,81.0
34963,209,20.0,19.0,18.3,14.9,585.0,19.3,80.0
35863,209,20.0,19.0,18.3,14.9,754.0,24.1,78.0
36763,209,20.0,19.0,18.3,14.8,278.0,20.9,76.0
37663,209,20.0,19.0,18.3,14.3,206.0,22.5,79.0
38563,209,20.0,19.0,18.3,15.3,737.0,24.1,78.0
39463,209,20.0,19.0,18.3,14.9,232.0,20.9,78.0
40363,209,20.0,19.0,18.3,16.3,810.0,20.9,73.0
41263,209,20.0,19.0,18.3,16.3,939.0,22.5,74.0
42163,209,19.92173913043478,19.0,18.3,16.2,809.0,17.7,75.0
43063,209,19.905882352941177,19.0,18.3,16.8,397.0,24.1,70.0
43963,209,19.9,19.0,18.3,17.1,496.0,22.5,68.0
44863,209,19.9,19.0,18.3,15.8,197.0,22.5,72.0
45763,209,19.9,19.0,18.3,15.7,401.0,17.7,72.0
46663,209,19.9,19.0,18.3,16.9,598.0,17.7,75.0
47563,209,19.9,19.0,18.3,16.4,381.0,19.3,71.0
48463,209,19.9,19.0,18.3,15.7,406.0,22.5,74.0
49363,209,19.9,19.0,18.3,16.3,418.0,19.3,72.0
50263,209,19.84328358208955,19.0,18.3,16.3,471.0,24.1,73.0
51163,209,19.802985074626868,19.0,18.3,16.2,279.0,20.9,69.0
52063,209,19.8,19.0,18.3,16.8,292.0,16.1,74.0
52963,209,19.8,19.0,18.3,15.8,290.0,20.9,72.0
53863,209,19.8,19.0,18.3,16.1,380.0,16.1,73.0
54763,209,19.732835820895524,19.0,18.3,16.4,265.0,14.5,74.0
55663,209,19.7,19.0,18.3,16.1,105.0,12.9,79.0
56563,209,19.7,19.0,18.3,15.2,224.0,12.9,81.0
57463,209,19.7,19.0,18.3,15.2,111.0,14.5,82.0
58363,209,19.7,19.0,18.3,13.9,146.0,19.3,87.0
59263,209,19.7,19.0,18.3,14.1,174.0,16.1,87.0
60163,209,19.7,19.0,18.3,14.9,236.0,9.7,87.0
61063,209,19.7,19.0,18.3,14.8,114.0,16.1,86.0
61963,209,19.7,19.0,18.3,14.1,220.0,11.3,91.0
62863,209,19.6774647887324,19.0,18.2112676056338,14.6,149.0,14.5,89.0
63763,209,19.6,19.0,18.01607142857143,14.9,197.0,8.0,89.0
64663,209,19.6,18.950819672131143,18.0,14.9,107.0,6.4,90.0
65563,209,19.52898550724638,18.585714285714285,18.0,14.4,146.0,9.7,92.0
66463,209,19.5,18.5,18.0,14.4,90.0,8.0,91.0
67363,209,19.5,18.5,18.0,14.5,97.0,12.9,87.0
68263,209,19.655223880597013,18.946153846153845,18.17538461538461,14.7,97.0,16.1,84.0
69163,209,19.7,19.0,18.26086956521739,14.6,102.0,14.5,85.0
70063,209,19.7,19.0,18.17678571428572,14.3,86.0,14.5,86.0
70963,209,19.69655172413793,19.0,18.02,14.4,89.0,14.5,85.0
71863,209,19.6,19.0,18.0,14.3,51.0,12.9,83.0
72763,209,19.6,19.0,18.0,14.3,32.0,14.5,84.0
73663,209,19.545,18.901785714285715,18.0,14.1,12.0,17.7,84.0
74563,209,19.5,18.704545454545453,18.0,13.9,12.0,17.7,84.0
75463,209,19.5,18.61111111111111,18.0,13.7,5.0,12.9,86.0
76363,209,19.5,18.86764705882353,18.0,13.6,0.0,14.5,88.0
77263,209,19.5,18.91269841269841,18.0,13.1,0.0,11.3,91.0
78163,209,19.5,18.9453125,18.0234375,12.9,0.0,11.3,91.0
79063,209,19.5,18.5390625,17.99375,12.9,0.0,14.5,89.0
79963,209,19.5,18.5,18.0,13.1,0.0,17.7,88.0
80863,209,19.5,18.73846153846154,18.064615384615387,12.9,0.0,17.7,88.0
81763,209,19.5,19.0,18.3,12.9,0.0,16.1,88.0
82663,209,19.5,19.0,18.3,12.8,0.0,14.5,87.0
83563,209,19.5,19.0,18.3,12.7,0.0,14.5,87.0
84463,209,19.5,19.0,18.3,12.4,0.0,12.9,88.0
85363,209,19.5,19.0,18.3,12.3,0.0,9.7,89.0
86263,209,19.4231884057971,19.0,18.295652173913044,12.0,0.0,9.7,90.0
763,210,19.4,19.0,18.24179104477612,11.9,0.0,11.3,90.0
1663,210,19.4,19.0,18.07391304347826,12.2,0.0,11.3,89.0
2563,210,19.4,18.99242424242424,18.027272727272727,12.4,0.0,14.5,89.0
3463,210,19.4,18.97826086956522,18.0,12.4,0.0,12.9,89.0
4363,210,19.4,18.94029850746269,18.0,12.4,0.0,16.1,89.0
5263,210,19.346376811594205,18.889705882352946,18.0,12.7,0.0,16.1,85.0
6163,210,19.3,18.72058823529412,18.0,12.6,0.0,14.5,87.0
7063,210,19.3,18.602941176470587,18.0,12.6,0.0,14.5,87.0
7963,210,19.3,18.536764705882355,18.0,12.3,0.0,16.1,88.0
8863,210,19.3,18.5,18.0,12.4,0.0,19.3,87.0
9763,210,19.3,18.5,18.0,12.5,0.0,24.1,87.0
10663,210,19.286764705882355,18.5,18.0,12.3,0.0,24.1,87.0
11563,210,19.20441176470588,18.5,18.0,12.2,0.0,24.1,88.0
12463,210,19.2,18.5,18.0,12.1,0.0,25.7,87.0
13363,210,19.2,18.5,18.0,12.1,0.0,22.5,87.0
14263,210,19.2,18.5,18.0,11.8,0.0,19.3,88.0
15163,210,19.2,18.5,18.0,11.7,0.0,17.7,89.0
16063,210,19.2,18.5,18.0,11.9,0.0,20.9,88.0
16963,210,19.150746268656714,18.5,18.0,11.9,0.0,22.5,89.0
17863,210,19.1,18.5,18.0,11.9,0.0,20.9,88.0
18763,210,19.1,18.5,18.0,12.1,0.0,25.7,87.0
19663,210,19.147058823529413,18.5,18.0,11.9,7.0,20.9,88.0
20563,210,19.2,18.5,18.0,12.0,7.0,22.5,88.0
21463,210,19.2,18.5,18.0,12.1,12.0,24.1,88.0
22363,210,19.21617647058824,18.5,18.0,12.1,14.0,25.7,88.0
23263,210,19.3,18.5,18.0,12.2,21.0,25.7,86.0
24163,210,19.3,18.5,18.0,12.3,32.0,22.5,86.0
25063,210,19.84328358208955,18.764705882352946,18.14558823529412,12.5,33.0,27.4,86.0
25963,210,19.967142857142857,18.92028985507246,18.234782608695653,12.6,46.0,24.1,86.0
26863,210,20.059701492537314,19.0,18.3,12.7,79.0,25.7,86.0
27763,210,20.06231884057971,19.0,18.3,12.7,72.0,24.1,85.0
28663,210,20.1,19.0,18.3,12.8,44.0,19.3,85.0
29563,210,20.046376811594204,19.0,18.3,13.4,107.0,24.1,83.0
30463,210,19.97142857142857,19.0,18.25970149253732,13.3,160.0,24.1,83.0
31363,210,19.88823529411765,18.80434782608696,18.030434782608697,13.3,131.0,22.5,84.0
32263,210,19.8,18.544776119402982,18.0,13.9,53.0,22.5,82.0
33163,210,19.8,18.557142857142857,18.025714285714287,14.2,58.0,22.5,80.0
34063,210,19.7,18.514705882352946,18.0,14.4,373.0,25.7,81.0
34963,210,19.67205882352941,18.5,18.0,14.6,578.0,16.1,81.0
35863,210,19.6,18.5,18.0,14.7,285.0,22.5,79.0
36763,210,19.6,18.5,18.0,15.3,661.0,22.5,77.0
37663,210,19.6,18.5,18.0,15.2,784.0,22.5,76.0
38563,210,19.6,18.5,18.0,14.8,352.0,24.1,78.0
39463,210,19.6,18.5,18.0,15.2,733.0,24.1,78.0
40363,210,19.51363636363636,18.5,18.0,16.1,896.0,25.7,74.0
41263,210,19.5,18.5,18.0,14.8,193.0,24.1,79.0
42163,210,19.5,18.5,18.0,15.4,533.0,24.1,77.0
43063,210,19.5,18.5,18.0,15.1,155.0,27.4,76.0
43963,210,19.5,18.5,18.0,16.2,911.0,24.1,74.0
44863,210,19.5,18.5,18.0,16.9,185.0,22.5,70.0
45763,210,19.5,18.5,18.0,16.4,391.0,22.5,73.0
46663,210,19.5,18.5,18.0,16.8,306.0,25.7,70.0
47563,210,19.51176470588236,18.54285714285714,18.0,16.4,223.0,24.1,71.0
48463,210,19.6,18.80434782608696,18.0,16.6,369.0,19.3,74.0
49363,210,19.55294117647059,18.813432835820898,18.0,16.9,346.0,20.9,72.0
50263,210,19.5,18.59558823529412,18.0,17.3,346.0,22.5,70.0
51163,210,19.5,18.65671641791045,18.013432835820897,18.1,935.0,22.5,69.0
52063,210,19.5,18.902985074626866,18.25522388059701,17.3,972.0,25.7,74.0
52963,210,19.5,19.0,18.3,17.4,232.0,20.9,72.0
53863,210,19.5,18.99253731343284,18.3,16.8,886.0,27.4,74.0
54763,210,19.5,19.0,18.3,17.7,199.0,25.7,66.0
55663,210,19.5072463768116,19.0,18.3,16.4,216.0,22.5,72.0
56563,210,19.58636363636364,19.0,18.3,16.6,302.0,22.5,72.0
57463,210,19.544117647058822,19.0,18.3,17.7,169.0,16.1,73.0
58363,210,19.5,19.0,18.145833333333336,15.7,856.0,20.9,82.0
59263,210,19.411940298507464,18.7421875,18.0,17.2,635.0,20.9,76.0
60163,210,19.328358208955223,18.5072463768116,18.0,17.6,648.0,22.5,72.0
61063,210,19.3,18.5,18.0,16.6,169.0,17.7,74.0
61963,210,19.243939393939392,18.5,18.0,15.9,178.0,17.7,81.0
62863,210,19.2,18.5,18.0,15.7,93.0,16.1,82.0
63763,210,19.030882352941177,18.5,18.0,15.3,35.0,12.9,85.0
64663,210,18.919672131147543,18.5,18.0,14.7,100.0,11.3,88.0
65563,210,18.88695652173913,18.5,18.0,14.8,77.0,9.7,88.0
66463,210,18.919117647058822,18.5,18.0,14.6,91.0,9.7,90.0
67363,210,19.01212121212121,18.5,18.0,14.1,58.0,8.0,91.0
68263,210,19.1,18.5,18.0,14.8,65.0,19.3,83.0
69163,210,19.143478260869564,18.5,18.0,14.8,128.0,14.5,83.0
70063,210,19.2,18.5,18.0,15.0,84.0,16.1,81.0
70963,210,19.2,18.5,18.0,14.6,79.0,9.7,86.0
71863,210,19.2,18.5,18.0,13.9,69.0,4.8,89.0
72763,210,19.2,18.5,18.0,13.7,60.0,6.4,90.0
73663,210,19.2,18.5,18.0,14.3,42.0,16.1,83.0
74563,210,19.2,18.5,18.0,14.3,36.0,14.5,83.0
75463,210,19.2,18.5,18.0,14.2,21.0,19.3,84.0
76363,210,19.2,18.5,18.0,13.9,14.0,16.1,84.0
77263,210,19.2,18.5,17.988235294117647,13.8,13.0,14.5,85.0
78163,210,19.68548387096774,18.72142857142857,18.08428571428572,13.6,0.0,17.7,85.0
79063,210,21.034375,19.176470588235293,18.635294117647057,13.5,0.0,17.7,85.0
79963,210,20.44754098360656,19.0,18.32985074626865,13.6,0.0,19.3,84.0
80863,210,20.02878787878788,19.0,18.3,13.7,0.0,17.7,83.0
81763,210,19.77230769230769,19.0,18.198529411764707,13.4,0.0,19.3,84.0
82663,210,19.57878787878788,19.0,18.004545454545454,13.5,0.0,17.7,84.0
83563,210,19.315384615384616,19.0,18.14782608695652,13.4,0.0,17.7,84.0
84463,210,19.253846153846155,19.0,18.013432835820897,13.4,0.0,11.3,85.0
85363,210,19.184057971014493,18.964285714285715,18.0,13.4,0.0,17.7,86.0
86263,210,19.1,18.73846153846154,18.0,13.5,0.0,17.7,85.0
763,211,19.1,18.514285714285712,18.0,13.4,0.0,20.9,85.0
1663,211,19.098550724637683,18.5,18.0,13.3,0.0,14.5,86.0
2563,211,19.008823529411764,18.5,18.0,13.1,0.0,14.5,87.0
3463,211,19.0,18.5,18.0,13.1,0.0,16.1,85.0
4363,211,19.0,18.5,18.0,13.1,0.0,19.3,85.0
5263,211,19.0,18.5,18.0,13.0,0.0,16.1,85.0
6163,211,19.0,18.5,18.0,12.9,0.0,17.7,86.0
7063,211,19.0,18.5,18.0,12.9,0.0,17.7,86.0
7963,211,18.995454545454542,18.5,18.0,12.8,0.0,16.1,86.0
8863,211,18.90147058823529,18.5,17.970149253731343,12.8,0.0,14.5,88.0
9763,211,18.9,18.5,17.87462686567164,12.7,0.0,12.9,88.0
10663,211,18.9,18.5,17.815384615384616,12.6,0.0,16.1,89.0
11563,211,18.9,18.5,17.8,12.7,0.0,19.3,89.0
12463,211,18.9,18.5,17.8,12.8,0.0,16.1,88.0
13363,211,18.9,18.5,17.8,12.7,0.0,11.3,88.0
14263,211,18.86617647058824,18.5,17.8,12.7,0.0,8.0,88.0
15163,211,18.8,18.5,17.8,12.6,0.0,4.8,87.0
16063,211,18.8,18.5,17.8,12.5,0.0,3.2,87.0
16963,211,18.8,18.5,17.8,12.5,0.0,6.4,88.0
17863,211,18.8,18.5,17.8,12.4,0.0,6.4,89.0
18763,211,18.8,18.5,17.8,12.4,0.0,3.2,89.0
19663,211,18.8,18.5,17.8,12.2,7.0,0.0,90.0
20563,211,18.8,18.5,17.8,12.1,11.0,6.4,91.0
21463,211,18.8,18.5,17.8,12.2,21.0,8.0,90.0
22363,211,18.8,18.5,17.8,12.2,32.0,6.4,90.0
23263,211,18.85441176470588,18.5,17.8,12.2,28.0,8.0,90.0
24163,211,19.0796875,18.5,17.911428571428573,12.2,23.0,8.0,90.0
25063,211,19.24571428571429,18.5,17.95,12.3,21.0,9.7,89.0
25963,211,19.45714285714286,18.6,17.974285714285713,12.2,19.0,8.0,90.0
26863,211,19.67205882352941,18.86428571428572,18.0,12.1,72.0,8.0,91.0
27763,211,19.7,18.5,18.0,13.2,120.0,8.0,88.0
28663,211,19.641176470588235,18.5,18.0,13.6,139.0,9.7,84.0
29563,211,19.52463768115942,18.5,18.0,13.9,163.0,9.7,83.0
30463,211,19.414516129032258,18.5,17.95593220338983,14.1,174.0,9.7,81.0
31363,211,19.35820895522388,18.5,17.843478260869567,14.2,174.0,11.3,82.0
32263,211,19.3,18.5,17.803125,14.3,171.0,11.3,82.0
33163,211,19.3,18.5,17.8,14.4,195.0,11.3,81.0
34063,211,19.3,18.5,17.8,14.6,295.0,11.3,80.0
34963,211,19.3,18.5,17.8,14.9,251.0,12.9,79.0
35863,211,19.23538461538461,18.5,17.8,14.8,186.0,11.3,79.0
36763,211,19.2,18.5,17.8,15.8,617.0,14.5,76.0
37663,211,19.2,18.5,17.81159420289855,15.7,251.0,16.1,76.0
38563,211,19.2,18.5,17.876470588235293,15.6,334.0,16.1,72.0
39463,211,19.2,18.5,17.961194029850745,16.2,853.0,16.1,75.0
40363,211,19.2,18.5,17.9875,16.4,258.0,14.5,74.0
41263,211,19.2,18.5,17.844776119402987,16.8,255.0,12.9,70.0
42163,211,19.2,18.5,17.8,16.0,236.0,14.5,72.0
43063,211,19.14558823529412,18.5,17.8,17.6,949.0,17.7,72.0
43963,211,19.1,18.5,17.8,17.2,251.0,16.1,68.0
44863,211,19.1,18.5,17.8,16.9,489.0,19.3,72.0
45763,211,19.1,18.5,17.8,17.6,599.0,16.1,69.0
46663,211,19.1,18.5,17.8,17.7,448.0,14.5,70.0
47563,211,19.1328125,18.5,17.820289855072463,18.2,577.0,16.1,69.0
48463,211,19.3,18.5,18.0,16.8,176.0,16.1,72.0
49363,211,19.3,18.5,17.987301587301587,16.4,264.0,16.1,74.0
50263,211,19.3,18.5,17.86031746031746,18.0,833.0,20.9,73.0
51163,211,19.27647058823529,18.5,17.861764705882354,17.8,504.0,19.3,68.0
52063,211,19.2,18.5,17.84057971014493,19.3,918.0,19.3,67.0
52963,211,19.2,18.5,17.83076923076923,19.2,806.0,17.7,67.0
53863,211,19.2,18.5,17.80857142857143,17.7,348.0,20.9,70.0
54763,211,19.165671641791043,18.5,17.8,18.2,863.0,19.3,68.0
55663,211,19.1,18.5,17.93125,18.0,381.0,20.9,68.0
56563,211,19.1,18.5,18.0,17.2,380.0,22.5,70.0
57463,211,19.1,18.5,18.0,18.3,802.0,19.3,71.0
58363,211,19.185714285714287,18.5,18.0,17.8,392.0,19.3,68.0
59263,211,19.163636363636364,18.5,18.0,17.9,788.0,19.3,71.0
60163,211,19.1,18.5,18.0,17.9,308.0,20.9,66.0
61063,211,19.1,18.5,18.0,17.2,343.0,22.5,68.0
61963,211,19.00588235294118,18.5,18.0,17.6,397.0,16.1,67.0
62863,211,19.0,18.5,18.0,17.3,267.0,22.5,69.0
63763,211,18.922388059701493,18.5,18.0,16.7,236.0,17.7,70.0
64663,211,18.9,18.5,18.0,16.8,468.0,14.5,74.0
65563,211,18.9,18.5,18.0,17.3,489.0,16.1,71.0
66463,211,18.9,18.5,18.0,16.6,179.0,16.1,73.0
67363,211,18.83235294117647,18.5,17.991044776119402,16.1,206.0,12.9,79.0
68263,211,18.8,18.5,17.9,16.1,58.0,11.3,78.0
69163,211,18.717391304347824,18.5,17.997014925373133,16.4,65.0,12.9,76.0
70063,211,18.57246376811594,18.5,17.812121212121212,15.6,151.0,14.5,80.0
70963,211,18.6,18.5,17.8,16.3,239.0,8.0,77.0
71863,211,18.68840579710145,18.5,17.8,15.6,134.0,12.9,76.0
72763,211,18.7,18.5,17.8,15.4,58.0,12.9,77.0
73663,211,18.714285714285715,18.5,17.8,14.9,42.0,14.5,77.0
74563,211,18.80588235294117,18.5,17.826470588235292,14.8,29.0,11.3,79.0
75463,211,19.107692307692307,18.7734375,18.09375,14.3,7.0,12.9,82.0
76363,211,19.3,19.0,18.2578125,14.0,0.0,14.5,84.0
77263,211,19.298507462686565,19.0,18.044776119402982,13.6,0.0,12.9,85.0
78163,211,19.2,18.74285714285714,18.0,13.4,0.0,12.9,85.0
79063,211,19.170149253731346,18.5,18.0,13.2,0.0,17.7,86.0
79963,211,19.1,18.5,18.0,13.2,0.0,16.1,86.0
80863,211,19.053125,18.5,18.0,13.2,0.0,12.9,85.0
81763,211,19.0,18.5,18.0,13.2,0.0,14.5,84.0
82663,211,19.0,18.5,18.0,13.1,0.0,14.5,86.0
83563,211,19.0,18.5,18.0,13.1,0.0,14.5,84.0
84463,211,18.97941176470588,18.5,18.0,13.1,0.0,12.9,84.0
85363,211,18.9,18.5,18.0,13.1,0.0,14.5,84.0
86263,211,18.9,18.5,18.0,12.9,0.0,14.5,85.0
763,212,18.9,18.5,18.0,12.7,0.0,12.9,86.0
1663,212,18.9,18.5,17.98507462686567,12.7,0.0,12.9,85.0
2563,212,18.9,18.5,17.942857142857143,12.7,0.0,12.9,84.0
3463,212,18.9,18.5,17.905882352941177,12.6,0.0,9.7,85.0
4363,212,18.88695652173913,18.5,17.82857142857143,12.4,0.0,11.3,86.0
5263,212,18.80454545454545,18.5,17.809375,12.3,0.0,9.7,86.0
6163,212,18.8,18.5,17.8,12.3,0.0,8.0,86.0
7063,212,18.8,18.5,17.8,12.3,0.0,8.0,86.0
7963,212,18.8,18.5,17.8,12.3,0.0,6.4,87.0
8863,212,18.8,18.5,17.8,12.3,0.0,8.0,88.0
9763,212,18.8,18.5,17.8,12.2,0.0,8.0,88.0
10663,212,18.8,18.5,17.8,12.2,0.0,8.0,89.0
11563,212,18.8,18.5,17.8,12.2,0.0,8.0,88.0
12463,212,18.798529411764708,18.5,17.8,12.3,0.0,8.0,89.0
13363,212,18.73492063492064,18.5,17.8,12.2,0.0,8.0,90.0
14263,212,18.7,18.5,17.8,11.9,0.0,6.4,91.0
15163,212,18.7,18.5,17.8,11.6,0.0,11.3,90.0
16063,212,18.7,18.5,17.8,11.6,0.0,14.5,90.0
16963,212,18.7,18.5,17.8,11.4,0.0,14.5,90.0
17863,212,18.7,18.5,17.8,11.3,0.0,11.3,91.0
18763,212,18.7,18.5,17.8,11.2,0.0,11.3,91.0
19663,212,18.7,18.5,17.8,10.9,0.0,9.7,92.0
20563,212,18.7,18.5,17.8,10.9,3.0,9.7,92.0
21463,212,18.64307692307693,18.34057971014493,17.662318840579708,11.1,16.0,9.7,91.0
22363,212,19.33384615384616,18.1484375,17.43125,11.2,16.0,12.9,91.0
23263,212,19.525,18.642857142857142,18.02285714285714,11.3,30.0,8.0,91.0
24163,212,19.32089552238806,18.96923076923077,18.10153846153846,11.4,32.0,12.9,90.0
25063,212,19.27941176470588,18.5,18.0,11.5,46.0,11.3,90.0
25963,212,19.231428571428573,18.5,18.0,11.5,47.0,12.9,89.0
26863,212,19.2,18.5,17.99718309859155,11.7,95.0,9.7,89.0
27763,212,19.10857142857143,18.5,17.808955223880595,12.0,100.0,17.7,88.0
28663,212,19.1,18.5,17.8,12.4,120.0,12.9,87.0
29563,212,19.1,18.5,17.8,12.6,98.0,12.9,87.0
30463,212,19.1,18.5,17.8,12.8,183.0,11.3,86.0
31363,212,19.030434782608697,18.5,17.8,13.3,153.0,9.7,87.0
32263,212,19.0,18.5,17.8,13.6,114.0,11.3,86.0
33163,212,19.0,18.5,17.8,13.9,195.0,9.7,84.0
34063,212,19.0,18.5,17.8,14.6,218.0,11.3,80.0
34963,212,19.0,18.5,17.8,14.3,174.0,12.9,80.0
35863,212,19.0,18.5,17.8,15.1,299.0,11.3,80.0
36763,212,19.0,18.5,17.8,15.1,209.0,14.5,76.0
37663,212,19.0,18.5,17.8,14.8,274.0,12.9,79.0
38563,212,19.0,18.5,17.8,14.9,248.0,11.3,78.0
39463,212,19.0,18.5,17.8,14.6,663.0,11.3,85.0
40363,212,19.0,18.5,17.8,15.0,306.0,12.9,78.0
41263,212,19.0,18.5,17.8,15.4,429.0,16.1,76.0
42163,212,19.00714285714286,18.5,17.8,15.8,338.0,17.7,74.0
43063,212,19.09558823529412,18.5,17.8,16.6,1083.0,16.1,76.0
43963,212,19.1,18.5,17.8,16.4,248.0,19.3,71.0
44863,212,19.1,18.5,17.8,15.5,348.0,16.1,75.0
45763,212,19.1,18.5,17.8,15.7,271.0,17.7,75.0
46663,212,19.1,18.5,17.8,15.9,315.0,16.1,75.0
47563,212,19.1,18.5,17.8,16.0,378.0,19.3,73.0
48463,212,19.09090909090909,18.5,17.8,16.7,399.0,17.7,72.0
49363,212,19.001470588235293,18.5,17.8,16.6,381.0,17.7,71.0
50263,212,19.0,18.5,17.8,16.3,213.0,16.1,70.0
51163,212,19.0,18.5,17.8,16.7,418.0,14.5,75.0
52063,212,19.0,18.5,17.8,16.9,93.0,16.1,71.0
52963,212,19.0,18.5,17.8,14.6,69.0,20.9,81.0
53863,212,19.0,18.5,17.8,13.9,563.0,11.3,88.0
54763,212,19.0,18.5,17.8,17.1,826.0,9.7,80.0
55663,212,19.0,18.5,17.8,16.3,113.0,16.1,79.0
56563,212,19.0,18.5,17.8,15.8,190.0,11.3,83.0
57463,212,19.0,18.5,17.8,16.4,918.0,14.5,78.0
58363,212,19.0,18.5,17.8,17.4,51.0,17.7,72.0
59263,212,19.0484375,18.5,17.8,13.9,320.0,25.7,83.0
60163,212,19.1875,18.5,17.975384615384616,13.7,295.0,14.5,90.0
61063,212,19.163768115942027,18.5,18.0,15.4,195.0,16.1,85.0
61963,212,19.11343283582089,18.5,17.975757575757576,15.2,341.0,16.1,83.0
62863,212,19.15820895522388,18.5,17.886153846153846,15.6,429.0,22.5,79.0
63763,212,19.076119402985075,18.5,18.0,15.9,498.0,20.9,80.0
64663,212,19.086567164179105,18.5,17.823880597014927,15.8,346.0,16.1,80.0
65563,212,19.05588235294117,18.5,17.81449275362319,15.8,345.0,16.1,79.0
66463,212,19.1,18.5,17.902857142857144,15.2,105.0,14.5,80.0
67363,212,19.1,18.5,17.923076923076923,15.2,165.0,14.5,79.0
68263,212,19.042028985507248,18.5,17.8,15.8,42.0,20.9,74.0
69163,212,18.975,18.5,17.8,15.9,172.0,16.1,73.0
70063,212,18.9,18.5,17.8,16.2,183.0,14.5,74.0
70963,212,18.81176470588236,18.5,17.8,16.1,153.0,12.9,74.0
71863,212,18.8,18.5,17.8,14.6,35.0,9.7,78.0
72763,212,18.78030303030303,18.5,17.759701492537314,14.2,37.0,12.9,79.0
73663,212,18.72941176470588,18.5,17.554545454545455,13.6,16.0,9.7,82.0
74563,212,18.8,18.5,17.8,13.4,12.0,11.3,83.0
75463,212,18.8231884057971,18.5,17.8,13.2,7.0,12.9,83.0
76363,212,18.9,18.5,17.8,13.1,5.0,14.5,83.0
77263,212,18.9,18.5,17.8,13.2,0.0,12.9,84.0
78163,212,18.9,18.5,17.8,13.1,0.0,12.9,84.0
79063,212,18.9,18.5,17.8,12.9,0.0,12.9,85.0
79963,212,18.9,18.5,17.8,12.8,0.0,14.5,86.0
80863,212,18.96764705882353,18.5,17.870588235294118,12.8,0.0,14.5,86.0
81763,212,19.0955223880597,18.5,18.0,12.7,0.0,14.5,86.0
82663,212,19.0,18.5,17.976470588235294,12.8,0.0,17.7,86.0
83563,212,19.0,18.5,17.862857142857145,12.4,0.0,16.1,87.0
84463,212,18.963492063492065,18.5,17.8,12.4,0.0,17.7,87.0
85363,212,18.9,18.5,17.8,12.4,0.0,16.1,86.0
86263,212,18.9,18.5,17.8,12.4,0.0,14.5,87.0
763,213,18.891044776119404,18.5,17.8,12.4,0.0,14.5,87.0
1663,213,18.806060606060605,18.5,17.8,12.5,0.0,12.9,85.0
2563,213,18.8,18.5,17.8,12.5,0.0,12.9,85.0
3463,213,18.8,18.5,17.8,12.5,0.0,12.9,85.0
4363,213,18.8,18.5,17.8,12.6,0.0,14.5,85.0
5263,213,18.760294117647057,18.5,17.8,12.7,0.0,16.1,85.0
6163,213,18.7,18.5,17.8,12.7,0.0,11.3,86.0
7063,213,18.7,18.5,17.8,12.8,0.0,16.1,85.0
7963,213,18.7,18.5,17.8,12.8,0.0,14.5,85.0
8863,213,18.7,18.5,17.795652173913044,12.9,0.0,16.1,85.0
9763,213,18.7,18.5,17.773529411764706,12.9,0.0,14.5,85.0
10663,213,18.65797101449275,18.5,17.57826086956522,12.8,0.0,14.5,85.0
11563,213,18.6,18.5,17.5,12.6,0.0,11.3,85.0
12463,213,18.6,18.464285714285715,17.5,12.7,0.0,9.7,82.0
13363,213,18.6,18.313432835820898,17.5,12.8,0.0,11.3,81.0
14263,213,18.6,18.139705882352946,17.5,12.7,0.0,8.0,84.0
15163,213,18.6,18.05223880597015,17.5,12.7,0.0,8.0,85.0
16063,213,18.6,18.03521126760564,17.5,12.6,0.0,8.0,86.0
16963,213,18.6,18.0,17.5,13.0,0.0,12.9,84.0
17863,213,18.56515151515152,18.0,17.5,12.7,0.0,8.0,86.0
18763,213,18.5,18.0,17.5,12.5,0.0,4.8,86.0
19663,213,18.5,18.0,17.5,12.2,0.0,4.8,89.0
20563,213,18.549253731343285,18.1953125,17.5,11.9,0.0,3.2,90.0
21463,213,18.6,18.15,17.405714285714286,11.8,0.0,4.8,91.0
22363,213,18.6,18.0,17.419999999999998,11.9,7.0,8.0,91.0
23263,213,18.61617647058824,18.0,17.34225352112676,12.1,9.0,6.4,91.0
24163,213,18.83731343283582,18.315384615384616,17.666153846153847,12.1,11.0,6.4,93.0
25063,213,18.86774193548387,18.01492537313433,17.5,11.9,23.0,6.4,94.0
25963,213,18.8,18.02238805970149,17.5,11.9,28.0,8.0,94.0
26863,213,18.717391304347824,18.0,17.5,11.9,32.0,8.0,94.0
27763,213,18.7,18.0,17.5,12.0,44.0,6.4,95.0
28663,213,18.7,18.0,17.5,12.2,70.0,8.0,94.0
29563,213,18.7,18.0,17.5,12.3,56.0,9.7,94.0
30463,213,18.7,18.0,17.5,12.6,141.0,11.3,94.0
31363,213,18.753521126760564,18.0,17.5,12.7,72.0,11.3,93.0
32263,213,18.8,18.0,17.5,12.1,56.0,8.0,93.0
33163,213,18.861764705882354,18.00714285714286,17.5,12.0,158.0,3.2,94.0
34063,213,18.9,18.059701492537314,17.526865671641794,13.1,483.0,1.6,91.0
34963,213,18.9,18.059701492537314,17.5,14.3,493.0,6.4,87.0
35863,213,18.9,18.069230769230767,17.504615384615384,14.8,599.0,11.3,83.0
36763,213,18.9,18.065217391304348,17.556521739130435,14.9,504.0,12.9,81.0
37663,213,18.9,18.253731343283583,17.746268656716417,14.5,169.0,11.3,80.0
38563,213,18.9,18.34285714285714,17.795714285714286,13.9,209.0,20.9,80.0
39463,213,18.93428571428572,18.43939393939394,17.8,14.2,251.0,17.7,77.0
40363,213,19.0,18.464285714285715,17.8,14.8,315.0,17.7,76.0
41263,213,19.0,18.5,17.8,15.4,431.0,17.7,73.0
42163,213,19.0,18.5,17.8,15.7,200.0,17.7,75.0
43063,213,19.0,18.5,17.8,15.7,255.0,19.3,76.0
43963,213,19.0,18.5,17.8,15.6,278.0,19.3,73.0
44863,213,19.0,18.5,17.8,17.1,817.0,19.3,69.0
45763,213,19.0,18.5,17.8,16.7,369.0,17.7,70.0
46663,213,19.0,18.5,17.8,17.8,1049.0,17.7,72.0
47563,213,19.0,18.5,17.8,18.3,930.0,20.9,66.0
48463,213,19.0,18.5,17.8,17.6,789.0,19.3,67.0
49363,213,19.0,18.5,17.8,17.6,443.0,14.5,70.0
50263,213,18.986764705882354,18.49305555555556,17.8,16.1,134.0,17.7,73.0
51163,213,18.90149253731344,18.5,17.8,15.3,251.0,11.3,79.0
52063,213,18.9,18.5,17.8,14.6,139.0,12.9,85.0
52963,213,18.9,18.49242424242424,17.8,15.7,257.0,11.3,87.0
53863,213,18.9,18.5,17.8,14.3,148.0,14.5,89.0
54763,213,18.9,18.5,17.8,14.4,95.0,11.3,89.0
55663,213,18.9,18.5,17.8,14.1,98.0,14.5,89.0
56563,213,18.9,18.5,17.8,14.6,220.0,16.1,92.0
57463,213,18.9,18.5,17.8,15.2,181.0,12.9,83.0
58363,213,18.9,18.5,17.8,14.6,251.0,14.5,84.0
59263,213,18.9,18.5,17.8,15.1,404.0,17.7,83.0
60163,213,18.897058823529413,18.5,17.8,14.8,118.0,20.9,80.0
61063,213,18.801470588235293,18.5,17.791176470588233,14.2,93.0,19.3,86.0
61963,213,18.8,18.5,17.8,13.7,102.0,16.1,88.0
62863,213,18.8,18.5,17.8,13.3,44.0,19.3,88.0
63763,213,18.8,18.5,17.8,12.7,32.0,17.7,87.0
64663,213,18.8,18.5,17.8,12.6,51.0,12.9,89.0
65563,213,18.8,18.5,17.8,12.8,111.0,17.7,90.0
66463,213,18.8,18.5,17.8,12.5,54.0,20.9,89.0
67363,213,18.797101449275363,18.40441176470588,17.51764705882353,12.4,112.0,16.1,93.0
68263,213,18.79375,18.448529411764707,17.504411764705882,13.2,156.0,17.7,89.0
69163,213,18.8,18.5,17.65,13.3,63.0,19.3,88.0
70063,213,18.869354838709675,18.5,17.8,13.5,111.0,17.7,88.0
70963,213,18.9,18.5,17.8,13.8,230.0,17.7,87.0
71863,213,18.9,18.5,17.78448275862069,14.0,28.0,16.1,85.0
72763,213,18.9,18.5,17.751020408163264,13.4,12.0,16.1,86.0
73663,213,18.818840579710145,18.5,17.77391304347826,12.9,11.0,8.0,88.0
74563,213,18.8,18.5,17.618181818181817,12.7,9.0,9.7,88.0
75463,213,18.72238805970149,18.5,17.561764705882354,12.7,7.0,14.5,87.0
76363,213,18.7,18.48550724637681,17.543478260869566,12.7,0.0,16.1,87.0
77263,213,18.7,18.5,17.522058823529413,12.7,0.0,17.7,87.0
78163,213,18.7,18.5,17.641176470588235,12.6,0.0,16.1,88.0
79063,213,18.640298507462685,18.49242424242424,17.53636363636364,12.3,0.0,14.5,88.0
79963,213,18.6,18.47058823529412,17.508823529411764,12.3,0.0,12.9,88.0
80863,213,18.635294117647057,18.477272727272727,17.618181818181817,12.2,0.0,11.3,89.0
81763,213,19.759154929577463,18.5,17.950746268656715,12.2,0.0,16.1,87.0
82663,213,20.073134328358208,18.5,17.945454545454545,12.2,0.0,14.5,88.0
83563,213,19.63142857142857,18.5,17.8,12.3,0.0,16.1,88.0
84463,213,19.30869565217392,18.5,17.8,12.2,0.0,14.5,88.0
85363,213,19.071428571428573,18.5,17.8,12.1,0.0,12.9,89.0
86263,213,18.940579710144927,18.5,17.8,12.1,0.0,11.3,89.0
763,214,18.86764705882353,18.5,17.8,12.1,0.0,14.5,90.0
1663,214,18.78636363636364,18.5,17.79090909090909,12.2,0.0,16.1,89.0
2563,214,18.7,18.5,17.595652173913045,12.1,0.0,16.1,89.0
3463,214,18.69855072463768,18.435714285714287,17.5,12.1,0.0,16.1,89.0
4363,214,18.61515151515152,18.18115942028985,17.5,12.1,0.0,17.7,89.0
5263,214,18.6,18.014705882352946,17.5,11.9,0.0,16.1,89.0
6163,214,18.6,18.0,17.5,11.7,0.0,12.9,89.0
7063,214,18.50735294117647,18.0,17.5,11.8,0.0,14.5,89.0
7963,214,18.5,18.0,17.5,11.6,0.0,9.7,90.0
8863,214,18.5,18.0,17.5,11.8,0.0,12.9,88.0
9763,214,18.47941176470588,18.0,17.478787878787877,12.0,0.0,14.5,89.0
10663,214,18.4,18.0,17.364615384615384,12.2,0.0,14.5,88.0
11563,214,18.4,18.0,17.305797101449276,12.1,0.0,11.3,88.0
12463,214,18.4,18.0,17.3,11.9,0.0,9.7,89.0
13363,214,18.4,18.0,17.3,11.3,0.0,3.2,90.0
14263,214,18.38059701492537,18.0,17.3,10.6,0.0,4.8,93.0
15163,214,18.3,18.0,17.3,10.4,0.0,1.6,93.0
16063,214,18.3,18.0,17.3,10.4,0.0,3.2,94.0
16963,214,18.3,18.0,17.3,9.8,0.0,1.6,93.0
17863,214,18.3,18.0,17.3,9.6,0.0,0.0,94.0
18763,214,18.3,18.0,17.3,9.6,0.0,1.6,95.0
19663,214,18.3,18.0,17.3,9.3,9.0,1.6,94.0
20563,214,18.310144927536232,18.0,17.3,9.8,14.0,3.2,96.0
21463,214,18.37205882352941,18.0,17.3,10.5,18.0,1.6,93.0
22363,214,18.44090909090909,18.0,17.3,10.6,25.0,0.0,93.0
23263,214,18.833823529411767,18.0,17.47391304347826,10.3,26.0,1.6,93.0
24163,214,19.15757575757576,18.18032786885246,17.5,10.3,26.0,3.2,94.0
25063,214,19.1,18.0,17.5,10.8,37.0,4.8,94.0
25963,214,19.1,18.0,17.5,11.1,35.0,4.8,94.0
26863,214,19.13478260869565,18.0,17.5,11.6,72.0,0.0,94.0
27763,214,19.0828125,18.0,17.5,12.3,100.0,3.2,92.0
28663,214,19.0,18.0,17.5,13.2,86.0,3.2,89.0
29563,214,18.932835820895523,18.0,17.5,13.6,125.0,0.0,87.0
30463,214,18.9,18.0,17.5,14.2,220.0,8.0,85.0
31363,214,18.9,18.0,17.5,14.4,146.0,4.8,83.0
32263,214,18.89253731343284,18.0,17.5,14.3,146.0,6.4,84.0
33163,214,18.80142857142857,18.0,17.5,14.6,221.0,3.2,85.0
34063,214,18.801470588235293,18.0,17.5,15.0,308.0,4.8,86.0
34963,214,18.8,18.0,17.5,15.7,666.0,9.7,81.0
35863,214,18.8,18.0,17.5,17.1,680.0,9.7,79.0
36763,214,18.76060606060605,18.0,17.5,16.2,123.0,9.7,81.0
37663,214,18.7,18.0,17.5,17.2,874.0,9.7,78.0
38563,214,18.7,18.0,17.5,16.3,545.0,12.9,82.0
39463,214,18.7,18.0,17.5,15.5,276.0,12.9,84.0
40363,214,18.7,18.0,17.5,15.4,330.0,14.5,84.0
41263,214,18.7,18.0,17.5,15.3,216.0,12.9,85.0
42163,214,18.7,18.0,17.5,15.6,396.0,9.7,86.0
43063,214,18.7,18.0,17.5,16.1,380.0,9.7,84.0
43963,214,18.7,18.0,17.5,16.7,315.0,9.7,82.0
44863,214,18.7,18.0,17.5,16.9,225.0,9.7,80.0
45763,214,18.7,18.0,17.5,16.7,241.0,9.7,77.0
46663,214,18.7,18.0,17.5,17.2,327.0,12.9,74.0
47563,214,18.7,18.0,17.5,17.1,315.0,16.1,70.0
48463,214,18.65441176470588,18.0,17.5,17.1,359.0,17.7,68.0
49363,214,18.6,18.0,17.5,17.2,325.0,17.7,69.0
50263,214,18.6,18.0,17.5,17.5,339.0,16.1,67.0
51163,214,18.6,18.0,17.5,17.7,202.0,14.5,69.0
52063,214,18.6,18.0,17.5,17.0,104.0,16.1,71.0
52963,214,18.6,18.0,17.5,16.3,114.0,16.1,77.0
53863,214,18.54705882352941,18.0,17.5,15.3,162.0,12.9,83.0
54763,214,18.5,18.0,17.5,15.6,165.0,9.7,85.0
55663,214,18.5,18.0,17.5,16.0,172.0,9.7,85.0
56563,214,18.5,18.0,17.5,15.9,128.0,14.5,81.0
57463,214,18.5,18.0,17.5,15.0,53.0,12.9,88.0
58363,214,18.5,18.0,17.5,14.5,98.0,17.7,89.0
59263,214,18.5,18.0,17.5,14.5,86.0,14.5,91.0
60163,214,18.5,18.0,17.5,14.4,153.0,14.5,94.0
61063,214,18.5,18.0,17.5,14.3,81.0,12.9,96.0
61963,214,18.5,18.0,17.5,14.2,63.0,12.9,96.0
62863,214,18.5,18.0,17.5,14.1,33.0,12.9,96.0
63763,214,18.5,18.0,17.5,14.2,42.0,8.0,97.0
64663,214,18.5,18.0,17.5,14.1,39.0,14.5,97.0
65563,214,18.5,18.0,17.5,14.2,26.0,8.0,97.0
66463,214,18.5,18.0,17.5,14.2,54.0,8.0,97.0
67363,214,18.5,18.0,17.5,14.5,125.0,6.4,97.0
68263,214,18.5,18.0,17.5,14.8,146.0,8.0,96.0
69163,214,18.5,18.0,17.5,14.9,97.0,6.4,95.0
70063,214,18.5,18.0,17.5,15.2,121.0,3.2,95.0
70963,214,18.5,18.0,17.5,15.3,114.0,4.8,95.0
71863,214,18.5,18.0,17.5,15.2,67.0,6.4,91.0
72763,214,18.5,18.0,17.5,15.0,69.0,11.3,89.0
73663,214,18.5,18.0,17.5,14.9,47.0,9.7,87.0
74563,214,18.49855072463768,18.0,17.5,14.8,41.0,8.0,88.0
75463,214,18.46307692307692,18.0,17.5,14.4,12.0,3.2,88.0
76363,214,18.424637681159417,18.0,17.5,14.3,0.0,3.2,88.0
77263,214,18.4,18.0,17.5,14.2,0.0,4.8,88.0
78163,214,18.4,18.0,17.5,13.9,0.0,3.2,88.0
79063,214,18.4,18.0,17.5,13.7,0.0,4.8,88.0
79963,214,18.428985507246377,18.0,17.5,13.6,0.0,9.7,89.0
80863,214,18.5,18.0,17.5,13.6,0.0,16.1,88.0
81763,214,18.5,18.0,17.5,13.6,0.0,20.9,88.0
82663,214,18.48260869565217,18.0,17.5,13.6,0.0,20.9,88.0
83563,214,18.43636363636364,18.0,17.5,14.0,0.0,25.7,87.0
84463,214,18.4,18.0,17.5,14.2,0.0,24.1,88.0
85363,214,18.4,18.0,17.5,14.3,0.0,25.7,88.0
86263,214,18.4,18.0,17.5,14.3,0.0,19.3,88.0
763,215,18.4,18.0,17.5,14.4,0.0,14.5,88.0
1663,215,18.4,18.0,17.5,14.2,0.0,14.5,90.0
2563,215,18.4,18.0,17.5,14.2,0.0,19.3,91.0
3463,215,18.4,18.0,17.5,14.1,0.0,17.7,92.0
4363,215,18.4,18.0,17.497014925373133,14.1,0.0,14.5,91.0
5263,215,18.4,18.0,17.48235294117647,14.4,0.0,20.9,88.0
6163,215,18.4,18.0,17.453623188405796,14.2,0.0,19.3,89.0
7063,215,18.4,18.0,17.418840579710142,14.3,0.0,19.3,89.0
7963,215,18.4,18.0,17.411764705882355,14.3,0.0,19.3,90.0
8863,215,18.4,18.0,17.371641791044777,14.2,0.0,17.7,90.0
9763,215,18.4,18.0,17.317647058823532,14.2,0.0,17.7,89.0
10663,215,18.4,18.0,17.311940298507462,14.3,0.0,17.7,89.0
11563,215,18.4,18.0,17.302816901408452,14.2,0.0,14.5,90.0
12463,215,18.4,18.0,17.30294117647059,14.0,0.0,14.5,91.0
13363,215,18.4,18.0,17.3,14.0,0.0,17.7,90.0
14263,215,18.4,18.0,17.3,13.9,0.0,9.7,90.0
15163,215,18.4,18.0,17.3,14.0,0.0,11.3,90.0
16063,215,18.38550724637681,18.0,17.3,13.9,0.0,9.7,91.0
16963,215,18.30307692307692,18.0,17.3,14.0,0.0,12.9,91.0
17863,215,18.3,18.0,17.3,13.8,0.0,8.0,92.0
18763,215,18.378125,18.0,17.3,13.6,0.0,3.2,93.0
19663,215,18.4,18.0,17.3,13.6,0.0,6.4,93.0
20563,215,18.4,18.0,17.30151515151515,13.6,7.0,11.3,92.0
21463,215,18.40151515151515,18.0,17.3,13.9,19.0,16.1,90.0
22363,215,18.626470588235293,18.036764705882355,17.47058823529412,13.9,49.0,16.1,90.0
23263,215,18.8,18.47058823529412,17.51764705882353,14.2,44.0,17.7,90.0
24163,215,18.7,18.01492537313433,17.5,14.1,43.0,14.5,90.0
25063,215,18.643478260869564,18.0,17.5,14.1,56.0,11.3,89.0
25963,215,18.6,18.0,17.5,14.2,84.0,14.5,89.0
26863,215,18.561194029850743,18.0,17.47391304347826,14.3,84.0,11.3,89.0
27763,215,18.5,18.0,17.440298507462686,14.4,90.0,11.3,89.0
28663,215,18.5,18.0,17.416923076923077,14.4,81.0,11.3,89.0
29563,215,18.501470588235293,18.0,17.482089552238808,14.5,72.0,11.3,89.0
30463,215,18.6,18.0,17.5,14.6,105.0,8.0,90.0
31363,215,18.6,18.0,17.5,14.7,120.0,9.7,90.0
32263,215,18.6,18.0,17.5,14.8,195.0,9.7,91.0
33163,215,18.6,18.0,17.5,15.1,200.0,11.3,89.0
34063,215,18.6,18.0,17.5,15.5,267.0,9.7,88.0
34963,215,18.6,18.0,17.5,15.6,209.0,12.9,87.0
35863,215,18.6,18.0,17.5,15.6,186.0,9.7,86.0
36763,215,18.6,18.0,17.5,15.6,255.0,12.9,87.0
37663,215,18.6,18.0,17.5,16.2,309.0,9.7,84.0
38563,215,18.570149253731344,18.0,17.491044776119402,15.8,245.0,14.5,85.0
39463,215,18.56764705882353,18.0,17.49076923076923,15.6,260.0,9.7,84.0
40363,215,18.6,18.0,17.5,15.1,111.0,6.4,88.0
41263,215,18.6,18.0,17.5,14.7,53.0,8.0,91.0
42163,215,18.6,18.0,17.5,14.5,111.0,8.0,94.0
43063,215,18.6,18.0,17.5,15.8,795.0,14.5,91.0
43963,215,18.6,18.0,17.5,17.5,380.0,16.1,84.0
44863,215,18.6,18.0,17.5,15.7,207.0,14.5,91.0
45763,215,18.6,18.0,17.5,16.2,780.0,12.9,90.0
46663,215,18.6,18.0,17.5,16.9,768.0,11.3,89.0
47563,215,18.6,18.0,17.5,17.0,172.0,17.7,83.0
48463,215,18.6,18.0,17.5,15.9,262.0,16.1,88.0
49363,215,18.6,18.0,17.5,17.2,144.0,16.1,83.0
50263,215,18.6,18.0,17.5,17.7,777.0,19.3,84.0
51163,215,18.6,18.0,17.5,18.2,775.0,20.9,83.0
52063,215,18.6,18.0,17.5,18.3,786.0,19.3,78.0
52963,215,18.6,18.0,17.5,18.8,788.0,20.9,73.0
53863,215,18.6,18.0,17.5,18.9,791.0,20.9,73.0
54763,215,18.6,18.0,17.5,18.8,729.0,20.9,74.0
55663,215,18.6,18.0,17.5,18.7,176.0,22.5,72.0
56563,215,18.6,18.0,17.5,17.9,266.0,24.1,74.0
57463,215,18.67428571428572,18.0,17.5,18.7,682.0,20.9,75.0
58363,215,18.69857142857143,18.0,17.5,17.3,204.0,24.1,79.0
59263,215,18.7,18.0,17.5,18.1,387.0,22.5,77.0
60163,215,18.7,18.0,17.5,18.0,737.0,27.4,78.0
61063,215,18.7,18.0,17.5,17.5,153.0,20.9,80.0
61963,215,18.7,18.0,17.5,17.4,309.0,19.3,81.0
62863,215,18.7,18.0,17.5,17.3,186.0,22.5,80.0
63763,215,18.7,18.0,17.5,16.9,109.0,19.3,81.0
64663,215,18.7,18.0,17.5,16.7,171.0,17.7,83.0
65563,215,18.753731343283583,18.00735294117647,17.5,17.7,306.0,17.7,77.0
66463,215,18.8,18.02173913043478,17.5,17.6,316.0,20.9,76.0
67363,215,18.765714285714285,18.12686567164179,17.5,17.7,221.0,20.9,73.0
68263,215,18.752238805970148,18.464285714285715,17.675714285714285,17.8,267.0,20.9,74.0
69163,215,18.72352941176471,18.5,17.791176470588233,17.7,236.0,20.9,72.0
70063,215,18.7,18.5,17.643478260869564,17.0,91.0,19.3,75.0
70963,215,18.595454545454547,18.49264705882353,17.5,16.9,127.0,17.7,77.0
71863,215,18.5,18.475409836065573,17.5,16.2,19.0,14.5,79.0
72763,215,18.65737704918033,18.45238095238096,17.5,15.7,23.0,12.9,81.0
73663,215,18.7,18.5,17.621875,15.3,21.0,14.5,84.0
74563,215,18.627142857142857,18.5,17.5,15.1,18.0,16.1,86.0
75463,215,18.6,18.455882352941178,17.5,14.8,5.0,14.5,87.0
76363,215,18.6,18.49074074074074,17.5,14.6,0.0,17.7,87.0
77263,215,18.62058823529412,18.467741935483872,17.58225806451613,14.2,0.0,17.7,88.0
78163,215,18.7,18.5,17.8,13.8,0.0,16.1,89.0
79063,215,18.796969696969697,18.5,17.805882352941175,13.6,0.0,17.7,89.0
79963,215,18.9,18.5,17.931343283582088,13.5,0.0,14.5,90.0
80863,215,18.9,18.5,17.80857142857143,13.6,0.0,14.5,90.0
81763,215,18.9,18.5,17.8,13.6,0.0,20.9,90.0
82663,215,18.9,18.5,17.8,13.4,0.0,17.7,90.0
83563,215,18.9,18.5,17.8,13.3,0.0,17.7,91.0
84463,215,18.9,18.5,17.8,13.2,0.0,17.7,91.0
85363,215,18.9,18.5,17.8,13.3,0.0,17.7,91.0
86263,215,18.9,18.5,17.8,13.3,0.0,16.1,91.0
763,216,18.9,18.5,17.8,13.4,0.0,16.1,91.0
1663,216,18.9,18.5,17.8,13.5,0.0,14.5,91.0
2563,216,18.9,18.5,17.8,13.6,0.0,16.1,90.0
3463,216,18.9,18.5,17.8,13.7,0.0,16.1,90.0
4363,216,18.88769230769231,18.5,17.8,13.6,0.0,16.1,90.0
5263,216,18.83731343283582,18.5,17.8,13.7,0.0,17.7,89.0
6163,216,18.80144927536232,18.5,17.8,13.6,0.0,17.7,90.0
7063,216,18.8,18.5,17.8,13.3,0.0,17.7,91.0
7963,216,18.8,18.5,17.8,13.3,0.0,14.5,91.0
8863,216,18.8,18.5,17.8,13.3,0.0,16.1,91.0
9763,216,18.8,18.5,17.8,13.3,0.0,16.1,91.0
10663,216,18.8,18.5,17.8,13.3,0.0,17.7,90.0
11563,216,18.8,18.5,17.8,13.2,0.0,19.3,90.0
12463,216,18.8,18.5,17.8,13.2,0.0,17.7,90.0
13363,216,18.8,18.5,17.8,13.2,0.0,17.7,90.0
14263,216,18.8,18.5,17.8,13.2,0.0,20.9,90.0
15163,216,18.8,18.5,17.8,13.2,0.0,17.7,90.0
16063,216,18.8,18.5,17.8,13.2,0.0,23.3,90.0
16963,216,18.8,18.5,17.8,13.2,0.0,20.9,90.0
17863,216,18.79402985074627,18.5,17.8,13.2,0.0,19.3,90.0
18763,216,18.756716417910447,18.5,17.8,13.2,0.0,22.5,90.0
19663,216,18.76060606060605,18.5,17.8,13.1,0.0,22.5,90.0
20563,216,18.8,18.5,17.8,13.2,2.0,24.1,90.0
21463,216,19.252238805970148,18.5,17.855882352941176,13.2,16.0,24.1,90.0
22363,216,19.781159420289857,18.514705882352946,18.013235294117646,13.2,21.0,20.9,90.0
23263,216,19.50857142857143,18.97826086956522,18.26086956521739,13.3,25.0,20.9,90.0
24163,216,19.423076923076923,18.55797101449276,18.0,13.3,28.0,22.5,90.0
25063,216,19.386567164179105,18.5,17.92727272727273,13.1,25.0,20.9,92.0
25963,216,19.3,18.5,17.8,12.8,62.0,19.3,93.0
26863,216,19.23809523809524,18.5,17.8,12.8,35.0,22.5,93.0
27763,216,19.2,18.5,17.8,12.9,53.0,20.9,93.0
28663,216,19.11641791044776,18.5,17.8,13.0,81.0,25.7,90.0
29563,216,19.1,18.5,17.8,13.1,76.0,22.5,90.0
30463,216,19.1,18.5,17.8,13.2,97.0,22.5,89.0
31363,216,19.1,18.5,17.8,13.3,116.0,20.9,89.0
32263,216,19.1,18.5,17.8,13.6,156.0,20.9,89.0
33163,216,19.13582089552239,18.5,17.8,13.8,135.0,22.5,89.0
34063,216,19.2,18.5,17.8,13.9,221.0,22.5,88.0
34963,216,19.2,18.5,17.8,14.1,234.0,22.5,86.0
35863,216,19.2,18.5,17.8,14.1,230.0,24.1,86.0
36763,216,19.1390625,18.5,17.8,14.6,288.0,22.5,85.0
37663,216,19.10142857142857,18.5,17.8,14.6,241.0,22.5,85.0
38563,216,19.1,18.5,17.777272727272727,14.6,249.0,22.5,84.0
39463,216,19.1,18.5,17.647692307692306,14.3,338.0,22.5,84.0
40363,216,19.1,18.5,17.508695652173913,15.4,506.0,20.9,81.0
41263,216,19.021212121212123,18.484848484848484,17.5,15.3,251.0,20.9,81.0
42163,216,19.0,18.49253731343284,17.5,14.9,193.0,20.9,81.0
43063,216,19.0,18.45522388059701,17.5,14.8,127.0,17.7,83.0
43963,216,19.0,18.42753623188406,17.5,14.8,86.0,17.7,81.0
44863,216,19.0,18.43478260869565,17.5,14.3,135.0,19.3,84.0
45763,216,19.0,18.46212121212121,17.5,14.5,116.0,19.3,81.0
46663,216,19.0,18.47058823529412,17.5,14.6,100.0,19.3,81.0
47563,216,19.0,18.47058823529412,17.5,14.2,149.0,17.7,87.0
48463,216,19.0,18.470149253731343,17.5,13.9,179.0,17.7,89.0
49363,216,19.0,18.48550724637681,17.5,13.8,180.0,14.5,92.0
50263,216,19.0,18.5,17.5,13.9,158.0,16.1,92.0
51163,216,19.0,18.5,17.5,13.8,151.0,14.5,92.0
52063,216,19.0,18.49253731343284,17.5,14.1,169.0,16.1,90.0
52963,216,18.974242424242423,18.5,17.5,14.3,218.0,19.3,89.0
53863,216,18.9,18.5,17.5,14.9,332.0,19.3,87.0
54763,216,18.9,18.5,17.5,14.7,121.0,17.7,84.0
55663,216,18.9,18.5,17.5,14.6,84.0,16.1,84.0
56563,216,18.9,18.5,17.5,14.5,118.0,20.9,84.0
57463,216,18.9,18.5,17.5,14.4,185.0,20.9,86.0
58363,216,18.9,18.5,17.5,14.6,160.0,19.3,86.0
59263,216,18.9,18.5,17.5,14.4,172.0,20.9,86.0
60163,216,18.9,18.5,17.5,14.6,162.0,19.3,85.0
61063,216,18.9,18.5,17.5,14.5,156.0,20.9,86.0
61963,216,18.9,18.5,17.508823529411764,14.4,109.0,20.9,86.0
62863,216,18.9,18.5,17.513432835820897,14.8,287.0,19.3,84.0
63763,216,18.9,18.5,17.565625,14.6,187.0,22.5,83.0
64663,216,18.9,18.27272727272728,17.53939393939394,14.2,98.0,17.7,86.0
65563,216,18.9,18.0,17.3,14.2,153.0,16.1,88.0
66463,216,18.9,18.0,17.466153846153848,14.1,107.0,20.9,85.0
67363,216,18.9,18.0,17.5,13.8,98.0,20.9,84.0
68263,216,18.87,18.09701492537313,17.5,13.8,109.0,19.3,85.0
69163,216,18.8,18.40579710144928,17.5,13.9,95.0,19.3,85.0
70063,216,18.8,18.31617647058824,17.5,13.9,86.0,17.7,84.0
70963,216,18.8,18.48529411764705,17.5,13.8,67.0,14.5,85.0
71863,216,18.795384615384613,18.39130434782609,17.5,13.7,46.0,14.5,86.0
72763,216,18.70952380952381,18.36231884057971,17.5,13.6,30.0,12.9,86.0
73663,216,18.7,18.313432835820898,17.5,13.4,7.0,14.5,86.0
74563,216,18.7,18.34426229508197,17.5,13.3,0.0,14.5,86.0
75463,216,18.79253731343284,18.5,17.513432835820897,13.2,0.0,11.3,87.0
76363,216,18.8,18.5,17.75846153846154,13.0,0.0,12.9,87.0
77263,216,18.8,18.5,17.79558823529412,12.9,0.0,11.3,89.0
78163,216,18.8,18.5,17.638805970149257,12.7,0.0,11.3,91.0
79063,216,18.8,18.5,17.55,12.1,0.0,12.9,94.0
79963,216,18.8,18.5,17.745454545454546,12.0,0.0,14.5,94.0
80863,216,18.8,18.5,17.8,11.9,0.0,12.9,93.0
81763,216,18.819402985074625,18.5,17.8,11.9,0.0,14.5,93.0
82663,216,18.8,18.5,17.8,11.7,0.0,16.1,93.0
83563,216,18.8,18.5,17.67727272727273,11.7,0.0,14.5,94.0
84463,216,18.72352941176471,18.5,17.504285714285714,11.8,0.0,14.5,94.0
85363,216,18.7,18.49264705882353,17.5,11.8,0.0,16.1,94.0
86263,216,18.7,18.35,17.5,11.8,0.0,12.9,94.0
763,217,18.7,18.10144927536232,17.5,11.7,0.0,12.9,94.0
1663,217,18.65070422535211,18.03787878787879,17.5,11.6,0.0,11.3,94.0
2563,217,18.6,18.0,17.5,11.5,0.0,11.3,93.0
3463,217,18.6,18.0,17.5,11.4,0.0,11.3,92.0
4363,217,18.6,18.0,17.5,11.4,0.0,9.7,92.0
5263,217,18.6,18.0,17.5,11.3,0.0,9.7,92.0
6163,217,18.6,18.0,17.5,11.2,0.0,8.0,92.0
7063,217,18.52463768115942,18.0,17.5,11.1,0.0,11.3,91.0
7963,217,18.5,18.0,17.5,11.1,0.0,11.3,91.0
8863,217,18.5,18.0,17.5,11.0,0.0,11.3,91.0
9763,217,18.5,18.0,17.5,10.9,0.0,11.3,91.0
10663,217,18.5,18.0,17.5,10.9,0.0,11.3,91.0
11563,217,18.5,18.0,17.5,10.9,0.0,9.7,92.0
12463,217,18.486764705882354,18.0,17.5,11.0,0.0,11.3,92.0
13363,217,18.4,18.0,17.488235294117647,10.9,0.0,8.0,92.0
14263,217,18.4,18.0,17.415625,10.9,0.0,9.7,91.0
15163,217,18.4,18.0,17.32769230769231,11.1,0.0,11.3,92.0
16063,217,18.4,18.0,17.31159420289855,11.1,0.0,12.9,92.0
16963,217,18.4,18.0,17.3,11.1,0.0,14.5,91.0
17863,217,18.4,18.0,17.3,10.9,0.0,14.5,92.0
18763,217,18.4,18.0,17.3,10.9,0.0,16.1,91.0
19663,217,18.4,18.0,17.3,11.0,0.0,16.1,91.0
20563,217,18.4,18.0,17.3,11.0,9.0,16.1,92.0
21463,217,18.4,18.0,17.240625,11.1,16.0,12.9,91.0
22363,217,18.411764705882355,18.0,17.295454545454547,11.2,19.0,11.3,91.0
23263,217,18.41617647058824,18.0,17.39846153846154,11.2,23.0,14.5,91.0
24163,217,18.41343283582089,18.0,17.47910447761194,11.2,30.0,12.9,90.0
25063,217,18.208571428571428,18.0,17.4,11.4,42.0,12.9,90.0
25963,217,18.22089552238806,18.0,17.193846153846152,11.4,58.0,12.9,91.0
26863,217,18.29264705882353,17.955223880597014,17.15223880597015,11.5,70.0,12.9,91.0
27763,217,18.37,18.0,17.3,11.6,75.0,14.5,91.0
28663,217,18.4,18.0,17.3,11.8,107.0,12.9,90.0
29563,217,18.4,18.0,17.3,12.1,128.0,12.9,89.0
30463,217,18.4,18.0,17.3,12.2,148.0,16.1,88.0
31363,217,18.4,18.0,17.3,12.4,169.0,14.5,89.0
32263,217,18.4,18.0,17.3,12.7,190.0,16.1,85.0
33163,217,18.4,18.0,17.3,12.7,192.0,17.7,85.0
34063,217,18.386567164179105,18.0,17.3,13.0,272.0,14.5,85.0
34963,217,18.3,18.0,17.3,13.9,360.0,14.5,83.0
35863,217,18.33076923076923,18.0,17.3,13.9,301.0,14.5,81.0
36763,217,18.319402985074625,18.0,17.3,14.2,292.0,11.3,79.0
37663,217,18.39375,18.0,17.3,13.9,346.0,14.5,81.0
38563,217,18.392424242424244,18.0,17.3,14.3,323.0,12.9,78.0
39463,217,18.256716417910447,18.0,17.3,15.2,729.0,12.9,76.0
40363,217,18.17205882352941,18.0,17.29090909090909,15.1,613.0,14.5,72.0
41263,217,18.1,18.0,17.071428571428573,16.2,872.0,12.9,70.0
42163,217,18.022058823529413,17.96969696969697,17.0,15.2,293.0,11.3,73.0
43063,217,18.0,17.96969696969697,17.0,15.3,819.0,12.9,71.0
43963,217,18.05454545454545,17.985714285714288,17.072857142857142,16.6,969.0,14.5,69.0
44863,217,18.29384615384616,18.0,17.27857142857143,14.8,100.0,14.5,77.0
45763,217,18.3,18.0,17.02238805970149,12.9,86.0,8.0,86.0
46663,217,18.3,18.0,17.0,11.9,58.0,9.7,91.0
47563,217,18.3,18.0,17.004166666666666,11.9,109.0,3.2,92.0
48463,217,18.3,18.0,17.0,12.2,197.0,8.0,91.0
49363,217,18.21818181818182,18.0,17.0,13.0,809.0,8.0,91.0
50263,217,18.2,17.865671641791046,17.0,14.2,65.0,8.0,85.0
51163,217,18.2,17.640350877192983,17.0,15.4,772.0,8.0,83.0
52063,217,18.15942028985507,17.59090909090909,17.0,15.3,253.0,6.4,81.0
52963,217,18.155384615384616,17.65441176470588,17.0,14.4,90.0,9.7,80.0
53863,217,18.158461538461538,17.75735294117647,17.0,12.9,422.0,4.8,92.0
54763,217,18.1,18.0,17.0,13.8,244.0,3.2,87.0
55663,217,18.17936507936508,18.0,17.022727272727273,14.7,823.0,4.8,86.0
56563,217,18.2,18.0,17.123529411764707,15.2,207.0,12.9,82.0
57463,217,18.2,18.0,17.013432835820897,13.3,86.0,16.1,83.0
58363,217,18.2,18.0,17.108695652173914,13.7,782.0,9.7,87.0
59263,217,18.166666666666664,18.0,17.3,14.7,171.0,8.0,85.0
60163,217,18.068656716417912,18.0,17.06,14.4,141.0,14.5,77.0
61063,217,18.17846153846154,18.0,17.080597014925374,14.2,236.0,14.5,82.0
61963,217,18.33731343283582,18.0,17.3,15.2,540.0,16.1,74.0
62863,217,18.34626865671642,18.0,17.3,15.3,190.0,17.7,75.0
63763,217,18.31714285714286,18.0,17.3,14.0,142.0,16.1,75.0
64663,217,18.28181818181818,18.0,17.3,14.3,285.0,14.5,77.0
65563,217,18.2,18.0,17.3,14.7,281.0,16.1,77.0
66463,217,18.08840579710145,18.0,17.3,14.9,265.0,16.1,77.0
67363,217,17.925757575757576,18.0,17.22173913043478,14.9,265.0,14.5,76.0
68263,217,17.769230769230766,18.0,17.0,15.1,244.0,17.7,76.0
69163,217,17.664285714285715,17.98507462686567,17.0,15.3,237.0,16.1,74.0
70063,217,17.7,17.941176470588236,17.0,14.7,105.0,16.1,76.0
70963,217,17.692647058823532,17.917910447761194,17.0,14.7,97.0,16.1,74.0
71863,217,17.6,17.50793650793651,17.0,13.7,35.0,12.9,76.0
72763,217,17.6,17.5,17.0,13.3,33.0,14.5,78.0
73663,217,17.559701492537314,17.5,16.940625,13.2,34.0,14.5,79.0
74563,217,17.546875,17.5,16.806060606060605,12.8,25.0,12.9,80.0
75463,217,17.6,17.5,16.803076923076922,12.4,9.0,12.9,82.0
76363,217,17.6,17.5,16.8,12.2,7.0,14.5,83.0
77263,217,17.6,17.5,16.8,11.9,0.0,11.3,84.0
78163,217,17.631818181818183,17.5,16.892753623188405,11.6,0.0,14.5,85.0
79063,217,17.703030303030303,17.5,17.0,11.5,0.0,12.9,85.0
79963,217,17.798529411764708,17.5,17.0,11.5,0.0,12.9,85.0
80863,217,17.8,17.5,17.0,11.5,0.0,14.5,85.0
81763,217,17.8,17.5,17.0,11.1,0.0,16.1,84.0
82663,217,17.974603174603175,17.82857142857143,17.107142857142858,11.2,0.0,16.1,84.0
83563,217,19.88030303030304,18.096774193548388,17.579032258064515,10.8,0.0,12.9,85.0
84463,217,19.419402985074623,18.0,17.35373134328358,10.6,0.0,14.5,85.0
85363,217,18.96617647058824,18.0,17.3,10.6,0.0,16.1,85.0
86263,217,18.645070422535213,18.0,17.3,10.5,0.0,14.5,84.0
763,218,18.435211267605634,18.0,17.3,10.4,0.0,16.1,85.0
1663,218,18.24347826086957,18.0,17.110294117647058,10.2,0.0,16.1,85.0
2563,218,18.14,18.0,17.080597014925374,10.1,0.0,16.1,85.0
3463,218,18.1,17.978571428571428,17.00857142857143,10.1,0.0,17.7,85.0
4363,218,18.00138888888889,17.776923076923076,17.0,10.0,0.0,16.1,85.0
5263,218,18.0,17.566176470588236,17.0,10.0,0.0,16.1,86.0
6163,218,18.0,17.5,17.0,9.9,0.0,14.5,86.0
7063,218,17.998591549295774,17.5,17.0,9.8,0.0,14.5,86.0
7963,218,17.90714285714286,17.5,17.0,9.9,0.0,17.7,85.0
8863,218,17.9,17.5,17.0,9.9,0.0,17.7,85.0
9763,218,17.9,17.5,17.0,9.7,0.0,14.5,87.0
10663,218,17.886567164179105,17.5,17.0,9.8,0.0,14.5,87.0
11563,218,17.8,17.5,16.99705882352941,9.8,0.0,16.1,87.0
12463,218,17.8,17.5,16.93846153846154,9.9,0.0,17.7,86.0
13363,218,17.8,17.5,16.83529411764706,9.8,0.0,14.5,87.0
14263,218,17.8,17.5,16.8,9.7,0.0,12.9,86.0
15163,218,17.715151515151515,17.5,16.8,9.8,0.0,12.9,87.0
16063,218,17.7,17.5,16.8,9.7,0.0,11.3,90.0
16963,218,17.7,17.5,16.8,9.7,0.0,9.7,91.0
17863,218,17.7,17.5,16.8,9.8,0.0,11.3,90.0
18763,218,17.7,17.5,16.8,10.0,5.0,14.5,90.0
19663,218,17.7375,17.5,16.8,10.1,7.0,14.5,89.0
20563,218,17.72769230769231,17.5,16.8,10.2,9.0,14.5,89.0
21463,218,17.7,17.5,16.8,10.4,44.0,11.3,88.0
22363,218,17.704225352112676,17.5,16.8,10.6,40.0,9.7,88.0
23263,218,17.8,17.5,16.8,10.7,44.0,11.3,86.0
24163,218,17.8,17.5,16.8,10.8,47.0,9.7,83.0
25063,218,17.755223880597015,17.5,16.8,10.9,69.0,6.4,81.0
25963,218,17.8,17.5,16.8,11.1,76.0,4.8,82.0
26863,218,17.833846153846153,17.5,16.89846153846154,11.3,105.0,1.6,82.0
27763,218,18.833333333333336,17.704545454545453,17.174242424242426,11.4,92.0,1.6,82.0
28663,218,18.58923076923077,18.0,17.36451612903226,11.7,127.0,6.4,82.0
29563,218,18.2112676056338,17.78985507246377,17.095652173913045,12.0,98.0,3.2,82.0
30463,218,18.0,17.5,17.0,12.5,171.0,6.4,81.0
31363,218,17.90735294117647,17.5,16.941176470588236,12.9,116.0,9.7,78.0
32263,218,17.8578125,17.5,16.8,13.4,246.0,12.9,79.0
33163,218,17.8,17.5,16.8,13.6,250.0,12.9,78.0
34063,218,17.872463768115942,17.5,16.8,13.4,238.0,12.9,78.0
34963,218,17.810769230769232,17.5,16.8,14.7,494.0,11.3,76.0
35863,218,17.89264705882353,17.5,16.8,14.9,461.0,12.9,73.0
36763,218,17.90327868852459,17.5,16.8,15.2,278.0,11.3,74.0
37663,218,17.9,17.5,16.8,15.2,381.0,12.9,74.0
38563,218,17.9,17.5,16.8,15.0,332.0,11.3,72.0
39463,218,17.9,17.5,16.8,15.6,357.0,8.0,71.0
40363,218,17.9,17.5,16.8,15.0,218.0,11.3,72.0
41263,218,17.9,17.5,16.8,15.8,411.0,12.9,70.0
42163,218,17.9,17.5,16.8,16.1,737.0,16.1,70.0
43063,218,17.9,17.5,16.8,16.2,352.0,16.1,71.0
43963,218,17.932835820895523,31.23880597014925,25.0089552238806,15.5,318.0,16.1,71.0
44863,218,18.53787878787879,48.42857142857143,44.934285714285714,15.7,355.0,14.5,71.0
45763,218,19.28529411764706,35.75,32.93636363636364,15.4,255.0,12.9,72.0
46663,218,19.65147058823529,26.68382352941176,25.048529411764708,15.0,163.0,12.9,73.0
47563,218,19.757377049180327,22.98360655737705,21.970491803278687,14.6,111.0,11.3,79.0
48463,218,19.73623188405797,21.08208955223881,20.429850746268656,13.7,72.0,16.1,84.0
49363,218,19.56451612903226,19.92063492063492,19.495238095238097,12.9,99.0,17.7,87.0
50263,218,19.434328358208955,19.47761194029851,19.08059701492537,13.2,306.0,16.1,88.0
51163,218,19.17536231884058,19.0,18.759722222222223,13.7,271.0,12.9,86.0
52063,218,18.92,18.661290322580648,18.39032258064516,14.1,338.0,17.7,83.0
52963,218,18.74126984126984,18.5,18.147692307692303,15.0,631.0,14.5,83.0
53863,218,18.64090909090909,18.5,18.065625,15.2,309.0,12.9,80.0
54763,218,18.50597014925373,18.49275362318841,18.046376811594204,14.9,260.0,16.1,82.0
55663,218,18.442424242424245,18.036764705882355,17.79558823529412,14.7,192.0,16.1,82.0
56563,218,18.35076923076923,18.0,17.51846153846154,14.7,220.0,11.3,82.0
57463,218,18.24153846153846,18.0,17.5,14.2,316.0,11.3,89.0
58363,218,18.24920634920635,18.0,17.5,14.4,253.0,12.9,88.0
59263,218,18.35,18.0,17.5,14.1,301.0,19.3,91.0
60163,218,18.4,18.0,17.5,14.2,251.0,17.7,89.0
61063,218,18.4,18.0,17.5,14.8,179.0,12.9,88.0
61963,218,18.46231884057971,18.0,17.5,14.9,190.0,14.5,87.0
62863,218,18.5,18.0,17.5,15.2,221.0,14.5,87.0
63763,218,18.5,18.0,17.5,15.3,201.0,11.3,85.0
64663,218,18.5,18.0,17.5,15.4,151.0,14.5,84.0
65563,218,18.5,18.0,17.36268656716418,15.3,134.0,14.5,83.0
66463,218,18.416417910447763,18.0,17.3,15.3,118.0,14.5,84.0
67363,218,18.4,18.0,17.3,15.2,71.0,16.1,84.0
68263,218,18.4,18.0,17.3,13.1,83.0,17.7,88.0
69163,218,18.4,18.0,17.3,12.9,70.0,19.3,89.0
70063,218,18.469117647058823,18.0,17.398360655737704,12.8,37.0,17.7,89.0
70963,218,18.4265625,18.0,17.33283582089552,12.7,42.0,16.1,89.0
71863,218,18.5,18.0,17.4,12.8,49.0,20.9,86.0
72763,218,18.419696969696968,18.0,17.3,12.8,46.0,22.5,85.0
73663,218,18.4,18.0,17.3,12.7,35.0,20.9,86.0
74563,218,18.4,18.0,17.3,12.8,33.0,19.3,86.0
75463,218,18.4,18.0,17.3,12.6,18.0,16.1,87.0
76363,218,18.37272727272727,18.0,17.3,12.4,5.0,14.5,85.0
77263,218,18.33043478260869,18.0,17.3,12.5,0.0,14.5,84.0
78163,218,18.38507462686567,18.0,17.308695652173913,12.7,0.0,17.7,83.0
79063,218,18.3515625,18.0,17.380000000000003,12.3,0.0,9.7,86.0
79963,218,18.41818181818181,18.0,17.33939393939394,12.3,0.0,12.9,87.0
80863,218,18.5,18.0,17.3,12.3,0.0,11.3,86.0
81763,218,18.5,18.0,17.3,12.3,0.0,12.9,87.0
82663,218,18.5,18.0,17.3,12.2,0.0,12.9,85.0
83563,218,18.5,18.0,17.264705882352942,12.5,0.0,17.7,84.0
84463,218,18.5,18.0,17.057352941176468,12.6,0.0,16.1,85.0
85363,218,18.5,18.0,17.004347826086956,12.7,0.0,12.9,85.0
86263,218,18.5,18.0,17.0,12.6,0.0,12.9,89.0
763,219,18.5,18.0,17.0,12.4,0.0,14.5,90.0
1663,219,18.48805970149254,17.99264705882353,17.0,12.1,0.0,17.7,91.0
2563,219,18.4,17.985714285714288,17.0,11.6,0.0,17.7,92.0
3463,219,18.4,17.970149253731343,17.0,11.3,0.0,12.9,91.0
4363,219,18.4,17.92537313432836,17.0,11.2,0.0,12.9,90.0
5263,219,18.4,17.80597014925373,17.0,11.2,0.0,14.5,88.0
6163,219,18.4,17.728571428571428,17.0,11.1,0.0,11.3,87.0
7063,219,18.4,17.652173913043477,17.0,11.2,0.0,16.1,87.0
7963,219,18.4,17.897058823529413,17.083823529411767,11.3,0.0,14.5,88.0
8863,219,18.4,18.0,17.013235294117646,11.2,0.0,12.9,89.0
9763,219,18.4,17.992424242424242,17.0,11.1,0.0,14.5,88.0
10663,219,18.4,17.95,17.0,11.4,0.0,14.5,88.0
11563,219,18.34925373134329,17.79285714285714,17.0,11.4,0.0,20.9,88.0
12463,219,18.3,17.6044776119403,17.0,11.4,0.0,19.3,89.0
13363,219,18.3,17.521428571428572,17.0,11.3,0.0,22.5,90.0
14263,219,18.3,17.5,17.0,11.1,0.0,22.5,89.0
15163,219,18.3,17.5,17.0,11.1,0.0,20.9,89.0
16063,219,18.3,17.5,17.0,10.9,0.0,22.5,90.0
16963,219,18.287142857142857,17.5,17.0,10.9,0.0,19.3,90.0
17863,219,18.21014492753623,17.5,17.0,10.8,0.0,17.7,90.0
18763,219,18.273529411764702,17.5,17.0,10.6,0.0,16.1,91.0
19663,219,18.377611940298507,17.5,17.0,10.4,0.0,14.5,92.0
20563,219,18.31692307692308,17.5,17.0,10.5,7.0,17.7,92.0
21463,219,18.35217391304348,17.5,17.0,10.6,11.0,19.3,92.0
22363,219,18.4,17.715384615384615,17.00923076923077,10.6,14.0,19.3,92.0
23263,219,18.587692307692308,18.0,17.32121212121212,10.7,16.0,19.3,91.0
24163,219,18.8953125,18.06428571428572,17.555714285714284,10.7,17.0,17.7,91.0
25063,219,19.05322580645161,18.5,17.8,10.9,21.0,20.9,89.0
25963,219,19.124590163934425,18.46212121212121,17.8,11.1,23.0,19.3,89.0
26863,219,20.204918032786885,18.5,17.903225806451612,11.3,26.0,17.7,89.0
27763,219,19.6859375,18.5,17.855384615384615,11.5,26.0,13.7,90.0
28663,219,19.4140625,18.485915492957748,17.8,11.7,28.0,19.3,89.0
29563,219,19.3,18.231884057971016,17.734782608695653,11.8,30.0,17.7,88.0
30463,219,19.24347826086957,18.5,17.8,12.4,120.0,12.9,87.0
31363,219,19.19855072463768,18.416666666666664,17.8,12.6,56.0,14.5,86.0
32263,219,19.1,18.0,17.663235294117648,13.0,107.0,14.5,83.0
33163,219,19.06142857142857,18.0,17.5,13.6,206.0,12.9,84.0
34063,219,19.0,18.0,17.5,13.7,181.0,14.5,82.0
34963,219,18.950746268656715,18.0,17.5,13.9,304.0,17.7,80.0
35863,219,18.9,18.0,17.5,15.0,406.0,16.1,77.0
36763,219,18.9,18.0,17.5,14.8,279.0,19.3,76.0
37663,219,18.80454545454545,18.0,17.5,14.7,332.0,14.5,79.0
38563,219,18.798529411764708,18.0,17.5,15.1,406.0,14.5,79.0
39463,219,18.70151515151515,18.0,17.424637681159417,14.7,380.0,20.9,80.0
40363,219,18.7,18.0,17.31492537313433,15.4,369.0,17.7,81.0
41263,219,18.7,18.0,17.305797101449276,14.5,376.0,16.1,84.0
42163,219,18.7,18.0,17.3,14.1,225.0,16.1,86.0
43063,219,18.7,18.0,17.3,15.2,756.0,11.3,89.0
43963,219,18.7,18.0,17.3,15.2,202.0,14.5,83.0
44863,219,18.7,18.0,17.3,15.4,766.0,19.3,87.0
45763,219,18.7,18.0,17.3,15.6,781.0,20.9,81.0
46663,219,18.7,18.0,17.3,16.2,689.0,20.9,76.0
47563,219,18.7,18.0,17.3,17.2,993.0,19.3,74.0
48463,219,18.7,18.0,17.3,15.3,246.0,19.3,83.0
49363,219,18.7,18.0,17.3,14.8,317.0,14.5,86.0
50263,219,18.66307692307692,18.0,17.302816901408452,15.9,427.0,17.7,81.0
51163,219,18.694117647058825,18.0,17.484375,16.8,937.0,16.1,75.0
52063,219,18.727272727272727,18.0,17.5,16.4,918.0,17.7,76.0
52963,219,18.8,18.0,17.5,16.2,285.0,17.7,75.0
53863,219,18.8,18.0,17.5,15.6,162.0,14.5,84.0
54763,219,18.8,18.0,17.5,15.2,394.0,9.7,88.0
55663,219,18.83650793650793,18.0,17.5,15.4,127.0,12.9,82.0
56563,219,18.8,18.0,17.5,14.9,249.0,14.5,84.0
57463,219,18.8,18.16417910447761,17.5044776119403,15.4,248.0,17.7,82.0
58363,219,18.8,18.0,17.5,16.1,835.0,17.7,78.0
59263,219,18.8,18.0,17.5,15.2,315.0,16.1,79.0
60163,219,18.8,18.0,17.5,16.5,740.0,16.1,76.0
61063,219,18.878688524590164,18.176470588235293,17.601470588235294,17.3,555.0,17.7,68.0
61963,219,18.9515625,18.193548387096776,17.51451612903226,17.3,534.0,14.5,67.0
62863,219,19.0,18.0,17.5,17.4,441.0,12.9,66.0
63763,219,19.0,18.045454545454547,17.5,17.3,223.0,16.1,67.0
64663,219,18.9936507936508,18.0390625,17.5,17.0,54.0,16.1,66.0
65563,219,18.90149253731344,18.0,17.5,16.4,158.0,16.1,70.0
66463,219,18.9,18.0,17.5,16.4,353.0,17.7,69.0
67363,219,18.869565217391305,18.007575757575758,17.5,16.3,76.0,16.1,70.0
68263,219,18.8,18.0,17.5,16.2,251.0,14.5,71.0
69163,219,18.734782608695653,18.0,17.5,16.4,151.0,16.1,66.0
70063,219,18.7,18.0,17.5,15.5,62.0,11.3,70.0
70963,219,18.7,18.0,17.390625,15.0,39.0,9.7,73.0
71863,219,18.751470588235293,18.125,17.557352941176468,14.6,33.0,9.7,73.0
72763,219,18.830303030303032,18.49264705882353,17.605882352941176,14.5,58.0,9.7,75.0
73663,219,18.85538461538461,18.49264705882353,17.57941176470588,14.3,19.0,9.7,76.0
74563,219,18.90952380952381,18.44696969696969,17.67727272727273,14.1,23.0,9.7,77.0
75463,219,18.9,18.5,17.8,13.5,7.0,12.9,78.0
76363,219,18.9,18.5,17.586363636363636,13.2,0.0,11.3,78.0
77263,219,18.898507462686567,18.475806451612904,17.5,13.2,0.0,11.3,79.0
78163,219,18.80151515151515,18.231884057971016,17.5,13.2,0.0,14.5,80.0
79063,219,18.765,18.10606060606061,17.5,12.7,0.0,12.9,83.0
79963,219,18.7,18.0,17.5,12.5,0.0,12.9,84.0
80863,219,18.7515625,18.24264705882353,17.597058823529412,12.4,0.0,14.5,85.0
81763,219,18.84776119402985,18.5,17.8,12.3,0.0,14.5,86.0
82663,219,18.8,18.5,17.740000000000002,12.2,0.0,14.5,86.0
83563,219,18.8,18.5,17.569230769230767,12.1,0.0,14.5,87.0
84463,219,18.83939393939394,18.5,17.704545454545453,12.0,0.0,14.5,88.0
85363,219,18.9,18.5,17.8,11.9,0.0,14.5,87.0
86263,219,18.99264705882353,18.5,17.8,11.7,0.0,14.5,87.0
763,220,19.0,18.5,17.791304347826088,11.5,0.0,14.5,88.0
1663,220,19.0,18.5,17.670149253731346,11.3,0.0,12.9,89.0
2563,220,19.0,18.5,17.53134328358209,11.2,0.0,12.9,88.0
3463,220,18.962686567164177,18.5,17.51764705882353,11.1,0.0,12.9,89.0
4363,220,18.937313432835825,18.5,17.754545454545454,11.1,0.0,12.9,90.0
5263,220,18.91857142857143,18.5,17.65671641791045,11.2,0.0,12.9,91.0
6163,220,18.9,18.5,17.546153846153846,11.2,0.0,14.5,90.0
7063,220,,,,11.2,0.0,11.3,90.0
7963,220,,,,11.3,0.0,12.9,90.0
8863,220,,,,11.3,0.0,12.9,89.0
9763,220,,,,11.2,0.0,11.3,90.0
10663,220,,,,11.0,0.0,14.5,90.0
11563,220,,,,10.9,0.0,14.5,90.0
12463,220,,,,10.7,0.0,16.1,91.0
13363,220,,,,10.7,0.0,14.5,91.0
14263,220,,,,10.7,0.0,12.9,91.0
15163,220,,,,10.6,0.0,11.3,91.0
16063,220,,,,10.7,0.0,11.3,90.0
16963,220,,,,10.6,0.0,12.9,90.0
17863,220,,,,10.5,0.0,12.9,91.0
18763,220,,,,10.6,0.0,16.1,91.0
19663,220,,,,10.5,0.0,12.9,91.0
20563,220,,,,10.4,5.0,11.3,91.0
21463,220,18.93636363636364,18.5,17.8,10.4,12.0,11.3,90.0
22363,220,19.0,18.463235294117645,17.716176470588234,10.4,18.0,6.4,90.0
23263,220,20.214285714285715,18.46212121212121,17.856060606060606,10.5,18.0,3.2,90.0
24163,220,19.9955223880597,18.73809523809524,18.104761904761904,10.2,19.0,3.2,91.0
25063,220,19.156060606060606,18.5,17.90153846153846,10.3,25.0,3.2,91.0
25963,220,19.55857142857143,18.8046875,18.1734375,10.7,63.0,1.6,90.0
26863,220,19.243076923076924,18.7089552238806,18.12089552238806,11.1,63.0,1.6,89.0
27763,220,19.63230769230769,18.65079365079365,18.08095238095238,11.2,32.0,1.6,89.0
28663,220,18.89677419354839,18.5,17.94920634920635,11.2,39.0,3.2,90.0
29563,220,18.573134328358208,18.5,17.8,11.6,37.0,4.8,88.0
30463,220,18.5,18.5,17.66764705882353,11.9,35.0,11.3,87.0
31363,220,18.56571428571429,18.375,17.5,12.0,39.0,9.7,87.0
32263,220,18.68307692307692,18.29230769230769,17.53230769230769,12.4,51.0,8.0,86.0
33163,220,18.527272727272727,18.328358208955223,17.62089552238806,12.8,105.0,8.0,84.0
34063,220,18.54179104477612,18.49230769230769,17.767692307692307,13.7,274.0,6.4,81.0
34963,220,18.682089552238807,18.25735294117647,17.52647058823529,13.7,436.0,6.4,81.0
35863,220,18.806060606060605,18.007692307692306,17.5,14.2,552.0,8.0,77.0
36763,220,18.9,18.0,17.5,14.2,118.0,8.0,75.0
37663,220,18.98923076923077,18.0,17.5,14.5,561.0,4.8,73.0
38563,220,19.0,18.0,17.5,14.7,490.0,8.0,72.0
39463,220,19.0,18.0,17.5,15.2,599.0,6.4,69.0
40363,220,19.0,18.0,17.5,15.6,636.0,6.4,70.0
41263,220,19.0,18.0,17.5,15.8,613.0,6.4,69.0
42163,220,19.021538461538466,18.0,17.5,15.9,680.0,4.8,65.0
43063,220,19.05507246376812,18.0,17.5,16.8,649.0,4.8,66.0
43963,220,19.0,18.0,17.5,16.5,663.0,4.8,63.0
44863,220,19.0,18.0,17.5,16.9,693.0,4.8,62.0
45763,220,19.0,18.0,17.5,16.7,461.0,3.2,64.0
46663,220,19.0,18.0,17.5,17.4,719.0,3.2,57.0
47563,220,19.0,18.0,17.5,17.7,708.0,6.4,63.0
48463,220,19.00151515151515,18.0,17.5,16.6,269.0,8.0,65.0
49363,220,19.075,18.0,17.5,17.9,812.0,6.4,61.0
50263,220,19.1,18.0,17.5,18.1,823.0,3.2,58.0
51163,220,19.1,18.0,17.5,17.1,271.0,4.8,58.0
52063,220,19.06969696969697,18.0,17.5,18.2,735.0,6.4,53.0
52963,220,19.01176470588236,18.0,17.5,18.4,404.0,8.0,51.0
53863,220,19.0,18.0,17.5,18.3,649.0,6.4,51.0
54763,220,19.03076923076923,18.0,17.5,18.2,413.0,9.7,51.0
55663,220,19.1,18.0,17.5,18.0,401.0,9.7,57.0
56563,220,19.02878787878788,18.0,17.5,17.9,615.0,11.3,57.0
57463,220,19.0,18.0,17.5,17.8,540.0,11.3,53.0
58363,220,19.005797101449275,18.078125,17.5,17.5,494.0,14.5,54.0
59263,220,19.0,18.40909090909091,17.5,17.6,580.0,11.3,54.0
60163,220,19.0,18.48550724637681,17.656521739130433,17.6,533.0,11.3,50.0
61063,220,19.0,18.5,17.755223880597015,17.6,461.0,11.3,52.0
61963,220,19.0,18.5,17.57941176470588,17.6,473.0,11.3,56.0
62863,220,19.0,18.5,17.554545454545455,17.2,320.0,9.7,55.0
63763,220,19.06268656716417,18.5,17.759090909090908,16.9,372.0,12.9,57.0
64663,220,19.1,18.5,17.8,16.3,151.0,11.3,59.0
65563,220,19.1,18.5,17.8,16.1,195.0,11.3,61.0
66463,220,19.1,18.5,17.79516129032258,15.9,165.0,12.9,67.0
67363,220,19.0890625,18.5,17.8,15.3,107.0,11.3,73.0
68263,220,19.474576271186443,18.833333333333336,18.288888888888888,14.8,77.0,11.3,74.0
69163,220,19.6671875,19.02238805970149,18.5089552238806,14.4,79.0,11.3,74.0
70063,220,18.938235294117646,18.594202898550726,17.957971014492752,14.1,69.0,11.3,75.0
70963,220,18.473015873015875,18.5,17.665217391304346,13.9,63.0,11.3,78.0
71863,220,18.644615384615385,18.5,17.8,13.7,25.0,9.7,87.0
72763,220,18.846774193548388,18.5,17.8,13.6,21.0,9.7,89.0
73663,220,18.9,18.5,17.8,13.4,14.0,9.7,90.0
74563,220,18.94655172413793,18.5,17.8,13.2,12.0,9.7,91.0
75463,220,19.0,18.5,17.8,13.2,0.0,11.3,90.0
76363,220,19.0,18.5,17.88214285714286,13.0,0.0,8.0,91.0
77263,220,19.0,18.5,17.8,12.9,0.0,11.3,91.0
78163,220,19.0,18.5,17.8,12.8,0.0,9.7,92.0
79063,220,19.0258064516129,18.5,17.907462686567165,12.8,0.0,11.3,92.0
79963,220,19.88235294117647,18.77611940298508,18.213432835820896,12.7,0.0,11.3,93.0
80863,220,20.41764705882353,19.0,18.33939393939394,12.8,0.0,8.0,93.0
81763,220,20.02537313432836,19.0,18.3,12.9,0.0,8.0,93.0
82663,220,19.766176470588235,18.99275362318841,18.030434782608697,12.8,0.0,9.7,93.0
83563,220,19.55217391304348,18.62676056338028,18.0,12.7,0.0,11.3,93.0
84463,220,19.374242424242425,18.5,18.0,12.6,0.0,9.7,94.0
85363,220,19.244776119402985,18.5,18.0,12.6,0.0,9.7,94.0
86263,220,19.14782608695652,18.5,18.0,12.5,0.0,8.0,94.0
763,221,19.1,18.5,18.0,12.3,0.0,6.4,93.0
1663,221,19.1,18.5,18.0,12.0,0.0,6.4,92.0
2563,221,19.1,18.5,18.0,11.9,0.0,6.4,92.0
3463,221,19.08714285714285,18.5,17.974603174603175,11.7,0.0,4.8,92.0
4363,221,19.015942028985503,18.5,17.925806451612903,11.5,0.0,4.8,92.0
5263,221,19.02463768115942,18.5,17.904761904761905,11.3,0.0,0.0,92.0
6163,221,19.0,18.5,17.8,11.2,0.0,1.6,92.0
7063,221,19.0,18.5,17.8,10.9,0.0,0.0,92.0
7963,221,19.0,18.5,17.8,10.8,0.0,3.2,93.0
8863,221,18.97384615384616,18.5,17.8,10.7,0.0,1.6,93.0
9763,221,18.9,18.5,17.8,11.0,0.0,3.2,93.0
10663,221,18.9,18.5,17.8,11.1,0.0,3.2,93.0
11563,221,18.9,18.5,17.795652173913044,11.1,0.0,3.2,92.0
12463,221,18.9,18.5,17.791044776119403,11.2,0.0,3.2,92.0
13363,221,18.9,18.5,17.65671641791045,11.3,0.0,3.2,91.0
14263,221,18.9,18.5,17.544776119402986,11.3,0.0,4.8,91.0
15163,221,18.9,18.5,17.5,11.3,0.0,6.4,91.0
16063,221,18.85507246376812,18.49242424242424,17.504545454545454,11.3,0.0,4.8,90.0
16963,221,18.8,18.47692307692308,17.5,11.2,0.0,4.8,89.0
17863,221,18.8,18.389705882352946,17.5,11.2,0.0,4.8,88.0
18763,221,18.8,18.347457627118644,17.5,11.1,0.0,4.8,88.0
19663,221,18.8,18.198275862068964,17.5,11.1,0.0,3.2,87.0
20563,221,18.8,18.080882352941178,17.5,11.0,0.0,3.2,86.0
21463,221,18.80625,18.102941176470587,17.51764705882353,10.9,14.0,4.8,86.0
22363,221,18.904615384615383,18.5,17.8,10.8,21.0,6.4,87.0
23263,221,19.12941176470588,18.5,17.840677966101694,10.8,32.0,4.8,86.0
24163,221,19.190625,18.5,18.0,10.8,32.0,4.8,86.0
25063,221,18.961290322580645,18.5,17.997014925373133,10.8,39.0,6.4,86.0
25963,221,19.04375,18.5,17.975384615384616,10.7,28.0,6.4,85.0
26863,221,19.9875,18.723214285714285,18.17142857142857,10.8,62.0,6.4,85.0
27763,221,20.25230769230769,19.0,18.322222222222223,10.9,32.0,6.4,84.0
28663,221,19.7,19.0,18.3,11.4,127.0,6.4,84.0
29563,221,19.512698412698413,18.96212121212121,18.25454545454545,11.6,51.0,6.4,82.0
30463,221,19.30307692307692,18.5078125,18.0,11.8,35.0,6.4,82.0
31363,221,19.30625,18.55223880597015,18.071641791044776,12.2,35.0,9.7,80.0
32263,221,19.4,18.5,18.0,12.8,37.0,8.0,79.0
33163,221,19.4,18.5,17.866666666666667,13.0,39.0,9.7,77.0
34063,221,19.4,18.5,17.8,13.7,476.0,8.0,75.0
34963,221,19.4,18.5,17.8,14.7,431.0,6.4,72.0
35863,221,19.4,18.5,17.8,15.3,564.0,8.0,68.0
36763,221,19.4,18.5,17.8,15.6,621.0,6.4,69.0
37663,221,19.398529411764702,18.5,17.8,15.5,670.0,8.0,69.0
38563,221,19.32575757575757,18.5,17.8,15.7,677.0,6.4,66.0
39463,221,19.3,18.5,17.8,16.5,919.0,8.0,66.0
40363,221,19.3,18.5,17.8,16.2,120.0,6.4,64.0
41263,221,19.3,18.5,17.8,15.3,404.0,8.0,69.0
42163,221,19.3,18.5,17.8,16.1,107.0,8.0,65.0
43063,221,19.3,18.5,17.8,15.4,260.0,8.0,68.0
43963,221,19.3,18.5,17.8,16.7,167.0,9.7,63.0
44863,221,19.3,18.5,17.8,16.0,343.0,9.7,67.0
45763,221,19.373846153846152,18.5,17.95625,17.2,639.0,9.7,65.0
46663,221,19.4,18.5,18.0,17.4,487.0,9.7,63.0
47563,221,19.4,18.5,18.0,17.2,450.0,8.0,64.0
48463,221,19.4,18.5,18.0,17.8,520.0,9.7,62.0
49363,221,19.4,18.5,18.0,17.2,435.0,9.7,62.0
50263,221,19.4,18.5,18.0,18.2,849.0,9.7,61.0
51163,221,19.4015625,18.5,18.0,17.8,872.0,9.7,60.0
52063,221,19.49375,18.5,18.0,17.7,608.0,11.3,57.0
52963,221,19.5,18.5,18.0,17.1,338.0,12.9,58.0
53863,221,19.507692307692302,18.5,18.008823529411764,17.9,350.0,9.7,56.0
54763,221,19.6,18.56060606060606,18.04090909090909,17.9,918.0,11.3,60.0
55663,221,19.642857142857142,18.692857142857143,18.01714285714285,18.8,789.0,11.3,51.0
56563,221,19.7,18.9921875,18.1875,19.0,677.0,11.3,49.0
57463,221,19.7,19.0,18.2671875,18.4,200.0,14.5,50.0
58363,221,19.728571428571428,19.0,18.33582089552239,18.4,631.0,12.9,50.0
59263,221,20.066666666666663,19.3828125,18.8109375,18.6,647.0,11.3,48.0
60163,221,19.91587301587301,19.5,18.8,18.2,207.0,11.3,51.0
61063,221,19.804615384615385,19.227941176470587,18.614705882352943,18.8,601.0,11.3,51.0
61963,221,19.5625,19.0,18.5,18.7,214.0,8.0,51.0
62863,221,19.33015873015873,19.0,18.425,17.8,223.0,8.0,54.0
63763,221,19.28030303030303,19.0,18.3,18.4,510.0,11.3,52.0
64663,221,19.1890625,19.0,18.3,17.6,148.0,8.0,55.0
65563,221,19.287692307692307,19.0,18.3,17.3,130.0,9.7,56.0
66463,221,19.3703125,19.0,18.3,17.2,139.0,8.0,56.0
67363,221,19.3,19.0,18.3,17.3,86.0,9.7,54.0
68263,221,19.3,19.0,18.219047619047625,17.5,262.0,8.0,54.0
69163,221,19.25967741935484,18.584615384615383,18.0,17.6,44.0,4.8,55.0
70063,221,18.97460317460317,18.5,17.83283582089552,17.4,120.0,6.4,55.0
70963,221,18.70151515151515,18.49264705882353,17.544117647058822,17.6,105.0,4.8,54.0
71863,221,18.8484375,18.5,17.792424242424243,16.7,33.0,6.4,57.0
72763,221,19.030882352941177,18.5,17.96470588235294,16.4,25.0,4.8,58.0
73663,221,19.1296875,18.5,18.0,16.1,12.0,1.6,60.0
74563,221,19.2,18.508064516129032,18.0,15.4,9.0,0.0,64.0
75463,221,19.24285714285714,18.5390625,18.0,14.5,5.0,0.0,69.0
76363,221,19.3,18.5655737704918,18.0,13.6,0.0,0.0,73.0
77263,221,19.3,18.88888888888889,18.0,13.1,0.0,0.0,74.0
78163,221,19.3,19.0,18.0,12.6,0.0,0.0,76.0
79063,221,19.345454545454547,18.97826086956522,18.017391304347825,12.0,0.0,0.0,79.0
79963,221,19.338235294117645,19.0,18.14761904761905,11.7,0.0,0.0,80.0
80863,221,19.424242424242426,19.0,18.3,11.9,0.0,0.0,79.0
81763,221,19.615942028985508,19.17142857142857,18.591428571428573,12.1,0.0,0.0,79.0
82663,221,19.7,19.19047619047619,18.514285714285712,12.4,0.0,0.0,78.0
83563,221,19.7,19.0,18.5,12.8,0.0,3.2,76.0
84463,221,19.75454545454545,19.0,18.5,12.6,0.0,3.2,75.0
85363,221,19.8,19.0,18.38405797101449,12.7,0.0,4.8,74.0
86263,221,19.8,19.0,18.3,12.6,0.0,8.0,75.0
763,222,19.8,19.0,18.3,12.5,0.0,9.7,77.0
1663,222,19.8,19.0,18.3,12.4,0.0,9.7,80.0
2563,222,19.8,19.0,18.3,12.3,0.0,8.0,80.0
3463,222,19.79558823529412,19.0,18.3,12.2,0.0,9.7,80.0
4363,222,19.797014925373134,19.0,18.3,12.2,0.0,8.0,80.0
5263,222,19.703125,19.0,18.3,12.0,0.0,9.7,81.0
6163,222,19.7,19.0,18.3,12.1,0.0,11.3,81.0
7063,222,19.7,19.0,18.3,11.8,0.0,9.7,82.0
7963,222,19.7,19.0,18.3,11.9,0.0,9.7,82.0
8863,222,19.7,19.0,18.3,11.7,0.0,11.3,82.0
9763,222,19.677611940298508,19.0,18.3,11.6,0.0,9.7,83.0
10663,222,19.60144927536232,19.0,18.3,11.4,0.0,11.3,83.0
11563,222,19.6,19.0,18.3,11.4,0.0,11.3,82.0
12463,222,19.6,19.0,18.3,11.3,0.0,8.0,82.0
13363,222,19.6,19.0,18.3,10.8,0.0,1.6,84.0
14263,222,19.6,19.0,18.3,10.9,0.0,8.0,84.0
15163,222,19.6,19.0,18.3,11.1,0.0,11.3,84.0
16063,222,19.565079365079363,19.0,18.3,10.9,0.0,9.7,85.0
16963,222,19.50151515151515,19.0,18.3,10.8,0.0,8.0,85.0
17863,222,19.5,19.0,18.3,10.5,0.0,11.3,87.0
18763,222,19.56515151515152,19.0,18.3,10.2,0.0,12.9,88.0
19663,222,19.6,19.0,18.3,10.4,0.0,14.5,86.0
20563,222,19.66764705882353,19.0,18.3231884057971,10.2,5.0,17.7,88.0
21463,222,19.7,19.0,18.5,10.1,9.0,16.1,88.0
22363,222,19.72537313432836,19.0,18.5,10.1,12.0,14.5,88.0
23263,222,20.004285714285714,19.09090909090909,18.577272727272728,10.0,16.0,14.5,88.0
24163,222,20.81142857142857,19.5,18.966666666666665,10.2,18.0,12.9,87.0
25063,222,20.54285714285714,19.5,18.92957746478873,10.4,25.0,14.5,87.0
25963,222,20.6,19.5,18.8,10.8,28.0,12.9,86.0
26863,222,20.6,19.5,18.8,10.9,35.0,12.9,86.0
27763,222,20.49242424242424,19.43939393939394,18.77272727272728,11.1,37.0,16.1,85.0
28663,222,20.12878787878788,18.99275362318841,18.23623188405797,11.5,39.0,16.1,84.0
29563,222,19.804761904761904,19.0,18.06176470588236,11.8,42.0,16.1,84.0
30463,222,19.8,19.0,18.3,12.2,65.0,16.1,84.0
31363,222,19.8,19.0,18.3,12.5,69.0,17.7,83.0
32263,222,19.730434782608697,19.0,18.3,13.0,134.0,16.1,83.0
33163,222,19.7015625,19.0,18.3,12.9,151.0,14.5,83.0
34063,222,19.7,19.0,18.3,12.8,134.0,12.9,84.0
34963,222,19.7,19.0,18.3,12.7,155.0,14.5,84.0
35863,222,19.7,19.0,18.3,12.8,236.0,17.7,82.0
36763,222,19.698275862068964,19.0,18.3,13.2,188.0,16.1,82.0
37663,222,19.7,19.0,18.3,13.1,149.0,17.7,82.0
38563,222,19.7,19.0,18.3,13.1,201.0,19.3,82.0
39463,222,19.7,19.0,18.3,13.1,269.0,17.7,83.0
40363,222,19.7,19.0,18.3,13.3,236.0,17.7,82.0
41263,222,19.7,19.0,18.2955223880597,14.4,587.0,17.7,77.0
42163,222,19.687301587301587,19.0,18.286567164179104,14.9,708.0,20.9,74.0
43063,222,19.6,19.0,18.143283582089552,15.5,751.0,20.9,72.0
43963,222,19.6,19.0,18.05454545454545,15.1,334.0,19.3,73.0
44863,222,19.6,19.0,18.0,15.2,352.0,16.1,73.0
45763,222,19.6,19.0,18.0,14.9,248.0,19.3,72.0
46663,222,19.6,18.99275362318841,18.0,15.4,297.0,17.7,70.0
47563,222,19.6,19.0,18.0,15.4,373.0,19.3,71.0
48463,222,19.6,19.0,18.0,15.7,406.0,16.1,72.0
49363,222,19.6,18.977272727272727,18.0,15.8,446.0,19.3,71.0
50263,222,19.554285714285715,18.967741935483872,18.0,16.8,900.0,16.1,69.0
51163,222,19.5,18.91044776119403,18.0,16.8,397.0,19.3,67.0
52063,222,19.5,18.914285714285715,18.0,16.4,461.0,17.7,70.0
52963,222,19.5,18.89130434782609,18.0,16.1,413.0,17.7,71.0
53863,222,19.5,18.86029411764705,18.0,16.8,782.0,19.3,69.0
54763,222,19.5,18.8,18.0,17.1,661.0,19.3,68.0
55663,222,19.5,18.7536231884058,18.0,16.9,737.0,17.7,69.0
56563,222,19.5,18.716417910447763,18.0,16.9,693.0,19.3,66.0
57463,222,19.5,18.69117647058824,18.0,16.7,369.0,17.7,69.0
58363,222,19.5,18.64179104477612,18.0,15.9,308.0,17.7,72.0
59263,222,19.5,18.59701492537313,18.0,15.7,468.0,19.3,72.0
60163,222,19.5,18.63846153846153,18.0,15.9,641.0,17.7,72.0
61063,222,19.5,18.68115942028985,18.0,16.2,536.0,19.3,70.0
61963,222,19.5,18.62686567164179,18.0,16.2,524.0,20.9,67.0
62863,222,19.5,18.611940298507463,18.0,16.1,279.0,16.1,70.0
63763,222,19.4955223880597,18.643939393939394,18.0,15.9,348.0,19.3,67.0
64663,222,19.45671641791045,18.63235294117647,18.0,16.0,139.0,17.7,67.0
65563,222,19.40144927536232,18.678571428571427,18.0,16.1,207.0,16.1,66.0
66463,222,19.4,18.63846153846153,18.0,15.8,156.0,17.7,68.0
67363,222,19.4,18.544776119402982,18.0,15.7,206.0,19.3,67.0
68263,222,19.4,18.647058823529413,18.0,15.6,167.0,19.3,67.0
69163,222,19.4,18.77941176470588,18.0,15.3,156.0,20.9,68.0
70063,222,19.4,18.764705882352946,18.0,14.9,72.0,17.7,68.0
70963,222,19.4,18.94927536231884,18.0,14.1,26.0,17.7,72.0
71863,222,19.4,18.99230769230769,18.14307692307693,13.6,26.0,16.1,73.0
72763,222,19.4,19.0,18.0,13.6,23.0,14.5,73.0
73663,222,19.39402985074627,19.0,18.08360655737705,13.3,12.0,11.3,76.0
74563,222,19.31492537313433,19.0,18.21044776119403,12.8,9.0,9.7,78.0
75463,222,19.3,19.0,18.22153846153846,12.9,0.0,16.1,76.0
76363,222,19.3,19.0,18.16764705882353,13.0,0.0,14.5,76.0
77263,222,19.3,18.99230769230769,18.03230769230769,13.0,0.0,14.5,77.0
78163,222,19.3,18.97692307692308,18.0,13.1,0.0,17.7,77.0
79063,222,19.24516129032257,18.963235294117645,18.0,13.6,0.0,22.5,76.0
79963,222,19.2,18.948529411764707,18.004411764705882,13.5,0.0,20.9,76.0
80863,222,19.21846153846154,18.99230769230769,18.189230769230768,13.0,0.0,16.1,79.0
81763,222,19.2,19.0,18.11428571428572,12.6,0.0,14.5,81.0
82663,222,19.296875,19.0,18.3,12.4,0.0,16.1,82.0
83563,222,19.32058823529412,19.0,18.3,12.4,0.0,17.7,81.0
84463,222,19.398529411764702,19.0,18.3,12.4,0.0,19.3,81.0
85363,222,19.4,19.0,18.3,12.3,0.0,19.3,82.0
86263,222,19.39857142857143,19.0,18.3,12.5,0.0,17.7,82.0
763,223,19.31212121212121,19.0,18.3,12.5,0.0,20.9,82.0
1663,223,19.3,19.0,18.3,12.6,0.0,19.3,82.0
2563,223,19.3,19.0,18.295714285714286,12.6,0.0,14.5,82.0
3463,223,19.3,18.99253731343284,18.2955223880597,12.3,0.0,20.9,84.0
4363,223,19.3,18.99253731343284,18.277611940298502,12.1,0.0,20.9,86.0
5263,223,19.3,18.977941176470587,18.20294117647059,12.0,0.0,16.1,86.0
6163,223,19.3,18.897058823529413,18.09705882352941,12.1,0.0,16.1,86.0
7063,223,19.3,18.85820895522388,18.040298507462687,12.2,0.0,19.3,86.0
7963,223,19.3,18.75,18.01714285714285,12.3,0.0,22.5,86.0
8863,223,19.3,18.60144927536232,18.004347826086956,12.6,0.0,27.4,85.0
9763,223,19.3,18.56716417910448,18.0,12.6,0.0,22.5,85.0
10663,223,19.293333333333333,18.50757575757576,18.0,12.5,0.0,25.7,85.0
11563,223,19.21363636363636,18.5,18.0,12.6,0.0,24.1,84.0
12463,223,19.2,18.5,18.0,12.7,0.0,22.5,83.0
13363,223,19.2,18.5,18.0,12.9,0.0,22.5,81.0
14263,223,19.2,18.5,18.0,12.9,0.0,24.1,81.0
15163,223,19.2,18.5,18.0,12.9,0.0,29.0,81.0
16063,223,19.2,18.5,18.0,12.7,0.0,22.5,82.0
16963,223,19.2,18.5,18.0,12.6,0.0,22.5,83.0
17863,223,19.2,18.5,18.0,12.6,0.0,24.1,83.0
18763,223,19.2,18.5,18.0,12.6,0.0,20.9,84.0
19663,223,19.192307692307693,18.5,18.0,12.5,0.0,14.5,85.0
20563,223,19.1089552238806,18.5,18.0,12.9,0.0,22.5,85.0
21463,223,19.1,18.5,18.0,12.9,5.0,22.5,86.0
22363,223,19.14558823529412,18.5,18.0,13.0,12.0,25.7,85.0
23263,223,19.26031746031746,18.6953125,18.1359375,13.1,11.0,22.5,84.0
24163,223,19.477272727272727,19.0,18.3,13.0,15.0,22.5,84.0
25063,223,19.4453125,19.0,18.213043478260868,13.3,18.0,27.4,83.0
25963,223,19.386567164179105,18.630769230769232,18.0,13.5,25.0,29.0,82.0
26863,223,19.3,18.5,18.0,13.8,30.0,29.0,82.0
27763,223,19.3,18.5,18.0,14.0,42.0,30.6,83.0
28663,223,19.209230769230768,18.5,18.0,13.9,56.0,27.4,84.0
29563,223,19.2,18.5,18.0,13.8,42.0,29.0,87.0
30463,223,19.2,18.5,18.0,13.7,70.0,25.7,88.0
31363,223,19.2,18.5,18.0,13.9,97.0,27.4,87.0
32263,223,19.2,18.5,18.0,14.5,114.0,24.1,86.0
33163,223,19.2,18.5,18.0,14.7,120.0,24.1,85.0
34063,223,19.2,18.5,18.0,14.8,148.0,20.9,86.0
34963,223,19.2,18.5,18.0,15.0,178.0,24.1,86.0
35863,223,19.2,18.5,18.0,15.4,230.0,24.1,85.0
36763,223,19.2,18.5,18.0,15.4,185.0,27.4,85.0
37663,223,19.2,18.5,18.0,15.6,272.0,32.2,85.0
38563,223,19.25846153846154,18.5,18.0,15.7,252.0,30.6,84.0
39463,223,19.3,18.5,18.0,17.2,754.0,27.4,81.0
40363,223,19.3,18.5,18.0,17.5,761.0,30.6,80.0
41263,223,19.3,18.5,18.0,18.4,867.0,30.6,79.0
42163,223,19.259090909090908,18.5,18.0,16.9,345.0,24.1,82.0
43063,223,19.20344827586207,18.5,18.0,16.1,244.0,30.6,86.0
43963,223,19.20441176470588,18.5,18.0,16.2,258.0,25.7,86.0
44863,223,19.21617647058824,18.5,18.0,16.0,169.0,25.7,86.0
45763,223,19.3,18.5,18.0,16.1,200.0,24.1,87.0
46663,223,19.3,18.5,18.0,16.4,181.0,24.1,86.0
47563,223,19.3,18.5,18.0,16.2,250.0,22.5,88.0
48463,223,19.3,18.5,18.0,16.2,258.0,19.3,90.0
49363,223,19.3,18.5,18.0,16.4,396.0,22.5,91.0
50263,223,19.3,18.5,18.0,17.3,397.0,22.5,87.0
51163,223,19.3,18.5,18.0,18.5,837.0,22.5,84.0
52063,223,19.3,18.5,18.0,18.3,422.0,22.5,82.0
52963,223,19.3,18.5,18.0,18.8,807.0,22.5,80.0
53863,223,19.3,18.5,18.0,18.1,278.0,27.4,83.0
54763,223,19.3,18.5,18.0,18.0,290.0,24.1,83.0
55663,223,19.357142857142858,18.5,18.012857142857143,17.2,246.0,24.1,89.0
56563,223,19.655223880597013,18.92142857142857,18.29142857142857,17.7,563.0,16.1,91.0
57463,223,19.70441176470588,19.0,18.3,17.8,257.0,17.7,88.0
58363,223,19.615942028985508,19.0,18.3,17.0,181.0,17.7,92.0
59263,223,19.57936507936508,18.933823529411764,18.15,16.4,83.0,19.3,92.0
60163,223,19.5,18.5859375,18.0,16.3,130.0,14.5,94.0
61063,223,19.46451612903226,18.5,18.0,16.5,72.0,16.1,90.0
61963,223,19.4,18.5,18.0,16.0,90.0,17.7,91.0
62863,223,19.4,18.5,18.0,16.2,176.0,11.3,93.0
63763,223,19.4,18.5,18.0,16.4,166.0,16.1,89.0
64663,223,19.32753623188406,18.5,18.0,16.3,47.0,17.7,89.0
65563,223,19.3,18.5,18.0,16.2,19.0,12.9,89.0
66463,223,19.3,18.5,18.0,15.3,56.0,19.3,92.0
67363,223,19.3,18.5,18.0,15.2,83.0,17.7,93.0
68263,223,19.3,18.5,18.0,15.3,105.0,19.3,92.0
69163,223,19.3,18.5,18.0,15.4,33.0,14.5,91.0
70063,223,19.3,18.5,18.0,15.1,40.0,14.5,92.0
70963,223,19.23529411764705,18.5,18.0,15.2,60.0,12.9,89.0
71863,223,19.2,18.5,18.0,14.7,30.0,14.5,89.0
72763,223,19.2,18.5,18.0,14.6,19.0,12.9,87.0
73663,223,19.2,18.5,18.0,14.3,12.0,17.7,85.0
74563,223,19.2,18.5,18.0,13.9,7.0,19.3,86.0
75463,223,19.2,18.5,18.0,13.8,0.0,19.3,86.0
76363,223,19.2,18.5,18.0,13.8,0.0,19.3,86.0
77263,223,19.246969696969696,18.50735294117647,18.0,13.7,0.0,17.7,86.0
78163,223,19.22615384615385,18.5,18.0,13.8,0.0,19.3,86.0
79063,223,19.2,18.5,18.0,13.6,0.0,20.9,88.0
79963,223,19.2,18.5,18.0,13.2,0.0,17.7,89.0
80863,223,19.213043478260868,18.558823529411764,18.0,12.9,0.0,14.5,89.0
81763,223,19.3,18.649253731343286,18.008955223880598,12.8,0.0,16.1,90.0
82663,223,19.28,18.5,18.0,13.0,0.0,17.7,89.0
83563,223,19.2,18.5,18.0,13.0,0.0,17.7,89.0
84463,223,19.2,18.5,18.0,13.0,0.0,17.7,88.0
85363,223,19.166666666666664,18.5,18.0,12.8,0.0,17.7,88.0
86263,223,19.1,18.5,18.0,12.7,0.0,19.3,88.0
763,224,19.1,18.5,18.0,12.6,0.0,19.3,89.0
1663,224,19.09848484848485,18.5,18.0,12.5,0.0,17.7,89.0
2563,224,19.003030303030304,18.5,17.97058823529412,12.5,0.0,20.9,89.0
3463,224,19.0,18.5,17.91014492753623,12.3,0.0,16.1,89.0
4363,224,19.0,18.5,17.857627118644068,12.2,0.0,16.1,90.0
5263,224,19.0,18.5,17.8,12.2,0.0,14.5,91.0
6163,224,19.0,18.5,17.803076923076922,12.2,0.0,17.7,91.0
7063,224,18.98840579710145,18.5,17.8,12.3,0.0,14.5,91.0
7963,224,18.90441176470588,18.5,17.8,12.3,0.0,16.1,91.0
8863,224,18.9,18.5,17.8,12.5,0.0,19.3,91.0
9763,224,18.9,18.5,17.8,12.3,0.0,17.7,92.0
10663,224,18.9,18.5,17.8,12.2,0.0,16.1,92.0
11563,224,18.9,18.5,17.8,12.2,0.0,17.7,92.0
12463,224,18.9,18.5,17.8,12.2,0.0,16.1,92.0
13363,224,18.8969696969697,18.5,17.8,12.2,0.0,14.5,92.0
14263,224,18.818840579710145,18.5,17.8,12.6,0.0,17.7,91.0
15163,224,18.8,18.5,17.8,12.6,0.0,17.7,91.0
16063,224,18.8,18.5,17.8,12.6,0.0,17.7,91.0
16963,224,18.8,18.5,17.8,12.6,0.0,17.7,91.0
17863,224,18.8,18.5,17.8,12.6,0.0,14.5,92.0
18763,224,18.8,18.5,17.8,12.6,0.0,14.5,92.0
19663,224,18.8,18.5,17.8,12.6,0.0,16.1,92.0
20563,224,18.8,18.5,17.8,12.6,0.0,14.5,92.0
21463,224,18.798529411764708,18.5,17.8,12.6,0.0,14.5,92.0
22363,224,18.8,18.5,17.8,12.6,5.0,14.5,92.0
23263,224,18.8,18.5,17.688059701492538,12.7,14.0,14.5,92.0
24163,224,18.893939393939394,18.5,17.686363636363637,12.7,25.0,12.9,92.0
25063,224,19.008823529411764,18.5,17.772058823529413,12.8,30.0,12.9,93.0
25963,224,18.323880597014927,18.036764705882355,17.17058823529412,12.7,33.0,12.9,94.0
26863,224,19.427868852459017,18.12686567164179,17.438805970149254,12.7,53.0,11.3,94.0
27763,224,18.010606060606058,17.65671641791045,16.88507462686567,12.7,40.0,11.3,95.0
28663,224,17.692537313432837,17.5,16.623529411764707,12.6,16.0,9.7,96.0
29563,224,17.378082191780823,17.5,16.48032786885246,11.2,16.0,19.3,95.0
30463,224,17.34776119402985,17.5,16.586956521739133,10.8,46.0,11.3,97.0
31363,224,17.719402985074627,17.35483870967742,16.616129032258065,10.7,43.0,9.7,97.0
32263,224,17.911940298507464,17.5,16.72941176470588,10.7,49.0,6.4,97.0
33163,224,18.06376811594203,17.5,16.95,10.6,56.0,8.0,97.0
34063,224,18.17230769230769,17.84328358208955,17.0,10.6,104.0,8.0,97.0
34963,224,18.265,18.0,17.004347826086956,10.7,134.0,6.4,97.0
35863,224,18.340298507462684,18.0,17.271875,10.7,114.0,4.8,97.0
36763,224,18.4,18.0,17.3,10.8,149.0,1.6,96.0
37663,224,18.45142857142857,18.0,17.3,11.4,318.0,1.6,95.0
38563,224,18.5,18.0,17.3,11.9,385.0,4.8,95.0
39463,224,18.5,18.0,17.3,12.4,329.0,3.2,94.0
40363,224,18.56212121212121,18.0,17.3,12.4,322.0,4.8,89.0
41263,224,18.6,18.0,17.3,13.4,496.0,1.6,90.0
42163,224,18.6,18.0,17.3,13.6,342.0,3.2,91.0
43063,224,18.6,18.0,17.3,13.3,221.0,1.6,87.0
43963,224,18.60149253731344,18.0,17.3,13.2,279.0,4.8,86.0
44863,224,18.69076923076923,18.0,17.3,13.4,318.0,4.8,85.0
45763,224,18.7,18.0,17.302857142857142,13.5,332.0,6.4,83.0
46663,224,18.7,18.0,17.305882352941175,13.9,353.0,4.8,83.0
47563,224,18.7,18.0,17.3,14.0,318.0,4.8,82.0
48463,224,18.7,18.0,17.3,14.9,454.0,3.2,76.0
49363,224,18.7,18.0,17.3,14.7,428.0,3.2,73.0
50263,224,18.7,18.0,17.3,15.1,353.0,6.4,74.0
51163,224,18.7,18.0,17.3,15.1,374.0,8.0,75.0
52063,224,18.7,18.0,17.3,15.5,396.0,6.4,74.0
52963,224,18.7,18.0,17.3,15.2,271.0,8.0,74.0
53863,224,18.7,18.0,17.3,16.7,898.0,4.8,68.0
54763,224,18.7,18.0,17.3,16.8,937.0,4.8,66.0
55663,224,18.7,18.0,17.3,16.6,288.0,8.0,70.0
56563,224,18.7,18.0,17.3,15.6,121.0,9.7,73.0
57463,224,18.7,18.0,17.401492537313434,14.9,60.0,9.7,75.0
58363,224,18.68,18.0,17.479710144927537,14.8,148.0,9.7,76.0
59263,224,18.6,18.0,17.30597014925373,15.1,200.0,11.3,75.0
60163,224,18.6,18.0,17.3,15.3,218.0,9.7,75.0
61063,224,18.6,18.0,17.31492537313433,15.6,118.0,11.3,73.0
61963,224,18.6,18.0,17.422033898305084,15.3,62.0,11.3,77.0
62863,224,18.6,18.0,17.418181818181818,13.7,72.0,8.0,88.0
63763,224,18.6,18.0,17.404347826086955,13.3,74.0,3.2,89.0
64663,224,18.6,18.0,17.484375,13.3,81.0,4.8,87.0
65563,224,18.521538461538466,18.0,17.30294117647059,13.4,120.0,4.8,88.0
66463,224,18.5,18.0,17.3,14.1,174.0,8.0,84.0
67363,224,18.5,18.0,17.385714285714286,14.8,148.0,11.3,82.0
68263,224,18.5,18.0,17.30857142857143,14.3,93.0,8.0,82.0
69163,224,18.48059701492537,18.0,17.3,14.1,76.0,9.7,82.0
70063,224,18.4,18.0,17.263636363636362,13.8,53.0,6.4,82.0
70963,224,18.4,18.0,17.290625,13.7,46.0,6.4,84.0
71863,224,18.4,18.0,17.3,13.3,25.0,9.7,85.0
72763,224,18.4,18.0,17.3,13.1,21.0,9.7,83.0
73663,224,18.4,18.0,17.3,13.0,12.0,9.7,83.0
74563,224,18.44923076923077,18.0,17.356716417910448,12.9,11.0,9.7,83.0
75463,224,18.66923076923077,18.0,17.5,12.8,0.0,9.7,83.0
76363,224,18.6,18.0,17.5,12.6,0.0,9.7,84.0
77263,224,18.6,18.0,17.496923076923075,12.4,0.0,11.3,80.0
78163,224,18.524242424242424,18.0,17.320588235294117,12.3,0.0,11.3,80.0
79063,224,18.5,18.0,17.3,12.1,0.0,12.9,80.0
79963,224,18.4265625,18.0,17.3,11.9,0.0,12.9,82.0
80863,224,18.4,18.0,17.3,11.7,0.0,11.3,84.0
81763,224,18.4,18.0,17.3,11.7,0.0,14.5,84.0
82663,224,18.4,18.0,17.3,11.6,0.0,14.5,82.0
83563,224,18.46029411764706,18.0,17.340625,11.3,0.0,12.9,84.0
84463,224,18.5,18.0,17.5,11.2,0.0,14.5,83.0
85363,224,18.5,18.0,17.475757575757576,10.9,0.0,14.5,82.0
86263,224,18.5,18.0,17.349275362318842,10.6,0.0,11.3,82.0
763,225,18.5,18.0,17.30294117647059,10.4,0.0,12.9,83.0
1663,225,18.5,18.0,17.3,10.4,0.0,14.5,83.0
2563,225,18.5,18.0,17.3,10.3,0.0,12.9,83.0
3463,225,18.5,18.0,17.3,10.1,0.0,12.9,85.0
4363,225,18.43428571428572,18.0,17.3,10.1,0.0,12.9,85.0
5263,225,18.4,18.0,17.3,10.2,0.0,12.9,84.0
6163,225,18.4,18.0,17.3,10.0,0.0,12.9,85.0
7063,225,18.4,18.0,17.3,9.8,0.0,14.5,86.0
7963,225,18.4,18.0,17.3,9.7,0.0,14.5,86.0
8863,225,18.4,18.0,17.3,9.8,0.0,14.5,86.0
9763,225,18.343076923076925,18.0,17.3,9.7,0.0,14.5,86.0
10663,225,18.3,18.0,17.3,9.7,0.0,14.5,85.0
11563,225,18.3,18.0,17.3,9.6,0.0,16.1,86.0
12463,225,18.3,18.0,17.3,9.5,0.0,12.9,86.0
13363,225,18.3,18.0,17.3,9.4,0.0,11.3,86.0
14263,225,18.254838709677426,18.0,17.3,9.2,0.0,11.3,87.0
15163,225,18.2,18.0,17.3,9.3,0.0,12.9,87.0
16063,225,18.2,18.0,17.3,9.2,0.0,12.9,88.0
16963,225,18.2,18.0,17.3,9.2,0.0,11.3,88.0
17863,225,18.2,18.0,17.295238095238098,9.1,0.0,12.9,88.0
18763,225,18.2,18.0,17.286764705882355,9.1,0.0,10.5,88.0
19663,225,18.2,18.0,17.3,9.0,0.0,9.7,89.0
20563,225,18.2,18.0,17.3,8.9,5.0,9.7,89.0
21463,225,18.2,18.0,17.3,8.9,9.0,9.7,89.0
22363,225,18.205714285714286,18.0,17.3,8.9,14.0,9.7,90.0
23263,225,18.322857142857146,18.0,17.3,9.3,30.0,9.7,89.0
24163,225,18.43768115942029,18.0,17.3,9.5,30.0,11.3,88.0
25063,225,18.620289855072464,18.0,17.3,9.4,21.0,9.7,88.0
25963,225,18.820289855072463,18.0,17.4044776119403,9.4,19.0,11.3,88.0
26863,225,19.13870967741936,18.0,17.570588235294117,9.6,26.0,9.7,89.0
27763,225,19.231884057971016,18.01515151515152,17.545454545454547,9.8,30.0,9.7,89.0
28663,225,19.16086956521739,18.0,17.5,10.6,30.0,11.3,88.0
29563,225,19.045454545454547,18.0,17.5,11.0,32.0,14.5,87.0
30463,225,18.94375,18.0,17.423529411764708,11.3,33.0,11.3,86.0
31363,225,18.86567164179105,18.0,17.3,11.6,35.0,12.9,84.0
32263,225,18.8,18.0,17.3,12.2,39.0,11.3,82.0
33163,225,18.709230769230768,18.0,17.3,12.4,438.0,14.5,81.0
34063,225,18.7,18.0,17.3,12.9,415.0,14.5,78.0
34963,225,18.64307692307693,18.0,17.3,13.2,469.0,14.5,78.0
35863,225,18.6,18.0,17.3,13.7,550.0,12.9,75.0
36763,225,18.6,18.0,17.3,14.2,617.0,12.9,73.0
37663,225,18.6,18.0,17.3,14.2,548.0,12.9,77.0
38563,225,18.6,18.0,17.3,14.8,717.0,11.3,70.0
39463,225,18.513432835820897,18.0,17.3,15.2,729.0,12.9,69.0
40363,225,18.539682539682538,18.0,17.3,15.8,687.0,11.3,70.0
41263,225,18.581818181818186,18.0,17.3,15.5,700.0,12.9,65.0
42163,225,18.5,18.0,17.3,15.1,148.0,14.5,67.0
43063,225,18.481428571428573,18.0,17.3,15.4,872.0,12.9,69.0
43963,225,18.48030303030303,18.0,17.3,16.8,911.0,11.3,66.0
44863,225,18.5,18.0,17.3,15.0,229.0,12.9,67.0
45763,225,18.5,18.0,17.3,16.6,744.0,9.7,65.0
46663,225,18.5,18.0,17.3,16.4,522.0,12.9,64.0
47563,225,18.5,18.0,17.3,16.4,396.0,12.9,57.0
48463,225,18.5,18.0,17.3,16.1,425.0,14.5,60.0
49363,225,18.5,18.0,17.3,15.8,374.0,16.1,60.0
50263,225,18.5,18.0,17.286764705882355,15.6,352.0,14.5,60.0
51163,225,18.5,18.0,17.264179104477613,16.0,469.0,12.9,65.0
52063,225,18.5,18.0,17.28208955223881,15.6,332.0,14.5,64.0
52963,225,18.5,18.0,17.3,15.7,330.0,14.5,63.0
53863,225,18.5,18.0,17.3,15.4,257.0,11.3,67.0
54763,225,18.5,18.0,17.3,15.7,330.0,9.7,65.0
55663,225,18.446153846153845,18.0,17.3,15.8,309.0,9.7,65.0
56563,225,18.43015873015873,18.0,17.3,15.7,293.0,9.7,67.0
57463,225,18.40149253731344,18.0,17.195652173913043,15.8,294.0,11.3,67.0
58363,225,18.485714285714288,17.98360655737705,17.0,15.8,255.0,6.4,66.0
59263,225,18.414754098360653,17.770491803278688,17.0,16.0,454.0,9.7,70.0
60163,225,18.4,17.646153846153844,17.0,16.1,292.0,6.4,65.0
61063,225,18.45,18.0,17.183870967741935,16.1,118.0,4.8,63.0
61963,225,18.6,18.0,17.3,15.9,98.0,6.4,63.0
62863,225,18.52878787878788,18.0,17.3,15.7,155.0,9.7,67.0
63763,225,18.5,18.0,17.3,15.4,130.0,11.3,71.0
64663,225,18.5,18.0,17.3,15.3,93.0,11.3,68.0
65563,225,18.5,18.0,17.3,15.1,111.0,11.3,68.0
66463,225,18.5,18.0,17.3,15.0,109.0,9.7,69.0
67363,225,18.5,18.0,17.3,15.1,114.0,6.4,70.0
68263,225,18.5,18.0,17.3,15.0,70.0,6.4,70.0
69163,225,18.5,18.0,17.3,14.8,72.0,4.8,71.0
70063,225,18.431034482758623,18.0,17.28636363636364,15.4,86.0,4.8,69.0
70963,225,18.4,18.0,17.247826086956522,15.3,69.0,6.4,70.0
71863,225,18.4,18.0,17.195454545454545,14.4,23.0,4.8,72.0
72763,225,18.4,18.0,17.145714285714284,14.0,25.0,3.2,74.0
73663,225,18.4,18.0,17.088235294117645,13.3,19.0,1.6,78.0
74563,225,18.4,18.0,17.066176470588236,12.9,14.0,1.6,79.0
75463,225,18.39130434782609,18.0,17.03636363636364,12.2,0.0,1.6,82.0
76363,225,18.32238805970149,18.0,17.071641791044776,12.1,0.0,3.2,81.0
77263,225,18.4,18.0,17.253521126760564,11.8,0.0,6.4,82.0
78163,225,18.4,18.0,17.01875,11.6,0.0,6.4,82.0
79063,225,18.4,18.0,17.004347826086956,11.6,0.0,4.8,81.0
79963,225,18.31617647058824,17.99264705882353,17.0,11.5,0.0,8.0,79.0
80863,225,18.3,17.89855072463768,17.0,11.4,0.0,8.0,77.0
81763,225,18.33283582089552,17.907692307692308,17.115384615384617,11.4,0.0,9.7,77.0
82663,225,19.458571428571428,18.36231884057971,17.76231884057971,11.7,0.0,11.3,74.0
83563,225,19.73787878787879,18.5,17.685294117647057,11.6,0.0,11.3,74.0
84463,225,19.25588235294118,18.125,17.5,11.7,0.0,12.9,73.0
85363,225,18.96212121212121,18.0,17.363492063492064,12.0,0.0,14.5,72.0
86263,225,18.73880597014925,18.0,17.3,12.1,0.0,14.5,69.0
763,226,18.641176470588235,18.0,17.3,12.3,0.0,12.9,67.0
1663,226,18.55692307692308,18.0,17.3,12.5,0.0,14.5,66.0
2563,226,18.5,18.0,17.3,12.6,0.0,14.5,65.0
3463,226,18.43636363636364,18.0,17.3,12.9,0.0,14.5,66.0
4363,226,18.4,18.0,17.3,13.1,0.0,16.1,67.0
5263,226,18.364705882352943,18.0,17.145714285714284,12.9,0.0,14.5,69.0
6163,226,18.3,18.0,17.0046875,12.9,0.0,14.5,69.0
7063,226,18.3,18.0,17.0,12.8,0.0,16.1,72.0
7963,226,18.20625,17.941176470588236,17.0,12.9,0.0,17.7,73.0
8863,226,18.2,17.81060606060606,17.0,12.9,0.0,17.7,73.0
9763,226,18.2,17.565217391304348,17.0,12.9,0.0,17.7,73.0
10663,226,18.2,17.507462686567163,17.0,12.7,0.0,17.7,73.0
11563,226,18.2,17.5,17.0,12.7,0.0,17.7,73.0
12463,226,18.123880597014924,17.5,17.0,12.7,0.0,16.1,74.0
13363,226,18.1,17.5,17.0,12.8,0.0,14.5,73.0
14263,226,18.1,17.5,17.0,12.9,0.0,12.9,74.0
15163,226,18.1,17.5,17.0,13.0,0.0,12.9,74.0
16063,226,18.1,17.5,17.0,13.2,0.0,12.9,73.0
16963,226,18.06176470588236,17.5,17.0,12.3,0.0,14.5,82.0
17863,226,18.0,17.5,16.966197183098593,11.3,0.0,14.5,87.0
18763,226,18.0,17.5,16.888235294117646,11.2,0.0,14.5,88.0
19663,226,18.0,17.5,16.83283582089552,11.0,0.0,14.5,89.0
20563,226,18.0,17.5,16.80909090909091,10.9,0.0,11.3,90.0
21463,226,18.0,17.5,16.8,10.5,0.0,8.0,93.0
22363,226,17.995652173913044,17.5,16.8,10.5,9.0,6.4,93.0
23263,226,18.29375,17.5,16.972727272727273,10.4,9.0,8.0,94.0
24163,226,19.347692307692306,17.97692307692308,17.43846153846154,10.3,12.0,6.4,94.0
25063,226,18.909375,18.0,17.332786885245902,10.3,26.0,6.4,96.0
25963,226,18.68260869565217,18.0,17.3,10.3,30.0,6.4,96.0
26863,226,18.501492537313432,18.0,17.22835820895522,10.4,25.0,3.2,96.0
27763,226,18.345454545454547,17.875,17.008823529411764,10.4,25.0,6.4,96.0
28663,226,18.26176470588236,17.528169014084504,17.0,10.4,26.0,9.7,97.0
29563,226,18.2,17.5,17.0,10.7,21.0,11.3,97.0
30463,226,,,,10.9,26.0,14.5,96.0
31363,226,,,,11.2,42.0,20.9,96.0
32263,226,,,,11.4,65.0,24.1,95.0
33163,226,,,,11.6,84.0,25.7,95.0
34063,226,,,,11.8,69.0,27.4,95.0
34963,226,,,,11.9,79.0,24.1,95.0
35863,226,,,,12.3,135.0,20.9,95.0
36763,226,,,,12.4,118.0,20.9,94.0
37663,226,,,,12.7,158.0,24.1,94.0
38563,226,,,,13.0,169.0,22.5,94.0
39463,226,,,,13.3,190.0,24.1,93.0
40363,226,,,,13.5,230.0,27.4,92.0
41263,226,,,,13.6,172.0,30.6,92.0
42163,226,,,,13.7,153.0,29.0,92.0
43063,226,,,,13.9,158.0,25.7,91.0
43963,226,,,,14.0,186.0,29.0,90.0
44863,226,,,,14.2,200.0,25.7,89.0
45763,226,,,,14.0,183.0,27.4,91.0
46663,226,,,,14.7,313.0,22.5,88.0
47563,226,,,,15.0,415.0,20.9,89.0
48463,226,,,,15.7,374.0,22.5,86.0
49363,226,,,,15.6,364.0,22.5,86.0
50263,226,,,,15.8,392.0,24.1,90.0
51163,226,,,,16.9,424.0,24.1,83.0
52063,226,,,,16.6,561.0,22.5,83.0
52963,226,,,,17.1,478.0,20.9,82.0
53863,226,,,,17.1,267.0,19.3,83.0
54763,226,,,,17.1,608.0,17.7,84.0
55663,226,,,,17.4,381.0,19.3,81.0
56563,226,,,,18.1,527.0,14.5,79.0
57463,226,,,,17.1,265.0,19.3,81.0
58363,226,,,,17.0,251.0,17.7,83.0
59263,226,,,,16.8,241.0,22.5,82.0
60163,226,,,,16.9,295.0,19.3,83.0
61063,226,,,,17.0,269.0,20.9,83.0
61963,226,18.2,17.5,17.0,16.8,234.0,19.3,84.0
62863,226,18.2,17.5,17.0,16.6,134.0,17.7,82.0
63763,226,18.2,17.5,17.0,16.6,147.0,17.7,82.0
64663,226,,,,16.8,181.0,22.5,80.0
65563,226,,,,16.9,121.0,19.3,81.0
66463,226,,,,16.6,141.0,24.1,82.0
67363,226,,,,16.6,127.0,22.5,82.0
68263,226,,,,16.1,26.0,22.5,84.0
69163,226,,,,16.0,19.0,24.1,85.0
70063,226,,,,15.8,23.0,24.1,85.0
70963,226,,,,15.7,9.0,17.7,85.0
71863,226,,,,15.6,5.0,16.1,86.0
72763,226,,,,15.6,0.0,14.5,86.0
73663,226,,,,15.4,0.0,16.1,88.0
74563,226,,,,15.2,0.0,16.1,88.0
75463,226,18.1,17.5,17.0,15.2,0.0,17.7,88.0
76363,226,18.1,17.5,17.0,14.9,0.0,20.9,91.0
77263,226,18.08732394366197,17.5,17.0,14.7,0.0,12.9,92.0
78163,226,18.008955223880598,17.5,17.0,14.5,0.0,12.9,93.0
79063,226,18.026984126984125,17.5,17.0,14.4,0.0,9.7,94.0
79963,226,18.1463768115942,17.8359375,17.2015625,14.4,0.0,12.9,93.0
80863,226,18.2,18.0,17.3,14.5,0.0,11.3,94.0
81763,226,18.3,17.966666666666665,17.19,14.4,0.0,9.7,95.0
82663,226,18.3,17.916666666666664,17.063636363636363,14.2,0.0,8.0,95.0
83563,226,18.3,17.82089552238806,17.058208955223883,14.2,0.0,6.4,96.0
84463,226,18.27910447761194,17.725352112676056,17.016901408450703,14.1,0.0,4.8,96.0
85363,226,18.20151515151515,17.676470588235293,17.0,14.1,0.0,1.6,97.0
86263,226,18.2,17.65909090909091,17.0,14.1,0.0,3.2,97.0
763,227,18.2,17.56451612903226,17.0,13.2,0.0,4.8,96.0
1663,227,18.2,17.57971014492754,17.0,12.7,0.0,8.0,96.0
2563,227,18.2,17.60144927536232,17.0,12.6,0.0,3.2,96.0
3463,227,18.2,17.547619047619047,17.0,12.5,0.0,3.2,97.0
4363,227,18.2,17.54054054054054,17.0,12.4,0.0,3.2,97.0
5263,227,18.2,17.5,17.0,12.5,0.0,1.6,97.0
6163,227,18.2,17.56060606060606,17.0,12.5,0.0,1.6,97.0
7063,227,18.2,17.516666666666666,17.0,12.5,0.0,6.4,97.0
7963,227,18.156060606060606,17.5,17.0,12.4,0.0,4.8,97.0
8863,227,18.1,17.52898550724638,17.0,12.4,0.0,6.4,97.0
9763,227,18.1,17.5,17.0,12.3,0.0,6.4,97.0
10663,227,18.1,17.507692307692306,17.0,12.4,0.0,8.0,96.0
11563,227,18.1,17.5,17.0,12.4,0.0,8.0,96.0
12463,227,18.1,17.5,17.0,12.3,0.0,6.4,97.0
13363,227,18.1,17.5,17.0,12.4,0.0,9.7,97.0
14263,227,18.1,17.5,17.0,12.5,0.0,11.3,96.0
15163,227,18.1,17.5,17.0,12.6,0.0,9.7,97.0
16063,227,18.1,17.5,17.0,12.6,0.0,9.7,96.0
16963,227,18.1,17.5,17.0,12.6,0.0,8.0,96.0
17863,227,18.1,17.5,17.0,12.7,0.0,12.9,97.0
18763,227,18.1,17.5,17.0,12.6,0.0,14.5,95.0
19663,227,18.1,17.5,17.0,12.7,0.0,16.1,94.0
20563,227,18.1,17.5,17.0,12.7,0.0,17.7,95.0
21463,227,18.1,17.5,17.0,12.7,0.0,13.7,95.0
22363,227,18.1,17.5,17.0,12.6,7.0,12.9,95.0
23263,227,18.1,17.671641791044777,17.102985074626865,12.6,23.0,12.9,96.0
24163,227,19.15735294117647,17.962686567164177,17.35373134328358,12.6,26.0,12.9,96.0
25063,227,19.04179104477612,18.0,17.49411764705882,12.4,35.0,11.3,95.0
25963,227,19.0,18.0,17.344776119402987,12.4,33.0,12.9,95.0
26863,227,19.0,18.0,17.3,12.4,47.0,16.1,95.0
27763,227,19.0,18.0,17.3,12.3,47.0,12.9,94.0
28663,227,18.99090909090909,18.0,17.3,12.3,91.0,16.1,94.0
29563,227,18.9,18.0,17.3,12.6,69.0,14.5,94.0
30463,227,18.9,18.0,17.3,12.7,47.0,12.9,92.0
31363,227,18.831884057971017,18.0,17.3,12.8,39.0,16.1,91.0
32263,227,18.8,18.0,17.3,13.1,39.0,16.1,90.0
33163,227,18.8,18.0,17.3,13.5,399.0,14.5,89.0
34063,227,18.8,18.0,17.3,13.9,439.0,17.7,88.0
34963,227,18.8,18.0,17.3,14.0,468.0,19.3,85.0
35863,227,18.8,18.0,17.3,14.3,703.0,19.3,85.0
36763,227,18.8,18.0,17.3,14.8,471.0,17.7,84.0
37663,227,18.8,18.0,17.3,15.0,640.0,17.7,80.0
38563,227,18.8,18.0,17.3,15.2,612.0,17.7,80.0
39463,227,18.8,18.0,17.314705882352943,15.6,656.0,17.7,80.0
40363,227,18.8,18.0,17.386567164179105,16.1,668.0,17.7,76.0
41263,227,18.8,18.0,17.45820895522388,16.8,686.0,16.1,77.0
42163,227,18.8,18.0,17.403030303030302,16.9,700.0,16.1,75.0
43063,227,18.8,18.0,17.41044776119403,17.0,773.0,16.1,72.0
43963,227,18.8,18.0,17.469444444444445,17.4,865.0,20.9,74.0
44863,227,18.8,18.0,17.49411764705882,17.2,768.0,22.5,72.0
45763,227,18.8,18.0,17.5,17.3,765.0,22.5,70.0
46663,227,18.8,18.0,17.5,17.5,831.0,19.3,70.0
47563,227,18.8,18.0,17.5,17.4,148.0,19.3,64.0
48463,227,18.7968253968254,18.0,17.5,17.1,357.0,20.9,69.0
49363,227,18.788235294117648,18.0,17.5,17.9,791.0,19.3,64.0
50263,227,18.71029411764706,18.0,17.5,17.9,865.0,19.3,63.0
51163,227,18.74029850746269,18.0,17.5,18.6,759.0,19.3,64.0
52063,227,18.73333333333333,18.0,17.5,18.2,766.0,22.5,63.0
52963,227,18.7231884057971,18.0,17.5,18.4,719.0,19.3,56.0
53863,227,18.768571428571427,18.0,17.5,18.6,719.0,19.3,60.0
54763,227,18.79848484848485,18.0,17.5,18.5,675.0,19.3,59.0
55663,227,18.8,18.0,17.5,18.3,656.0,24.1,61.0
56563,227,18.8,18.0,17.5,18.4,655.0,20.9,59.0
57463,227,18.8,18.0,17.5,18.6,610.0,22.5,60.0
58363,227,18.8,18.0,17.5,18.1,599.0,20.9,60.0
59263,227,18.8,18.0,17.5,18.4,564.0,20.9,60.0
60163,227,18.820634920634923,18.05223880597015,17.55373134328358,17.4,499.0,22.5,65.0
61063,227,19.130769230769232,18.5,17.89090909090909,17.5,508.0,16.1,69.0
61963,227,20.31044776119403,18.7,18.094285714285714,17.5,338.0,20.9,66.0
62863,227,20.1031746031746,18.5,18.0,16.6,165.0,22.5,68.0
63763,227,19.7140625,18.5,17.87536231884058,16.6,130.0,17.7,68.0
64663,227,19.46,18.5,17.8,16.6,86.0,19.3,69.0
65563,227,19.2875,18.5,17.8,16.5,81.0,16.1,70.0
66463,227,19.16268656716418,18.5,17.8,16.2,67.0,19.3,70.0
67363,227,19.05217391304348,18.5,17.8,16.5,76.0,17.7,69.0
68263,227,19.0,18.5,17.8,16.3,42.0,16.1,69.0
69163,227,18.95652173913044,18.5,17.76865671641791,16.3,69.0,16.1,71.0
70063,227,18.9,18.389705882352946,17.597058823529412,15.3,123.0,16.1,73.0
70963,227,18.9,18.183823529411764,17.508823529411764,14.9,35.0,16.1,76.0
71863,227,18.86142857142857,18.08208955223881,17.5,14.6,23.0,11.3,77.0
72763,227,18.8,18.069230769230767,17.5,14.3,16.0,14.5,78.0
73663,227,18.8,18.02272727272728,17.5,14.0,12.0,16.1,79.0
74563,227,18.8,18.007246376811594,17.5,13.5,5.0,16.1,80.0
75463,227,18.77611940298508,18.0,17.5,13.2,0.0,14.5,81.0
76363,227,18.7,18.06818181818182,17.5,13.1,0.0,16.1,82.0
77263,227,18.7,18.149253731343286,17.5,12.9,0.0,12.9,82.0
78163,227,18.7,18.06716417910448,17.5,12.9,0.0,17.7,82.0
79063,227,18.7,18.0,17.5,12.9,0.0,20.9,81.0
79963,227,18.698507462686567,18.0,17.5,12.9,0.0,22.5,80.0
80863,227,18.62638888888889,18.01515151515152,17.5,12.8,0.0,17.7,81.0
81763,227,18.7,18.043103448275865,17.5,12.9,0.0,17.7,80.0
82663,227,18.7,18.0,17.5,12.7,0.0,17.7,81.0
83563,227,18.688235294117646,18.0,17.5,12.7,0.0,17.7,81.0
84463,227,18.6030303030303,18.0,17.5,12.6,0.0,19.3,82.0
85363,227,18.6,18.0,17.5,12.4,0.0,16.1,82.0
86263,227,18.62089552238806,18.053846153846155,17.5,12.3,0.0,17.7,83.0
763,228,18.7,18.32307692307692,17.5,12.3,0.0,14.5,83.0
1663,228,18.642424242424244,18.035087719298247,17.5,12.3,0.0,14.5,82.0
2563,228,18.6,18.0,17.5,12.3,0.0,14.5,82.0
3463,228,18.6,18.0,17.5,12.3,0.0,14.5,82.0
4363,228,18.6,18.0,17.5,12.1,0.0,11.3,82.0
5263,228,18.6,18.0,17.5,12.2,0.0,12.9,81.0
6163,228,18.6,18.0,17.5,12.2,0.0,12.9,84.0
7063,228,18.6,18.0,17.5,11.7,0.0,8.0,87.0
7963,228,18.56764705882353,18.0,17.5,11.6,0.0,9.7,88.0
8863,228,18.501470588235293,18.0,17.5,11.5,0.0,11.3,89.0
9763,228,18.5,18.0,17.5,11.6,0.0,9.7,89.0
10663,228,18.5,18.0,17.497014925373133,11.8,0.0,8.0,87.0
11563,228,18.5,18.0,17.42058823529412,11.9,0.0,4.8,87.0
12463,228,18.5,18.0,17.302857142857142,12.1,0.0,9.7,86.0
13363,228,18.486153846153847,18.0,17.3,12.2,0.0,11.3,87.0
14263,228,18.4,18.0,17.3,12.3,0.0,11.3,88.0
15163,228,18.4,18.0,17.3,12.4,0.0,11.3,87.0
16063,228,18.4,18.0,17.3,12.7,0.0,12.9,86.0
16963,228,18.4,18.0,17.3,12.8,0.0,12.9,86.0
17863,228,18.4,18.0,17.3,12.5,0.0,12.9,87.0
18763,228,18.4,18.0,17.3,12.2,0.0,14.5,89.0
19663,228,18.4,18.0,17.3,12.3,0.0,17.7,88.0
20563,228,18.4,18.0,17.3,12.4,0.0,17.7,88.0
21463,228,18.4,18.0,17.3,12.6,7.0,17.7,87.0
22363,228,18.4,18.0,17.3,12.6,14.0,17.7,87.0
23263,228,18.49242424242424,18.0,17.361764705882354,12.8,23.0,19.3,87.0
24163,228,19.11641791044776,18.0,17.298461538461538,12.9,25.0,19.3,87.0
25063,228,19.509090909090908,18.5,17.894117647058824,13.2,51.0,17.7,86.0
25963,228,19.381818181818183,18.5,17.81142857142857,13.3,56.0,19.3,86.0
26863,228,19.256521739130434,18.42753623188406,17.534782608695654,13.4,51.0,17.7,86.0
27763,228,19.17384615384616,18.47692307692308,17.730769230769234,13.3,47.0,17.7,87.0
28663,228,19.2,18.27692307692308,17.52307692307692,13.7,84.0,16.1,87.0
29563,228,19.2,18.01388888888889,17.5,13.9,72.0,14.5,87.0
30463,228,19.2,18.0,17.5,13.7,35.0,11.3,88.0
31363,228,19.2,18.0,17.5,13.6,59.0,9.7,89.0
32263,228,19.2,18.0,17.5,14.7,62.0,6.4,86.0
33163,228,19.2,18.0,17.580597014925374,15.9,508.0,14.5,82.0
34063,228,19.2,18.0,17.74705882352941,16.4,566.0,16.1,78.0
34963,228,19.2,18.0,17.67205882352941,17.3,642.0,14.5,80.0
35863,228,19.2,18.0,17.571641791044776,16.7,185.0,12.9,72.0
36763,228,19.135593220338983,18.0,17.509836065573772,18.1,747.0,11.3,68.0
37663,228,19.1,18.0,17.5,16.3,243.0,22.5,73.0
38563,228,19.1,18.0,17.5,16.2,228.0,17.7,73.0
39463,228,19.016901408450703,18.0,17.5,15.9,172.0,14.5,72.0
40363,228,19.0,18.0,17.5,15.9,156.0,14.5,71.0
41263,228,19.0,18.0,17.5,15.6,113.0,14.5,71.0
42163,228,19.0,18.0,17.5,15.2,54.0,20.9,75.0
43063,228,19.0,18.0,17.5,13.7,70.0,14.5,87.0
43963,228,19.0,18.0,17.5,13.1,35.0,12.9,89.0
44863,228,19.0,18.0,17.5,12.9,67.0,6.4,92.0
45763,228,19.0,18.0,17.5,13.1,71.0,9.7,91.0
46663,228,19.0,18.0,17.5,13.3,186.0,9.7,90.0
47563,228,19.0,18.0,17.5,13.6,181.0,11.3,89.0
48463,228,19.0,18.0,17.5,14.1,188.0,11.3,88.0
49363,228,19.0,18.0,17.5,14.2,133.0,11.3,87.0
50263,228,19.0,18.0,17.5,14.1,148.0,17.7,88.0
51163,228,19.0,18.0,17.5,14.2,118.0,16.1,87.0
52063,228,19.0,18.0,17.5,14.2,213.0,22.5,87.0
52963,228,19.0,18.0,17.5,14.6,160.0,24.1,85.0
53863,228,19.0,18.0,17.5,14.4,125.0,33.8,85.0
54763,228,19.0,18.0,17.5,14.1,53.0,35.4,88.0
55663,228,19.0,18.02857142857143,17.5,13.9,162.0,32.2,88.0
56563,228,19.0,18.07971014492754,17.5,14.3,123.0,30.6,89.0
57463,228,19.02,18.183823529411764,17.504411764705882,14.1,70.0,30.6,89.0
58363,228,19.1,18.166666666666664,17.5,13.9,204.0,29.0,90.0
59263,228,19.1,18.282608695652176,17.5,14.6,199.0,25.7,90.0
60163,228,19.1,18.303030303030305,17.5,15.0,311.0,30.6,87.0
61063,228,19.1,18.41044776119403,17.513432835820897,16.1,380.0,35.4,82.0
61963,228,19.1,18.443548387096776,17.56290322580645,16.1,392.0,38.6,82.0
62863,228,19.1,18.45522388059701,17.535820895522388,16.1,471.0,38.6,81.0
63763,228,19.1,18.49242424242424,17.577272727272728,16.4,232.0,32.2,79.0
64663,228,19.1,18.5,17.67727272727273,16.3,171.0,37.0,80.0
65563,228,19.1,18.484848484848484,17.740909090909092,16.1,137.0,41.8,81.0
66463,228,19.1,18.5,17.786153846153844,16.1,109.0,38.6,82.0
67363,228,19.1,18.5,17.708695652173912,15.8,93.0,38.6,82.0
68263,228,19.03846153846154,18.392857142857142,17.512857142857143,15.8,98.0,37.0,82.0
69163,228,19.0,18.12903225806452,17.5,16.0,156.0,33.8,82.0
70063,228,19.0,18.025,17.5,15.8,77.0,32.2,83.0
70963,228,18.908620689655173,18.0,17.5,15.7,65.0,33.8,84.0
71863,228,18.9,18.0,17.5,15.5,42.0,32.2,85.0
72763,228,18.87,18.0,17.5,15.2,18.0,32.2,87.0
73663,228,18.8,18.0,17.5,15.1,7.0,29.0,88.0
74563,228,18.811290322580646,18.0,17.5,15.1,0.0,33.8,88.0
75463,228,18.88833333333333,18.0,17.5,15.1,0.0,35.4,87.0
76363,228,18.847368421052632,18.008196721311474,17.5,15.1,0.0,35.4,87.0
77263,228,18.851612903225806,18.007575757575758,17.5,15.2,0.0,33.8,88.0
78163,228,18.8,18.0,17.5,15.2,0.0,30.6,88.0
79063,228,18.8,18.0,17.5,15.3,0.0,27.4,88.0
79963,228,18.8,18.0,17.5,15.3,0.0,24.1,88.0
80863,228,18.775,18.0,17.5,15.3,0.0,22.5,88.0
81763,228,18.7,18.0,17.5,15.6,0.0,22.5,88.0
82663,228,18.74179104477612,18.205882352941178,17.610294117647058,15.4,0.0,25.7,89.0
83563,228,18.8,18.5,17.8,15.5,0.0,24.1,89.0
84463,228,18.8,18.375,17.544117647058822,15.5,0.0,20.9,90.0
85363,228,18.8,18.00735294117647,17.5,15.2,0.0,19.3,92.0
86263,228,18.75588235294118,18.0,17.5,14.8,0.0,16.1,94.0
763,229,18.7,18.0,17.5,15.0,0.0,17.7,94.0
1663,229,18.7,18.0,17.5,15.1,0.0,16.1,93.0
2563,229,18.7,18.0,17.5,15.1,0.0,16.1,94.0
3463,229,18.7,18.0,17.5,14.9,0.0,17.7,95.0
4363,229,18.66060606060606,18.0,17.5,14.9,0.0,12.9,95.0
5263,229,18.6,18.0,17.5,14.9,0.0,12.9,95.0
6163,229,18.6,18.0,17.5,14.9,0.0,17.7,95.0
7063,229,18.6,18.0,17.5,14.8,0.0,14.5,96.0
7963,229,18.6,18.0,17.5,14.8,0.0,16.1,96.0
8863,229,18.6,18.0,17.5,14.7,0.0,14.5,96.0
9763,229,18.6,18.0,17.5,14.5,0.0,12.9,96.0
10663,229,18.6,18.0,17.5,14.3,0.0,12.9,96.0
11563,229,18.6,18.0,17.5,14.4,0.0,14.5,95.0
12463,229,18.5890625,18.0,17.5,14.4,0.0,11.3,95.0
13363,229,18.51515151515152,18.0,17.5,14.6,0.0,16.1,95.0
14263,229,18.5,18.0,17.5,14.4,0.0,9.7,94.0
15163,229,18.5,18.0,17.5,14.1,0.0,16.1,91.0
16063,229,18.5,18.0,17.5,13.5,0.0,14.5,92.0
16963,229,18.5,18.0,17.5,13.2,0.0,12.9,91.0
17863,229,18.5,18.0,17.5,12.6,0.0,12.9,91.0
18763,229,18.5,18.0,17.5,12.4,0.0,17.7,91.0
19663,229,18.5,18.0,17.5,12.4,0.0,17.7,92.0
20563,229,18.5,18.0,17.5,12.6,0.0,19.3,92.0
21463,229,18.5,18.0,17.5,12.7,0.0,17.7,91.0
22363,229,18.5,18.0,17.5,12.7,5.0,17.7,90.0
23263,229,18.5,18.0,17.497014925373133,12.6,12.0,14.5,88.0
24163,229,18.669565217391305,18.0,17.5,12.6,15.0,16.1,88.0
25063,229,18.987692307692303,18.333333333333336,17.695238095238096,13.1,21.0,17.7,89.0
25963,229,19.36031746031746,18.5,17.8,13.2,23.0,16.1,88.0
26863,229,19.45909090909091,18.5,17.8,13.3,25.0,16.1,84.0
27763,229,19.5,18.5,17.8,13.5,28.0,17.7,86.0
28663,229,19.445901639344264,18.5,17.8,13.6,30.0,16.1,86.0
29563,229,19.4,18.5,17.782857142857143,13.7,31.0,16.1,85.0
30463,229,19.3953125,18.463768115942027,17.630434782608695,14.0,33.0,17.7,82.0
31363,229,19.3,18.36231884057971,17.53913043478261,14.2,35.0,20.9,82.0
32263,229,19.3,18.23134328358209,17.5044776119403,14.5,39.0,17.7,80.0
33163,229,19.3,18.230158730158728,17.50952380952381,14.7,376.0,17.7,79.0
34063,229,19.3,18.223076923076924,17.504615384615384,15.4,413.0,14.5,78.0
34963,229,19.3,18.35820895522388,17.549253731343285,16.3,475.0,14.5,75.0
35863,229,19.3,18.432835820895523,17.629850746268655,16.8,515.0,12.9,71.0
36763,229,19.3,18.46969696969697,17.73181818181818,17.2,534.0,14.5,72.0
37663,229,19.3,18.49253731343284,17.76865671641791,17.7,571.0,12.9,70.0
38563,229,19.3,18.5,17.795454545454547,18.1,599.0,16.1,69.0
39463,229,19.3,18.5,17.7955223880597,18.3,624.0,19.3,69.0
40363,229,19.3,18.5,17.795454545454547,18.2,635.0,20.9,68.0
41263,229,19.3,18.5,17.795652173913044,18.2,666.0,22.5,68.0
42163,229,19.3,18.5,17.79558823529412,18.4,687.0,20.9,71.0
43063,229,19.3,18.5,17.8,18.7,703.0,20.9,71.0
43963,229,19.3,18.5,17.8,19.3,726.0,16.1,71.0
44863,229,19.3,18.5,17.8,19.0,731.0,22.5,65.0
45763,229,19.3,18.5,17.8,19.2,759.0,22.5,65.0
46663,229,19.3,18.5,17.8,19.3,761.0,22.5,68.0
47563,229,19.3,18.5,17.8,19.7,798.0,20.9,66.0
48463,229,19.3,18.5,17.8,20.1,788.0,19.3,66.0
49363,229,19.3,18.5,17.8,20.2,768.0,20.9,65.0
50263,229,19.3,18.5,17.8,20.4,805.0,20.9,62.0
51163,229,19.3,18.5,17.8,19.7,828.0,20.9,61.0
52063,229,19.3,18.5,17.8,19.8,710.0,24.1,57.0
52963,229,19.3,18.5,17.8,20.2,714.0,20.9,60.0
53863,229,19.3,18.5,17.8,19.7,684.0,22.5,62.0
54763,229,19.3,18.5,17.8,20.2,694.0,20.9,62.0
55663,229,19.3,18.5,17.8,20.2,645.0,24.1,63.0
56563,229,19.3,18.5,17.8,20.4,641.0,17.7,62.0
57463,229,19.3,18.5,17.8,20.3,610.0,19.3,60.0
58363,229,19.3,18.5,17.8,19.7,251.0,24.1,61.0
59263,229,19.3,18.5,17.8,19.2,610.0,20.9,64.0
60163,229,19.3,18.5,17.8,19.7,519.0,19.3,62.0
61063,229,19.3,18.5,17.8,19.7,513.0,22.5,65.0
61963,229,19.3032786885246,18.5,17.8,19.4,230.0,17.7,65.0
62863,229,19.387096774193548,18.5,17.8,19.1,167.0,16.1,66.0
63763,229,19.37049180327869,18.5,17.8,18.8,131.0,22.5,67.0
64663,229,19.4,18.5,17.8,18.3,62.0,19.3,69.0
65563,229,19.4,18.5,17.8,18.2,63.0,17.7,68.0
66463,229,19.4,18.5,17.8,17.9,58.0,14.5,71.0
67363,229,19.4,18.5,17.8,17.5,51.0,19.3,74.0
68263,229,19.350819672131145,18.5,17.8,17.4,67.0,16.1,74.0
69163,229,19.3,18.5,17.8,17.4,125.0,17.7,73.0
70063,229,19.228125,18.5,17.8,17.1,95.0,19.3,75.0
70963,229,19.2,18.5,17.8,16.7,65.0,16.1,75.0
71863,229,19.2,18.5,17.8,15.8,18.0,19.3,78.0
72763,229,19.115625,18.5,17.8,15.4,11.0,20.9,80.0
73663,229,19.1,18.5,17.8,15.2,5.0,20.9,81.0
74563,229,19.1,18.5,17.8,15.2,3.0,20.9,81.0
75463,229,19.1,18.5,17.8,15.1,0.0,22.5,82.0
76363,229,19.1,18.5,17.8,14.9,0.0,19.3,84.0
77263,229,19.1,18.5,17.8,14.7,0.0,19.3,84.0
78163,229,19.1,18.5,17.8,14.8,0.0,20.9,84.0
79063,229,19.1,18.5,17.8,14.8,0.0,19.3,85.0
79963,229,19.273015873015872,18.59375,18.025,14.9,0.0,20.9,85.0
80863,229,20.811940298507466,19.0,18.40144927536232,14.6,0.0,19.3,85.0
81763,229,20.201538461538465,19.0,18.3,14.6,0.0,19.3,85.0
82663,229,19.88225806451613,19.0,18.3,14.4,0.0,19.3,86.0
83563,229,19.71692307692308,19.0,18.3,14.1,0.0,19.3,86.0
84463,229,19.54117647058824,19.0,18.3,13.8,0.0,19.3,87.0
85363,229,19.438235294117646,19.0,18.3,13.7,0.0,19.3,88.0
86263,229,19.4,19.0,18.3,13.8,0.0,19.3,88.0
763,230,19.31044776119403,19.0,18.25774647887324,14.1,0.0,20.9,86.0
1663,230,19.3,18.974576271186443,18.147457627118644,14.2,0.0,17.7,86.0
2563,230,19.3,18.88636363636364,18.03181818181818,14.3,0.0,19.3,85.0
3463,230,19.3,18.723076923076924,18.0,14.7,0.0,16.1,85.0
4363,230,19.3,18.58955223880597,18.0,14.9,0.0,16.1,84.0
5263,230,19.3,18.5,18.0,14.8,0.0,8.0,86.0
6163,230,19.3,18.5,18.0,14.7,0.0,11.3,87.0
7063,230,19.25555555555556,18.5,18.0,14.2,0.0,6.4,91.0
7963,230,19.20289855072464,18.5,18.0,13.9,0.0,3.2,92.0
8863,230,19.2,18.5,18.0,13.9,0.0,8.0,92.0
9763,230,19.2,18.5,18.0,13.9,0.0,9.7,92.0
10663,230,19.2,18.5,18.0,13.9,0.0,8.0,90.0
11563,230,19.2,18.5,18.0,13.9,0.0,8.0,90.0
12463,230,19.2,18.5,18.0,14.0,0.0,12.9,89.0
13363,230,19.2,18.5,18.0,14.0,0.0,11.3,89.0
14263,230,19.2,18.5,18.0,13.8,0.0,11.3,90.0
15163,230,19.2,18.5,18.0,13.8,0.0,11.3,89.0
16063,230,19.2,18.5,18.0,13.7,0.0,11.3,89.0
16963,230,19.198529411764707,18.5,18.0,13.7,0.0,12.9,88.0
17863,230,19.11515151515152,18.5,18.0,13.6,0.0,9.7,88.0
18763,230,19.1,18.5,18.0,13.6,0.0,9.7,89.0
19663,230,19.1,18.5,18.0,13.4,0.0,9.7,88.0
20563,230,19.1089552238806,18.5,18.0,13.4,0.0,12.9,87.0
21463,230,19.16764705882353,18.5,17.913846153846155,13.4,0.0,16.1,87.0
22363,230,19.12537313432836,18.5,17.8,11.8,0.0,19.3,92.0
23263,230,19.51492537313433,18.5,17.895238095238096,11.1,0.0,22.5,94.0
24163,230,20.208823529411767,18.984848484848484,18.31818181818182,10.9,9.0,20.9,93.0
25063,230,19.961764705882352,19.0,18.34776119402985,10.9,47.0,22.5,93.0
25963,230,19.734848484848484,19.0,18.3,11.0,72.0,22.5,93.0
26863,230,19.76212121212121,19.0,18.3,11.2,42.0,17.7,92.0
27763,230,19.8,18.943548387096776,18.06774193548388,11.3,62.0,22.5,92.0
28663,230,19.8,18.639705882352946,18.0,11.5,63.0,20.9,90.0
29563,230,19.74264705882353,18.508333333333333,18.0,11.4,56.0,19.3,89.0
30463,230,19.675757575757576,18.5,18.0,11.6,44.0,20.9,90.0
31363,230,19.6,18.5,18.0,11.6,74.0,20.9,88.0
32263,230,19.571428571428573,18.5,18.0,12.1,118.0,22.5,88.0
33163,230,19.5,18.5,18.0,12.6,411.0,22.5,85.0
34063,230,19.440579710144927,18.5,18.0,12.4,190.0,22.5,86.0
34963,230,19.4,18.5,18.0,12.4,176.0,19.3,87.0
35863,230,19.4,18.5,18.0,12.2,183.0,17.7,87.0
36763,230,19.4,18.5,18.0,12.3,199.0,20.9,88.0
37663,230,19.4,18.5,18.0,12.7,239.0,17.7,87.0
38563,230,19.4,18.5,18.0,13.1,244.0,17.7,83.0
39463,230,19.4,18.5,18.0,13.8,489.0,17.7,82.0
40363,230,19.4,18.5,18.0,13.7,329.0,19.3,82.0
41263,230,19.4,18.5,18.0,13.2,190.0,19.3,85.0
42163,230,19.355223880597016,18.5,18.0,13.1,390.0,16.1,88.0
43063,230,19.3,18.5,18.0,12.8,200.0,19.3,87.0
43963,230,19.3,18.5,18.0,13.4,436.0,19.3,82.0
44863,230,19.3,18.5,18.0,13.4,214.0,22.5,83.0
45763,230,19.3,18.5,18.0,12.9,287.0,17.7,87.0
46663,230,19.3,18.5,18.0,12.2,176.0,24.1,85.0
47563,230,19.3,18.5,18.0,11.5,290.0,19.3,88.0
48463,230,19.36268656716418,18.5,18.0,13.2,443.0,19.3,86.0
49363,230,19.37205882352941,18.5,18.0,13.7,360.0,14.5,86.0
50263,230,19.3,18.5,18.0,14.6,621.0,20.9,77.0
51163,230,19.3,18.5,18.0,14.6,483.0,19.3,79.0
52063,230,19.3,18.5,18.0,14.7,334.0,27.4,78.0
52963,230,19.3,18.5,18.0,14.2,241.0,27.4,76.0
53863,230,19.2984375,18.5,18.0,11.8,111.0,22.5,86.0
54763,230,19.20441176470588,18.5,18.0,11.5,93.0,20.9,86.0
55663,230,19.2,18.5,18.0,11.9,202.0,27.4,86.0
56563,230,19.2,18.5,18.0,12.3,199.0,24.1,85.0
57463,230,19.2,18.5,18.0,12.8,167.0,17.7,85.0
58363,230,19.2,18.5,18.0,12.9,148.0,16.1,83.0
59263,230,19.2,18.5,18.0,13.1,162.0,20.9,81.0
60163,230,19.2,18.5,17.93623188405797,13.2,171.0,17.7,81.0
61063,230,19.196721311475407,18.5,17.8,13.5,244.0,20.9,82.0
61963,230,19.107692307692307,18.5,17.8,13.9,250.0,19.3,79.0
62863,230,19.153030303030302,18.5,17.93448275862069,14.1,176.0,19.3,77.0
63763,230,19.413846153846155,18.87704918032787,18.21639344262295,13.8,144.0,20.9,80.0
64663,230,20.22941176470588,19.0,18.378260869565217,13.6,116.0,19.3,81.0
65563,230,19.89538461538461,19.0,18.3,13.6,123.0,17.7,81.0
66463,230,19.704545454545453,19.0,18.245454545454542,13.6,118.0,19.3,80.0
67363,230,19.59701492537313,18.86428571428572,18.0,13.8,116.0,22.5,79.0
68263,230,19.494202898550725,18.5,18.0,13.5,60.0,20.9,82.0
69163,230,19.4,18.5,18.0,13.0,50.0,19.3,85.0
70063,230,19.302985074626868,18.5,18.0,12.6,88.0,24.1,87.0
70963,230,19.239393939393945,18.5,18.0,12.5,60.0,24.1,86.0
71863,230,19.2,18.5,18.0,12.4,25.0,24.1,86.0
72763,230,19.1,18.5,17.98,12.3,18.0,24.1,86.0
73663,230,19.1,18.5,17.856716417910448,12.0,5.0,24.1,87.0
74563,230,19.006451612903227,18.5,17.8,12.0,4.0,24.1,86.0
75463,230,19.0,18.5,17.8,12.1,0.0,27.4,86.0
76363,230,19.0,18.5,17.8,12.1,0.0,25.7,86.0
77263,230,19.0,18.5,17.8,12.1,0.0,30.6,86.0
78163,230,18.93636363636364,18.5,17.8,12.1,0.0,30.6,87.0
79063,230,18.9,18.5,17.8,12.1,0.0,32.2,88.0
79963,230,18.9,18.5,17.8,12.1,0.0,27.4,89.0
80863,230,18.9,18.5,17.8,12.2,0.0,24.1,90.0
81763,230,19.0140625,18.5,17.954545454545453,12.3,0.0,24.1,90.0
82663,230,19.1,18.5,18.0,12.4,0.0,20.9,90.0
83563,230,19.05454545454545,18.5,17.973134328358206,12.3,0.0,17.7,91.0
84463,230,19.0,18.5,17.8,12.4,0.0,22.5,91.0
85363,230,19.0,18.5,17.8,12.3,0.0,22.5,91.0
86263,230,19.0,18.5,17.8,12.4,0.0,22.5,91.0
763,231,18.9,18.5,17.8,12.1,0.0,24.1,91.0
1663,231,18.9,18.5,17.8,11.9,0.0,22.5,89.0
2563,231,18.9,18.5,17.8,11.8,0.0,24.1,89.0
3463,231,18.882608695652173,18.5,17.8,11.6,0.0,25.7,89.0
4363,231,18.8,18.5,17.7953125,11.4,0.0,29.0,89.0
5263,231,18.8,18.5,17.623529411764707,11.3,0.0,27.4,90.0
6163,231,18.8,18.5,17.641176470588235,11.3,0.0,27.4,88.0
7063,231,18.8,18.5,17.8,11.2,0.0,25.7,87.0
7963,231,18.723076923076924,18.5,17.773529411764706,11.0,0.0,24.1,87.0
8863,231,18.7,18.5,17.621739130434783,10.9,0.0,22.5,87.0
9763,231,18.7,18.47142857142857,17.521428571428572,10.9,0.0,22.5,88.0
10663,231,18.68115942028985,18.253731343283583,17.5,10.8,0.0,20.9,89.0
11563,231,18.6,18.02,17.5,10.9,0.0,27.4,89.0
12463,231,18.6,18.0,17.5,10.9,0.0,22.5,89.0
13363,231,18.6,18.0,17.5,10.9,0.0,24.1,88.0
14263,231,18.6,18.0,17.5,10.8,0.0,22.5,88.0
15163,231,18.56617647058824,18.0,17.5,10.9,0.0,24.1,89.0
16063,231,18.5,18.0,17.5,10.9,0.0,24.1,87.0
16963,231,18.5,18.0,17.5,10.8,0.0,20.9,87.0
17863,231,18.5,18.0,17.5,10.7,0.0,20.9,89.0
18763,231,18.5,18.0,17.5,10.7,0.0,20.9,88.0
19663,231,18.54179104477612,18.0,17.5,10.7,0.0,17.7,88.0
20563,231,18.6,18.0,17.5,10.6,0.0,22.5,87.0
21463,231,18.59850746268657,18.0,17.5,10.7,7.0,25.7,87.0
22363,231,18.588059701492536,18.0,17.5,10.7,9.0,19.3,87.0
23263,231,19.189705882352943,18.296875,17.6765625,10.6,14.0,24.1,88.0
24163,231,19.32794117647059,18.5,17.8,10.6,17.0,19.3,87.0
25063,231,18.85909090909091,18.5,17.8,10.6,23.0,19.3,88.0
25963,231,18.939705882352943,18.37121212121212,17.53181818181818,10.7,63.0,17.7,88.0
26863,231,19.01176470588236,18.007462686567163,17.5,11.3,98.0,22.5,86.0
27763,231,19.1,18.0,17.5,11.5,112.0,22.5,85.0
28663,231,19.084615384615383,18.0,17.5,11.2,76.0,22.5,86.0
29563,231,19.0,18.0,17.5,11.3,105.0,24.1,85.0
30463,231,19.0,18.0,17.5,11.5,42.0,25.7,84.0
31363,231,18.926984126984127,18.0,17.5,11.7,46.0,25.7,84.0
32263,231,18.9,18.0,17.5,12.2,58.0,22.5,81.0
33163,231,18.9,18.0,17.5,12.3,448.0,24.1,81.0
34063,231,18.9,18.0,17.5,13.1,591.0,24.1,78.0
34963,231,18.9,18.0,17.5,13.4,533.0,29.0,77.0
35863,231,18.9,18.0,17.444615384615382,13.7,575.0,29.0,77.0
36763,231,18.83076923076923,18.0,17.31818181818182,13.7,492.0,29.0,77.0
37663,231,18.8,18.0,17.3,13.4,183.0,27.4,78.0
38563,231,18.8,18.0,17.3,13.4,88.0,29.0,79.0
39463,231,18.77391304347826,18.0,17.3,14.4,306.0,30.6,76.0
40363,231,18.7,18.0,17.3,14.1,262.0,32.2,77.0
41263,231,18.7,18.0,17.3,14.0,237.0,29.0,78.0
42163,231,18.7,18.0,17.3,14.6,501.0,29.0,78.0
43063,231,18.7,18.0,17.3,14.8,504.0,27.4,80.0
43963,231,18.7,18.0,17.3,15.6,770.0,27.4,77.0
44863,231,18.7,18.0,17.3,15.4,740.0,29.0,76.0
45763,231,18.7,18.0,17.3,16.2,952.0,29.0,74.0
46663,231,18.71014492753623,18.0,17.329508196721314,16.1,956.0,30.6,74.0
47563,231,18.90952380952381,18.13846153846153,17.57846153846154,15.3,294.0,29.0,74.0
48463,231,18.89375,18.390625,17.5703125,14.9,206.0,27.4,77.0
49363,231,18.8,18.05555555555556,17.5,15.2,218.0,24.1,77.0
50263,231,18.83235294117647,18.0078125,17.5,16.2,838.0,27.4,75.0
51163,231,18.9,18.0,17.5,16.3,244.0,25.7,76.0
52063,231,18.9,18.0,17.5,15.2,186.0,27.4,79.0
52963,231,18.9,18.0,17.5,15.3,432.0,25.7,80.0
53863,231,18.893939393939394,18.0,17.5,15.2,373.0,35.4,80.0
54763,231,18.9,18.0,17.5,15.3,557.0,29.0,80.0
55663,231,18.9,18.0,17.5,14.7,294.0,33.8,82.0
56563,231,18.882539682539683,18.0,17.5,14.8,296.0,30.6,82.0
57463,231,18.8,18.0,17.5,15.1,258.0,29.0,80.0
58363,231,18.8,18.0,17.5,14.9,258.0,32.2,82.0
59263,231,18.8,18.0,17.5,15.6,169.0,32.2,81.0
60163,231,18.8,18.0,17.5,14.8,140.0,29.0,83.0
61063,231,18.8,18.0,17.5,15.1,188.0,27.4,82.0
61963,231,18.782539682539685,18.0,17.5,14.7,211.0,29.0,83.0
62863,231,18.7,18.0,17.5,15.1,281.0,24.1,83.0
63763,231,18.7,18.0,17.5,15.4,186.0,24.1,82.0
64663,231,18.64032258064516,18.0,17.5,15.1,69.0,25.7,82.0
65563,231,18.60151515151515,18.0,17.5,14.8,56.0,24.1,83.0
66463,231,18.6,18.0,17.5,14.8,86.0,20.9,82.0
67363,231,18.6,18.0,17.5,14.8,96.0,25.7,83.0
68263,231,18.6,18.0,17.5,14.5,70.0,22.5,82.0
69163,231,18.517910447761192,18.0,17.5,14.4,56.0,20.9,82.0
70063,231,18.473134328358206,18.0,17.5,14.3,46.0,20.9,83.0
70963,231,18.4,18.0,17.5,14.2,32.0,24.1,83.0
71863,231,18.4,18.0,17.5,14.0,18.0,22.5,83.0
72763,231,18.37794117647059,18.0,17.49142857142857,13.9,14.0,19.3,84.0
73663,231,18.3,18.0,17.47391304347826,13.7,5.0,20.9,85.0
74563,231,18.3,18.0,17.429411764705883,13.3,0.0,19.3,87.0
75463,231,18.298387096774192,18.0,17.347058823529412,13.1,0.0,20.9,88.0
76363,231,18.21617647058824,18.0,17.305882352941175,13.0,0.0,24.1,88.0
77263,231,18.26515151515152,18.0,17.385714285714286,12.8,0.0,20.9,89.0
78163,231,18.365625,18.0,17.303225806451614,12.7,0.0,19.3,89.0
79063,231,18.4,18.0,17.3,12.5,0.0,19.3,90.0
79963,231,18.4,18.0,17.3,12.6,0.0,20.9,89.0
80863,231,18.4,18.0,17.3,12.6,0.0,22.5,89.0
81763,231,18.4,18.0,17.3,12.5,0.0,22.5,89.0
82663,231,18.4,18.0,17.3,12.2,0.0,22.5,90.0
83563,231,18.4,18.0,17.3,12.2,0.0,24.1,90.0
84463,231,18.4,18.0,17.3,12.1,0.0,20.9,91.0
85363,231,18.4,18.0,17.3,11.9,0.0,22.5,91.0
86263,231,18.4,18.0,17.3,11.9,0.0,22.5,91.0
763,232,18.37941176470588,18.0,17.3,11.9,0.0,22.5,91.0
1663,232,18.301538461538463,18.0,17.3,12.1,0.0,24.1,90.0
2563,232,18.3,18.0,17.3,12.1,0.0,19.3,90.0
3463,232,18.3,18.0,17.3,12.0,0.0,22.5,90.0
4363,232,18.3,18.0,17.3,11.9,0.0,17.7,90.0
5263,232,18.3,18.0,17.3,11.8,0.0,20.9,91.0
6163,232,18.3,18.0,17.3,11.8,0.0,20.9,91.0
7063,232,18.3,18.0,17.3,11.7,0.0,20.9,92.0
7963,232,18.24090909090909,18.0,17.3,11.7,0.0,20.9,91.0
8863,232,18.2,18.0,17.3,11.6,0.0,20.9,92.0
9763,232,18.2,18.0,17.3,11.7,0.0,19.3,91.0
10663,232,18.2,18.0,17.3,11.7,0.0,17.7,91.0
11563,232,18.2,18.0,17.3,11.6,0.0,17.7,91.0
12463,232,18.2,18.0,17.3,11.6,0.0,17.7,92.0
13363,232,18.2,18.0,17.273529411764706,11.5,0.0,19.3,92.0
14263,232,18.2,18.0,17.227272727272727,11.6,0.0,17.7,92.0
15163,232,18.154545454545453,18.0,17.12537313432836,11.4,0.0,17.7,92.0
16063,232,18.1,18.0,17.022058823529413,11.4,0.0,19.3,93.0
16963,232,18.1,18.0,17.004411764705882,11.4,0.0,17.7,92.0
17863,232,18.1,18.0,17.0,11.4,0.0,17.7,92.0
18763,232,18.1,17.97692307692308,17.0,11.4,0.0,16.1,92.0
19663,232,18.1,17.958333333333336,17.0,11.3,0.0,19.3,92.0
20563,232,18.1,17.915384615384617,17.0,11.3,0.0,16.1,92.0
21463,232,18.1,17.88888888888889,17.0,11.4,5.0,17.7,92.0
22363,232,18.1,17.859375,17.0,11.4,11.0,17.7,92.0
23263,232,18.16716417910448,17.607142857142858,17.0,11.4,19.0,17.7,92.0
24163,232,18.1,17.5,17.0,11.4,23.0,16.1,92.0
25063,232,18.13714285714285,17.5390625,17.0,11.6,37.0,17.7,92.0
25963,232,18.37910447761194,18.0,17.286764705882355,11.7,35.0,14.5,91.0
26863,232,18.35441176470588,18.0,17.063636363636363,11.9,42.0,12.9,91.0
27763,232,18.3,17.783582089552237,17.0,12.1,36.0,14.5,90.0
28663,232,18.2015625,17.5,17.0,12.4,46.0,16.1,89.0
29563,232,18.2,17.5,17.0,12.6,63.0,16.1,89.0
30463,232,18.2,17.5,17.0,12.9,123.0,16.1,87.0
31363,232,18.2,17.5,17.0,13.1,113.0,17.7,86.0
32263,232,18.2,17.5,17.0,13.1,98.0,16.1,85.0
33163,232,18.2,17.5,17.0,13.0,104.0,17.7,86.0
34063,232,18.2,17.5,17.0,13.7,381.0,14.5,85.0
34963,232,18.2,17.5,17.0,14.4,438.0,14.5,83.0
35863,232,18.2,17.5,17.0,13.9,171.0,14.5,84.0
36763,232,18.2,17.5,17.0,14.4,573.0,12.9,84.0
37663,232,18.2,17.5,17.0,15.0,526.0,12.9,80.0
38563,232,18.2,17.5,17.0,15.4,519.0,16.1,77.0
39463,232,18.2,17.5,17.0,16.1,471.0,12.9,78.0
40363,232,19.019117647058824,17.914285714285715,17.231428571428573,16.6,724.0,12.9,79.0
41263,232,19.24029850746269,18.0,17.3,16.3,503.0,12.9,70.0
42163,232,18.769117647058824,18.0,17.3,16.3,281.0,9.7,73.0
43063,232,18.58939393939394,18.0,17.3,16.2,520.0,12.9,70.0
43963,232,18.496969696969696,17.993150684931507,17.234246575342464,16.7,529.0,12.9,71.0
44863,232,18.4,17.746153846153845,17.00923076923077,17.1,612.0,12.9,67.0
45763,232,18.383333333333333,17.5327868852459,17.0,17.0,512.0,12.9,67.0
46663,232,18.3,17.5,17.0,16.7,232.0,11.3,67.0
47563,232,18.29846153846153,17.5,17.0,16.3,195.0,9.7,69.0
48463,232,18.2,17.5078125,17.0,16.2,232.0,11.3,69.0
49363,232,18.2,17.5,17.0,16.4,262.0,9.7,69.0
50263,232,18.2,17.5,17.0,16.4,246.0,11.3,73.0
51163,232,18.2,17.5,17.0,16.5,246.0,11.3,74.0
52063,232,18.2,17.5,17.0,16.3,200.0,12.9,73.0
52963,232,18.2,17.5,17.0,16.1,181.0,16.1,73.0
53863,232,18.19701492537313,17.5,17.0,15.8,216.0,11.3,75.0
54763,232,18.1859375,17.5,17.0,16.4,304.0,11.3,71.0
55663,232,18.10151515151515,17.5,17.0,16.6,318.0,11.3,73.0
56563,232,18.1,17.5,17.0,16.6,329.0,11.3,74.0
57463,232,18.1,17.5,17.0,16.5,202.0,9.7,71.0
58363,232,18.1,17.5,17.0,16.3,162.0,9.7,66.0
59263,232,18.1,17.5,17.0,16.0,149.0,11.3,67.0
60163,232,18.1,17.5,17.0,16.1,214.0,12.9,69.0
61063,232,18.1,17.5,17.0,17.2,371.0,11.3,65.0
61963,232,18.1,17.5,17.0,16.8,236.0,9.7,68.0
62863,232,18.1,17.5,17.0,17.1,195.0,9.7,69.0
63763,232,18.1,17.5,17.0,16.8,118.0,9.7,68.0
64663,232,18.1,17.5,17.0,16.8,95.0,8.0,70.0
65563,232,18.1,17.5,17.0,16.6,113.0,6.4,73.0
66463,232,18.1,17.5,17.0,16.7,116.0,4.8,72.0
67363,232,18.1,17.5,17.0,16.9,106.0,6.4,70.0
68263,232,18.1,17.5,17.0,16.3,65.0,6.4,72.0
69163,232,18.1,17.507692307692306,17.0,15.9,42.0,4.8,75.0
70063,232,18.1,17.5078125,17.0,15.4,33.0,6.4,78.0
70963,232,18.1,17.55,17.0,15.3,34.0,6.4,78.0
71863,232,18.076119402985075,17.563492063492063,17.0,14.9,19.0,8.0,79.0
72763,232,18.00161290322581,17.567164179104477,17.0,14.6,14.0,6.4,80.0
73663,232,18.0,17.56060606060606,17.0,14.2,5.0,3.2,82.0
74563,232,18.0,17.559701492537314,17.0,14.0,0.0,3.2,82.0
75463,232,18.0,17.515151515151516,17.0,13.4,0.0,1.6,84.0
76363,232,18.0,17.5625,17.0,12.8,0.0,0.0,85.0
77263,232,17.984848484848484,17.50735294117647,17.0,12.3,0.0,3.2,86.0
78163,232,17.902985074626866,17.5,17.0,12.0,0.0,1.6,87.0
79063,232,17.9,17.50714285714286,17.0,11.5,0.0,1.6,88.0
79963,232,17.9,17.5,17.0,11.8,0.0,4.8,86.0
80863,232,17.918181818181818,17.8125,17.0328125,11.8,0.0,1.6,85.0
81763,232,18.0,18.0,17.133333333333333,11.5,0.0,0.0,86.0
82663,232,18.0,17.97101449275362,17.0,10.8,0.0,0.0,89.0
83563,232,18.0,17.666666666666664,17.0,10.6,0.0,0.0,90.0
84463,232,17.913235294117648,17.5,17.0,10.3,0.0,0.0,90.0
85363,232,17.9,17.5,17.0,10.1,0.0,0.0,91.0
86263,232,17.9,17.5,17.0,10.2,0.0,1.6,93.0
763,233,17.9,17.5,17.0,10.8,0.0,3.2,92.0
1663,233,17.9,17.5,17.0,11.1,0.0,0.0,91.0
2563,233,17.86376811594203,17.5,17.0,11.1,0.0,0.0,90.0
3463,233,17.8,17.5,16.996969696969696,10.6,0.0,0.0,90.0
4363,233,17.8,17.5,16.964179104477612,10.3,0.0,3.2,91.0
5263,233,17.8,17.5,16.884375,9.9,0.0,0.0,92.0
6163,233,17.8,17.5,16.85,9.3,0.0,0.0,92.0
7063,233,17.8,17.5,16.812698412698413,8.9,0.0,1.6,93.0
7963,233,17.8,17.5,16.8,8.7,0.0,0.0,94.0
8863,233,17.8,17.5,16.8,8.4,0.0,0.0,94.0
9763,233,17.8,17.5,16.8,8.3,0.0,0.0,95.0
10663,233,17.78709677419355,17.5,16.8,8.1,0.0,0.0,95.0
11563,233,17.704225352112676,17.5,16.8,8.2,0.0,0.0,96.0
12463,233,17.7,17.5,16.8,8.0,0.0,0.0,96.0
13363,233,17.7,17.5,16.8,7.9,0.0,0.0,96.0
14263,233,17.7,17.5,16.8,8.0,0.0,0.0,97.0
15163,233,17.7,17.5,16.8,8.1,0.0,0.0,96.0
16063,233,17.7,17.5,16.8,7.9,0.0,0.0,96.0
16963,233,17.628985507246377,17.5,16.752173913043478,7.8,0.0,0.0,96.0
17863,233,17.6,17.5,16.544776119402986,8.0,0.0,0.0,97.0
18763,233,17.6,17.5,16.5,8.1,0.0,3.2,96.0
19663,233,17.6,17.5,16.5,7.9,0.0,0.0,95.0
20563,233,17.6,17.5,16.5,7.7,0.0,0.0,95.0
21463,233,17.6,17.5,16.5,7.7,0.0,1.6,95.0
22363,233,17.6,17.5,16.5,7.5,7.0,1.6,95.0
23263,233,17.628125,17.5,16.595,7.7,18.0,0.0,96.0
24163,233,17.75,17.5,16.772727272727273,7.7,25.0,0.0,95.0
25063,233,17.982258064516127,17.5,16.897058823529413,8.3,37.0,0.0,96.0
25963,233,18.009090909090908,17.5,16.803030303030305,8.9,47.0,0.0,95.0
26863,233,18.038235294117648,17.5,16.80597014925373,9.4,58.0,1.6,94.0
27763,233,18.0,17.5,16.805714285714284,9.6,64.0,0.0,93.0
28663,233,18.0,17.5,16.811764705882354,10.1,83.0,0.0,92.0
29563,233,18.0,17.5,16.80597014925373,10.9,100.0,1.6,91.0
30463,233,18.0,17.5,16.802985074626868,11.7,114.0,1.6,89.0
31363,233,18.0,17.5,16.8,12.3,132.0,0.0,86.0
32263,233,18.0,17.5,16.8,13.1,204.0,4.8,86.0
33163,233,18.0,17.5,16.8,13.6,202.0,0.0,83.0
34063,233,18.0,17.5,16.8,13.9,260.0,4.8,79.0
34963,233,18.0,17.5,16.8,14.1,353.0,3.2,77.0
35863,233,18.0,17.5,16.8,14.0,388.0,3.2,81.0
36763,233,18.0,17.5,16.8,14.3,367.0,4.8,82.0
37663,233,18.0,17.5,16.814705882352943,14.4,504.0,6.4,81.0
38563,233,18.0,17.5,16.814084507042253,14.6,434.0,4.8,81.0
39463,233,18.0,17.5,16.812121212121212,15.2,390.0,6.4,81.0
40363,233,18.0,17.5,16.8,15.6,436.0,6.4,78.0
41263,233,18.0,17.5,16.8,15.7,425.0,6.4,78.0
42163,233,18.0,17.5,16.806349206349207,15.8,322.0,4.8,78.0
43063,233,18.0,17.5,16.81311475409836,16.2,471.0,4.8,80.0
43963,233,18.0,17.5,16.80597014925373,16.3,378.0,6.4,80.0
44863,233,18.0,17.5,16.814705882352943,16.6,394.0,4.8,79.0
45763,233,18.0,17.5,16.80289855072464,16.3,336.0,4.8,80.0
46663,233,18.0,17.5,16.806060606060605,16.9,417.0,4.8,78.0
47563,233,18.0,17.5,16.83582089552239,16.8,480.0,8.0,79.0
48463,233,18.0,17.5,16.9044776119403,16.8,374.0,8.0,78.0
49363,233,18.0,17.5,16.91470588235294,16.7,445.0,8.0,78.0
50263,233,18.0,17.5,16.95072463768116,16.7,427.0,8.0,76.0
51163,233,18.0,17.5,16.95942028985507,16.7,359.0,8.0,77.0
52063,233,18.0,17.5,16.97101449275362,16.6,306.0,8.0,77.0
52963,233,18.0,17.5,16.990909090909092,16.6,300.0,6.4,78.0
53863,233,18.0,17.5,16.97910447761194,16.1,313.0,4.8,80.0
54763,233,18.0,17.5,16.99402985074627,16.2,271.0,4.8,80.0
55663,233,18.0,17.5,16.994202898550725,16.2,257.0,6.4,80.0
56563,233,18.0,17.5,16.98840579710145,16.1,265.0,6.4,79.0
57463,233,18.0,17.5,16.99411764705882,16.1,237.0,4.8,76.0
58363,233,18.0,17.5,17.0,16.2,213.0,6.4,77.0
59263,233,17.965671641791044,17.5,16.994202898550725,16.2,200.0,6.4,77.0
60163,233,17.9044776119403,17.5,16.997014925373133,16.1,184.0,6.4,77.0
61063,233,18.0,17.5,17.0,16.2,221.0,6.4,77.0
61963,233,18.0,17.5,17.0,16.2,172.0,6.4,77.0
62863,233,18.0,17.5,17.0,16.1,104.0,3.2,76.0
63763,233,18.0,17.5,17.0,16.0,102.0,3.2,78.0
64663,233,17.977777777777778,17.5,17.0,15.9,91.0,3.2,78.0
65563,233,17.9,17.5,17.0,15.8,70.0,3.2,78.0
66463,233,17.9,17.5,17.0,15.8,53.0,4.8,79.0
67363,233,17.9,17.5,17.0,15.7,40.0,3.2,80.0
68263,233,17.9,17.5,17.0,15.7,30.0,4.8,80.0
69163,233,17.9,17.5,17.0,15.6,28.0,3.2,82.0
70063,233,17.9,17.5,17.0,15.6,19.0,0.0,83.0
70963,233,17.9,17.5,17.0,15.5,19.0,0.0,82.0
71863,233,17.9,17.5,17.0,15.4,11.0,0.0,82.0
72763,233,17.876923076923077,17.5,17.0,15.3,7.0,0.0,83.0
73663,233,17.88550724637681,17.5,17.0,15.2,0.0,0.0,85.0
74563,233,17.9,17.5,17.0,15.1,0.0,0.0,86.0
75463,233,17.9,17.5,17.0,14.8,0.0,0.0,87.0
76363,233,17.9,17.5,17.0,14.7,0.0,1.6,88.0
77263,233,17.97241379310345,17.5,17.0,14.5,0.0,3.2,90.0
78163,233,18.0,17.53787878787879,17.013636363636362,14.2,0.0,3.2,91.0
79063,233,18.08428571428572,17.96875,17.2765625,13.9,0.0,3.2,92.0
79963,233,18.15737704918033,18.0,17.3,13.7,0.0,3.2,93.0
80863,233,18.2,18.0,17.117391304347827,13.5,0.0,4.8,94.0
81763,233,18.2,17.97058823529412,17.0,13.5,0.0,3.2,94.0
82663,233,18.1640625,17.8955223880597,17.0,13.4,0.0,3.2,94.0
83563,233,18.1,17.76865671641791,17.0,13.4,0.0,1.6,94.0
84463,233,18.1,17.66417910447761,17.0,13.4,0.0,0.0,94.0
85363,233,18.1,17.529850746268657,17.0,13.3,0.0,0.0,94.0
86263,233,18.1,17.537313432835823,17.0,13.3,0.0,0.0,95.0
763,234,18.1,17.52238805970149,17.0,13.3,0.0,0.0,95.0
1663,234,18.1,17.5,17.0,13.2,0.0,0.0,95.0
2563,234,18.1,17.5,17.0,13.2,0.0,0.0,96.0
3463,234,18.1,17.5,17.0,13.2,0.0,0.0,96.0
4363,234,18.1,17.5,17.0,13.1,0.0,0.0,96.0
5263,234,18.1,17.5,17.0,13.0,0.0,0.0,96.0
6163,234,18.1,17.5,17.0,13.1,0.0,0.0,97.0
7063,234,18.1,17.5,17.0,13.1,0.0,4.8,97.0
7963,234,18.1,17.5,17.0,13.0,0.0,1.6,97.0
8863,234,18.1,17.5,17.0,13.1,0.0,3.2,97.0
9763,234,18.1,17.5,17.0,13.2,0.0,3.2,97.0
10663,234,18.1,17.5,17.0,13.2,0.0,1.6,98.0
11563,234,18.09032258064516,17.5,17.0,13.2,0.0,0.0,98.0
12463,234,18.00625,17.5,17.0,13.2,0.0,0.0,98.0
13363,234,18.0,17.5,17.0,13.2,0.0,1.6,98.0
14263,234,18.0,17.5,17.0,13.2,0.0,4.8,98.0
15163,234,18.0,17.5,17.0,13.1,0.0,4.8,98.0
16063,234,18.0,17.5,17.0,13.1,0.0,3.2,98.0
16963,234,18.0,17.5,17.0,13.1,0.0,3.2,98.0
17863,234,18.0,17.5,17.0,13.1,0.0,1.6,98.0
18763,234,18.0,17.5,17.0,13.1,0.0,0.0,98.0
19663,234,18.070149253731344,17.666666666666664,17.071428571428573,13.1,0.0,0.0,98.0
20563,234,18.18805970149253,18.0,17.24705882352941,13.1,0.0,0.0,98.0
21463,234,18.1,17.963768115942027,17.0,13.1,0.0,0.0,98.0
22363,234,18.1,17.6328125,17.0,13.1,0.0,0.0,98.0
23263,234,18.13428571428572,17.967741935483872,17.13548387096774,13.2,0.0,0.0,98.0
24163,234,18.2,17.933333333333334,17.055,13.2,4.0,0.0,98.0
25063,234,19.85967741935484,18.0,17.43125,13.3,16.0,0.0,98.0
25963,234,18.47058823529412,18.0,17.32121212121212,13.3,21.0,3.2,98.0
26863,234,18.571641791044776,18.0,17.45,13.4,35.0,4.8,98.0
27763,234,18.6,18.0,17.3,13.5,43.0,6.4,98.0
28663,234,18.55076923076923,18.0,17.3,13.8,105.0,4.8,98.0
29563,234,18.5,18.0,17.3,14.1,116.0,4.8,97.0
30463,234,18.452112676056338,18.0,17.3,14.3,97.0,4.8,96.0
31363,234,18.4,18.0,17.3,14.6,118.0,4.8,95.0
32263,234,18.344776119402987,18.0,17.3,15.2,171.0,8.0,93.0
33163,234,18.3,18.0,17.3,15.7,130.0,6.4,93.0
34063,234,18.3,18.0,17.3,15.9,134.0,9.7,92.0
34963,234,18.3,18.0,17.3,15.9,113.0,9.7,92.0
35863,234,18.3044776119403,18.0,17.3,16.2,181.0,8.0,92.0
36763,234,18.3,18.0,17.3,16.5,186.0,6.4,91.0
37663,234,18.36716417910448,18.0,17.3,16.8,165.0,4.8,90.0
38563,234,18.375,18.0,17.3,16.9,130.0,4.8,90.0
39463,234,18.39846153846154,18.0,17.3,16.7,81.0,4.8,90.0
40363,234,18.4,18.0,17.3,16.5,102.0,4.8,91.0
41263,234,18.4,18.0,17.3,16.4,135.0,4.8,93.0
42163,234,18.4,18.0,17.3,16.4,128.0,1.6,93.0
43063,234,18.4,18.0,17.3,16.9,204.0,1.6,93.0
43963,234,18.4,18.0,17.3,17.4,288.0,4.8,90.0
44863,234,18.4,18.0,17.3,18.0,306.0,4.8,90.0
45763,234,18.455882352941178,18.0,17.3,18.0,294.0,4.8,88.0
46663,234,18.46086956521739,18.0,17.3,18.2,343.0,6.4,88.0
47563,234,18.40757575757576,18.0,17.3,18.1,248.0,6.4,87.0
48463,234,18.4,18.0,17.3,18.5,380.0,6.4,85.0
49363,234,18.4,18.0,17.3,18.4,253.0,3.2,86.0
50263,234,18.4,18.0,17.3,18.5,303.0,3.2,85.0
51163,234,18.4,18.0,17.3,18.7,144.0,4.8,84.0
52063,234,18.45820895522388,18.0,17.3,18.4,123.0,6.4,84.0
52963,234,18.5,18.0,17.3,18.2,107.0,4.8,85.0
53863,234,18.50757575757576,18.0,17.30909090909091,18.1,86.0,1.6,86.0
54763,234,18.59848484848485,18.0,17.32295081967213,18.1,151.0,1.6,86.0
55663,234,18.6,18.0,17.3125,18.3,128.0,3.2,85.0
56563,234,18.6,18.0,17.34057971014493,18.3,172.0,8.0,85.0
57463,234,18.6,18.0,17.34179104477612,20.2,682.0,9.7,82.0
58363,234,18.6,18.0,17.38307692307692,20.8,575.0,11.3,79.0
59263,234,18.6,18.0,17.404347826086955,19.9,145.0,9.7,82.0
60163,234,18.6,18.0,17.46969696969697,19.7,167.0,8.0,83.0
61063,234,18.6,18.0,17.48840579710145,19.6,211.0,8.0,84.0
61963,234,18.6,18.0,17.497014925373133,19.5,202.0,8.0,83.0
62863,234,18.52537313432836,18.0,17.47391304347826,19.2,141.0,3.2,84.0
63763,234,18.5,18.0,17.484848484848484,19.1,152.0,4.8,84.0
64663,234,18.5,18.0,17.5,18.9,107.0,0.0,85.0
65563,234,18.548529411764708,18.0,17.5,18.4,68.0,3.2,85.0
66463,234,18.6,18.0,17.5,17.5,45.0,1.6,88.0
67363,234,18.6,18.0,17.5,17.3,42.0,1.6,88.0
68263,234,18.6,18.0,17.5,17.1,51.0,0.0,89.0
69163,234,18.6,18.0,17.5,17.1,49.0,0.0,89.0
70063,234,18.6,18.0,17.5,16.9,21.0,0.0,90.0
70963,234,18.6,18.0,17.5,16.7,16.0,3.2,90.0
71863,234,18.6,18.0,17.5,16.5,7.0,1.6,91.0
72763,234,18.6,18.0,17.5,16.8,5.0,4.8,91.0
73663,234,18.52,18.0,17.5,16.6,0.0,9.7,92.0
74563,234,18.5890625,18.0,17.5,16.4,0.0,8.0,93.0
75463,234,18.5,18.0,17.5,16.9,0.0,11.3,94.0
76363,234,18.5,18.0,17.5,17.1,0.0,9.7,95.0
77263,234,18.585714285714285,18.0,17.5,17.3,0.0,11.3,95.0
78163,234,18.67878787878788,18.34558823529412,17.676470588235293,17.1,0.0,9.7,95.0
79063,234,19.824615384615385,18.6984126984127,18.17301587301588,16.9,0.0,8.0,96.0
79963,234,20.38636363636364,19.0,18.298507462686565,16.9,0.0,8.0,96.0
80863,234,19.776190476190475,18.643939393939394,18.06818181818182,16.9,0.0,11.3,96.0
81763,234,19.54754098360656,18.5,18.0,17.0,0.0,12.9,95.0
82663,234,19.37575757575757,18.5,17.92727272727273,16.9,0.0,11.3,95.0
83563,234,19.25151515151515,18.5,17.8,16.8,0.0,11.3,95.0
84463,234,19.13731343283582,18.5,17.8,16.8,0.0,14.5,95.0
85363,234,19.029850746268657,18.5,17.8,16.7,0.0,11.3,95.0
86263,234,18.935384615384613,18.5,17.8,16.7,0.0,9.7,95.0
763,235,18.891176470588235,18.5,17.8,16.8,0.0,12.9,95.0
1663,235,18.8,18.5,17.8,16.8,0.0,6.4,95.0
2563,235,18.8,18.5,17.8,16.8,0.0,4.8,95.0
3463,235,18.8,18.5,17.8,16.7,0.0,8.0,96.0
4363,235,18.8,18.5,17.8,16.7,0.0,11.3,96.0
5263,235,18.8,18.5,17.8,16.6,0.0,8.0,97.0
6163,235,18.8,18.5,17.8,16.4,0.0,8.0,97.0
7063,235,18.8,18.5,17.8,16.3,0.0,16.1,97.0
7963,235,18.8,18.5,17.8,16.2,0.0,17.7,97.0
8863,235,18.8,18.5,17.8,16.1,0.0,12.9,96.0
9763,235,18.8,18.5,17.8,16.0,0.0,12.9,96.0
10663,235,18.8,18.5,17.8,15.9,0.0,8.0,97.0
11563,235,18.8,18.5,17.8,15.8,0.0,4.8,97.0
12463,235,18.8,18.5,17.8,16.1,0.0,11.3,96.0
13363,235,18.8,18.5,17.8,16.2,0.0,12.9,96.0
14263,235,18.8,18.5,17.8,16.1,0.0,11.3,96.0
15163,235,18.8,18.5,17.8,16.2,0.0,12.9,95.0
16063,235,18.8,18.5,17.8,16.3,0.0,19.3,94.0
16963,235,18.8,18.5,17.8,16.2,0.0,17.7,94.0
17863,235,18.8,18.5,17.8,16.4,0.0,17.7,94.0
18763,235,18.8,18.5,17.8,16.4,0.0,16.1,93.0
19663,235,18.8,18.5,17.8,16.3,0.0,16.1,94.0
20563,235,18.8,18.5,17.8,16.4,0.0,17.7,94.0
21463,235,18.8,18.5,17.8,16.4,0.0,14.5,93.0
22363,235,18.837878787878783,18.5,17.8,16.4,0.0,17.7,93.0
23263,235,18.911940298507464,18.5,17.87462686567164,16.4,0.0,17.7,93.0
24163,235,19.140625,18.53076923076923,18.004615384615384,16.3,14.0,14.5,94.0
25063,235,19.16875,18.5,18.0,15.9,77.0,16.1,97.0
25963,235,19.1,18.5,17.99705882352941,16.0,25.0,14.5,97.0
26863,235,19.1296875,18.5,17.907462686567165,16.0,32.0,17.7,97.0
27763,235,19.2,18.5,17.98787878787879,16.1,38.0,16.1,97.0
28663,235,19.20147058823529,18.5,18.0,16.2,65.0,12.9,97.0
29563,235,19.2,18.5,18.0,16.3,79.0,16.1,97.0
30463,235,19.2,18.5,18.0,16.6,162.0,12.9,97.0
31363,235,19.2,18.5,18.0,17.1,190.0,16.1,96.0
32263,235,19.2,18.5,18.0,17.1,209.0,16.1,95.0
33163,235,19.2,18.5,18.0,17.0,98.0,11.3,95.0
34063,235,19.2,18.5,18.0,17.3,174.0,9.7,96.0
34963,235,19.2,18.5,18.0,17.3,197.0,12.9,95.0
35863,235,19.2,18.5,17.996875,17.4,206.0,11.3,95.0
36763,235,19.253846153846155,18.5,18.0,18.0,265.0,9.7,94.0
37663,235,19.3,18.5,18.0,18.0,229.0,9.7,93.0
38563,235,19.3,18.5,18.0,18.2,193.0,8.0,91.0
39463,235,19.3,18.5,18.0,18.9,464.0,11.3,90.0
40363,235,19.3,18.5,18.0,19.3,580.0,8.0,91.0
41263,235,19.3,18.5,18.0,19.6,162.0,8.0,85.0
42163,235,19.34626865671642,18.5,18.0,19.2,133.0,8.0,84.0
43063,235,19.4,18.5,18.0,18.8,267.0,8.0,86.0
43963,235,19.4,18.5,18.0,19.8,610.0,6.4,83.0
44863,235,19.444615384615386,18.5,18.0,19.3,585.0,6.4,85.0
45763,235,19.5,18.5,18.0,19.6,515.0,4.8,83.0
46663,235,19.5,18.5,18.0,20.7,629.0,8.0,77.0
47563,235,19.5,18.5,18.0,19.7,397.0,12.9,82.0
48463,235,19.5,18.5078125,18.0,20.1,294.0,9.7,77.0
49363,235,19.5,18.508064516129032,18.0,19.9,190.0,9.7,77.0
50263,235,19.5,18.59848484848485,18.0,20.5,680.0,9.7,76.0
51163,235,19.5,18.73880597014925,18.0,20.8,668.0,9.7,70.0
52063,235,19.5,18.890625,18.0,20.7,267.0,9.7,68.0
52963,235,19.545454545454547,18.99180327868853,18.009836065573772,20.4,304.0,8.0,74.0
53863,235,19.6,19.0,18.08636363636364,20.7,793.0,9.7,72.0
54763,235,19.59850746268657,18.99180327868853,18.06393442622951,19.7,214.0,12.9,73.0
55663,235,19.59841269841269,19.0,18.095,20.0,160.0,11.3,71.0
56563,235,19.59848484848485,19.0,18.16875,19.5,229.0,9.7,75.0
57463,235,19.6,19.0,18.26363636363636,19.1,213.0,14.5,73.0
58363,235,19.6,19.0,18.3,19.4,332.0,12.9,73.0
59263,235,19.607692307692307,19.0,18.3,19.5,617.0,14.5,72.0
60163,235,19.7,19.0,18.3,19.4,179.0,14.5,71.0
61063,235,19.78787878787879,19.0,18.29558823529412,19.6,204.0,14.5,70.0
61963,235,19.8,19.0,18.2484375,18.7,193.0,17.7,72.0
62863,235,19.798305084745763,19.0,18.21818181818182,18.6,146.0,16.1,71.0
63763,235,19.72,19.0,18.123529411764707,18.6,125.0,14.5,71.0
64663,235,19.68088235294117,19.0,18.008823529411764,18.2,93.0,16.1,73.0
65563,235,19.6,19.0,18.034782608695654,17.8,111.0,12.9,75.0
66463,235,19.6,19.0,18.3,17.7,116.0,11.3,77.0
67363,235,19.6,19.0,18.25522388059701,17.4,53.0,11.3,77.0
68263,235,19.53382352941177,19.0,18.083076923076923,17.1,32.0,6.4,80.0
69163,235,19.5,19.0,18.0,17.0,63.0,6.4,80.0
70063,235,19.5,19.0,18.0,17.2,56.0,8.0,78.0
70963,235,19.46290322580645,19.0,18.0,16.8,25.0,6.4,79.0
71863,235,19.4,19.0,18.0,16.3,11.0,4.8,81.0
72763,235,19.4,19.0,18.0,15.9,9.0,8.0,82.0
73663,235,19.44328358208956,19.0,18.08852459016393,15.7,0.0,12.9,80.0
74563,235,19.522058823529413,19.0,18.29117647058824,15.6,0.0,14.5,81.0
75463,235,19.6,19.0,18.3,15.3,0.0,9.7,83.0
76363,235,19.63636363636364,19.0,18.3,15.2,0.0,12.9,83.0
77263,235,19.7,19.0,18.3,14.8,0.0,12.9,84.0
78163,235,19.7,19.0,18.3,14.6,0.0,9.7,85.0
79063,235,19.79846153846153,19.0,18.42,14.5,0.0,9.7,84.0
79963,235,19.97761194029851,19.462686567164177,18.5,14.3,0.0,9.7,85.0
80863,235,19.9,19.057142857142857,18.5,14.0,0.0,11.3,84.0
81763,235,19.827272727272728,19.0,18.5,14.4,0.0,17.7,82.0
82663,235,19.8,19.0,18.5,14.4,0.0,14.5,82.0
83563,235,19.728125,19.0,18.5,14.1,0.0,11.3,84.0
84463,235,19.7,19.0,18.5,13.9,0.0,16.1,85.0
85363,235,19.7,19.0,18.49714285714285,14.0,0.0,16.1,85.0
86263,235,19.65774647887324,19.0,18.424242424242426,14.0,0.0,12.9,86.0
763,236,19.6,19.0,18.326086956521745,14.0,0.0,11.3,86.0
1663,236,19.6,19.0,18.3,14.6,0.0,14.5,82.0
2563,236,19.6,19.0,18.3,14.6,0.0,14.5,82.0
3463,236,19.6,19.0,18.3,14.4,0.0,17.7,84.0
4363,236,19.6,19.0,18.3,14.3,0.0,12.9,85.0
5263,236,19.6,19.0,18.3,14.1,0.0,11.3,86.0
6163,236,19.59692307692308,19.0,18.3,13.9,0.0,12.9,88.0
7063,236,19.512307692307694,19.0,18.3,13.8,0.0,14.5,88.0
7963,236,19.5,19.0,18.3,13.7,0.0,11.3,89.0
8863,236,19.5,19.0,18.3,13.7,0.0,11.3,89.0
9763,236,19.5,19.0,18.3,13.6,0.0,14.5,89.0
10663,236,19.5,19.0,18.3,13.3,0.0,11.3,90.0
11563,236,19.5,19.0,18.3,13.1,0.0,8.0,90.0
12463,236,19.5,19.0,18.3,12.9,0.0,9.7,91.0
13363,236,19.5,19.0,18.3,13.0,0.0,14.5,91.0
14263,236,19.5,19.0,18.3,13.1,0.0,16.1,91.0
15163,236,19.48840579710145,19.0,18.3,13.0,0.0,11.3,91.0
16063,236,19.40441176470588,19.0,18.3,12.9,0.0,11.3,91.0
16963,236,19.4,19.0,18.3,13.0,0.0,14.5,90.0
17863,236,19.4,19.0,18.3,12.9,0.0,16.1,90.0
18763,236,19.4,19.0,18.3,12.9,0.0,16.1,90.0
19663,236,19.4,19.0,18.3,13.1,0.0,17.7,89.0
20563,236,19.4,19.0,18.3,13.1,0.0,20.9,89.0
21463,236,19.4,19.0,18.3,12.9,0.0,17.7,89.0
22363,236,19.4625,19.0,18.3,13.0,7.0,17.7,89.0
23263,236,19.81846153846154,18.97142857142857,18.17142857142857,13.2,26.0,16.1,89.0
24163,236,20.847826086956523,19.19117647058824,18.58235294117647,13.4,33.0,17.7,87.0
25063,236,20.017910447761192,19.201492537313435,18.571641791044776,13.2,42.0,16.1,88.0
25963,236,19.971212121212123,19.0,18.4625,13.2,46.0,14.5,89.0
26863,236,19.9,19.0,18.30289855072464,13.2,63.0,9.7,90.0
27763,236,19.87727272727273,19.0,18.3,13.6,90.0,16.1,88.0
28663,236,19.8,19.0,18.3,13.8,109.0,17.7,88.0
29563,236,19.8,19.0,18.3,13.9,121.0,16.1,88.0
30463,236,19.8,19.0,18.3,14.2,97.0,11.3,87.0
31363,236,19.8,19.0,18.35373134328358,14.2,99.0,12.9,87.0
32263,236,19.8,19.0,18.49411764705882,14.2,223.0,12.9,87.0
33163,236,19.8,19.0,18.5,14.4,130.0,14.5,86.0
34063,236,19.844444444444445,19.0,18.5,14.6,193.0,14.5,85.0
34963,236,19.9,19.0,18.5,14.6,207.0,16.1,85.0
35863,236,19.9,19.0,18.5,15.1,237.0,20.9,82.0
36763,236,19.9,19.0,18.5,15.6,476.0,16.1,79.0
37663,236,19.9,19.0,18.5,15.1,183.0,17.7,80.0
38563,236,19.9,19.0,18.5,15.3,287.0,16.1,77.0
39463,236,19.9,19.0,18.5,16.5,547.0,16.1,76.0
40363,236,19.966666666666665,19.0,18.5,16.5,573.0,17.7,74.0
41263,236,20.0,19.0,18.5,17.2,594.0,16.1,73.0
42163,236,20.0,19.0,18.5,16.9,600.0,17.7,72.0
43063,236,20.0,19.0,18.5,17.3,633.0,16.1,69.0
43963,236,20.0,19.0,18.5,17.6,469.0,17.7,70.0
44863,236,20.0,19.0,18.5,17.6,664.0,17.7,67.0
45763,236,20.0,19.0,18.5,18.2,656.0,17.7,66.0
46663,236,20.0,19.0,18.5,18.5,694.0,16.1,67.0
47563,236,20.0,19.0,18.5,18.8,647.0,16.1,65.0
48463,236,19.956060606060607,19.0,18.5,19.3,703.0,12.9,64.0
49363,236,19.953125,19.0,18.5,18.8,629.0,16.1,65.0
50263,236,19.92173913043478,19.0,18.5,18.5,346.0,16.1,64.0
51163,236,19.9,19.0,18.5,18.7,323.0,14.5,62.0
52063,236,19.9,19.0,18.5,18.7,531.0,17.7,64.0
52963,236,19.9,19.0,18.5,19.1,693.0,16.1,60.0
53863,236,19.9,19.0,18.5,19.1,629.0,19.3,62.0
54763,236,19.9,19.0,18.5,18.9,608.0,19.3,64.0
55663,236,19.9,19.0,18.5,18.7,534.0,19.3,63.0
56563,236,19.9,19.0,18.5,18.9,549.0,17.7,62.0
57463,236,19.9,19.0,18.5,19.3,571.0,16.1,62.0
58363,236,19.9,19.0,18.5,18.7,409.0,16.1,62.0
59263,236,19.9,19.0,18.5,19.0,343.0,16.1,65.0
60163,236,19.9,19.0,18.5,18.8,229.0,14.5,67.0
61063,236,19.89692307692308,19.0,18.5,18.1,204.0,12.9,67.0
61963,236,19.8015625,19.0,18.5,17.7,151.0,14.5,70.0
62863,236,19.8,19.0,18.47910447761194,17.5,128.0,11.3,71.0
63763,236,19.756521739130434,19.0,18.371641791044777,17.4,129.0,11.3,71.0
64663,236,19.7,19.0,18.3,17.3,144.0,9.7,73.0
65563,236,19.7,19.0,18.3,17.2,91.0,9.7,73.0
66463,236,19.67833333333333,19.0,18.3,17.0,95.0,11.3,72.0
67363,236,19.6,19.0,18.3,16.6,39.0,12.9,74.0
68263,236,19.6,19.0,18.3,15.5,47.0,19.3,84.0
69163,236,19.6,19.0,18.3,14.8,40.0,16.1,87.0
70063,236,19.58852459016393,19.0,18.3,14.7,58.0,12.9,85.0
70963,236,19.523880597014927,19.0,18.3,14.9,39.0,16.1,84.0
71863,236,19.5,19.0,18.303389830508472,14.9,14.0,17.7,84.0
72763,236,19.5,19.0,18.303030303030305,14.7,7.0,19.3,85.0
73663,236,19.581159420289858,19.0,18.3,14.6,0.0,20.9,86.0
74563,236,19.6,19.0,18.466666666666665,14.4,0.0,19.3,86.0
75463,236,19.558208955223883,19.0,18.44920634920635,14.4,0.0,19.3,86.0
76363,236,19.5,19.0,18.32758620689655,14.4,0.0,19.3,87.0
77263,236,20.012307692307694,19.28358208955224,18.682089552238807,14.2,0.0,19.3,87.0
78163,236,20.85076923076923,19.5,18.855882352941176,14.1,0.0,19.3,88.0
79063,236,20.4265625,19.5,18.697142857142858,14.0,0.0,20.9,88.0
79963,236,20.159375,19.266129032258064,18.5,13.9,0.0,19.3,88.0
80863,236,19.95294117647059,19.0,18.5,13.9,0.0,17.7,89.0
81763,236,19.85942028985508,19.0,18.5,13.9,0.0,19.3,88.0
82663,236,19.8,19.0,18.5,13.9,0.0,17.7,89.0
83563,236,19.70909090909091,19.0,18.5,13.9,0.0,16.1,88.0
84463,236,19.7,19.0,18.5,13.9,0.0,17.7,88.0
85363,236,19.63676470588236,19.0,18.5,14.2,0.0,20.9,87.0
86263,236,19.6,19.0,18.5,14.3,0.0,20.9,87.0
763,237,19.6,19.0,18.5,14.4,0.0,17.7,86.0
1663,237,19.6,19.0,18.5,14.4,0.0,16.1,86.0
2563,237,19.52238805970149,19.0,18.5,14.5,0.0,14.5,86.0
3463,237,19.5,19.0,18.5,14.6,0.0,19.3,86.0
4363,237,19.5,19.0,18.5,14.6,0.0,19.3,87.0
5263,237,19.5,19.0,18.5,14.7,0.0,17.7,87.0
6163,237,19.5,19.0,18.491549295774647,14.6,0.0,20.9,87.0
7063,237,19.5,19.0,18.41212121212121,14.4,0.0,16.1,89.0
7963,237,19.5,19.0,18.34057971014493,14.3,0.0,14.5,89.0
8863,237,19.5,19.0,18.30307692307692,14.3,0.0,12.9,90.0
9763,237,19.5,19.0,18.3,14.3,0.0,12.9,90.0
10663,237,19.5,19.0,18.3,14.5,0.0,17.7,89.0
11563,237,19.5,19.0,18.3,14.4,0.0,12.9,89.0
12463,237,19.45846153846154,19.0,18.3,14.3,0.0,14.5,90.0
13363,237,19.4,19.0,18.3,14.4,0.0,17.7,90.0
14263,237,19.4,19.0,18.3,14.3,0.0,14.5,90.0
15163,237,19.452857142857145,19.0,18.3,14.2,0.0,12.9,90.0
16063,237,19.44328358208956,19.0,18.3,14.4,0.0,14.5,90.0
16963,237,19.4,19.0,18.3,14.3,0.0,14.5,91.0
17863,237,19.4,19.0,18.3,14.2,0.0,12.9,91.0
18763,237,19.4,19.0,18.3,14.2,0.0,12.9,92.0
19663,237,19.4,19.0,18.3,14.1,0.0,12.9,92.0
20563,237,19.4,19.0,18.3,14.2,0.0,14.5,92.0
21463,237,19.4,19.0,18.3,14.1,0.0,12.9,93.0
22363,237,19.4,19.0,18.3,14.0,0.0,12.9,94.0
23263,237,20.4,19.201492537313435,18.61044776119403,13.4,11.0,16.1,93.0
24163,237,20.34179104477612,19.5,18.897058823529413,13.1,18.0,17.7,92.0
25063,237,20.22058823529412,19.13846153846153,18.50923076923077,13.3,25.0,19.3,91.0
25963,237,20.1,19.0,18.5,13.5,62.0,16.1,91.0
26863,237,20.1,19.0,18.5,14.0,63.0,14.5,89.0
27763,237,20.03382352941177,19.0,18.36769230769231,14.3,81.0,16.1,87.0
28663,237,19.94179104477612,19.0,18.3,14.4,95.0,14.5,88.0
29563,237,19.86716417910448,19.0,18.3,14.5,123.0,14.5,86.0
30463,237,19.8,19.0,18.3,14.9,178.0,14.5,86.0
31363,237,19.726984126984128,19.0,18.3,15.4,116.0,11.3,85.0
32263,237,19.7,19.0,18.3,15.2,113.0,11.3,86.0
33163,237,19.639705882352946,19.0,18.3,15.2,107.0,8.0,86.0
34063,237,19.6,19.0,18.3,15.3,132.0,8.0,86.0
34963,237,19.6,19.0,18.3,15.5,146.0,8.0,86.0
35863,237,19.6,19.0,18.3,15.8,155.0,6.4,85.0
36763,237,19.6,19.0,18.3,15.9,207.0,8.0,85.0
37663,237,19.6,19.0,18.3,16.3,244.0,9.7,85.0
38563,237,19.6,19.0,18.3,16.4,251.0,12.9,84.0
39463,237,19.6,19.0,18.3,16.2,176.0,12.9,84.0
40363,237,19.6,19.0,18.3,15.9,146.0,12.9,88.0
41263,237,19.6,19.0,18.3,15.7,118.0,11.3,87.0
42163,237,19.6,19.0,18.3,15.6,134.0,12.9,87.0
43063,237,19.6,19.0,18.3,16.1,292.0,11.3,89.0
43963,237,19.5140625,19.0,18.3,16.3,334.0,9.7,87.0
44863,237,19.5,19.0,18.3,16.3,178.0,11.3,85.0
45763,237,19.5,19.0,18.3,16.2,127.0,12.9,87.0
46663,237,19.5,19.0,18.3,16.1,141.0,14.5,85.0
47563,237,19.5,19.0,18.3,15.7,146.0,17.7,87.0
48463,237,19.5,19.0,18.3,15.4,104.0,16.1,90.0
49363,237,19.5,19.0,18.3,15.1,79.0,17.7,89.0
50263,237,19.5,19.0,18.3,14.9,139.0,16.1,92.0
51163,237,19.5,19.0,18.3,14.9,135.0,14.5,93.0
52063,237,19.5,19.0,18.3,15.1,148.0,12.9,93.0
52963,237,19.5,19.0,18.3,15.5,257.0,14.5,92.0
53863,237,19.5,19.0,18.3,15.7,225.0,14.5,90.0
54763,237,19.5,19.0,18.3,15.9,232.0,14.5,87.0
55663,237,19.5,19.0,18.3,16.3,323.0,17.7,87.0
56563,237,19.5,19.0,18.3,15.9,209.0,17.7,87.0
57463,237,19.5,19.0,18.3,15.5,241.0,19.3,87.0
58363,237,19.5,19.0,18.3,15.7,134.0,19.3,86.0
59263,237,19.5,19.0,18.3,15.5,118.0,17.7,86.0
60163,237,19.44705882352941,19.0,18.3,15.2,98.0,20.9,84.0
61063,237,19.4,19.0,18.3,14.9,70.0,20.9,84.0
61963,237,19.4,19.0,18.3,14.7,91.0,24.1,84.0
62863,237,19.4,19.0,18.3,14.8,72.0,19.3,84.0
63763,237,19.36857142857143,19.0,18.18805970149253,14.8,84.0,20.9,84.0
64663,237,19.3,19.0,18.11304347826087,14.9,174.0,19.3,85.0
65563,237,19.3,19.0,18.141176470588235,15.3,104.0,16.1,84.0
66463,237,19.3,19.0,18.27230769230769,15.3,91.0,17.7,82.0
67363,237,19.3,19.0,18.295454545454547,15.3,111.0,20.9,82.0
68263,237,19.3,19.0,18.3,15.1,33.0,19.3,83.0
69163,237,19.3,19.0,18.1265625,14.9,23.0,19.3,84.0
70063,237,19.243939393939392,19.0,18.0,14.7,37.0,17.7,84.0
70963,237,19.2421875,19.0,18.075,14.6,22.0,19.3,85.0
71863,237,19.31230769230769,19.0,18.3,14.4,5.0,14.5,86.0
72763,237,19.4,19.0,18.3,14.4,7.0,16.1,86.0
73663,237,19.4,19.0,18.3,14.3,0.0,14.5,87.0
74563,237,19.4,19.0,18.3,14.2,0.0,11.3,87.0
75463,237,19.38507462686567,19.0,18.3,13.9,0.0,11.3,89.0
76363,237,19.3,19.0,18.3,13.9,0.0,12.9,89.0
77263,237,19.3,19.0,18.295384615384613,13.9,0.0,14.5,88.0
78163,237,19.3,19.0,18.295652173913044,13.9,0.0,16.1,88.0
79063,237,19.3,18.87121212121212,18.195454545454545,13.2,0.0,14.5,93.0
79963,237,19.3,18.91269841269841,18.0,13.0,0.0,11.3,93.0
80863,237,19.3,19.0,18.2484375,12.9,0.0,14.5,94.0
81763,237,19.3,19.0,18.3,12.9,0.0,16.1,94.0
82663,237,19.3,19.0,18.3,12.9,0.0,17.7,93.0
83563,237,19.3,19.0,18.3,12.9,0.0,14.5,93.0
84463,237,19.3,19.0,18.3,13.1,0.0,17.7,93.0
85363,237,19.3,19.0,18.3,13.1,0.0,19.3,93.0
86263,237,19.3,19.0,18.295714285714286,12.9,0.0,16.1,94.0
763,238,19.3,19.0,18.28,12.9,0.0,17.7,94.0
1663,238,19.297014925373134,19.0,18.2,12.9,0.0,17.7,94.0
2563,238,19.22537313432836,19.0,18.065217391304348,12.9,0.0,22.5,94.0
3463,238,19.2,19.0,18.03970588235294,12.9,0.0,11.3,94.0
4363,238,19.2,18.99264705882353,18.008823529411764,12.8,0.0,9.7,94.0
5263,238,19.2,18.977941176470587,18.004411764705882,12.3,0.0,14.5,92.0
6163,238,19.2,18.913043478260867,18.0,12.2,0.0,9.7,91.0
7063,238,19.2,18.89855072463768,18.0,12.7,0.0,14.5,93.0
7963,238,19.2,18.765625,18.0,12.9,0.0,12.9,94.0
8863,238,19.2,18.573529411764707,18.0,13.0,0.0,12.9,94.0
9763,238,19.183333333333334,18.514285714285712,18.0,13.0,0.0,11.3,94.0
10663,238,19.1,18.51515151515152,18.0,12.9,0.0,9.7,93.0
11563,238,19.1,18.5,18.0,12.9,0.0,9.7,93.0
12463,238,19.1,18.5,18.0,12.9,0.0,14.5,92.0
13363,238,19.1,18.5,18.0,12.9,0.0,14.5,92.0
14263,238,19.1,18.5,18.0,12.7,0.0,12.9,91.0
15163,238,19.086153846153845,18.5,18.0,12.7,0.0,14.5,91.0
16063,238,19.00597014925373,18.5,18.0,12.6,0.0,14.5,92.0
16963,238,19.0,18.5,18.0,12.7,0.0,17.7,91.0
17863,238,19.0,18.5,18.0,12.7,0.0,16.1,92.0
18763,238,19.0,18.5,18.0,12.7,0.0,17.7,92.0
19663,238,19.0,18.5,18.0,12.7,0.0,12.9,93.0
20563,238,19.0,18.5,18.0,12.6,0.0,12.9,95.0
21463,238,19.00151515151515,18.5,17.98235294117647,12.4,0.0,11.3,95.0
22363,238,19.090625,18.5,18.0,12.3,0.0,11.3,95.0
23263,238,19.1,18.5,18.0,12.3,7.0,12.9,95.0
24163,238,20.290625,18.803030303030305,18.21060606060606,12.3,8.0,11.3,95.0
25063,238,19.93939393939394,19.0,18.48787878787879,12.4,30.0,11.3,95.0
25963,238,19.63230769230769,18.56153846153846,17.89846153846154,12.6,46.0,12.9,95.0
26863,238,19.6,18.6328125,17.959375,12.7,33.0,12.9,95.0
27763,238,19.563235294117646,18.611940298507463,18.0,12.7,38.0,12.9,95.0
28663,238,19.5,18.5,18.0,12.7,70.0,11.3,94.0
29563,238,19.48,18.5,18.0,12.9,83.0,9.7,94.0
30463,238,19.4,18.5,18.0,13.2,97.0,11.3,94.0
31363,238,19.4,18.5,18.0,13.4,111.0,12.9,93.0
32263,238,19.39384615384615,18.5,18.0,13.4,137.0,12.9,93.0
33163,238,19.3,18.5,18.0,13.7,181.0,12.9,92.0
34063,238,19.3,18.5,18.0,13.7,105.0,9.7,91.0
34963,238,19.3,18.5,18.0,14.1,160.0,8.0,91.0
35863,238,19.24923076923077,18.5,18.0,14.2,227.0,14.5,89.0
36763,238,19.294117647058822,18.5,18.0,14.2,137.0,12.9,89.0
37663,238,19.3,18.5,18.0,13.8,121.0,8.0,92.0
38563,238,19.3,18.5,18.0,13.9,243.0,9.7,93.0
39463,238,19.2453125,18.5,18.0,14.6,689.0,14.5,92.0
40363,238,19.22542372881356,18.5,18.0,15.2,406.0,12.9,90.0
41263,238,19.24029850746269,18.5,18.0,16.2,380.0,14.5,85.0
42163,238,19.2,18.5,18.0,15.7,297.0,12.9,87.0
43063,238,19.2,18.5,18.0,14.9,193.0,11.3,91.0
43963,238,19.2,18.5,18.0,16.7,689.0,11.3,84.0
44863,238,19.2,18.5,18.0,15.2,160.0,16.1,90.0
45763,238,19.2,18.5,18.0,14.5,206.0,11.3,93.0
46663,238,19.2,18.5,18.0,15.7,661.0,14.5,89.0
47563,238,19.2,18.5,18.0,14.8,202.0,14.5,89.0
48463,238,19.277611940298502,18.5,18.0,15.1,248.0,12.9,91.0
49363,238,19.29714285714285,18.5,18.0,16.7,777.0,14.5,87.0
50263,238,19.203030303030303,18.5,18.0,16.7,211.0,14.5,81.0
51163,238,19.2,18.5,18.0,17.7,816.0,14.5,81.0
52063,238,19.2,18.5,18.0,18.3,842.0,14.5,77.0
52963,238,19.228125,18.5,18.0,18.7,807.0,16.1,72.0
53863,238,19.3,18.5,18.0,16.7,190.0,14.5,79.0
54763,238,19.3,18.5,18.0,16.7,313.0,17.7,77.0
55663,238,19.3,18.5,18.0,17.7,436.0,14.5,76.0
56563,238,19.3,18.5,18.0,18.7,802.0,16.1,73.0
57463,238,19.3,18.5,18.0,17.6,295.0,12.9,78.0
58363,238,19.32794117647059,18.72388059701493,18.071641791044776,17.3,327.0,14.5,78.0
59263,238,19.3,18.559701492537314,18.0,18.1,534.0,16.1,75.0
60163,238,19.361290322580647,18.5,18.0,18.1,619.0,14.5,75.0
61063,238,19.4,18.5,18.0,18.4,548.0,16.1,73.0
61963,238,19.3,18.5,18.0,17.7,192.0,16.1,76.0
62863,238,19.3,18.5,18.0,17.3,121.0,14.5,77.0
63763,238,19.3,18.5,18.0,17.2,115.0,12.9,75.0
64663,238,19.3,18.5,18.0,17.6,141.0,16.1,73.0
65563,238,19.3,18.5,18.0,17.6,81.0,12.9,74.0
66463,238,19.3,18.5,18.0,17.4,63.0,12.9,77.0
67363,238,19.371428571428574,18.5,18.0,17.3,51.0,12.9,76.0
68263,238,19.4,18.5,18.0,17.1,62.0,12.9,76.0
69163,238,19.4,18.5,18.0,16.9,81.0,14.5,76.0
70063,238,19.324615384615385,18.5,18.0,16.6,44.0,12.9,79.0
70963,238,19.3,18.5,18.0,15.9,24.0,12.9,81.0
71863,238,19.3,18.5,18.0,14.9,9.0,14.5,84.0
72763,238,19.22089552238806,18.5,17.996923076923075,14.5,0.0,12.9,86.0
73663,238,19.2,18.5,18.0,14.1,0.0,12.9,87.0
74563,238,19.2,18.5,18.0,13.8,0.0,14.5,87.0
75463,238,19.2,18.5,18.0,13.6,0.0,16.1,88.0
76363,238,19.2,18.5,18.0,13.4,0.0,12.9,88.0
77263,238,19.2,18.5,18.0,13.4,0.0,14.5,88.0
78163,238,19.2,18.5,18.0,13.2,0.0,16.1,89.0
79063,238,19.2,18.5,18.0,13.0,0.0,16.1,90.0
79963,238,19.2,18.5,18.0,12.9,0.0,16.1,90.0
80863,238,19.17878787878788,18.5,18.0,12.9,0.0,17.7,90.0
81763,238,19.13623188405797,18.5,18.0,13.0,0.0,19.3,89.0
82663,238,19.1,18.5,18.0,13.0,0.0,16.1,88.0
83563,238,19.1,18.5,18.0,13.1,0.0,19.3,88.0
84463,238,19.1,18.5,18.0,13.0,0.0,16.1,88.0
85363,238,19.1,18.5,18.0,13.1,0.0,17.7,87.0
86263,238,19.1,18.5,17.996875,12.8,0.0,14.5,88.0
763,239,19.1,18.5,18.0,12.6,0.0,16.1,89.0
1663,239,19.1,18.5,18.0,12.5,0.0,16.1,90.0
2563,239,19.1,18.5,18.0,12.4,0.0,14.5,89.0
3463,239,19.1,18.5,17.996969696969696,12.3,0.0,14.5,90.0
4363,239,19.1,18.5,18.0,12.3,0.0,12.9,90.0
5263,239,19.1,18.5,17.993939393939392,12.3,0.0,14.5,90.0
6163,239,19.1,18.5,17.98787878787879,12.2,0.0,14.5,90.0
7063,239,19.1,18.5,17.954545454545453,12.1,0.0,14.5,90.0
7963,239,19.075362318840583,18.5,17.95625,12.1,0.0,14.5,91.0
8863,239,19.0,18.5,17.831746031746032,11.8,0.0,17.7,92.0
9763,239,19.0,18.5,17.812121212121212,11.7,0.0,17.7,92.0
10663,239,19.0,18.5,17.808823529411764,11.8,0.0,14.5,92.0
11563,239,19.0,18.5,17.805797101449276,11.9,0.0,14.5,91.0
12463,239,19.0,18.5,17.8,12.0,0.0,12.9,90.0
13363,239,18.998507462686568,18.5,17.8,12.0,0.0,12.9,90.0
14263,239,18.917910447761194,18.5,17.8,11.9,0.0,14.5,90.0
15163,239,18.9,18.5,17.8,11.9,0.0,14.5,90.0
16063,239,18.9,18.5,17.8,11.9,0.0,11.3,90.0
16963,239,18.9,18.5,17.8,11.9,0.0,8.0,90.0
17863,239,18.9,18.5,17.8,11.9,0.0,8.0,90.0
18763,239,18.9,18.5,17.8,12.1,0.0,11.3,89.0
19663,239,18.9,18.5,17.8,12.2,0.0,12.9,87.0
20563,239,18.9,18.5,17.8,12.6,0.0,9.7,86.0
21463,239,18.9,18.5,17.8,12.6,0.0,8.0,87.0
22363,239,18.963235294117645,18.5,17.845901639344262,12.5,0.0,9.7,87.0
23263,239,18.93939393939394,18.5,17.80983606557377,12.7,19.0,12.9,88.0
24163,239,18.946031746031743,18.5,17.924242424242426,12.8,34.0,14.5,86.0
25063,239,19.08059701492537,18.607692307692307,18.04615384615385,13.1,39.0,11.3,85.0
25963,239,19.3046875,18.565217391304348,18.01014492753623,13.3,37.0,12.9,84.0
26863,239,19.246969696969696,18.5,17.8,13.3,67.0,11.3,85.0
27763,239,19.2,18.5,17.8,13.6,93.0,8.0,86.0
28663,239,19.2,18.5,17.8,13.8,100.0,12.9,85.0
29563,239,19.189230769230768,18.5,17.8,14.0,90.0,9.7,84.0
30463,239,19.103076923076923,18.5,17.8,13.9,53.0,9.7,85.0
31363,239,19.1,18.5,17.8,13.9,58.0,11.3,85.0
32263,239,19.1,18.5,17.8,14.7,311.0,11.3,84.0
33163,239,19.163636363636364,18.5,17.8,14.9,367.0,9.7,84.0
34063,239,19.2,18.5,17.8,15.3,413.0,14.5,83.0
34963,239,19.2,18.5,17.8,15.5,213.0,12.9,83.0
35863,239,19.2,18.5,17.8,16.1,369.0,9.7,81.0
36763,239,19.19855072463768,18.5,17.8,16.3,376.0,12.9,80.0
37663,239,19.1953125,18.5,17.8,16.3,248.0,12.9,78.0
38563,239,19.2,18.5,17.8,16.3,225.0,9.7,79.0
39463,239,19.2,18.5,17.8,16.7,359.0,14.5,76.0
40363,239,19.2,18.5,17.8,17.3,510.0,14.5,73.0
41263,239,19.2,18.5,17.79516129032258,18.2,406.0,16.1,73.0
42163,239,19.2,18.5,17.672727272727272,17.7,274.0,12.9,74.0
43063,239,19.11515151515152,18.5,17.5421875,19.6,705.0,14.5,72.0
43963,239,19.1,18.5,17.5,18.3,350.0,14.5,73.0
44863,239,19.107017543859648,18.5,17.509677419354837,17.6,195.0,17.7,76.0
45763,239,19.196721311475407,18.5,17.692537313432837,17.7,306.0,17.7,77.0
46663,239,19.2,18.5,17.72941176470588,17.9,369.0,16.1,77.0
47563,239,19.27777777777778,18.5,17.766666666666666,18.1,357.0,16.1,76.0
48463,239,19.34852941176471,18.5,17.790625,17.9,246.0,17.7,79.0
49363,239,19.46417910447761,18.5,17.8,18.2,220.0,12.9,78.0
50263,239,19.5,18.5,17.8,18.7,858.0,14.5,78.0
51163,239,19.5,18.5,17.8,19.4,700.0,16.1,77.0
52063,239,19.5,18.5,17.8,18.8,346.0,19.3,76.0
52963,239,19.5,18.5,17.8,18.7,227.0,17.7,77.0
53863,239,19.498461538461537,18.5,17.8,18.8,255.0,16.1,75.0
54763,239,19.5,18.5,17.8,18.5,316.0,14.5,78.0
55663,239,19.5,18.5,17.82089552238806,19.1,339.0,16.1,74.0
56563,239,19.5,18.5,18.0,19.0,229.0,16.1,75.0
57463,239,19.5,18.5,18.0,19.0,185.0,17.7,75.0
58363,239,19.5,18.5,18.0,18.7,218.0,19.3,77.0
59263,239,19.5,18.5,18.0,18.5,343.0,16.1,80.0
60163,239,19.5,18.5,18.0,18.4,184.0,16.1,79.0
61063,239,19.5,18.5,18.0,18.4,153.0,14.5,79.0
61963,239,19.5,18.5,18.0,18.4,264.0,17.7,78.0
62863,239,19.5,18.5,18.0,18.1,171.0,19.3,79.0
63763,239,19.5,18.5,18.0,18.1,132.0,12.9,80.0
64663,239,19.48307692307692,18.5,18.0,17.6,134.0,14.5,81.0
65563,239,19.4,18.5,18.0,17.5,90.0,12.9,81.0
66463,239,19.38088235294118,18.5,18.0,17.4,102.0,11.3,81.0
67363,239,19.3,18.5,18.0,17.4,94.0,9.7,82.0
68263,239,19.3,18.5,18.0,17.2,79.0,11.3,83.0
69163,239,19.3,18.5,18.0,17.2,39.0,11.3,84.0
70063,239,19.3,18.5,18.0,17.1,21.0,11.3,86.0
70963,239,19.2072463768116,18.5,18.0,17.0,14.0,11.3,86.0
71863,239,19.16769230769231,18.5,18.0,17.1,0.0,14.5,85.0
72763,239,19.096774193548388,18.5,18.0,17.1,5.0,17.7,85.0
73663,239,19.1,18.5,18.0,16.9,0.0,16.1,85.0
74563,239,19.1,18.5,18.0,16.7,0.0,11.3,86.0
75463,239,19.173529411764708,18.5,18.0,16.6,0.0,12.9,87.0
76363,239,19.2,18.5,18.0,16.5,0.0,14.5,87.0
77263,239,19.2,18.5,18.0,16.5,0.0,14.5,87.0
78163,239,19.2,18.5,18.0,16.4,0.0,16.1,88.0
79063,239,19.2,18.5,18.0,16.5,0.0,16.1,88.0
79963,239,19.2,18.5,18.0,16.6,0.0,19.3,87.0
80863,239,19.284375,18.594827586206897,18.036206896551725,16.7,0.0,20.9,87.0
81763,239,20.63571428571429,19.0,18.39253731343284,16.8,0.0,17.7,86.0
82663,239,20.26212121212121,19.0,18.3,17.0,0.0,19.3,86.0
83563,239,19.98985507246377,19.0,18.3,17.0,0.0,19.3,86.0
84463,239,19.813432835820898,19.0,18.27,17.0,0.0,22.5,87.0
85363,239,19.66086956521739,19.0,18.03230769230769,17.0,0.0,16.1,87.0
86263,239,19.53125,18.976190476190474,18.0,17.1,0.0,19.3,87.0
763,240,19.48125,18.86029411764705,18.0,17.1,0.0,19.3,87.0
1663,240,19.4,18.728571428571428,18.0,17.0,0.0,19.3,87.0
2563,240,19.4,18.95,18.222857142857144,17.0,0.0,20.9,87.0
3463,240,19.4,19.0,18.3,17.0,0.0,20.9,87.0
4363,240,19.4,19.0,18.3,17.1,0.0,20.9,87.0
5263,240,19.4,19.0,18.3,17.1,0.0,19.3,87.0
6163,240,19.4,19.0,18.3,17.1,0.0,20.9,87.0
7063,240,19.4,19.0,18.295454545454547,17.0,0.0,19.3,87.0
7963,240,19.4,19.0,18.3,16.9,0.0,19.3,88.0
8863,240,19.4,18.99230769230769,18.3,16.8,0.0,19.3,88.0
9763,240,19.4,18.98550724637681,18.291304347826088,16.7,0.0,17.7,89.0
10663,240,19.4,18.98550724637681,18.27391304347826,16.7,0.0,24.1,88.0
11563,240,19.4,18.99230769230769,18.27692307692308,16.8,0.0,27.4,88.0
12463,240,19.4,18.96212121212121,18.24090909090909,16.7,0.0,27.4,88.0
13363,240,19.4,18.97101449275362,18.2,16.3,0.0,24.1,89.0
14263,240,19.4,18.9765625,18.2296875,16.2,0.0,20.9,90.0
15163,240,19.4,18.98529411764705,18.24264705882353,16.3,0.0,22.5,90.0
16063,240,19.4,18.99253731343284,18.25074626865672,16.5,0.0,22.5,89.0
16963,240,19.4,18.984848484848484,18.277272727272727,16.3,0.0,17.7,89.0
17863,240,19.4,18.99253731343284,18.277611940298502,16.2,0.0,14.5,90.0
18763,240,19.4,18.99230769230769,18.286153846153844,16.4,0.0,19.3,89.0
19663,240,19.4,19.0,18.3,16.5,0.0,16.1,90.0
20563,240,19.4,19.0,18.3,16.5,0.0,19.3,90.0
21463,240,19.4,19.0,18.3,16.4,0.0,19.3,89.0
22363,240,19.4,19.0,18.3,16.4,5.0,17.7,89.0
23263,240,20.92666666666667,19.0,18.5421875,16.4,12.0,17.7,89.0
24163,240,20.7044776119403,19.411764705882355,18.814705882352943,16.4,16.0,16.1,89.0
25063,240,20.092537313432835,19.478571428571428,18.8,16.4,21.0,16.1,88.0
25963,240,19.9,19.0,18.5089552238806,16.4,18.0,20.9,87.0
26863,240,19.9,19.0,18.5,16.6,42.0,24.1,87.0
27763,240,19.83235294117647,19.0,18.5,16.7,58.0,22.5,87.0
28663,240,19.798571428571428,19.0,18.413846153846155,16.8,76.0,29.0,86.0
29563,240,19.7,19.0,18.309375,16.9,104.0,27.4,85.0
30463,240,19.7,19.0,18.3,16.9,162.0,27.4,85.0
31363,240,19.7,19.0,18.3,17.3,200.0,25.7,84.0
32263,240,19.7,19.0,18.40175438596492,17.6,148.0,27.4,83.0
33163,240,19.67313432835821,19.0,18.46417910447761,17.2,98.0,20.9,85.0
34063,240,19.543478260869566,19.0,18.306666666666665,17.2,230.0,22.5,85.0
34963,240,19.5,19.0,18.3,17.8,251.0,27.4,82.0
35863,240,19.5,19.0,18.3,18.4,452.0,24.1,82.0
36763,240,19.54848484848485,19.0,18.31492537313433,18.4,239.0,24.1,82.0
37663,240,19.7,19.0,18.5,17.6,290.0,24.1,85.0
38563,240,19.7,19.0,18.455882352941178,18.2,308.0,24.1,83.0
39463,240,19.7,19.0,18.3179104477612,17.7,188.0,22.5,85.0
40363,240,19.7,19.0,18.3,17.9,236.0,24.1,84.0
41263,240,19.65,19.0,18.3,17.8,158.0,20.9,85.0
42163,240,19.6,19.0,18.3,17.8,174.0,20.9,84.0
43063,240,19.64,19.0,18.3,18.0,185.0,17.7,84.0
43963,240,19.7,19.0,18.324242424242424,18.1,225.0,22.5,84.0
44863,240,19.7,19.0,18.497014925373133,17.9,134.0,19.3,83.0
45763,240,19.6984375,19.0,18.466666666666665,18.2,278.0,22.5,83.0
46663,240,19.7,19.0,18.45820895522388,19.4,643.0,17.7,82.0
47563,240,19.749253731343284,19.0,18.5,18.2,306.0,20.9,85.0
48463,240,19.8,19.0,18.435384615384613,18.3,299.0,20.9,85.0
49363,240,19.8,19.0,18.3,18.0,332.0,24.1,85.0
50263,240,19.8,19.0,18.3,18.2,478.0,20.9,86.0
51163,240,19.77741935483871,19.0,18.3,18.7,496.0,22.5,83.0
52063,240,19.7,19.0,18.34,18.9,322.0,25.7,81.0
52963,240,19.7,19.0,18.47352941176471,18.6,282.0,22.5,83.0
53863,240,19.7,19.0,18.496923076923075,18.4,306.0,20.9,83.0
54763,240,19.7,19.0,18.496969696969696,18.5,534.0,24.1,84.0
55663,240,19.72173913043478,19.0,18.5,19.6,875.0,29.0,80.0
56563,240,19.94264705882353,19.014492753623188,18.5,19.6,533.0,24.1,82.0
57463,240,19.903125,19.0,18.5,18.8,350.0,25.7,82.0
58363,240,19.9,19.0,18.5,18.8,367.0,24.1,82.0
59263,240,19.874193548387098,19.0,18.5,18.5,271.0,24.1,83.0
60163,240,19.8,19.0,18.5,18.4,348.0,20.9,85.0
61063,240,19.8,19.0,18.5,18.0,162.0,20.9,85.0
61963,240,19.8,19.0,18.5,17.7,105.0,20.9,87.0
62863,240,19.8,19.0,18.5,17.4,165.0,19.3,90.0
63763,240,19.8,19.0,18.5,17.2,146.0,16.1,90.0
64663,240,19.8,19.0,18.5,17.1,111.0,14.5,93.0
65563,240,19.7578125,19.0,18.5,15.7,100.0,19.3,93.0
66463,240,19.7,19.0,18.5,15.3,51.0,17.7,94.0
67363,240,19.7,19.0,18.5,15.2,40.0,17.7,95.0
68263,240,19.7,19.0,18.5,14.8,39.0,19.3,94.0
69163,240,19.7,19.0,18.5,14.7,19.0,19.3,92.0
70063,240,19.7,19.0,18.449253731343283,14.2,21.0,22.5,92.0
70963,240,19.7,19.0,18.15217391304348,14.1,16.0,19.3,92.0
71863,240,19.623214285714287,19.0,18.3,14.0,12.0,19.3,92.0
72763,240,19.6,19.0,18.3,13.9,7.0,19.3,91.0
73663,240,19.6,19.0,18.3,13.6,0.0,16.1,91.0
74563,240,19.6,19.0,18.403030303030302,13.4,0.0,14.5,92.0
75463,240,19.6,19.0,18.5,13.2,0.0,12.9,91.0
76363,240,19.6,19.0,18.38135593220339,13.2,0.0,14.5,90.0
77263,240,19.6,19.0,18.356716417910448,12.9,0.0,16.1,90.0
78163,240,19.59090909090909,19.0,18.34705882352941,12.6,0.0,12.9,90.0
79063,240,19.50294117647059,19.0,18.303030303030305,12.4,0.0,12.9,88.0
79963,240,19.50142857142857,19.0,18.373529411764707,12.3,0.0,12.9,88.0
80863,240,19.55072463768116,19.0,18.5,11.9,0.0,11.3,88.0
81763,240,19.5,19.0,18.428125,12.3,0.0,16.1,87.0
82663,240,19.5,19.0,18.320289855072463,12.4,0.0,12.9,86.0
83563,240,19.5,19.0,18.3,12.3,0.0,14.5,86.0
84463,240,19.5,19.0,18.3,12.1,0.0,12.9,87.0
85363,240,19.506944444444446,19.0,18.32686567164179,11.9,0.0,12.9,88.0
86263,240,19.6,19.0,18.5,11.8,0.0,9.7,90.0
763,241,19.6,19.0,18.5,11.8,0.0,12.9,90.0
1663,241,19.6,19.0,18.5,11.7,0.0,12.9,90.0
2563,241,19.6,19.0,18.5,11.4,0.0,11.3,91.0
3463,241,19.6,19.0,18.5,11.2,0.0,12.9,91.0
4363,241,19.6,19.0,18.5,11.1,0.0,12.9,91.0
5263,241,19.5984375,19.0,18.5,11.0,0.0,12.9,91.0
6163,241,19.527272727272727,19.0,18.5,10.8,0.0,12.9,91.0
7063,241,19.5,19.0,18.485714285714288,10.7,0.0,12.9,91.0
7963,241,19.5,19.0,18.450769230769232,10.7,0.0,12.9,91.0
8863,241,19.5,19.0,18.35,10.6,0.0,11.3,91.0
9763,241,19.5,19.0,18.3,10.5,0.0,12.9,91.0
10663,241,19.4536231884058,19.0,18.3,10.3,0.0,11.3,89.0
11563,241,19.4,19.0,18.3,10.4,0.0,11.3,89.0
12463,241,19.4,19.0,18.3,10.4,0.0,9.7,89.0
13363,241,19.4,19.0,18.3,10.3,0.0,9.7,88.0
14263,241,19.4,19.0,18.3,10.2,0.0,9.7,88.0
15163,241,19.4,19.0,18.3,10.2,0.0,11.3,87.0
16063,241,19.34626865671642,19.0,18.3,10.2,0.0,11.3,87.0
16963,241,19.3,19.0,18.3,10.1,0.0,12.9,87.0
17863,241,19.3,19.0,18.3,10.0,0.0,12.9,88.0
18763,241,19.3,19.0,18.3,10.0,0.0,11.3,87.0
19663,241,19.3,19.0,18.3,10.1,0.0,12.9,88.0
20563,241,19.3,19.0,18.3,10.1,0.0,13.7,88.0
21463,241,19.27462686567164,19.0,18.3,10.4,0.0,16.1,87.0
22363,241,19.3,19.0,18.3,10.6,0.0,14.5,86.0
23263,241,20.36290322580645,19.1,18.506153846153847,10.5,9.0,11.3,86.0
24163,241,20.694117647058825,19.5,18.845714285714287,10.7,14.0,14.5,85.0
25063,241,20.30869565217392,19.098591549295776,18.42535211267606,10.7,25.0,9.7,85.0
25963,241,20.067692307692308,19.0,18.3,10.7,32.0,9.7,86.0
26863,241,19.8453125,19.0,18.3,10.6,33.0,9.7,87.0
27763,241,19.65909090909091,19.0,18.3,10.7,62.0,12.9,86.0
28663,241,19.549253731343285,19.0,18.3,11.2,58.0,16.1,86.0
29563,241,19.46029411764706,19.0,18.3,11.2,98.0,16.1,86.0
30463,241,19.4,19.0,18.3,11.6,90.0,17.7,84.0
31363,241,19.35507246376812,19.0,18.3,11.6,91.0,17.7,85.0
32263,241,19.3,19.0,18.3,11.7,81.0,16.1,85.0
33163,241,19.3,18.970149253731343,18.3,11.6,91.0,16.1,86.0
34063,241,19.3,18.91044776119403,18.291044776119403,11.7,100.0,19.3,86.0
34963,241,19.3,18.73846153846154,18.161538461538463,11.8,90.0,17.7,85.0
35863,241,19.3,18.637096774193548,18.048387096774192,12.0,160.0,16.1,85.0
36763,241,19.3,18.536764705882355,18.0,12.3,149.0,16.1,84.0
37663,241,19.3,18.52857142857143,18.0,12.3,179.0,19.3,84.0
38563,241,19.3,18.5,18.0,12.3,162.0,17.7,84.0
39463,241,19.3,18.5,18.0,12.4,186.0,14.5,84.0
40363,241,19.3,18.5,18.0,12.5,200.0,17.7,83.0
41263,241,19.3,18.5,18.0,12.8,216.0,14.5,84.0
42163,241,19.3,18.5,18.0,12.9,230.0,14.5,82.0
43063,241,19.27058823529412,18.5,18.0,13.5,496.0,16.1,81.0
43963,241,19.20597014925373,18.5,18.0,13.5,221.0,14.5,78.0
44863,241,19.2,18.5,18.0,13.3,227.0,16.1,78.0
45763,241,19.2,18.5,18.0,13.3,211.0,16.1,81.0
46663,241,19.2,18.5,18.0,13.2,202.0,14.5,81.0
47563,241,19.2,18.5,18.0,13.2,207.0,14.5,82.0
48463,241,19.2,18.5,18.0,13.1,227.0,19.3,80.0
49363,241,19.2,18.5,18.0,13.1,239.0,19.3,78.0
50263,241,19.2,18.5,18.0,13.1,239.0,20.9,78.0
51163,241,19.2,18.5,18.0,13.1,220.0,20.9,77.0
52063,241,19.2,18.5,18.0,13.1,241.0,20.9,77.0
52963,241,19.2,18.5,18.0,13.3,294.0,20.9,79.0
53863,241,19.2,18.5,18.0,13.4,264.0,20.9,77.0
54763,241,19.2,18.5,18.0,13.5,237.0,22.5,77.0
55663,241,19.17758620689656,18.5,18.0,13.6,257.0,19.3,78.0
56563,241,19.1,18.5,18.0,13.7,264.0,19.3,78.0
57463,241,19.1,18.5,18.0,13.8,248.0,16.1,78.0
58363,241,19.1,18.5,18.0,13.7,237.0,17.7,77.0
59263,241,19.1,18.5,18.0,13.7,211.0,17.7,74.0
60163,241,19.122857142857143,18.5,18.0,13.7,169.0,11.3,76.0
61063,241,19.2,18.5,18.0,13.7,179.0,9.7,74.0
61963,241,19.2,18.5,18.0,13.6,185.0,11.3,75.0
62863,241,19.105882352941176,18.5,17.859701492537315,13.5,183.0,12.9,77.0
63763,241,19.074603174603176,18.5,17.8,13.4,185.0,17.7,76.0
64663,241,19.0,18.5,17.8,13.9,169.0,17.7,74.0
65563,241,19.0,18.5,17.8,13.2,116.0,22.5,76.0
66463,241,19.0,18.5,17.8,12.9,98.0,22.5,74.0
67363,241,19.0,18.5,17.8,12.9,125.0,20.9,71.0
68263,241,19.0,18.5,17.8,13.3,171.0,20.9,70.0
69163,241,19.0,18.5,17.8,13.4,95.0,19.3,71.0
70063,241,18.928358208955224,18.5,17.8,12.7,47.0,17.7,74.0
70963,241,18.9,18.5,17.8,12.0,25.0,19.3,77.0
71863,241,18.9,18.5,17.8,11.6,11.0,19.3,79.0
72763,241,18.9,18.5,17.8,11.4,7.0,16.1,80.0
73663,241,18.9984375,18.5,17.803076923076922,11.3,0.0,17.7,81.0
74563,241,18.964615384615385,18.5,17.8,11.2,0.0,16.1,83.0
75463,241,18.9,18.5,17.8,11.5,0.0,24.1,83.0
76363,241,18.9,18.5,17.8,11.4,0.0,24.1,82.0
77263,241,18.9,18.5,17.8,11.1,0.0,19.3,81.0
78163,241,18.9,18.5,17.8,11.1,0.0,20.9,81.0
79063,241,18.9,18.5,17.8,11.0,0.0,22.5,82.0
79963,241,18.823529411764707,18.5,17.8,10.9,0.0,22.5,82.0
80863,241,18.803125,18.5,17.8,10.8,0.0,20.9,83.0
81763,241,18.898529411764702,18.5,17.8,10.7,0.0,19.3,85.0
82663,241,18.95238095238096,18.5,17.82686567164179,10.6,0.0,19.3,83.0
83563,241,19.0,18.5,17.8,10.8,0.0,19.3,83.0
84463,241,18.932352941176468,18.5,17.8,10.7,0.0,14.5,83.0
85363,241,18.9,18.5,17.8,10.3,0.0,9.7,85.0
86263,241,18.9,18.5,17.8,9.8,0.0,9.7,87.0
763,242,18.891044776119404,18.5,17.8,9.8,0.0,12.9,87.0
1663,242,18.8,18.5,17.8,9.8,0.0,14.5,87.0
2563,242,18.8,18.5,17.8,9.7,0.0,14.5,87.0
3463,242,18.8,18.5,17.8,9.9,0.0,17.7,88.0
4363,242,18.71791044776119,18.5,17.795384615384613,10.1,0.0,17.7,88.0
5263,242,18.7,18.5,17.701428571428572,10.1,0.0,16.1,87.0
6163,242,18.7,18.48550724637681,17.52173913043478,10.1,0.0,14.5,86.0
7063,242,18.7,18.357142857142858,17.5,9.9,0.0,14.5,86.0
7963,242,18.6179104477612,18.10606060606061,17.5,9.9,0.0,14.5,86.0
8863,242,18.6,18.00793650793651,17.5,10.8,0.0,24.1,82.0
9763,242,18.6,18.0,17.5,10.9,0.0,25.7,83.0
10663,242,18.6,18.0,17.5,10.7,0.0,25.7,84.0
11563,242,18.57272727272727,18.0,17.5,10.7,0.0,24.1,85.0
12463,242,18.5,18.0,17.5,10.4,0.0,22.5,86.0
13363,242,18.5,18.0,17.5,10.4,0.0,24.1,87.0
14263,242,18.5,18.0,17.5,10.3,0.0,24.1,88.0
15163,242,18.5,18.0,17.5,10.2,0.0,22.5,88.0
16063,242,18.453731343283582,18.0,17.5,10.0,0.0,19.3,89.0
16963,242,18.4,18.0,17.453846153846154,10.1,0.0,20.9,89.0
17863,242,18.4,18.0,17.303571428571427,10.4,0.0,22.5,86.0
18763,242,18.4,18.0,17.3,10.3,0.0,20.9,87.0
19663,242,18.4,18.0,17.3,10.2,0.0,19.3,87.0
20563,242,18.4,18.0,17.3,10.2,0.0,19.3,88.0
21463,242,18.310769230769232,18.0,17.3,10.1,0.0,19.3,88.0
22363,242,18.352307692307694,18.0,17.3,10.2,0.0,19.3,88.0
23263,242,18.4,18.0,17.3,10.2,0.0,17.7,88.0
24163,242,19.525757575757574,18.0,17.482089552238808,10.6,19.0,19.3,88.0
25063,242,18.792753623188407,18.0,17.375757575757575,10.5,21.0,17.7,88.0
25963,242,18.94,18.03846153846154,17.5,10.5,25.0,17.7,86.0
26863,242,18.9,18.0,17.5,10.8,42.0,16.1,86.0
27763,242,18.871428571428574,18.0,17.5,10.8,54.0,12.9,88.0
28663,242,18.8,18.0,17.5,11.0,84.0,16.1,87.0
29563,242,18.8,18.0,17.5,11.2,91.0,14.5,86.0
30463,242,18.76764705882353,18.0,17.5,11.3,53.0,16.1,86.0
31363,242,18.7,18.0,17.496825396825397,11.5,82.0,17.7,86.0
32263,242,18.7,18.0,17.472727272727273,12.3,220.0,16.1,83.0
33163,242,18.7,18.0,17.421875,12.2,329.0,16.1,83.0
34063,242,18.7,18.0,17.387096774193548,12.8,276.0,14.5,82.0
34963,242,18.63582089552239,18.0,17.30294117647059,12.9,374.0,16.1,81.0
35863,242,18.675,18.0,17.3,13.2,225.0,17.7,80.0
36763,242,18.7,18.0,17.3,13.0,243.0,14.5,82.0
37663,242,18.7,18.0,17.303125,13.2,195.0,14.5,80.0
38563,242,18.7,18.0,17.325,13.2,240.0,12.9,81.0
39463,242,18.645,18.0,17.357971014492755,14.4,647.0,19.3,76.0
40363,242,18.6,18.0,17.312121212121212,14.4,392.0,17.7,75.0
41263,242,18.6,18.0,17.3,15.6,515.0,16.1,73.0
42163,242,18.6,18.0,17.3,13.9,225.0,16.1,75.0
43063,242,18.6,18.0,17.3,12.8,234.0,17.7,79.0
43963,242,18.6,18.0,17.3,13.1,174.0,12.9,79.0
44863,242,18.6,18.0,17.3,12.3,104.0,14.5,86.0
45763,242,18.6,18.0,17.3,11.8,175.0,12.9,89.0
46663,242,18.6,18.0,17.3,12.9,357.0,14.5,85.0
47563,242,18.55507246376812,18.0,17.3,13.4,341.0,11.3,85.0
48463,242,18.50405405405405,18.0,17.3,14.1,376.0,12.9,80.0
49363,242,18.5,18.0,17.3,14.3,309.0,12.9,76.0
50263,242,18.5,18.0,17.3,13.9,199.0,14.5,76.0
51163,242,18.5,18.0,17.3,13.8,216.0,14.5,78.0
52063,242,18.5,18.0,17.3,13.9,243.0,11.3,78.0
52963,242,18.521875,18.0,17.3,14.6,330.0,9.7,78.0
53863,242,18.579104477611946,18.0,17.3,15.1,689.0,11.3,73.0
54763,242,18.58840579710145,18.0,17.3,16.1,694.0,16.1,70.0
55663,242,18.503076923076925,18.0,17.3,15.0,199.0,17.7,71.0
56563,242,18.501492537313432,18.0,17.3,16.1,585.0,16.1,66.0
57463,242,18.50151515151515,18.0,17.3,16.6,538.0,16.1,65.0
58363,242,18.5,18.0,17.3,16.3,536.0,14.5,65.0
59263,242,18.5,18.0,17.3,15.9,114.0,17.7,64.0
60163,242,18.52285714285714,18.0,17.346376811594205,15.0,236.0,16.1,68.0
61063,242,18.6,18.0,17.5,14.8,169.0,17.7,68.0
61963,242,18.6,18.0,17.438709677419354,14.8,223.0,16.1,68.0
62863,242,18.56615384615385,18.0,17.30952380952381,15.2,218.0,16.1,67.0
63763,242,18.5,18.0,17.3,15.7,163.0,16.1,66.0
64663,242,18.5,18.0,17.3,14.8,65.0,14.5,69.0
65563,242,18.44029850746269,18.0,17.3,14.7,56.0,14.5,70.0
66463,242,18.4031746031746,18.0,17.3,13.9,37.0,11.3,71.0
67363,242,19.22571428571429,18.0,17.380303030303033,13.6,67.0,11.3,72.0
68263,242,19.33125,18.0,17.5,13.6,91.0,14.5,74.0
69163,242,18.65820895522388,18.0,17.5,13.9,65.0,12.9,72.0
70063,242,18.583050847457628,18.0,17.42063492063492,13.8,30.0,12.9,74.0
70963,242,18.46617647058824,18.0,17.3,13.3,26.0,14.5,76.0
71863,242,18.37543859649123,18.0,17.3,12.9,11.0,12.9,77.0
72763,242,18.190625,18.0,17.3,12.7,5.0,12.9,77.0
73663,242,18.01818181818182,17.86764705882353,17.004411764705882,12.5,0.0,17.7,77.0
74563,242,17.91470588235294,17.507575757575758,17.0,12.3,0.0,16.1,79.0
75463,242,17.983076923076922,17.671641791044777,17.0,12.0,0.0,14.5,81.0
76363,242,18.06875,18.0,17.084375,11.8,0.0,16.1,82.0
77263,242,18.1,18.0,17.29090909090909,11.6,0.0,12.9,84.0
78163,242,18.2,18.0,17.3,11.5,0.0,11.3,85.0
79063,242,18.27272727272728,18.0,17.356716417910448,11.4,0.0,9.7,86.0
79963,242,18.363492063492064,18.0,17.45820895522388,11.3,0.0,12.9,86.0
80863,242,18.4864406779661,18.0,17.5,11.2,0.0,11.3,86.0
81763,242,18.4,18.0,17.5,11.1,0.0,9.7,87.0
82663,242,18.4,18.0,17.5,11.0,0.0,12.9,87.0
83563,242,18.4,18.0,17.426153846153845,10.9,0.0,11.3,87.0
84463,242,18.4,18.0,17.302985074626868,10.8,0.0,9.7,88.0
85363,242,18.4,18.0,17.3,10.8,0.0,11.3,88.0
86263,242,18.4,18.0,17.3,10.7,0.0,8.0,88.0
763,243,18.31846153846154,18.0,17.3,10.7,0.0,9.7,88.0
1663,243,18.3,18.0,17.3,10.7,0.0,9.7,88.0
2563,243,18.3,18.0,17.3,10.7,0.0,11.3,88.0
3463,243,18.3,18.0,17.3,10.5,0.0,9.7,89.0
4363,243,18.20294117647059,18.0,17.3,10.5,0.0,11.3,90.0
5263,243,18.2,18.0,17.3,10.4,0.0,11.3,90.0
6163,243,18.2,18.0,17.3,10.4,0.0,12.9,90.0
7063,243,18.2,18.0,17.295652173913044,10.4,0.0,12.9,90.0
7963,243,18.2,18.0,17.290625,10.1,0.0,9.7,91.0
8863,243,18.2,18.0,17.208695652173912,9.9,0.0,11.3,92.0
9763,243,18.13283582089552,18.0,17.0,9.9,0.0,9.7,91.0
10663,243,18.1,17.928571428571427,17.0,9.8,0.0,9.7,91.0
11563,243,18.1,17.782608695652176,17.0,9.8,0.0,9.7,91.0
12463,243,18.1,17.62878787878788,17.0,9.7,0.0,11.3,92.0
13363,243,18.1,17.5,17.0,9.7,0.0,11.3,91.0
14263,243,18.07301587301588,17.5,17.0,9.7,0.0,9.7,91.0
15163,243,18.0,17.5,17.0,9.7,0.0,8.0,91.0
16063,243,18.0,17.5,17.0,9.7,0.0,8.0,91.0
16963,243,18.0,17.5,17.0,9.8,0.0,8.9,90.0
17863,243,18.0,17.5,17.0,10.1,0.0,9.7,88.0
18763,243,17.97692307692308,17.5,17.0,10.1,0.0,8.0,89.0
19663,243,17.9953125,17.5,17.0,10.2,0.0,9.7,90.0
20563,243,19.37,17.913043478260867,17.379710144927536,10.2,0.0,9.7,90.0
21463,243,19.52463768115942,18.364406779661017,17.77457627118644,10.0,0.0,9.7,91.0
22363,243,19.12923076923077,17.96969696969697,17.245454545454546,10.0,5.0,9.7,91.0
23263,243,18.89384615384615,18.0,17.21081081081081,9.9,3.0,11.3,91.0
24163,243,18.64558823529412,18.0,17.3,10.2,19.0,9.7,91.0
25063,243,18.6,18.0,17.3,10.4,30.0,9.7,90.0
25963,243,18.6,18.0,17.3,10.6,39.0,11.3,90.0
26863,243,18.6,18.0,17.3,10.7,35.0,9.7,89.0
27763,243,18.6,18.0,17.3,10.6,33.0,12.9,89.0
28663,243,18.6,18.0,17.3,10.7,37.0,12.9,89.0
29563,243,18.6,17.992753623188406,17.3,11.0,42.0,12.9,89.0
30463,243,18.6,17.993150684931507,17.3,11.1,79.0,12.9,89.0
31363,243,18.68030303030303,17.98507462686567,17.3,11.4,79.0,11.3,89.0
32263,243,18.64761904761905,17.983870967741936,17.3,12.1,322.0,9.7,86.0
33163,243,18.67538461538461,17.93548387096774,17.3,12.4,348.0,8.0,85.0
34063,243,18.6955223880597,17.891666666666666,17.294999999999998,12.8,387.0,11.3,83.0
34963,243,18.7,17.941176470588236,17.3,12.9,422.0,11.3,80.0
35863,243,18.7,17.96875,17.3,13.4,534.0,11.3,78.0
36763,243,18.7,17.9765625,17.3,13.3,489.0,12.9,78.0
37663,243,18.7375,18.0,17.295833333333334,14.2,541.0,9.7,76.0
38563,243,18.8,18.0,17.3,14.2,536.0,9.7,70.0
39463,243,18.70757575757576,18.0,17.3,14.9,568.0,8.0,72.0
40363,243,18.7,18.0,17.3,14.8,586.0,9.7,73.0
41263,243,18.71363636363636,18.0,17.3,15.2,624.0,8.0,70.0
42163,243,18.7,18.0,17.3,15.1,265.0,8.0,68.0
43063,243,18.7,18.0,17.3,15.9,686.0,8.0,64.0
43963,243,18.69253731343284,18.0,17.3,15.7,508.0,9.7,65.0
44863,243,18.61076923076923,18.0,17.3,16.6,329.0,8.0,63.0
45763,243,18.620289855072464,18.0,17.3,15.3,207.0,8.0,68.0
46663,243,18.627142857142857,18.0,17.3,15.2,246.0,8.0,66.0
47563,243,18.6,18.0,17.3,15.2,230.0,9.7,70.0
48463,243,18.6,18.0,17.3,15.6,352.0,9.7,69.0
49363,243,18.6,18.0,17.3,17.2,659.0,9.7,66.0
50263,243,18.6,18.0,17.3,18.2,904.0,11.3,60.0
51163,243,18.6,18.0,17.3,17.0,448.0,11.3,62.0
52063,243,18.6,18.0,17.3,17.6,374.0,11.3,58.0
52963,243,18.6,18.0,17.3,17.8,912.0,11.3,57.0
53863,243,18.6,18.0,17.3,18.1,680.0,9.7,47.0
54763,243,18.6,18.0,17.3,18.1,615.0,11.3,51.0
55663,243,18.6,18.0,17.3,17.9,584.0,11.3,53.0
56563,243,18.6,18.0,17.3,18.2,547.0,11.3,53.0
57463,243,18.6,18.0,17.3,18.7,571.0,8.0,49.0
58363,243,18.6,18.0,17.3,18.3,496.0,11.3,52.0
59263,243,18.6,18.0,17.3,18.2,482.0,11.3,53.0
60163,243,18.6,18.0,17.3,18.0,322.0,8.0,54.0
61063,243,18.6,18.0,17.3,17.3,125.0,8.0,56.0
61963,243,18.6,18.0,17.3,17.1,74.0,8.0,58.0
62863,243,18.6,18.0,17.3,15.8,53.0,11.3,70.0
63763,243,18.559701492537314,18.0,17.3,15.7,66.0,11.3,68.0
64663,243,18.5,18.0,17.3,16.6,114.0,12.9,65.0
65563,243,18.5,18.0,17.3,16.3,74.0,14.5,69.0
66463,243,18.5,18.0,17.3,16.3,77.0,16.1,70.0
67363,243,18.5,18.0,17.3,15.8,53.0,12.9,71.0
68263,243,18.5,18.0,17.3,15.3,37.0,12.9,74.0
69163,243,18.485915492957748,18.0,17.3,15.1,30.0,11.3,74.0
70063,243,18.4,18.0,17.3,14.8,19.0,8.0,74.0
70963,243,18.460344827586205,18.0,17.3,14.7,18.0,8.0,75.0
71863,243,18.5328125,18.0,17.3,14.2,7.0,6.4,77.0
72763,243,18.6,18.0,17.3,13.9,0.0,6.4,79.0
73663,243,18.606349206349208,18.0,17.380597014925375,13.6,0.0,8.0,80.0
74563,243,18.613235294117647,18.0,17.490625,13.2,0.0,11.3,81.0
75463,243,18.6,18.0,17.5,13.1,0.0,11.3,81.0
76363,243,18.6,18.0,17.5,12.9,0.0,12.9,82.0
77263,243,18.6,18.0,17.5,12.7,0.0,11.3,83.0
78163,243,18.5,18.0,17.455555555555556,12.4,0.0,9.7,84.0
79063,243,18.4859649122807,18.0,17.31875,12.3,0.0,11.3,85.0
79963,243,18.47058823529412,18.0,17.430434782608696,12.1,0.0,9.7,85.0
80863,243,18.416417910447763,18.0,17.305882352941175,12.0,0.0,9.7,86.0
81763,243,18.4,18.0,17.3,11.9,0.0,8.0,86.0
82663,243,18.4,18.0,17.3,11.8,0.0,9.7,86.0
83563,243,18.4,18.0,17.3,11.8,0.0,11.3,86.0
84463,243,18.363235294117647,18.0,17.3,11.7,0.0,9.7,86.0
85363,243,18.3,18.0,17.3,11.6,0.0,9.7,86.0
86263,243,18.3,18.0,17.3,11.6,0.0,9.7,86.0
763,244,18.3,18.0,17.3,11.6,0.0,9.7,86.0
1663,244,18.26363636363636,18.0,17.3,11.2,0.0,8.0,88.0
2563,244,18.2,18.0,17.258904109589043,11.2,0.0,8.0,88.0
3463,244,18.2,18.0,17.13478260869565,11.2,0.0,8.0,88.0
4363,244,18.2,18.0,17.022058823529413,11.1,0.0,11.3,88.0
5263,244,18.2,18.0,17.0,11.0,0.0,6.4,89.0
6163,244,18.2,17.992424242424242,17.0,11.0,0.0,6.4,89.0
7063,244,18.1765625,17.946969696969695,17.0,10.9,0.0,6.4,89.0
7963,244,18.10606060606061,17.77941176470588,17.0,11.0,0.0,8.0,89.0
8863,244,18.1,17.575757575757574,17.0,11.2,0.0,6.4,89.0
9763,244,18.1,17.53076923076923,17.0,11.2,0.0,8.0,89.0
10663,244,18.1,17.5,17.0,11.1,0.0,6.4,89.0
11563,244,18.1,17.5,17.0,11.0,0.0,6.4,89.0
12463,244,18.079032258064515,17.5,17.0,11.0,0.0,4.8,89.0
13363,244,18.0,17.5,17.0,11.1,0.0,6.4,89.0
14263,244,18.0,17.5,17.0,11.2,0.0,6.4,90.0
15163,244,18.0,17.5,17.0,11.2,0.0,6.4,90.0
16063,244,18.0,17.5,17.0,11.1,0.0,6.4,90.0
16963,244,18.0,17.5,17.0,11.1,0.0,4.8,90.0
17863,244,17.99833333333333,17.5,17.0,11.0,0.0,6.4,90.0
18763,244,17.913235294117648,17.5,17.0,11.0,0.0,6.4,90.0
19663,244,17.9,17.5,16.99142857142857,11.0,0.0,6.4,90.0
20563,244,17.9,17.5,16.983050847457626,10.9,0.0,4.8,91.0
21463,244,17.9,17.5,16.938709677419354,10.9,0.0,4.8,91.0
22363,244,17.9,17.5,16.89855072463768,10.9,0.0,4.8,91.0
23263,244,17.9,17.5,16.875862068965517,10.9,0.0,4.8,93.0
24163,244,17.915625,17.5,16.82089552238806,10.8,0.0,4.8,93.0
25063,244,18.155384615384616,17.734375,17.1171875,10.7,7.0,3.2,94.0
25963,244,18.2864406779661,18.0,17.253125,10.7,9.0,4.8,94.0
26863,244,18.2,17.83076923076923,17.004615384615384,10.9,30.0,4.8,94.0
27763,244,18.152459016393443,17.5,17.0,10.9,51.0,4.8,93.0
28663,244,18.1,17.5,17.0,11.3,79.0,6.4,93.0
29563,244,18.074242424242424,17.5,17.0,11.5,90.0,6.4,92.0
30463,244,18.0,17.5,17.0,11.6,63.0,4.8,91.0
31363,244,18.0,17.5,16.94375,11.6,58.0,4.8,91.0
32263,244,18.0,17.5,16.812121212121212,11.6,86.0,4.8,91.0
33163,244,18.0,17.5,16.806153846153848,11.8,95.0,4.8,91.0
34063,244,18.0,17.5,16.80625,11.9,62.0,3.2,91.0
34963,244,18.0,17.5,16.8,11.9,113.0,4.8,91.0
35863,244,18.0,17.5,16.8,12.4,190.0,6.4,89.0
36763,244,18.05692307692308,17.5,16.8,12.6,269.0,6.4,86.0
37663,244,18.0140625,17.5,16.8,12.9,229.0,3.2,84.0
38563,244,18.1,17.5,16.8,12.8,199.0,4.8,86.0
39463,244,18.1,17.5,16.8,13.0,229.0,8.0,85.0
40363,244,18.1,17.5,16.8,13.7,167.0,4.8,82.0
41263,244,18.1,17.5,16.8,14.2,659.0,1.6,81.0
42163,244,18.1,17.5,16.8,14.6,327.0,4.8,78.0
43063,244,18.1,17.5,16.8,15.4,851.0,6.4,78.0
43963,244,18.1,17.5,16.8,14.6,339.0,6.4,81.0
44863,244,18.1,17.5,16.8,14.9,120.0,8.0,80.0
45763,244,18.1,17.5,16.8,14.8,717.0,4.8,79.0
46663,244,18.1,17.5,16.8,14.7,345.0,6.4,77.0
47563,244,18.1,17.5,16.8,14.5,128.0,4.8,77.0
48463,244,18.1,17.5,16.8,14.9,265.0,4.8,74.0
49363,244,18.1,17.5,16.8,15.6,481.0,4.8,71.0
50263,244,18.1,17.5,16.8,17.0,693.0,4.8,65.0
51163,244,18.1,17.5,16.8,17.6,710.0,6.4,62.0
52063,244,18.1,17.5,16.8,17.6,684.0,8.0,62.0
52963,244,18.1,17.5,16.8,16.6,649.0,6.4,71.0
53863,244,18.1,17.5,16.8,17.0,707.0,6.4,69.0
54763,244,18.1,17.5,16.8,17.3,652.0,6.4,65.0
55663,244,18.1,17.5,16.8,16.6,178.0,6.4,70.0
56563,244,18.1,17.5,16.8,16.1,279.0,8.0,72.0
57463,244,18.098550724637683,17.5,16.8,16.7,139.0,8.0,71.0
58363,244,18.004545454545454,17.5,16.8,16.2,162.0,6.4,70.0
59263,244,18.0,17.5,16.8,16.4,408.0,6.4,70.0
60163,244,18.0,17.5,16.8,16.3,302.0,6.4,70.0
61063,244,18.05483870967742,17.5,16.8,16.8,404.0,6.4,68.0
61963,244,18.1,17.5,16.8,16.6,93.0,4.8,61.0
62863,244,18.1,17.5,16.8,16.4,88.0,6.4,67.0
63763,244,18.1027397260274,17.5,16.8,16.1,93.0,3.2,69.0
64663,244,18.11449275362319,17.5,16.8,16.1,96.0,4.8,69.0
65563,244,18.10147058823529,17.5,16.8,16.2,35.0,4.8,69.0
66463,244,18.1,17.5,16.8,15.8,32.0,3.2,67.0
67363,244,18.1,17.5,16.8,15.4,31.0,1.6,69.0
68263,244,18.10142857142857,17.5,16.8,14.9,26.0,0.0,70.0
69163,244,18.19692307692308,17.5,16.817910447761193,14.5,21.0,0.0,70.0
70063,244,18.2,17.5,16.829850746268654,14.0,16.0,0.0,73.0
70963,244,18.2,17.5,16.820289855072463,13.7,15.0,1.6,73.0
71863,244,18.15714285714286,17.5,16.878260869565217,13.7,0.0,4.8,70.0
72763,244,18.10597014925373,17.5,16.860869565217392,14.1,0.0,9.7,71.0
73663,244,18.1,17.5,16.991044776119402,14.2,0.0,8.0,71.0
74563,244,18.08939393939394,17.5,16.886153846153846,14.2,0.0,8.0,72.0
75463,244,18.0,17.5,16.802816901408452,13.9,0.0,9.7,72.0
76363,244,18.0,17.5,16.8,13.7,0.0,9.7,72.0
77263,244,18.0,17.5,16.829508196721314,13.5,0.0,11.3,74.0
78163,244,18.0,17.5,16.80923076923077,13.3,0.0,9.7,75.0
79063,244,17.915384615384617,17.5,16.8,13.0,0.0,11.3,76.0
79963,244,17.915151515151514,17.5,16.83235294117647,13.0,0.0,14.5,77.0
80863,244,18.095081967213115,17.5,16.96969696969697,12.9,0.0,12.9,78.0
81763,244,19.32769230769231,17.5,17.0,12.8,0.0,11.3,79.0
82663,244,18.83934426229508,17.5,17.0,12.7,0.0,11.3,80.0
83563,244,18.55573770491804,17.5,17.0,12.6,0.0,9.7,80.0
84463,244,18.36290322580645,17.5,17.0,12.4,0.0,11.3,81.0
85363,244,18.2,17.5,17.0,12.2,0.0,11.3,83.0
86263,244,18.1,17.5,17.0,12.0,0.0,12.9,83.0
763,245,18.022222222222226,17.5,17.0,11.8,0.0,9.7,85.0
1663,245,18.0,17.5,16.9768115942029,11.6,0.0,9.7,85.0
2563,245,17.91904761904762,17.5,16.881818181818183,11.4,0.0,6.4,85.0
3463,245,17.9,17.5,16.802857142857142,11.4,0.0,6.4,86.0
4363,245,17.9,17.5,16.8,11.4,0.0,6.4,86.0
5263,245,17.866666666666667,17.5,16.8,11.4,0.0,6.4,86.0
6163,245,17.8,17.5,16.8,11.3,0.0,4.8,86.0
7063,245,17.8,17.5,16.8,11.2,0.0,6.4,87.0
7963,245,17.8,17.5,16.8,11.2,0.0,6.4,87.0
8863,245,17.8,17.5,16.8,11.0,0.0,4.8,87.0
9763,245,17.7734375,17.5,16.8,11.0,0.0,4.8,87.0
10663,245,17.7,17.5,16.8,11.0,0.0,6.4,88.0
11563,245,17.7,17.5,16.8,10.9,0.0,8.0,88.0
12463,245,17.7,17.5,16.8,10.8,0.0,8.0,88.0
13363,245,17.7,17.5,16.636363636363637,10.7,0.0,6.4,88.0
14263,245,17.7,17.5,16.5,10.6,0.0,6.4,89.0
15163,245,17.605882352941176,17.492753623188406,16.5,10.5,0.0,6.4,89.0
16063,245,17.6,17.29285714285714,16.5,10.4,0.0,6.4,89.0
16963,245,17.6,17.02173913043478,16.5,10.3,0.0,6.4,89.0
17863,245,17.6,17.0,16.5,10.3,0.0,4.8,89.0
18763,245,17.6,17.0,16.5,10.2,0.0,4.0,89.0
19663,245,17.59090909090909,17.0,16.5,10.0,0.0,4.8,90.0
20563,245,17.5,17.0,16.5,10.0,0.0,4.8,90.0
21463,245,17.54153846153846,17.035211267605636,16.5,9.7,0.0,3.2,90.0
22363,245,17.6,17.02173913043478,16.5,9.7,0.0,4.8,91.0
23263,245,17.6,17.03076923076923,16.5,9.4,7.0,4.8,91.0
24163,245,17.61639344262295,17.0,16.5,9.7,12.0,4.8,91.0
25063,245,17.72258064516129,17.169354838709676,16.5,9.8,18.0,4.8,90.0
25963,245,17.825806451612902,17.484615384615385,16.564615384615387,9.9,21.0,4.8,89.0
26863,245,18.19,17.5,16.884745762711866,10.1,26.0,4.8,89.0
27763,245,18.4,17.5,16.925806451612903,10.5,30.0,3.2,88.0
28663,245,18.4,17.5,16.8,10.9,33.0,4.8,85.0
29563,245,18.32741935483871,17.5,16.8,11.3,35.0,4.8,84.0
30463,245,18.3,17.5,16.8,11.8,40.0,3.2,83.0
31363,245,18.26176470588236,17.5,16.8,11.4,77.0,4.8,85.0
32263,245,18.2,17.5,16.8,11.4,294.0,4.8,86.0
33163,245,18.18870967741936,17.5,16.8,11.7,304.0,4.8,86.0
34063,245,18.15483870967742,17.5,16.8,12.5,366.0,3.2,84.0
34963,245,18.134375,17.5,16.8,12.7,381.0,3.2,83.0
35863,245,18.1,17.5,16.8,13.8,457.0,11.3,77.0
36763,245,18.1,17.5,16.8,14.3,494.0,6.4,76.0
37663,245,18.1,17.5,16.8,13.6,84.0,9.7,74.0
38563,245,18.1,17.5,16.8,13.3,102.0,11.3,73.0
39463,245,18.1,17.5,16.8,15.1,582.0,11.3,66.0
40363,245,18.1,17.5,16.8,14.4,207.0,11.3,69.0
41263,245,18.1,17.5,16.8,14.9,172.0,9.7,67.0
42163,245,18.1,17.5,16.8,15.5,546.0,8.0,66.0
43063,245,18.1,17.5,16.8,14.7,171.0,9.7,66.0
43963,245,18.1,17.5,16.8,14.5,197.0,8.0,69.0
44863,245,18.1,17.5,16.8,14.9,257.0,4.8,69.0
45763,245,18.1,17.5,16.8,15.5,225.0,8.0,66.0
46663,245,18.1,17.5,16.8,18.4,884.0,11.3,61.0
47563,245,18.1,17.5,16.8,17.1,851.0,8.0,61.0
48463,245,18.1,17.5,16.8,17.8,262.0,8.0,57.0
49363,245,18.1,17.5,16.8,16.7,265.0,8.0,62.0
50263,245,18.1,17.5,16.8,16.4,262.0,11.3,64.0
51163,245,18.1,17.5,16.8,17.1,391.0,9.7,62.0
52063,245,18.1,17.5,16.8,17.0,229.0,11.3,59.0
52963,245,18.1,17.5,16.8,17.1,276.0,9.7,60.0
53863,245,18.1,17.5,16.8,16.6,278.0,9.7,63.0
54763,245,18.1,17.5,16.8,16.7,246.0,8.0,63.0
55663,245,18.1,17.5,16.8,18.2,601.0,11.3,59.0
56563,245,18.09850746268657,17.5,16.80289855072464,18.7,648.0,8.0,55.0
57463,245,18.255384615384617,17.5,16.99705882352941,17.6,132.0,9.7,59.0
58363,245,18.3,17.5,17.0,17.5,339.0,9.7,60.0
59263,245,18.231944444444444,17.5,17.0,17.9,559.0,6.4,59.0
60163,245,18.2,17.5,17.0,18.4,515.0,9.7,59.0
61063,245,18.2,17.5,17.0,17.8,230.0,8.0,58.0
61963,245,18.2,17.5,17.0,17.6,178.0,11.3,58.0
62863,245,18.18358208955224,17.5,17.0,17.1,76.0,6.4,63.0
63763,245,18.16769230769231,17.5,17.0,16.7,93.0,9.7,65.0
64663,245,18.1044776119403,17.5,17.0,16.4,114.0,8.0,69.0
65563,245,18.150819672131146,17.5,17.0,16.4,121.0,8.0,68.0
66463,245,18.2,17.5,17.0,16.5,100.0,6.4,71.0
67363,245,18.29692307692308,17.5,17.0,16.6,111.0,12.9,65.0
68263,245,18.35,17.5,17.0,16.1,46.0,11.3,65.0
69163,245,18.4,17.5,17.0,15.7,47.0,11.3,65.0
70063,245,18.4,17.5,17.0,14.9,19.0,9.7,68.0
70963,245,18.4,17.5,17.0,14.6,11.0,4.8,70.0
71863,245,18.4,17.521428571428572,17.004285714285714,13.8,0.0,1.6,72.0
72763,245,18.315942028985507,17.53030303030303,17.0,13.6,0.0,4.8,72.0
73663,245,18.22112676056338,17.5,17.0,13.3,0.0,6.4,72.0
74563,245,18.18955223880597,17.5,17.0,13.4,0.0,9.7,71.0
75463,245,18.1,17.5,17.0,12.8,0.0,6.4,73.0
76363,245,18.1,17.5,17.0,12.7,0.0,9.7,74.0
77263,245,18.07878787878788,17.5,17.0,12.7,0.0,8.0,74.0
78163,245,18.09130434782609,17.5,17.0,12.3,0.0,3.2,75.0
79063,245,18.1,17.5,17.0,11.8,0.0,6.4,77.0
79963,245,18.1,17.5,17.0,11.6,0.0,6.4,78.0
80863,245,18.1,17.5,17.0,11.3,0.0,4.8,80.0
81763,245,18.1,17.5,17.0,11.1,0.0,3.2,80.0
82663,245,18.1,17.5,17.0,10.2,0.0,0.0,83.0
83563,245,18.1,17.5,17.0,9.8,0.0,1.6,85.0
84463,245,18.1,17.5,17.0,9.7,0.0,3.2,86.0
85363,245,18.1,17.5,17.0,9.3,0.0,1.6,88.0
86263,245,18.1,17.5,17.0,9.2,0.0,0.0,88.0
763,246,18.034375,17.5,17.0,9.0,0.0,0.0,89.0
1663,246,18.0,17.5,16.990909090909092,8.6,0.0,0.0,90.0
2563,246,18.0,17.5,16.886567164179105,8.3,0.0,0.0,90.0
3463,246,18.0,17.5,16.80597014925373,8.2,0.0,0.0,91.0
4363,246,18.0,17.5,16.8,8.2,0.0,0.0,92.0
5263,246,18.0,17.5,16.8,8.2,0.0,1.6,92.0
6163,246,17.923076923076923,17.5,16.8,8.3,0.0,1.6,92.0
7063,246,17.9,17.5,16.8,8.4,0.0,8.0,91.0
7963,246,17.9,17.5,16.8,8.3,0.0,6.4,92.0
8863,246,17.9,17.5,16.8,8.9,0.0,8.0,91.0
9763,246,17.9,17.5,16.8,8.7,0.0,6.4,90.0
10663,246,17.89857142857143,17.5,16.8,8.9,0.0,8.0,89.0
11563,246,17.814084507042253,17.5,16.8,8.4,0.0,6.4,91.0
12463,246,17.8,17.5,16.8,9.4,0.0,8.0,88.0
13363,246,17.8,17.5,16.8,9.5,0.0,8.0,87.0
14263,246,17.935384615384613,17.5,16.8,9.3,0.0,6.4,87.0
15163,246,17.903030303030302,17.5,16.8,8.6,0.0,6.4,89.0
16063,246,17.838805970149256,17.5,16.8,7.7,0.0,4.8,92.0
16963,246,17.8,17.5,16.672727272727272,7.7,0.0,3.2,91.0
17863,246,17.74920634920635,17.5,16.5,7.6,0.0,1.6,92.0
18763,246,17.7,17.49264705882353,16.5,7.5,0.0,1.6,93.0
19663,246,17.7,17.246478873239436,16.5,7.8,0.0,6.4,93.0
20563,246,17.7,17.07971014492754,16.5,8.6,0.0,11.3,91.0
21463,246,17.619999999999997,17.007246376811594,16.5,8.4,0.0,14.5,90.0
22363,246,17.685714285714287,17.25714285714286,16.59,8.2,0.0,9.7,92.0
23263,246,17.9,17.30597014925373,16.661194029850744,8.8,7.0,3.2,91.0
24163,246,17.9,17.0,16.5,8.8,16.0,6.4,91.0
25063,246,17.995588235294118,17.272058823529413,16.566176470588236,9.4,28.0,9.7,91.0
25963,246,18.1,17.484615384615385,16.592307692307692,9.9,32.0,12.9,89.0
26863,246,18.110169491525426,17.5,16.508955223880598,10.8,53.0,11.3,88.0
27763,246,18.2,17.5,16.7953125,11.7,67.0,19.3,84.0
28663,246,18.340298507462684,17.5,16.8,12.2,79.0,16.1,82.0
29563,246,18.32794117647059,17.5,16.8,12.3,98.0,14.5,81.0
30463,246,18.246969696969696,17.5,16.8,12.6,130.0,16.1,81.0
31363,246,18.2,17.5,16.8,13.1,146.0,22.5,77.0
32263,246,18.139344262295083,17.5,16.8,13.6,216.0,19.3,74.0
33163,246,18.1,17.5,16.8,13.9,260.0,20.9,73.0
34063,246,18.1,17.5,16.8,14.2,206.0,20.9,72.0
34963,246,18.1,17.5,16.8,14.2,221.0,19.3,70.0
35863,246,18.07391304347826,17.5,16.8,14.5,332.0,19.3,67.0
36763,246,18.07205882352941,17.5,16.8,14.4,267.0,19.3,67.0
37663,246,18.1,17.5,16.8,14.6,295.0,17.7,67.0
38563,246,18.1,17.5,16.8,15.1,443.0,19.3,67.0
39463,246,18.1,17.5,16.8,15.4,455.0,20.9,67.0
40363,246,18.1,17.5,16.8,15.5,487.0,17.7,65.0
41263,246,18.1,17.5,16.8,16.1,374.0,14.5,65.0
42163,246,18.1,17.5,16.8,16.1,394.0,16.1,65.0
43063,246,18.1,17.5,16.8,15.8,332.0,17.7,66.0
43963,246,18.1,17.5,16.8,16.2,360.0,16.1,66.0
44863,246,18.1,17.5,16.8,16.6,362.0,16.1,65.0
45763,246,18.10149253731344,17.5,16.8,17.2,374.0,14.5,66.0
46663,246,18.1,17.5,16.8,16.8,422.0,14.5,66.0
47563,246,18.1,17.5,16.8,17.3,469.0,16.1,65.0
48463,246,18.1,17.5,16.8,17.4,373.0,16.1,68.0
49363,246,18.1,17.5,16.8,17.5,290.0,16.1,68.0
50263,246,18.1,17.5,16.8,16.9,227.0,14.5,71.0
51163,246,18.1,17.5,16.8,16.9,367.0,17.7,71.0
52063,246,18.1,17.5,16.8,16.8,246.0,19.3,72.0
52963,246,18.1,17.5,16.8,16.6,237.0,19.3,73.0
53863,246,18.1,17.5,16.8,16.5,246.0,19.3,73.0
54763,246,18.04,17.5,16.8,16.6,239.0,20.9,73.0
55663,246,18.0,17.5,16.8,16.5,218.0,24.1,72.0
56563,246,18.0,17.5,16.8,16.7,220.0,17.7,73.0
57463,246,18.0,17.5,16.8,16.5,176.0,20.9,72.0
58363,246,18.0,17.5,16.8,16.4,192.0,17.7,72.0
59263,246,18.0,17.5,16.8,16.2,104.0,16.1,73.0
60163,246,18.0,17.5,16.8,16.1,91.0,16.1,74.0
61063,246,18.0,17.5,16.8,15.8,74.0,19.3,74.0
61963,246,18.0,17.5,16.8,15.7,69.0,12.9,76.0
62863,246,18.0,17.5,16.8,15.5,49.0,11.3,78.0
63763,246,18.0,17.5,16.8,15.3,49.0,12.9,79.0
64663,246,18.0,17.5,16.8,15.0,42.0,11.3,82.0
65563,246,18.0,17.5,16.8,14.8,38.0,9.7,84.0
66463,246,18.0,17.5,16.8,14.6,33.0,8.0,86.0
67363,246,18.0,17.5,16.8,14.4,18.0,8.0,87.0
68263,246,18.0296875,17.5,16.858823529411765,14.2,18.0,9.7,88.0
69163,246,18.2,17.5,17.0,14.1,11.0,9.7,89.0
70063,246,18.124615384615385,17.5,17.0,13.8,7.0,9.7,90.0
70963,246,18.053846153846155,17.5,17.0,13.5,0.0,6.4,93.0
71863,246,18.0,17.5,16.895384615384614,13.3,0.0,4.8,93.0
72763,246,18.78529411764706,17.58730158730159,17.0015873015873,13.2,0.0,4.8,94.0
73663,246,21.67536231884058,18.12686567164179,17.623880597014924,13.1,0.0,4.8,95.0
74563,246,20.59,18.0,17.409859154929578,13.1,0.0,4.8,95.0
75463,246,19.79264705882353,18.0,17.3,13.0,0.0,3.2,95.0
76363,246,19.2828125,18.0,17.253846153846155,13.0,0.0,4.8,94.0
77263,246,18.813235294117646,17.57246376811594,17.0,13.0,0.0,8.0,94.0
78163,246,18.315,17.5,17.0,12.9,0.0,6.4,95.0
79063,246,17.859420289855073,17.5,16.81904761904762,12.9,0.0,4.8,94.0
79963,246,17.7,17.5,16.8,12.9,0.0,8.0,94.0
80863,246,17.64516129032258,17.5,16.8,13.0,0.0,8.0,94.0
81763,246,17.122388059701493,17.5,16.636764705882353,13.1,0.0,8.0,93.0
82663,246,17.27910447761194,17.5,16.725,13.1,0.0,6.4,93.0
83563,246,17.533846153846152,17.5,16.8,13.1,0.0,6.4,93.0
84463,246,17.675,17.5,16.8,13.1,0.0,4.8,93.0
85363,246,17.77936507936508,17.5,16.8,13.2,0.0,6.4,93.0
86263,246,17.8,17.5,16.8,13.1,0.0,4.8,94.0
763,247,17.8875,17.5,16.8,13.1,0.0,3.2,94.0
1663,247,17.9,17.5,16.8,12.9,0.0,3.2,94.0
2563,247,17.9,17.5,16.8,13.0,0.0,4.8,94.0
3463,247,17.9,17.5,16.8,12.9,0.0,3.2,94.0
4363,247,17.9,17.5,16.8,12.9,0.0,3.2,95.0
5263,247,17.9,17.5,16.8,12.9,0.0,3.2,94.0
6163,247,17.9,17.5,16.8,13.0,0.0,1.6,94.0
7063,247,17.9,17.5,16.8,12.8,0.0,4.8,95.0
7963,247,17.9,17.5,16.8,12.8,0.0,4.8,96.0
8863,247,17.9,17.5,16.8,12.7,0.0,4.8,96.0
9763,247,17.9,17.5,16.8,12.7,0.0,3.2,97.0
10663,247,17.9,17.5,16.8,12.7,0.0,4.8,97.0
11563,247,17.9,17.5,16.8,12.6,0.0,6.4,97.0
12463,247,17.9,17.5,16.8,12.6,0.0,6.4,97.0
13363,247,17.9,17.5,16.8,12.6,0.0,3.2,97.0
14263,247,17.9,17.5,16.8,12.7,0.0,4.8,96.0
15163,247,17.9,17.5,16.8,12.8,0.0,3.2,95.0
16063,247,17.9,17.5,16.8,12.9,0.0,8.0,94.0
16963,247,17.9,17.5,16.8,13.0,0.0,9.7,94.0
17863,247,17.9,17.5,16.8,13.1,0.0,4.8,94.0
18763,247,17.9,17.5,16.8,13.1,0.0,4.8,93.0
19663,247,17.9,17.5,16.8,13.2,0.0,6.4,93.0
20563,247,17.84179104477612,17.5,16.8,13.1,0.0,9.7,94.0
21463,247,17.8,17.5,16.8,12.9,0.0,11.3,94.0
22363,247,17.82121212121212,17.5,16.8,13.2,0.0,4.8,93.0
23263,247,17.914285714285715,17.5,16.823880597014927,13.3,0.0,4.8,93.0
24163,247,18.087692307692308,17.5,17.0,13.3,0.0,8.0,93.0
25063,247,18.1,17.5,17.0,13.3,21.0,8.0,93.0
25963,247,18.1,17.5,17.0,13.3,25.0,8.0,93.0
26863,247,18.036231884057973,17.5,17.0,13.4,26.0,8.0,92.0
27763,247,17.971212121212123,17.5,17.0,13.4,21.0,8.0,93.0
28663,247,17.516923076923078,17.5,16.81044776119403,13.5,30.0,8.0,93.0
29563,247,17.26865671641791,17.5,16.504761904761903,13.5,32.0,9.7,93.0
30463,247,17.234848484848484,17.5,16.6327868852459,13.9,33.0,4.8,92.0
31363,247,17.3,17.5,16.8,14.1,35.0,4.8,92.0
32263,247,17.26231884057971,17.5,16.76865671641791,14.4,56.0,12.9,91.0
33163,247,17.14761904761905,17.455223880597014,16.517910447761192,14.7,61.0,19.3,90.0
34063,247,17.1,17.5,16.601470588235294,15.2,53.0,24.1,89.0
34963,247,17.1,17.5,16.5,15.2,58.0,24.1,90.0
35863,247,18.62727272727273,17.559701492537314,16.86268656716418,15.2,32.0,22.5,90.0
36763,247,18.97846153846153,18.0,17.291044776119403,15.3,60.0,24.1,91.0
37663,247,18.119696969696967,17.954545454545453,17.12727272727273,15.4,76.0,24.1,90.0
38563,247,17.947692307692307,17.578125,17.0,15.2,97.0,24.1,91.0
39463,247,17.9231884057971,17.5,17.0,15.7,218.0,27.4,90.0
40363,247,17.905882352941177,17.5,17.0,16.1,169.0,24.1,89.0
41263,247,17.983076923076922,17.5,17.0,16.3,114.0,22.5,89.0
42163,247,18.1,17.571428571428573,17.047619047619047,16.4,90.0,24.1,89.0
43063,247,18.1,17.5,17.0,16.2,81.0,24.1,90.0
43963,247,18.1,17.5,17.0,16.0,153.0,27.4,91.0
44863,247,18.06764705882353,17.5,17.0,16.2,109.0,24.1,91.0
45763,247,18.1,17.5,17.0,16.3,149.0,22.5,90.0
46663,247,18.1,17.5,17.0,16.4,130.0,22.5,91.0
47563,247,18.12537313432836,17.5,17.0,16.7,121.0,25.7,90.0
48463,247,18.107462686567164,17.5,17.0,16.7,163.0,25.7,90.0
49363,247,18.1,17.5,17.0,16.8,170.0,24.1,89.0
50263,247,18.1,17.5,17.0,16.4,165.0,22.5,92.0
51163,247,18.1,17.5,17.0,16.3,100.0,19.3,93.0
52063,247,18.07076923076923,17.5,17.0,16.2,91.0,19.3,93.0
52963,247,18.0,17.5,17.0,16.2,134.0,19.3,94.0
53863,247,18.0,17.5,17.0,16.2,81.0,19.3,93.0
54763,247,18.0,17.5,17.0,16.2,93.0,17.7,94.0
55663,247,18.0,17.5,17.0,16.3,88.0,17.7,94.0
56563,247,18.0,17.5,17.0,16.4,83.0,17.7,95.0
57463,247,18.0,17.5,17.0,16.4,84.0,12.9,95.0
58363,247,18.0,17.5,17.0,16.4,72.0,16.1,95.0
59263,247,18.0,17.5,17.0,16.4,86.0,17.7,94.0
60163,247,18.0,17.5,17.0,16.6,107.0,14.5,94.0
61063,247,18.0,17.5,17.0,16.6,97.0,17.7,94.0
61963,247,18.0,17.5,17.0,16.7,90.0,17.7,93.0
62863,247,18.0,17.5,17.0,16.7,62.0,14.5,93.0
63763,247,18.0,17.5,17.0,16.6,37.0,16.1,94.0
64663,247,18.0,17.5,17.0,16.4,141.0,14.5,94.0
65563,247,18.0,17.5,17.0,16.3,120.0,17.7,93.0
66463,247,18.0,17.5,17.0,16.4,90.0,16.1,93.0
67363,247,18.0,17.5,17.0,16.3,46.0,12.9,93.0
68263,247,18.0,17.5,17.0,16.2,37.0,14.5,93.0
69163,247,18.0,17.5,17.0,16.1,12.0,16.1,92.0
70063,247,17.958823529411767,17.5,17.0,14.9,12.0,14.5,94.0
70963,247,17.9,17.5,17.0,14.4,11.0,14.5,94.0
71863,247,17.9,17.5,17.0,14.1,0.0,16.1,94.0
72763,247,17.9,17.5,17.0,13.8,0.0,16.1,92.0
73663,247,17.9,17.5,17.0,13.9,0.0,17.7,88.0
74563,247,17.908955223880596,17.5,16.997101449275362,13.9,0.0,14.5,86.0
75463,247,17.938235294117646,17.5,17.0,13.8,0.0,16.1,86.0
76363,247,17.950769230769232,17.5,17.0,13.8,0.0,16.1,79.0
77263,247,18.0,17.5,17.0,13.9,0.0,17.7,78.0
78163,247,17.99857142857143,17.5,17.0,14.0,0.0,14.5,79.0
79063,247,17.91492537313433,17.5,17.0,13.8,0.0,9.7,81.0
79963,247,17.9,17.5,16.994202898550725,13.8,0.0,11.3,83.0
80863,247,17.9,17.5,16.911764705882355,13.7,0.0,8.0,88.0
81763,247,17.9,17.5,16.834285714285716,13.5,0.0,8.0,88.0
82663,247,17.82089552238806,17.5,16.831884057971017,13.4,0.0,8.0,87.0
83563,247,17.8,17.5,16.812121212121212,13.4,0.0,9.7,87.0
84463,247,17.8,17.5,16.8,13.4,0.0,9.7,86.0
85363,247,17.833870967741937,17.5,16.877142857142857,13.3,0.0,9.7,86.0
86263,247,17.83015873015873,17.5,16.997014925373133,13.3,0.0,9.7,86.0
763,248,17.8,17.5,16.996923076923075,13.3,0.0,9.7,85.0
1663,248,17.8,17.5,16.97941176470588,13.4,0.0,11.3,85.0
2563,248,17.8,17.5,16.884057971014492,13.4,0.0,9.7,85.0
3463,248,17.8,17.5,16.805797101449276,13.4,0.0,9.7,86.0
4363,248,17.8,17.5,16.8,13.4,0.0,9.7,87.0
5263,248,17.8,17.5,16.8,13.3,0.0,9.7,88.0
6163,248,17.759420289855072,17.5,16.8,13.3,0.0,11.3,87.0
7063,248,17.7,17.5,16.8,13.4,0.0,9.7,87.0
7963,248,17.7,17.5,16.8,13.3,0.0,9.7,87.0
8863,248,17.7,17.5,16.8,13.3,0.0,9.7,87.0
9763,248,17.7,17.5,16.8,13.2,0.0,9.7,87.0
10663,248,17.7,17.5,16.8,13.3,0.0,8.0,87.0
11563,248,17.7,17.5,16.8,13.4,0.0,8.0,87.0
12463,248,17.7,17.5,16.8,13.5,0.0,8.0,86.0
13363,248,17.7,17.5,16.8,13.5,0.0,8.0,88.0
14263,248,17.7,17.5,16.8,13.4,0.0,11.3,90.0
15163,248,17.7,17.5,16.8,13.4,0.0,8.0,90.0
16063,248,17.69705882352941,17.5,16.8,13.7,0.0,12.9,89.0
16963,248,17.620289855072464,17.5,16.8,13.7,0.0,11.3,89.0
17863,248,17.6,17.5,16.8,13.8,0.0,12.9,88.0
18763,248,17.6,17.5,16.8,13.8,0.0,12.9,88.0
19663,248,17.6,17.5,16.8,13.9,0.0,12.9,88.0
20563,248,17.6,17.5,16.8,13.9,0.0,12.9,88.0
21463,248,17.6,17.5,16.8,13.9,0.0,8.0,88.0
22363,248,17.6,17.5,16.8,13.6,0.0,9.7,90.0
23263,248,17.685294117647057,17.5,16.8,13.4,0.0,8.0,91.0
24163,248,17.7,17.5,16.808163265306124,13.3,0.0,9.7,90.0
25063,248,17.669117647058822,17.5,16.8,13.2,0.0,11.3,90.0
25963,248,17.855882352941176,17.5,16.976119402985073,12.9,7.0,9.7,91.0
26863,248,17.80294117647059,17.5,16.913432835820895,12.7,5.0,12.9,91.0
27763,248,17.736363636363638,17.5,16.8,12.5,14.0,12.9,91.0
28663,248,17.7,17.5,16.8,11.8,12.0,16.1,90.0
29563,248,17.701449275362318,24.5859375,20.3703125,11.6,15.0,14.5,92.0
30463,248,18.1828125,53.22727272727273,47.0439393939394,11.4,39.0,12.9,90.0
31363,248,19.19857142857143,56.0,52.94333333333333,11.4,57.0,14.5,91.0
32263,248,19.98550724637681,56.28571428571429,53.322222222222216,11.6,84.0,12.9,91.0
33163,248,20.56,56.5,53.5,11.7,76.0,12.9,91.0
34063,248,20.99076923076923,56.5,53.5,11.8,69.0,9.7,91.0
34963,248,21.32698412698413,54.590909090909086,52.05,12.1,72.0,9.7,89.0
35863,248,21.655405405405407,56.1953125,51.9203125,12.2,63.0,9.7,89.0
36763,248,21.977272727272727,56.97887323943662,52.87746478873239,12.2,76.0,9.7,88.0
37663,248,22.189230769230768,42.4469696969697,38.03181818181818,12.5,86.0,8.0,88.0
38563,248,22.03,30.13636363636364,26.15151515151515,12.7,84.0,6.4,87.0
39463,248,21.77230769230769,25.171875,22.7671875,13.2,142.0,1.6,90.0
40363,248,21.45735294117647,22.625,21.190625,13.4,178.0,1.6,88.0
41263,248,21.128169014084506,21.213235294117645,20.175,13.8,165.0,4.8,86.0
42163,248,20.819718309859155,20.30597014925373,19.55223880597015,14.1,225.0,4.8,86.0
43063,248,20.57272727272727,19.82089552238806,19.16268656716418,14.8,213.0,4.8,89.0
43963,248,20.2265625,19.611940298507463,19.328358208955223,14.8,202.0,8.0,87.0
44863,248,19.911940298507464,19.35820895522388,18.898507462686567,14.9,320.0,12.9,88.0
45763,248,19.7,19.0,18.602985074626865,14.7,137.0,14.5,86.0
46663,248,19.510294117647057,19.0,18.47714285714286,14.4,153.0,16.1,88.0
47563,248,19.3484375,19.0,18.302985074626868,14.6,390.0,17.7,90.0
48463,248,19.20151515151515,18.59701492537313,18.28208955223881,14.8,232.0,17.7,87.0
49363,248,19.01935483870968,18.5,18.0,15.0,504.0,19.3,88.0
50263,248,18.91060606060606,18.5,18.0,15.6,338.0,19.3,81.0
51163,248,18.8,18.5,17.84,15.4,357.0,22.5,82.0
52063,248,18.70909090909091,18.5,17.8,15.0,722.0,22.5,85.0
52963,248,18.806153846153848,18.5,17.8,14.9,654.0,17.7,78.0
53863,248,18.9,18.5,17.8,15.2,325.0,20.9,73.0
54763,248,18.95,18.5,17.8,14.9,279.0,20.9,73.0
55663,248,19.0,18.5,17.8,14.7,221.0,19.3,75.0
56563,248,19.0,18.5,17.8,15.1,357.0,17.7,69.0
57463,248,19.0,18.5,17.8,15.4,684.0,19.3,67.0
58363,248,19.04328358208955,18.5,17.8,15.9,576.0,19.3,66.0
59263,248,19.1,18.5,17.8,15.9,381.0,14.5,68.0
60163,248,19.1,18.5,17.8,15.9,224.0,12.9,71.0
61063,248,19.01692307692308,18.5,17.67727272727273,15.4,135.0,19.3,63.0
61963,248,19.0,18.432835820895523,17.558208955223883,15.3,70.0,24.1,60.0
62863,248,19.0,18.5,17.777611940298506,15.1,91.0,20.9,61.0
63763,248,19.0,18.5,17.737313432835823,15.2,95.0,17.7,63.0
64663,248,18.91379310344828,18.466101694915256,17.505084745762712,14.9,54.0,19.3,62.0
65563,248,18.9,18.416666666666664,17.5,14.7,49.0,19.3,64.0
66463,248,18.9,18.295454545454547,17.5,14.7,47.0,16.1,67.0
67363,248,18.9,18.0,17.5,14.5,49.0,12.9,68.0
68263,248,18.9,18.078125,17.5,13.7,25.0,11.3,72.0
69163,248,18.9,18.20338983050848,17.5,13.5,32.0,12.9,72.0
70063,248,18.864615384615384,18.05072463768116,17.5,13.4,21.0,16.1,73.0
70963,248,18.892982456140352,18.02542372881356,17.5,12.9,11.0,9.7,76.0
71863,248,18.9,18.454545454545453,17.54090909090909,12.4,0.0,8.0,79.0
72763,248,18.9,18.36065573770492,17.524590163934427,12.6,0.0,14.5,77.0
73663,248,18.9,18.375,17.5,12.7,0.0,14.5,78.0
74563,248,18.9,18.5,17.51875,12.5,0.0,14.5,80.0
75463,248,18.9,18.5,17.6,12.0,0.0,12.9,84.0
76363,248,18.9,18.5,17.67462686567164,11.6,0.0,12.9,85.0
77263,248,18.9,18.5,17.628571428571426,11.8,0.0,19.3,85.0
78163,248,18.9,18.5,17.705714285714286,11.9,0.0,17.7,85.0
79063,248,18.9,18.5,17.623529411764707,11.7,0.0,20.9,85.0
79963,248,18.9,18.49230769230769,17.5,11.4,0.0,19.3,85.0
80863,248,18.9,18.45384615384616,17.5,11.3,0.0,19.3,86.0
81763,248,18.9,18.388059701492537,17.5,11.3,0.0,20.9,86.0
82663,248,18.894117647058824,18.21551724137931,17.5,11.2,0.0,19.3,88.0
83563,248,18.91343283582089,18.455882352941178,17.64558823529412,11.2,0.0,19.3,88.0
84463,248,19.0,18.5,17.8,11.1,0.0,17.7,89.0
85363,248,19.0,18.5,17.8,11.0,0.0,19.3,87.0
86263,248,19.0,18.5,17.8,11.3,0.0,22.5,87.0
763,249,18.928985507246377,18.5,17.795081967213115,11.4,0.0,20.9,84.0
1663,249,18.9,18.484126984126984,17.771428571428572,11.2,0.0,20.9,86.0
2563,249,18.9,18.5,17.8,11.1,0.0,20.9,88.0
3463,249,18.9,18.43478260869565,17.665217391304346,11.1,0.0,22.5,88.0
4363,249,18.891176470588235,18.13492063492064,17.5,11.2,0.0,25.7,88.0
5263,249,18.8,18.0,17.5,11.1,0.0,24.1,87.0
6163,249,18.8,18.0,17.5,10.9,0.0,22.5,87.0
7063,249,18.8,18.0,17.5,10.6,0.0,20.9,89.0
7963,249,18.73333333333333,18.0,17.5,10.6,0.0,20.9,90.0
8863,249,18.7,18.0,17.5,10.5,0.0,20.9,89.0
9763,249,18.7,18.0,17.5,10.4,0.0,17.7,89.0
10663,249,18.7,18.0,17.5,10.4,0.0,20.9,90.0
11563,249,18.698529411764707,18.0,17.5,10.6,0.0,19.3,88.0
12463,249,18.6044776119403,18.0,17.5,10.5,0.0,17.7,87.0
13363,249,18.6,18.0,17.5,10.3,0.0,20.9,87.0
14263,249,18.6,18.0,17.5,10.3,0.0,19.3,87.0
15163,249,18.6,18.0,17.487692307692306,10.3,0.0,17.7,88.0
16063,249,18.6,18.0,17.373846153846152,10.3,0.0,17.7,89.0
16963,249,18.517910447761192,18.0,17.311940298507462,10.2,0.0,16.1,90.0
17863,249,18.5,18.0,17.3,10.3,0.0,19.3,88.0
18763,249,18.5,18.0,17.3,10.4,0.0,16.1,89.0
19663,249,18.5,18.0,17.3,10.3,0.0,14.5,90.0
20563,249,18.5,18.0,17.3,10.2,0.0,14.5,90.0
21463,249,18.5,18.0,17.3,10.1,0.0,16.1,90.0
22363,249,18.5,18.0,17.3,10.2,0.0,17.7,91.0
23263,249,18.5,18.0,17.3,10.4,0.0,16.1,91.0
24163,249,18.5,18.0,17.3,10.6,14.0,16.1,90.0
25063,249,18.5,18.0,17.3,10.7,23.0,19.3,90.0
25963,249,18.57462686567164,18.0,17.3,10.8,21.0,14.5,90.0
26863,249,18.701538461538465,18.0,17.3969696969697,10.8,26.0,17.7,90.0
27763,249,18.784848484848485,18.0,17.5,11.0,35.0,19.3,90.0
28663,249,18.65,18.0,17.3125,11.2,40.0,17.7,90.0
29563,249,18.515625,18.0,17.3,11.5,90.0,17.7,89.0
30463,249,18.448529411764707,18.0,17.3,11.7,40.0,17.7,87.0
31363,249,18.4,18.0,17.3,11.7,42.0,14.5,88.0
32263,249,18.336764705882352,18.0,17.3,12.2,127.0,17.7,86.0
33163,249,19.188235294117646,18.0,17.409230769230767,12.3,116.0,19.3,85.0
34063,249,18.98507462686567,18.0,17.49076923076923,12.8,366.0,17.7,84.0
34963,249,18.724615384615383,18.0,17.30294117647059,12.7,104.0,20.9,84.0
35863,249,18.612121212121213,18.0,17.3,13.1,185.0,20.9,83.0
36763,249,18.438235294117646,18.0,17.3,13.8,156.0,17.7,81.0
37663,249,18.304615384615385,18.0,17.163636363636364,13.6,469.0,22.5,83.0
38563,249,18.179411764705883,17.81159420289855,17.0,14.4,547.0,20.9,79.0
39463,249,18.187142857142856,37.06617647058824,30.13970588235294,14.6,570.0,22.5,79.0
40363,249,18.86617647058824,37.36029411764706,35.46470588235294,14.8,587.0,22.5,78.0
41263,249,19.311940298507466,26.78787878787879,25.48181818181818,15.2,717.0,22.5,77.0
42163,249,19.477941176470587,23.23880597014925,22.23134328358209,14.8,408.0,24.1,78.0
43063,249,19.5,21.07936507936508,20.426984126984127,15.4,744.0,22.5,77.0
43963,249,19.5,20.02173913043478,19.543478260869566,15.2,633.0,24.1,77.0
44863,249,19.421875,19.43939393939394,19.0,15.5,724.0,25.7,75.0
45763,249,19.367605633802818,19.0,18.68196721311476,15.1,657.0,25.7,79.0
46663,249,19.3,18.77941176470588,18.45294117647059,15.7,195.0,22.5,74.0
47563,249,19.2231884057971,18.5,18.3,16.3,742.0,22.5,73.0
48463,249,19.189855072463768,18.5,18.16056338028169,15.1,255.0,24.1,75.0
49363,249,19.1,18.5,18.0,14.8,267.0,22.5,78.0
50263,249,19.025757575757574,18.5,17.972727272727273,15.6,649.0,19.3,76.0
51163,249,19.0,18.272058823529413,17.8,16.1,288.0,19.3,75.0
52063,249,18.975384615384616,18.01515151515152,17.8,16.7,765.0,20.9,72.0
52963,249,18.9,18.0,17.8,15.2,63.0,17.7,76.0
53863,249,18.9,18.0,17.79032258064516,15.8,179.0,17.7,72.0
54763,249,18.812328767123287,18.0,17.523809523809526,15.0,153.0,19.3,73.0
55663,249,18.77971014492753,18.0,17.5,15.0,262.0,19.3,76.0
56563,249,18.7,18.0,17.5,15.6,446.0,14.5,75.0
57463,249,18.7,18.0,17.5,15.3,153.0,17.7,74.0
58363,249,18.7,18.0,17.5,14.9,56.0,17.7,77.0
59263,249,18.7,18.0,17.5,14.6,223.0,11.3,79.0
60163,249,18.6875,18.0,17.5,15.1,519.0,14.5,76.0
61063,249,18.6,18.0,17.5,14.6,107.0,17.7,78.0
61963,249,18.6,18.0,17.5,14.5,136.0,16.1,78.0
62863,249,18.6,18.0,17.5,14.1,74.0,17.7,80.0
63763,249,18.6,18.0,17.5,13.9,67.0,20.9,79.0
64663,249,18.59850746268657,18.0,17.443661971830984,13.7,67.0,16.1,80.0
65563,249,18.512,18.0,17.359574468085107,13.8,75.0,16.1,80.0
66463,249,18.5,18.0,17.304255319148936,13.7,65.0,19.3,81.0
67363,249,18.5,18.0,17.3,13.4,56.0,19.3,82.0
68263,249,18.5,18.0,17.3,12.7,35.0,16.1,85.0
69163,249,18.408620689655173,18.0,17.3,12.4,29.0,17.7,86.0
70063,249,18.4,18.0,17.3,12.3,14.0,14.5,86.0
70963,249,18.4,18.0,17.3,12.3,9.0,14.5,86.0
71863,249,18.40289855072464,18.0,17.3,12.1,0.0,14.5,87.0
72763,249,18.4,18.0,17.3,11.9,0.0,17.7,86.0
73663,249,18.4,18.0,17.3,11.8,0.0,14.5,85.0
74563,249,18.4,18.0,17.3,11.6,0.0,16.1,87.0
75463,249,18.4,18.0,17.3,11.5,0.0,12.9,88.0
76363,249,18.4,18.0,17.3,11.6,0.0,17.7,87.0
77263,249,18.328358208955223,18.0,17.3,11.7,0.0,17.7,87.0
78163,249,18.8,18.007692307692306,17.432307692307692,11.7,0.0,12.9,89.0
79063,249,19.780597014925373,18.17460317460317,17.711111111111112,11.6,0.0,14.5,88.0
79963,249,19.298507462686565,18.0,17.5,11.6,0.0,14.5,88.0
80863,249,18.97910447761194,18.0,17.458064516129035,11.6,0.0,16.1,88.0
81763,249,18.76,18.0,17.303333333333335,11.6,0.0,14.5,88.0
82663,249,18.628358208955223,18.0,17.3,11.6,0.0,12.9,88.0
83563,249,18.52238805970149,18.0,17.3,11.6,0.0,9.7,88.0
84463,249,18.406060606060606,18.0,17.3,11.5,0.0,9.7,88.0
85363,249,18.33283582089552,18.0,17.3,11.6,0.0,11.3,88.0
86263,249,18.3,18.0,17.3,11.5,0.0,14.5,88.0
763,250,18.21212121212121,18.0,17.3,11.5,0.0,12.9,88.0
1663,250,18.2,18.0,17.15909090909091,11.6,0.0,12.9,88.0
2563,250,18.2,18.0,17.03230769230769,11.6,0.0,12.9,88.0
3463,250,18.19848484848485,17.985507246376812,17.0,11.4,0.0,12.9,88.0
4363,250,18.10615384615385,17.865671641791046,17.0,11.4,0.0,14.5,88.0
5263,250,18.1,17.65441176470588,17.0,11.4,0.0,14.5,89.0
6163,250,18.1,17.534246575342465,17.0,11.5,0.0,17.7,88.0
7063,250,18.1,17.5,17.0,11.6,0.0,16.1,89.0
7963,250,18.1,17.5,17.0,11.5,0.0,14.5,89.0
8863,250,18.08888888888889,17.5,17.0,11.6,0.0,17.7,88.0
9763,250,18.0,17.5,17.0,11.6,0.0,17.7,88.0
10663,250,18.0,17.5,17.0,11.8,0.0,16.1,87.0
11563,250,18.0,17.5,17.0,11.6,0.0,12.9,88.0
12463,250,18.0,17.5,17.0,11.4,0.0,14.5,88.0
13363,250,18.0,17.5,17.0,11.6,0.0,16.1,87.0
14263,250,18.0,17.5,17.0,11.8,0.0,19.3,87.0
15163,250,17.99402985074627,17.5,17.0,11.8,0.0,16.1,87.0
16063,250,17.90151515151515,17.5,16.996875,11.9,0.0,17.7,87.0
16963,250,17.9,17.5,16.984375,12.1,0.0,12.9,86.0
17863,250,17.9,17.5,16.919402985074626,11.9,0.0,12.9,86.0
18763,250,17.9,17.5,16.82,12.0,0.0,11.3,86.0
19663,250,17.9,17.5,16.8,12.1,0.0,16.1,85.0
20563,250,17.9,17.5,16.8,12.0,0.0,16.1,86.0
21463,250,17.847619047619048,17.5,16.8,11.7,0.0,16.1,87.0
22363,250,17.8,17.5,16.8,11.8,0.0,16.1,87.0
23263,250,17.8,17.5,16.8,11.8,0.0,14.5,86.0
24163,250,17.81969696969697,17.5,16.8,11.9,7.0,16.1,86.0
25063,250,17.84516129032258,17.5,16.84179104477612,11.9,14.0,16.1,87.0
25963,250,18.07575757575757,17.5,17.0,11.8,32.0,16.1,87.0
26863,250,18.039682539682538,17.5,17.0,12.0,40.0,16.1,87.0
27763,250,18.0,17.5,17.0,12.1,38.0,11.3,88.0
28663,250,17.934426229508198,17.5,17.0,12.2,19.0,12.9,88.0
29563,250,17.9,17.5,16.925806451612903,12.3,28.0,16.1,89.0
30463,250,17.9,17.5,16.823880597014927,12.1,30.0,16.1,91.0
31363,250,17.9,17.5,16.802739726027397,12.0,58.0,17.7,91.0
32263,250,17.9,17.5,16.8,12.1,44.0,22.5,91.0
33163,250,17.861194029850743,17.5,16.8,11.9,33.0,17.7,92.0
34063,250,17.803174603174604,17.5,16.8,12.0,51.0,16.1,91.0
34963,250,17.859375,17.5,16.8,12.3,70.0,17.7,91.0
35863,250,17.89848484848485,17.5,16.8,12.5,81.0,19.3,91.0
36763,250,17.9,17.5,16.8,12.6,58.0,17.7,91.0
37663,250,17.9,17.5,16.8,12.6,91.0,14.5,91.0
38563,250,17.9,17.5,16.8,12.7,83.0,16.1,91.0
39463,250,17.9,17.5,16.8,12.8,120.0,20.9,90.0
40363,250,17.9,17.5,16.8,12.9,109.0,24.1,88.0
41263,250,17.88550724637681,17.5,16.8,13.3,137.0,20.9,87.0
42163,250,17.9,17.5,16.8,13.5,153.0,20.9,85.0
43063,250,,,,13.8,186.0,12.9,86.0
43963,250,17.8,17.5,16.8,13.8,144.0,17.7,85.0
44863,250,17.8,17.5,16.8,13.6,62.0,19.3,83.0
45763,250,17.8,17.5,16.8,13.3,63.0,17.7,86.0
46663,250,17.8,17.5,16.8,13.1,77.0,19.3,88.0
47563,250,17.8,17.5,16.8,13.2,105.0,12.9,90.0
48463,250,17.8,17.5,16.8,13.4,95.0,17.7,88.0
49363,250,17.8,17.5,16.8,13.4,74.0,22.5,88.0
50263,250,17.8,17.5,16.8,13.4,79.0,22.5,90.0
51163,250,17.8,17.5,16.8,13.2,63.0,20.9,93.0
52063,250,17.8,17.5,16.8,13.1,135.0,19.3,94.0
52963,250,17.8,17.5,16.8,13.4,184.0,24.1,94.0
53863,250,17.8,17.5,16.8,14.1,264.0,22.5,91.0
54763,250,17.82258064516129,17.5,16.8,14.7,227.0,20.9,91.0
55663,250,17.995384615384616,17.5,16.88695652173913,14.7,239.0,20.9,89.0
56563,250,17.953731343283582,17.5,16.8,14.8,163.0,17.7,89.0
57463,250,17.966666666666665,17.5,16.8,14.5,95.0,17.7,91.0
58363,250,18.04109589041096,17.5,16.8,14.0,46.0,24.1,93.0
59263,250,18.0,17.5,16.8,13.8,44.0,17.7,93.0
60163,250,17.908955223880596,17.5,16.8,13.6,26.0,12.9,94.0
61063,250,17.9,17.5,16.8,13.6,31.0,12.9,94.0
61963,250,17.846153846153847,17.5,16.8,13.4,114.0,20.9,93.0
62863,250,17.8,17.5,16.8,13.6,74.0,22.5,92.0
63763,250,17.8,17.5,16.8,13.7,84.0,20.9,92.0
64663,250,17.8,17.5,16.8,13.8,53.0,14.5,92.0
65563,250,17.782608695652176,17.5,16.8,13.8,76.0,22.5,92.0
66463,250,17.7,17.5,16.8,13.7,56.0,22.5,92.0
67363,250,17.7,17.5,16.8,13.6,49.0,20.9,92.0
68263,250,17.7,17.5,16.8,13.5,14.0,22.5,93.0
69163,250,17.7,17.5,16.8,13.3,19.0,20.9,94.0
70063,250,17.7,17.5,16.8,13.1,7.0,20.9,95.0
70963,250,17.64,17.5,16.77826086956522,13.1,6.0,22.5,95.0
71863,250,17.6,17.5,16.70735294117647,13.0,0.0,19.3,95.0
72763,250,17.6,17.5,16.565217391304348,13.0,0.0,17.7,95.0
73663,250,17.6,17.5,16.51846153846154,12.9,0.0,17.7,95.0
74563,250,17.6,17.5,16.51904761904762,12.9,0.0,22.5,95.0
75463,250,17.6,17.5,16.5,12.8,0.0,19.3,95.0
76363,250,17.6,17.491525423728813,16.505084745762712,12.7,0.0,22.5,95.0
77263,250,17.6,17.477941176470587,16.508823529411764,12.6,0.0,22.5,94.0
78163,250,17.671212121212122,17.5,16.663235294117648,12.6,0.0,19.3,95.0
79063,250,17.7,17.5,16.8,12.6,0.0,16.1,95.0
79963,250,17.655223880597013,17.5,16.78448275862069,12.4,0.0,17.7,95.0
80863,250,17.6,17.49264705882353,16.601470588235294,12.3,0.0,16.1,95.0
81763,250,17.6,17.49264705882353,16.5,12.2,0.0,14.5,95.0
82663,250,17.575,17.3,16.5,12.2,0.0,16.1,94.0
83563,250,17.5,17.15942028985507,16.5,12.0,0.0,12.9,94.0
84463,250,17.5,17.02238805970149,16.5,12.0,0.0,16.1,94.0
85363,250,17.5,17.0,16.5,11.8,0.0,16.1,94.0
86263,250,17.5,17.0,16.5,11.7,0.0,16.1,94.0
763,251,17.408955223880596,17.0,16.5,11.6,0.0,16.1,94.0
1663,251,17.4,17.0,16.5,11.4,0.0,16.1,94.0
2563,251,17.4,17.0,16.5,11.4,0.0,14.5,94.0
3463,251,17.4,17.0,16.5,11.4,0.0,14.5,94.0
4363,251,17.4,17.0,16.5,11.3,0.0,12.9,94.0
5263,251,17.4,17.0,16.5,11.3,0.0,19.3,92.0
6163,251,17.39,17.0,16.5,11.4,0.0,20.9,92.0
7063,251,17.3,17.0,16.5,11.2,0.0,17.7,92.0
7963,251,17.3,17.0,16.5,11.1,0.0,20.9,93.0
8863,251,17.3,17.0,16.5,10.9,0.0,16.1,94.0
9763,251,17.3,17.0,16.48235294117647,10.7,0.0,14.5,94.0
10663,251,17.3,17.0,16.434328358208955,10.7,0.0,19.3,93.0
11563,251,17.3,17.0,16.330303030303032,10.6,0.0,16.1,92.0
12463,251,17.272727272727273,17.0,16.306153846153848,10.4,0.0,16.1,92.0
13363,251,17.2,17.0,16.3,10.4,0.0,19.3,92.0
14263,251,17.2,17.0,16.3,10.4,0.0,22.5,92.0
15163,251,17.2,17.0,16.3,10.4,0.0,19.3,92.0
16063,251,17.2,17.0,16.3,10.2,0.0,17.7,92.0
16963,251,17.2,17.0,16.3,10.2,0.0,19.3,92.0
17863,251,17.2,17.0,16.3,10.1,0.0,17.7,92.0
18763,251,17.12153846153846,17.0,16.3,9.9,0.0,16.1,93.0
19663,251,17.1,17.0,16.3,9.9,0.0,16.1,92.0
20563,251,17.1,17.0,16.3,9.9,0.0,16.1,93.0
21463,251,17.1,17.0,16.3,10.0,0.0,19.3,92.0
22363,251,17.144117647058824,17.0,16.3,10.2,0.0,20.9,91.0
23263,251,17.424637681159417,17.0,16.5,10.1,0.0,20.9,92.0
24163,251,17.45671641791045,17.0,16.5,10.1,5.0,20.9,92.0
25063,251,17.4,17.0,16.5,9.9,14.0,17.7,93.0
25963,251,17.4,17.0,16.435294117647057,10.1,25.0,17.7,92.0
26863,251,17.4,17.0,16.312121212121212,10.3,26.0,19.3,92.0
27763,251,17.4,17.0,16.3,10.3,40.0,20.9,92.0
28663,251,17.4,17.0,16.3,10.7,100.0,22.5,91.0
29563,251,17.4,17.0,16.3,10.9,90.0,19.3,90.0
30463,251,17.4,17.0,16.3,10.8,113.0,17.7,90.0
31363,251,17.4,17.0,16.3,10.9,123.0,17.7,91.0
32263,251,17.4,17.0,16.3,11.0,132.0,19.3,90.0
33163,251,17.4,17.0,16.3,11.1,153.0,17.7,90.0
34063,251,17.4,17.0,16.3,11.6,165.0,17.7,88.0
34963,251,17.4,17.0,16.3,11.5,135.0,19.3,88.0
35863,251,17.4,17.0,16.3,12.6,227.0,14.5,86.0
36763,251,17.4,17.0,16.3,12.1,283.0,19.3,87.0
37663,251,17.4,17.0,16.3,12.2,181.0,17.7,86.0
38563,251,17.4,17.0,16.3,12.2,253.0,16.1,85.0
39463,251,17.4,17.0,16.3,12.4,120.0,20.9,83.0
40363,251,17.4,17.0,16.3,12.3,176.0,17.7,85.0
41263,251,17.4,17.0,16.3,12.4,239.0,25.7,85.0
42163,251,17.4,17.0,16.3,12.6,241.0,25.7,83.0
43063,251,17.4,17.0,16.3,14.1,694.0,20.9,81.0
43963,251,17.4,17.0,16.3,14.5,786.0,25.7,77.0
44863,251,17.347692307692306,17.0,16.3,13.9,742.0,25.7,79.0
45763,251,17.3,17.0,16.3,14.3,789.0,29.0,77.0
46663,251,17.3,17.0,16.3,12.9,155.0,27.4,83.0
47563,251,17.3,17.0,16.3,13.7,629.0,29.0,84.0
48463,251,17.3,17.0,16.3,14.1,663.0,25.7,81.0
49363,251,17.3,17.0,16.3,14.4,629.0,25.7,81.0
50263,251,17.3,17.0,16.3,14.3,649.0,27.4,81.0
51163,251,17.3,17.0,16.3,14.5,671.0,25.7,83.0
52063,251,17.3,17.0,16.3,14.6,670.0,27.4,80.0
52963,251,17.3,17.0,16.3,14.1,325.0,27.4,81.0
53863,251,17.3,17.0,16.3,14.8,461.0,25.7,81.0
54763,251,17.3,17.0,16.3,14.0,318.0,22.5,84.0
55663,251,17.294117647058822,17.0,16.3,14.0,163.0,19.3,84.0
56563,251,17.20151515151515,17.0,16.3,13.7,250.0,20.9,87.0
57463,251,17.2,17.0,16.3,14.4,241.0,22.5,82.0
58363,251,17.2,17.0,16.3,14.1,220.0,19.3,82.0
59263,251,17.2,17.0,16.3,14.2,134.0,19.3,83.0
60163,251,17.2,17.0,16.3,13.9,116.0,17.7,83.0
61063,251,17.2,17.0,16.3,13.7,148.0,19.3,83.0
61963,251,17.2,17.0,16.3,13.8,107.0,17.7,81.0
62863,251,17.2,17.0,16.3,13.6,95.0,19.3,82.0
63763,251,17.2,17.0,16.3,13.6,100.0,17.7,83.0
64663,251,17.2,17.0,16.3,13.2,72.0,17.7,85.0
65563,251,17.1109375,17.0,16.3,13.0,47.0,16.1,86.0
66463,251,17.120967741935484,17.0,16.3,12.9,44.0,16.1,85.0
67363,251,17.198529411764707,17.0,16.3,13.0,70.0,16.1,85.0
68263,251,17.2,17.0,16.3,12.7,35.0,14.5,86.0
69163,251,17.2,17.0,16.3,12.3,19.0,17.7,87.0
70063,251,17.204545454545453,17.0,16.3,11.9,9.0,16.1,87.0
70963,251,17.298507462686565,17.0,16.3,11.8,7.0,17.7,88.0
71863,251,17.3,17.0,16.3,11.3,0.0,17.7,89.0
72763,251,17.3,17.0,16.3,11.1,0.0,17.7,89.0
73663,251,17.3,17.0,16.3,10.9,0.0,17.7,89.0
74563,251,17.244927536231884,17.0,16.3,10.9,0.0,16.1,90.0
75463,251,17.2,17.0,16.3,11.0,0.0,17.7,90.0
76363,251,17.2,17.0,16.3,11.1,0.0,16.1,90.0
77263,251,17.198245614035088,17.0,16.3,11.1,0.0,14.5,90.0
78163,251,17.105714285714285,17.0,16.3,11.1,0.0,12.9,90.0
79063,251,17.1,17.0,16.3,11.1,0.0,14.5,91.0
79963,251,17.1,17.0,16.3,11.0,0.0,11.3,91.0
80863,251,17.1,17.0,16.3,10.9,0.0,17.7,91.0
81763,251,17.053846153846155,17.0,16.3,11.0,0.0,17.7,91.0
82663,251,17.0,17.0,16.3,11.0,0.0,17.7,90.0
83563,251,17.0,17.0,16.3,10.9,0.0,16.1,91.0
84463,251,17.0,17.0,16.3,10.8,0.0,11.3,91.0
85363,251,17.0,17.0,16.286764705882355,10.8,0.0,14.5,91.0
86263,251,17.0,17.0,16.17910447761194,10.8,0.0,14.5,92.0
763,252,17.0,17.0,16.070588235294117,10.8,0.0,12.9,92.0
1663,252,16.933823529411764,17.0,16.008695652173913,10.8,0.0,14.5,92.0
2563,252,16.9,17.0,16.0,10.7,0.0,9.7,92.0
3463,252,16.9,16.970149253731343,16.0,10.6,0.0,9.7,93.0
4363,252,16.9,16.791044776119403,16.0,10.5,0.0,8.0,94.0
5263,252,16.9,16.521428571428572,16.0,10.3,0.0,6.4,94.0
6163,252,16.9,16.5,16.0,10.2,0.0,8.0,94.0
7063,252,16.9,16.5,16.0,10.1,0.0,9.7,94.0
7963,252,16.89402985074627,16.5,16.0,10.1,0.0,8.0,94.0
8863,252,16.815873015873017,16.5,16.0,10.1,0.0,6.4,94.0
9763,252,16.8,16.5,16.0,10.1,0.0,6.4,95.0
10663,252,16.8,16.5,16.0,10.3,0.0,6.4,94.0
11563,252,16.8,16.5,16.0,10.4,0.0,4.8,94.0
12463,252,16.8,16.5,16.0,10.4,0.0,6.4,94.0
13363,252,16.8,16.5,16.0,10.4,0.0,8.0,95.0
14263,252,16.8,16.5,16.0,10.3,0.0,6.4,95.0
15163,252,16.8,16.5,16.0,10.4,0.0,6.4,95.0
16063,252,16.8,16.5,16.0,10.3,0.0,9.7,95.0
16963,252,16.8,16.5,16.0,10.2,0.0,9.7,95.0
17863,252,16.8,16.5,16.0,10.1,0.0,8.0,96.0
18763,252,16.8,16.5,16.0,9.9,0.0,8.0,96.0
19663,252,16.746031746031747,16.5,16.0,9.9,0.0,8.0,96.0
20563,252,16.7,16.5,15.99402985074627,9.8,0.0,8.0,97.0
21463,252,16.74285714285714,16.5,15.97058823529412,9.9,0.0,6.4,97.0
22363,252,16.777611940298506,16.5,15.815384615384616,9.8,0.0,6.4,97.0
23263,252,16.7,16.3955223880597,15.549253731343285,9.7,0.0,6.4,97.0
24163,252,16.668181818181818,16.007692307692306,15.466153846153848,9.7,0.0,6.4,97.0
25063,252,16.60289855072464,16.0,15.370588235294118,9.8,5.0,8.0,96.0
25963,252,16.822388059701492,16.47887323943662,15.70281690140845,9.8,5.0,6.4,95.0
26863,252,16.953030303030303,16.5,15.87878787878788,9.9,7.0,6.4,95.0
27763,252,17.0,16.5,15.988059701492537,9.9,18.0,8.0,95.0
28663,252,16.957575757575757,16.5,16.0,9.9,19.0,4.8,96.0
29563,252,16.9,16.5,16.0,9.9,32.0,4.8,96.0
30463,252,16.9,16.5,16.0,9.9,32.0,6.4,95.0
31363,252,16.9,16.5,16.0,10.2,90.0,6.4,94.0
32263,252,16.9,16.5,16.0,11.2,142.0,4.8,93.0
33163,252,16.9,16.5,16.0,11.3,125.0,6.4,91.0
34063,252,16.9,16.5,16.0,11.4,120.0,6.4,92.0
34963,252,16.9,16.5,16.0,11.7,153.0,9.7,89.0
35863,252,16.9,16.5,16.0,11.9,214.0,9.7,88.0
36763,252,16.9,16.5,16.0,12.3,274.0,11.3,87.0
37663,252,16.9,16.5,16.0,12.7,206.0,9.7,85.0
38563,252,16.9,16.5,16.0,13.1,269.0,6.4,87.0
39463,252,16.9,16.5,16.0,13.2,241.0,8.0,83.0
40363,252,16.93846153846154,16.5,16.0,13.2,95.0,8.0,85.0
41263,252,17.0,16.5,16.0,13.2,202.0,8.0,83.0
42163,252,17.0,16.5,16.0,13.7,241.0,6.4,81.0
43063,252,17.0,16.5,16.0,14.3,257.0,8.0,78.0
43963,252,17.0,16.5,16.0,14.4,123.0,4.8,76.0
44863,252,17.0,16.5,16.0,13.7,151.0,6.4,78.0
45763,252,17.0,16.5,16.0,14.9,355.0,6.4,75.0
46663,252,17.0,16.5,16.0,14.4,190.0,6.4,76.0
47563,252,17.0,16.5,16.0,15.7,735.0,4.8,73.0
48463,252,17.0,16.5,16.0,15.4,302.0,6.4,71.0
49363,252,17.0,16.5,16.0,14.9,172.0,4.8,74.0
50263,252,17.011475409836066,16.5,16.0,15.4,334.0,4.8,74.0
51163,252,17.1,16.5,16.0,15.8,302.0,4.8,71.0
52063,252,17.1,16.5,16.0,15.4,325.0,4.8,72.0
52963,252,17.1,16.5,16.0,16.4,521.0,3.2,71.0
53863,252,17.1,16.5,16.0,16.8,642.0,3.2,67.0
54763,252,17.1,16.5,16.0,17.3,547.0,6.4,63.0
55663,252,17.12372881355932,16.5,16.0,17.8,647.0,6.4,63.0
56563,252,17.2,16.5,16.0,16.6,98.0,8.0,66.0
57463,252,17.1469696969697,16.5,16.0,15.7,186.0,8.0,72.0
58363,252,17.1,16.5,16.0,16.8,455.0,4.8,68.0
59263,252,17.1,16.5,16.0,17.3,459.0,8.0,65.0
60163,252,17.1,16.5,16.0,17.2,446.0,11.3,64.0
61063,252,17.1,16.5,16.0,16.3,100.0,9.7,68.0
61963,252,17.18888888888889,16.5,16.025,16.2,139.0,6.4,68.0
62863,252,17.366666666666667,16.976190476190474,16.3,15.9,98.0,8.0,70.0
63763,252,17.3,17.0,16.3,15.6,35.0,6.4,73.0
64663,252,17.3,16.94927536231884,16.291304347826088,15.2,53.0,6.4,75.0
65563,252,17.3,16.801470588235293,16.264705882352942,15.3,55.0,4.8,75.0
66463,252,17.292537313432838,16.71014492753623,16.182608695652174,15.4,37.0,4.8,75.0
67363,252,17.203030303030303,16.638461538461538,16.161538461538463,15.6,32.0,4.8,74.0
68263,252,17.2,16.591666666666665,16.115000000000002,15.6,28.0,3.2,74.0
69163,252,17.2,16.93661971830986,16.3,15.3,21.0,4.8,75.0
70063,252,17.2,16.85483870967742,16.29032258064516,14.7,11.0,6.4,77.0
70963,252,17.2,16.889705882352942,16.29558823529412,14.3,9.0,6.4,78.0
71863,252,17.2,16.943548387096776,16.29032258064516,13.6,0.0,6.4,80.0
72763,252,17.2,16.9296875,16.2765625,13.3,0.0,4.8,80.0
73663,252,17.2,16.90151515151515,16.28181818181818,13.2,0.0,8.0,80.0
74563,252,17.2,16.84057971014493,16.282608695652176,13.0,0.0,8.0,81.0
75463,252,17.2,16.90151515151515,16.277272727272727,12.9,0.0,4.8,82.0
76363,252,17.243076923076924,17.0,16.3,13.0,0.0,8.0,81.0
77263,252,17.3,17.0,16.3,13.7,0.0,11.3,77.0
78163,252,17.3,17.0,16.3,14.3,0.0,14.5,74.0
79063,252,17.29264705882353,17.0,16.3,14.2,0.0,17.7,79.0
79963,252,17.201470588235292,17.0,16.3,13.9,0.0,16.1,81.0
80863,252,17.2,17.0,16.3,13.7,0.0,14.5,81.0
81763,252,17.2,17.0,16.3,13.6,0.0,14.5,81.0
82663,252,17.2,17.0,16.3,13.2,0.0,14.5,82.0
83563,252,17.2,17.0,16.3,13.0,0.0,16.1,82.0
84463,252,17.19855072463768,17.0,16.3,12.9,0.0,12.9,82.0
85363,252,17.11911764705882,17.0,16.3,12.9,0.0,14.5,82.0
86263,252,17.1,16.99264705882353,16.291176470588233,12.7,0.0,16.1,83.0
763,253,17.1,16.985714285714288,16.3,12.3,0.0,19.3,86.0
1663,253,17.1,16.96212121212121,16.3,12.2,0.0,17.7,86.0
2563,253,17.1,16.96923076923077,16.276923076923076,12.2,0.0,16.1,85.0
3463,253,17.1,16.942857142857143,16.252857142857145,11.6,0.0,20.9,90.0
4363,253,17.1,16.869565217391305,16.14782608695652,11.5,0.0,20.9,91.0
5263,253,17.1,16.77941176470588,16.061764705882354,11.4,0.0,14.5,91.0
6163,253,17.1,16.683823529411764,16.02647058823529,11.3,0.0,16.1,91.0
7063,253,17.1,16.674242424242426,16.009090909090908,11.3,0.0,16.1,91.0
7963,253,17.086764705882352,16.6,16.00923076923077,11.3,0.0,12.9,89.0
8863,253,17.017142857142858,16.59375,16.0,11.3,0.0,17.7,90.0
9763,253,17.0044776119403,16.553030303030305,16.004545454545454,11.2,0.0,14.5,90.0
10663,253,17.0,16.515384615384615,16.0,11.1,0.0,12.9,90.0
11563,253,17.0,16.508064516129032,16.0,11.0,0.0,12.9,91.0
12463,253,17.0,16.5,16.0,11.1,0.0,14.5,91.0
13363,253,17.0,16.5,16.0,11.1,0.0,9.7,91.0
14263,253,17.0,16.5,16.0,11.1,0.0,11.3,90.0
15163,253,17.0,16.5,16.0,11.1,0.0,9.7,89.0
16063,253,17.0,16.5,16.0,11.1,0.0,14.5,89.0
16963,253,17.0,16.5,16.0,11.1,0.0,14.5,88.0
17863,253,17.0,16.5,16.0,11.0,0.0,14.5,87.0
18763,253,17.0,16.5,16.0,11.0,0.0,16.1,87.0
19663,253,17.0,16.5,16.0,11.0,0.0,16.1,87.0
20563,253,16.96470588235294,16.5,16.0,10.9,0.0,12.9,88.0
21463,253,16.903030303030302,16.5,16.0,10.8,0.0,9.7,88.0
22363,253,17.71212121212121,16.62121212121212,16.077272727272728,10.8,0.0,12.9,89.0
23263,253,17.67878787878788,17.0,16.3,10.8,0.0,12.9,90.0
24163,253,17.076470588235292,16.846153846153847,16.115384615384617,10.9,0.0,14.5,90.0
25063,253,16.77887323943662,16.5,16.0,11.1,5.0,17.7,89.0
25963,253,17.14923076923077,16.98507462686567,16.26865671641791,11.1,7.0,17.7,89.0
26863,253,17.3734375,17.0,16.302985074626868,11.1,16.0,19.3,89.0
27763,253,17.3,17.0,16.3,11.0,18.0,16.1,89.0
28663,253,17.3,17.0,16.3,11.1,33.0,20.9,89.0
29563,253,17.23030303030303,17.0,16.3,11.1,39.0,22.5,90.0
30463,253,17.2,16.99264705882353,16.3,11.2,72.0,16.1,89.0
31363,253,17.2,16.869565217391305,16.269565217391303,11.3,75.0,16.1,89.0
32263,253,17.156338028169014,16.642857142857142,16.038571428571426,11.7,97.0,16.1,88.0
33163,253,17.1,16.514492753623188,16.0,12.1,100.0,14.5,86.0
34063,253,17.1,16.5,16.0,12.2,76.0,9.7,86.0
34963,253,17.1,16.5,16.0,12.3,63.0,6.4,86.0
35863,253,17.1,16.5,16.0,12.4,44.0,9.7,86.0
36763,253,17.1,16.5,16.0,12.4,103.0,8.0,87.0
37663,253,17.046376811594204,16.5,16.0,12.8,288.0,20.9,81.0
38563,253,17.0,16.5,16.0,12.7,200.0,25.7,81.0
39463,253,17.016417910447764,16.5,16.0,12.6,209.0,27.4,82.0
40363,253,17.1,16.5,16.0,13.7,747.0,30.6,79.0
41263,253,17.1,16.5,16.0,12.5,128.0,32.2,84.0
42163,253,17.1,16.5,16.0,12.0,244.0,32.2,86.0
43063,253,17.1,16.5,16.0,13.2,515.0,30.6,81.0
43963,253,17.13768115942029,16.5,16.0,13.9,624.0,27.4,80.0
44863,253,17.19705882352941,16.5,16.0,14.2,374.0,27.4,79.0
45763,253,17.19855072463768,16.5,16.0,14.7,914.0,27.4,79.0
46663,253,17.129850746268655,16.5,16.0,14.0,262.0,20.9,81.0
47563,253,17.19855072463768,16.5,16.0,14.3,288.0,20.9,80.0
48463,253,17.1578125,16.5,16.0,14.5,288.0,20.9,80.0
49363,253,17.19838709677419,16.5,16.0,14.1,235.0,20.9,82.0
50263,253,17.2,16.5,16.0,13.4,165.0,20.9,85.0
51163,253,17.185714285714287,16.5,16.004545454545454,13.9,225.0,19.3,85.0
52063,253,17.1,16.5,16.0,14.3,148.0,19.3,85.0
52963,253,17.1,16.5,16.0,14.7,548.0,19.3,86.0
53863,253,17.1515625,16.50735294117647,16.013235294117646,14.4,267.0,19.3,86.0
54763,253,17.2,16.507575757575758,16.01818181818182,14.2,135.0,20.9,85.0
55663,253,17.2,16.546153846153846,16.03230769230769,12.7,23.0,22.5,90.0
56563,253,17.2,16.53030303030303,16.027272727272727,11.9,59.0,24.1,92.0
57463,253,17.2,16.5,16.027272727272727,12.6,244.0,27.4,92.0
58363,253,17.129850746268655,16.6,16.083076923076923,13.3,443.0,19.3,93.0
59263,253,17.1,16.535714285714285,16.047142857142855,13.2,151.0,17.7,89.0
60163,253,17.098550724637683,16.5,16.0,13.1,183.0,17.7,89.0
61063,253,17.0,16.5,16.0,13.0,35.0,17.7,88.0
61963,253,17.0,16.5,16.0,12.1,76.0,29.0,88.0
62863,253,17.0,16.5,16.0,11.3,44.0,25.7,89.0
63763,253,17.0,16.5,16.0,11.0,32.0,30.6,90.0
64663,253,17.0,16.5,16.0,10.7,44.0,27.4,92.0
65563,253,17.0,16.5,16.0,10.8,100.0,22.5,92.0
66463,253,17.0,16.5,16.0,10.9,90.0,17.7,92.0
67363,253,17.0,16.5,16.0,11.2,53.0,24.1,91.0
68263,253,17.043939393939393,16.507575757575758,16.0,10.9,31.0,22.5,90.0
69163,253,17.1,16.507575757575758,16.0,10.8,23.0,20.9,91.0
70063,253,17.046969696969697,16.515873015873016,16.0,10.7,9.0,20.9,91.0
70963,253,17.0,16.5,16.0,10.6,5.0,22.5,90.0
71863,253,17.0,16.64179104477612,16.05373134328358,10.3,0.0,24.1,89.0
72763,253,17.0,16.50714285714286,16.0,10.2,0.0,25.7,89.0
73663,253,17.0,16.5,16.0,10.1,0.0,20.9,90.0
74563,253,16.90597014925373,16.5,16.0,10.1,0.0,25.7,90.0
75463,253,16.9,16.5,16.0,9.8,0.0,25.7,90.0
76363,253,16.9,16.5,16.0,9.8,0.0,24.1,90.0
77263,253,16.9,16.5,16.0,9.8,0.0,25.7,91.0
78163,253,16.957575757575757,16.5,16.0,9.7,0.0,24.1,91.0
79063,253,17.0,16.5,16.0,9.9,0.0,24.1,91.0
79963,253,17.0,16.5,16.0,9.9,0.0,25.7,90.0
80863,253,17.0,16.5,16.0,9.8,0.0,24.1,91.0
81763,253,16.983333333333334,16.5,16.0,9.6,0.0,24.1,91.0
82663,253,16.9,16.5,16.0,9.6,0.0,24.1,91.0
83563,253,16.9,16.5,16.0,9.7,0.0,24.1,90.0
84463,253,16.87121212121212,16.5,16.0,9.7,0.0,22.5,89.0
85363,253,16.8,16.5,16.0,9.6,0.0,19.3,90.0
86263,253,16.8,16.5,16.0,9.5,0.0,22.5,90.0
763,254,16.8,16.5,16.0,9.3,0.0,20.9,90.0
1663,254,16.8,16.5,15.990625,9.3,0.0,24.1,89.0
2563,254,16.71363636363636,16.5,15.92058823529412,9.4,0.0,25.7,89.0
3463,254,16.7,16.5,15.806060606060608,9.4,0.0,24.1,88.0
4363,254,16.7,16.5,15.803076923076924,9.4,0.0,20.9,88.0
5263,254,16.7,16.5,15.8,9.4,0.0,17.7,89.0
6163,254,16.7,16.5,15.8,9.6,0.0,20.9,89.0
7063,254,16.689230769230768,16.5,15.8,9.5,0.0,20.9,89.0
7963,254,16.6,16.5,15.8,9.6,0.0,17.7,89.0
8863,254,16.6,16.5,15.8,9.7,0.0,19.3,89.0
9763,254,16.6,16.5,15.8,9.7,0.0,19.3,89.0
10663,254,16.6,16.5,15.8,9.7,0.0,14.5,90.0
11563,254,16.6,16.5,15.8,9.8,0.0,16.1,90.0
12463,254,16.6,16.5,15.8,9.8,0.0,16.1,91.0
13363,254,16.548529411764708,16.5,15.8,9.7,0.0,16.1,92.0
14263,254,16.5,16.5,15.8,9.5,0.0,14.5,94.0
15163,254,16.5,16.5,15.8,9.5,0.0,14.5,94.0
16063,254,16.5,16.5,15.8,9.8,0.0,14.5,94.0
16963,254,16.5,16.5,15.78125,9.8,0.0,12.9,94.0
17863,254,16.5,16.5,15.678260869565218,9.9,0.0,16.1,94.0
18763,254,16.5,16.5,15.504347826086956,10.1,0.0,14.5,95.0
19663,254,16.455882352941178,16.5,15.504347826086956,10.0,0.0,4.8,95.0
20563,254,16.4031746031746,16.5,15.513043478260869,10.1,0.0,12.9,95.0
21463,254,16.4,16.5,15.5,10.1,0.0,12.9,96.0
22363,254,16.4,16.492537313432837,15.5,10.1,0.0,11.3,96.0
23263,254,16.43623188405797,16.5,15.573846153846151,10.1,0.0,12.9,96.0
24163,254,16.519402985074628,16.5,15.751470588235293,10.0,0.0,14.5,97.0
25063,254,16.877611940298507,16.5,15.9375,9.8,5.0,14.5,97.0
25963,254,16.912121212121214,16.5,15.996774193548386,9.7,16.0,12.9,97.0
26863,254,16.9,16.5,15.952941176470588,9.6,28.0,12.9,97.0
27763,254,16.9,16.5,15.832835820895522,9.7,32.0,11.3,97.0
28663,254,16.9,16.5,15.8,9.6,25.0,12.9,97.0
29563,254,16.9,16.5,15.8,9.6,26.0,9.7,96.0
30463,254,16.9,16.5,15.8,9.7,33.0,12.9,97.0
31363,254,16.9,16.5,15.8,9.9,111.0,12.9,96.0
32263,254,16.9,16.5,15.8,10.7,271.0,14.5,94.0
33163,254,16.90615384615385,16.5,15.8,10.9,146.0,14.5,93.0
34063,254,17.0,16.5,15.8,11.7,318.0,16.1,90.0
34963,254,17.0,16.5,15.812121212121212,11.6,227.0,16.1,89.0
35863,254,17.0,16.5,15.864705882352942,12.5,450.0,16.1,89.0
36763,254,17.08529411764706,16.5,15.903225806451612,12.8,420.0,14.5,87.0
37663,254,17.03235294117647,16.5,15.945454545454549,12.8,392.0,17.7,84.0
38563,254,17.0,16.5,16.0,13.4,480.0,19.3,84.0
39463,254,17.0,16.5,16.0,13.8,608.0,19.3,82.0
40363,254,17.0,16.5,16.0,14.7,687.0,17.7,78.0
41263,254,17.0,16.5,16.0,14.3,570.0,20.9,78.0
42163,254,17.0,16.5,16.0,14.6,689.0,22.5,78.0
43063,254,17.0,16.5,16.0,15.1,675.0,20.9,74.0
43963,254,17.0,16.5,16.0,14.9,424.0,22.5,77.0
44863,254,17.0,16.5,16.0,14.9,380.0,22.5,75.0
45763,254,17.0,16.5,16.0,14.9,309.0,17.7,73.0
46663,254,17.0,16.5,16.0,14.8,127.0,22.5,73.0
47563,254,17.0,16.5,16.0,14.6,184.0,20.9,74.0
48463,254,17.0,16.5,16.0,15.2,260.0,20.9,72.0
49363,254,17.0,16.5,16.0,15.2,237.0,19.3,73.0
50263,254,17.0,16.5,16.0,15.4,149.0,22.5,69.0
51163,254,17.0,16.5,16.0,14.6,429.0,20.9,81.0
52063,254,17.0,16.5,16.0,14.5,114.0,20.9,84.0
52963,254,16.996969696969696,16.5,16.0,14.1,257.0,22.5,81.0
53863,254,16.90909090909091,16.5,16.0,14.5,153.0,22.5,77.0
54763,254,16.934426229508198,16.5,16.0,14.0,98.0,20.9,78.0
55663,254,17.0,16.5,16.0,14.0,183.0,20.9,76.0
56563,254,17.0,16.5,16.0,14.2,212.0,22.5,75.0
57463,254,17.0,16.5,16.0,14.1,172.0,22.5,74.0
58363,254,17.0,16.5,16.0,14.4,105.0,19.3,73.0
59263,254,17.0,16.5,16.0,14.7,432.0,19.3,71.0
60163,254,17.0,16.5,16.0,15.1,387.0,20.9,68.0
61063,254,17.0,16.5,16.0,15.0,44.0,22.5,64.0
61963,254,17.0,16.5,16.0,14.9,67.0,22.5,64.0
62863,254,16.957575757575757,16.5,16.0,15.1,54.0,22.5,66.0
63763,254,16.9,16.5,16.0,14.8,49.0,20.9,68.0
64663,254,16.926984126984127,16.5,16.0,14.4,42.0,24.1,70.0
65563,254,16.9,16.5,16.0,14.0,42.0,19.3,72.0
66463,254,16.9,16.5,15.971830985915494,13.6,21.0,19.3,72.0
67363,254,16.84642857142857,16.5,15.82153846153846,13.4,39.0,22.5,75.0
68263,254,16.913846153846155,31.977272727272727,25.362121212121213,13.2,18.0,25.7,74.0
69163,254,17.642028985507245,50.715384615384615,45.69230769230769,12.6,11.0,22.5,77.0
70063,254,18.701612903225808,56.09230769230769,51.98615384615384,12.2,7.0,22.5,78.0
70963,254,19.5203125,56.5,52.3,12.0,0.0,22.5,79.0
71863,254,20.1015873015873,56.5,52.3112676056338,11.9,0.0,22.5,79.0
72763,254,20.579104477611946,55.81159420289855,52.14927536231884,11.8,0.0,20.9,80.0
73663,254,21.015942028985503,54.11029411764706,49.713235294117645,11.5,0.0,24.1,83.0
74563,254,21.1,36.33333333333333,32.93636363636364,11.3,0.0,19.3,84.0
75463,254,21.019117647058824,27.61971830985916,25.033802816901407,11.2,0.0,22.5,84.0
76363,254,20.68450704225352,23.56617647058824,21.99705882352941,11.2,0.0,22.5,84.0
77263,254,20.282608695652176,21.28030303030303,20.23787878787879,11.1,0.0,22.5,84.0
78163,254,19.918840579710142,20.056451612903224,19.33225806451613,10.9,0.0,20.9,84.0
79063,254,19.57692307692308,19.228571428571428,18.59285714285714,10.8,0.0,22.5,84.0
79963,254,19.30294117647059,18.68840579710145,18.121739130434783,10.7,0.0,22.5,85.0
80863,254,19.10615384615385,18.5,18.21,10.6,0.0,20.9,85.0
81763,254,18.973134328358206,18.5,18.163235294117648,10.6,0.0,22.5,85.0
82663,254,18.838461538461537,18.05223880597015,17.750746268656716,10.4,0.0,20.9,86.0
83563,254,18.68,18.0,17.5,10.4,0.0,22.5,86.0
84463,254,18.558823529411764,18.0,17.3969696969697,10.2,0.0,22.5,87.0
85363,254,18.46212121212121,17.96875,17.3,10.2,0.0,22.5,87.0
86263,254,18.39375,17.559701492537314,17.3,10.2,0.0,24.1,87.0
763,255,18.3,17.5,17.09264705882353,10.2,0.0,24.1,87.0
1663,255,18.224242424242423,17.5,17.0,10.2,0.0,24.1,87.0
2563,255,18.2,17.5,17.0,10.2,0.0,22.5,87.0
3463,255,18.10909090909091,17.5,17.0,10.2,0.0,22.5,88.0
4363,255,18.1,17.5,16.97101449275362,10.2,0.0,22.5,88.0
5263,255,18.046875,17.5,16.806153846153848,10.2,0.0,19.3,88.0
6163,255,18.0,17.5,16.8,10.2,0.0,20.9,89.0
7063,255,18.0,17.5,16.8,10.2,0.0,24.1,89.0
7963,255,17.97391304347826,17.5,16.8,10.3,0.0,24.1,88.0
8863,255,17.9,17.5,16.8,10.4,0.0,24.1,87.0
9763,255,17.9,17.5,16.8,10.4,0.0,25.7,87.0
10663,255,17.9,17.5,16.79558823529412,10.4,0.0,22.5,87.0
11563,255,17.833333333333336,17.42028985507246,16.673913043478258,10.4,0.0,24.1,86.0
12463,255,17.8,17.12686567164179,16.5044776119403,10.1,0.0,22.5,87.0
13363,255,17.8,17.316666666666666,16.669999999999998,10.1,0.0,22.5,88.0
14263,255,17.8,17.34090909090909,16.595454545454547,10.1,0.0,24.1,88.0
15163,255,17.8,17.03846153846154,16.5,10.0,0.0,25.7,88.0
16063,255,17.754545454545454,17.0,16.5,9.9,0.0,24.1,89.0
16963,255,17.7,17.0,16.5,10.0,0.0,22.5,88.0
17863,255,17.7,17.0,16.5,9.9,0.0,24.1,88.0
18763,255,17.7,17.0,16.5,9.9,0.0,22.5,87.0
19663,255,17.631884057971014,17.0,16.5,9.8,0.0,24.1,88.0
20563,255,17.6,17.0,16.5,9.8,0.0,24.1,88.0
21463,255,17.6,17.0,16.5,9.7,0.0,24.1,88.0
22363,255,17.6,17.0,16.48840579710145,9.6,0.0,22.5,88.0
23263,255,17.6,17.0,16.41470588235294,9.7,0.0,22.5,87.0
24163,255,17.70952380952381,17.066176470588236,16.544117647058822,9.6,5.0,19.3,88.0
25063,255,18.4044776119403,17.5,16.821875,9.5,9.0,20.9,88.0
25963,255,18.45909090909091,17.5,16.829850746268654,9.5,16.0,22.5,88.0
26863,255,18.2,17.5,16.8,9.7,19.0,22.5,87.0
27763,255,18.2,17.5,16.8,9.9,21.0,22.5,87.0
28663,255,18.126470588235293,17.477941176470587,16.8,10.1,23.0,20.9,86.0
29563,255,18.07462686567164,17.13157894736842,16.71578947368421,10.1,25.0,20.9,86.0
30463,255,18.0,17.0,16.54225352112676,10.2,26.0,24.1,85.0
31363,255,18.0,17.0,16.5,10.9,239.0,22.5,83.0
32263,255,17.9984375,17.0,16.5,11.3,274.0,22.5,81.0
33163,255,17.902857142857144,17.0,16.5,11.3,294.0,24.1,82.0
34063,255,17.9,17.0,16.5,11.7,341.0,24.1,81.0
34963,255,17.9,17.0,16.5,11.9,362.0,24.1,79.0
35863,255,17.9,17.0,16.5,12.5,413.0,19.3,78.0
36763,255,17.9,17.0,16.5,12.3,76.0,25.7,77.0
37663,255,17.9,17.0,16.5,12.5,448.0,22.5,77.0
38563,255,17.9,17.0,16.5,13.3,480.0,20.9,74.0
39463,255,17.9,17.0,16.5,13.2,561.0,20.9,73.0
40363,255,17.89855072463768,17.0,16.5,13.5,411.0,14.5,74.0
41263,255,17.817910447761193,17.0,16.5,13.7,540.0,16.1,75.0
42163,255,17.8,17.0,16.5,14.3,373.0,16.1,68.0
43063,255,17.8,17.0,16.5,14.4,490.0,16.1,69.0
43963,255,17.8,17.0,16.5,14.2,622.0,19.3,68.0
44863,255,17.8,17.0,16.5,13.8,190.0,20.9,70.0
45763,255,17.8,17.0,16.5,14.6,733.0,16.1,68.0
46663,255,17.8,17.0,16.5,15.1,810.0,17.7,68.0
47563,255,17.8,17.0,16.5,14.4,248.0,17.7,68.0
48463,255,17.8,17.0,16.5,14.1,214.0,16.1,70.0
49363,255,17.8,17.0,16.5,13.8,211.0,16.1,71.0
50263,255,17.7828125,17.0,16.5,14.0,130.0,11.3,76.0
51163,255,17.7,17.0,16.5,13.3,158.0,12.9,78.0
52063,255,17.7,17.0,16.5,13.3,287.0,17.7,78.0
52963,255,17.7,17.0,16.5,13.8,294.0,17.7,75.0
53863,255,17.7,17.0,16.5,13.7,118.0,16.1,75.0
54763,255,17.7,17.0,16.5,13.5,120.0,19.3,76.0
55663,255,17.7,17.0,16.5,13.5,269.0,17.7,76.0
56563,255,17.7,17.0,16.5,13.2,234.0,19.3,76.0
57463,255,17.6328125,17.0,16.5,13.1,171.0,16.1,76.0
58363,255,17.6,17.0,16.5,12.8,165.0,17.7,76.0
59263,255,17.6,17.0,16.5,12.7,135.0,12.9,78.0
60163,255,17.6,17.0,16.5,12.6,107.0,11.3,78.0
61063,255,17.6,17.0,16.5,12.2,84.0,16.1,79.0
61963,255,17.6,17.0,16.444615384615382,12.2,90.0,14.5,80.0
62863,255,17.509375,17.0,16.3,12.1,81.0,14.5,81.0
63763,255,17.47536231884058,17.0,16.3,11.8,46.0,16.1,80.0
64663,255,17.4,17.0,16.3,11.6,39.0,12.9,82.0
65563,255,17.4,17.0,16.3,11.4,30.0,12.9,83.0
66463,255,17.37391304347826,17.0,16.3,11.3,16.0,14.5,83.0
67363,255,17.3,17.0,16.3,11.2,14.0,14.5,83.0
68263,255,17.3,17.0,16.3,11.1,12.0,14.5,83.0
69163,255,17.3,17.0,16.3,11.1,9.0,14.5,84.0
70063,255,17.3,17.0,16.1453125,10.9,0.0,12.9,84.0
70963,255,17.3,17.0,16.250746268656716,10.8,0.0,9.7,85.0
71863,255,17.3,17.0,16.29558823529412,10.7,0.0,11.3,86.0
72763,255,17.3,17.0,16.282608695652176,10.7,0.0,6.4,87.0
73663,255,17.3,17.0,16.2625,10.5,0.0,3.2,88.0
74563,255,17.36231884057971,16.88888888888889,16.16190476190476,10.4,0.0,1.6,89.0
75463,255,17.3,16.539682539682538,15.863492063492064,10.3,0.0,0.0,90.0
76363,255,17.3,16.5,16.0,10.1,0.0,0.0,92.0
77263,255,17.349253731343286,16.761904761904763,16.0,9.8,0.0,0.0,92.0
78163,255,17.39846153846154,16.97101449275362,16.0,9.7,0.0,0.0,91.0
79063,255,17.3,17.0,16.0,9.4,0.0,1.6,92.0
79963,255,17.3,17.0,16.02769230769231,9.3,0.0,1.6,92.0
80863,255,17.3203125,17.0,16.3,8.9,0.0,4.8,92.0
81763,255,17.397058823529413,17.0,16.336363636363636,8.8,0.0,4.8,92.0
82663,255,19.78,17.507246376811594,17.018840579710144,8.8,0.0,4.8,93.0
83563,255,19.929411764705883,17.5,16.86521739130435,8.7,0.0,3.2,93.0
84463,255,19.24558823529412,17.5,16.8,8.6,0.0,4.8,93.0
85363,255,18.77460317460317,17.453125,16.6734375,8.6,0.0,1.6,94.0
86263,255,18.40869565217391,17.015151515151516,16.5,8.5,0.0,1.6,94.0
763,256,18.115942028985508,17.0,16.5,8.4,0.0,0.0,94.0
1663,256,17.89846153846154,17.0,16.5,8.3,0.0,0.0,94.0
2563,256,17.641538461538463,17.0,16.5,8.2,0.0,1.6,94.0
3463,256,17.41269841269841,17.0,16.5,8.3,0.0,0.0,95.0
4363,256,17.185294117647057,17.0,16.496825396825397,8.3,0.0,3.2,95.0
5263,256,17.0,17.0,16.35217391304348,8.2,0.0,4.8,96.0
6163,256,17.0,17.0,16.3,8.1,0.0,4.8,96.0
7063,256,17.014705882352942,17.0,16.3,8.0,0.0,4.8,96.0
7963,256,17.1,17.0,16.3,7.8,0.0,4.8,96.0
8863,256,17.161538461538463,17.0,16.3,7.7,0.0,6.4,96.0
9763,256,17.2,17.0,16.3,7.7,0.0,6.4,96.0
10663,256,17.2,17.0,16.3,7.7,0.0,8.0,96.0
11563,256,17.2,17.0,16.3,7.7,0.0,8.0,96.0
12463,256,17.2,17.0,16.3,7.7,0.0,9.7,96.0
13363,256,17.2,17.0,16.3,7.7,0.0,9.7,96.0
14263,256,17.2,17.0,16.3,7.7,0.0,9.7,96.0
15163,256,17.2,17.0,16.3,7.8,0.0,11.3,96.0
16063,256,17.2,17.0,16.3,7.8,0.0,11.3,97.0
16963,256,17.2,17.0,16.3,7.8,0.0,14.5,97.0
17863,256,17.2,17.0,16.290769230769232,7.8,0.0,12.9,97.0
18763,256,17.2,16.975409836065573,16.113114754098362,7.8,0.0,14.5,97.0
19663,256,17.12295081967213,16.830882352941178,16.008823529411764,7.8,0.0,16.1,97.0
20563,256,17.1,16.65909090909091,16.0,7.8,0.0,16.1,97.0
21463,256,17.1,16.567164179104477,16.0,7.8,0.0,14.5,97.0
22363,256,17.1,16.5,16.0,7.9,0.0,14.5,97.0
23263,256,17.1,16.583333333333336,16.0,7.9,0.0,14.5,97.0
24163,256,17.13582089552239,16.81060606060606,16.15909090909091,7.9,0.0,16.1,97.0
25063,256,17.43,16.93181818181818,16.278787878787877,8.0,7.0,16.1,97.0
25963,256,17.433333333333334,16.888059701492537,16.0,8.1,14.0,14.5,97.0
26863,256,17.36376811594203,17.0,16.0,8.1,18.0,14.5,97.0
27763,256,17.3,16.93846153846154,16.073846153846155,8.1,20.0,12.9,97.0
28663,256,17.250746268656716,16.90909090909091,16.131818181818183,8.2,39.0,14.5,96.0
29563,256,17.2,16.75714285714286,16.09,8.3,47.0,14.5,96.0
30463,256,17.2,16.576923076923077,16.02769230769231,8.3,69.0,17.7,96.0
31363,256,17.2,16.5,16.0,8.4,80.0,16.1,96.0
32263,256,17.166153846153847,16.5,16.0,8.6,123.0,16.1,96.0
33163,256,17.1,16.5,16.0,8.7,134.0,16.1,96.0
34063,256,17.1,16.5,16.0,8.9,134.0,16.1,95.0
34963,256,17.1,16.5,16.0,9.1,139.0,14.5,96.0
35863,256,17.1,16.5,16.0,9.2,135.0,14.5,95.0
36763,256,17.1,16.5,16.0,9.2,155.0,16.1,95.0
37663,256,17.1,16.5,16.0,9.4,169.0,16.1,95.0
38563,256,17.1,16.5,16.0,9.5,163.0,14.5,95.0
39463,256,17.1,16.5,16.0,9.7,179.0,14.5,95.0
40363,256,17.1,16.5,16.0,9.7,186.0,14.5,94.0
41263,256,17.1,16.5,16.0,9.9,213.0,14.5,94.0
42163,256,17.1,16.5,16.0,10.2,251.0,14.5,93.0
43063,256,17.1,16.5,16.0,10.4,290.0,16.1,92.0
43963,256,17.1,16.5,16.0,10.6,234.0,14.5,92.0
44863,256,17.1,16.5,16.0,10.7,229.0,12.9,91.0
45763,256,17.1,16.5,16.0,10.7,226.0,14.5,92.0
46663,256,17.1,16.5,16.0,10.7,202.0,14.5,90.0
47563,256,17.1,16.5,16.0,10.8,192.0,12.9,90.0
48463,256,17.1,16.5,16.0,10.9,195.0,12.9,89.0
49363,256,17.1,16.5,16.0,10.9,187.0,12.9,89.0
50263,256,17.1,16.5,16.0,11.3,290.0,12.9,89.0
51163,256,17.1,16.5,16.0,11.4,267.0,11.3,90.0
52063,256,17.1,16.5,16.0,11.6,218.0,11.3,88.0
52963,256,17.063492063492063,16.5,16.0,11.6,219.0,12.9,89.0
53863,256,17.0,16.5,16.0,11.7,225.0,12.9,86.0
54763,256,17.0,16.5,16.0,11.8,221.0,12.9,84.0
55663,256,17.0,16.5,16.0,11.9,232.0,12.9,82.0
56563,256,16.932835820895523,16.5,15.9,12.1,227.0,9.7,81.0
57463,256,16.9,16.5,15.802985074626866,12.1,125.0,9.7,79.0
58363,256,16.9,16.5,15.8,11.8,49.0,8.0,80.0
59263,256,16.9,16.5,15.8,11.1,65.0,9.7,88.0
60163,256,16.8265625,16.5,15.8,10.0,16.0,12.9,88.0
61063,256,16.8,16.5,15.8,9.0,7.0,12.9,95.0
61963,256,16.8,16.5,15.8,8.8,7.0,4.8,95.0
62863,256,16.8,16.5,15.8,8.7,7.0,4.8,97.0
63763,256,16.8,16.5,15.8,8.6,12.0,4.8,97.0
64663,256,16.8,16.5,15.8,8.7,35.0,3.2,97.0
65563,256,16.8,16.5,15.8,8.8,21.0,1.6,97.0
66463,256,16.80923076923077,16.5,15.80952380952381,8.9,18.0,1.6,97.0
67363,256,17.016176470588235,16.516666666666666,16.015,9.1,11.0,1.6,97.0
68263,256,17.064705882352943,16.514492753623188,16.0,8.7,0.0,9.7,93.0
69163,256,17.0,16.5,16.0,8.4,0.0,6.4,95.0
70063,256,17.019402985074628,16.5,16.0,8.3,0.0,3.2,96.0
70963,256,17.1,16.5,16.0,8.3,0.0,1.6,96.0
71863,256,17.1,16.5,16.0,8.3,0.0,3.2,96.0
72763,256,17.1,16.5,16.0,8.2,0.0,3.2,95.0
73663,256,17.1,16.5,16.0,8.7,0.0,6.4,95.0
74563,256,17.013846153846153,16.5,15.97101449275362,8.9,0.0,8.0,95.0
75463,256,16.94923076923077,16.5,15.958823529411765,9.1,0.0,11.3,96.0
76363,256,16.9,16.5,15.858823529411763,9.1,0.0,9.7,96.0
77263,256,16.9,16.5,15.8,9.1,0.0,11.3,96.0
78163,256,16.9,16.5,15.803174603174602,9.1,0.0,9.7,96.0
79063,256,16.846969696969698,16.5,15.8,8.9,0.0,8.0,96.0
79963,256,16.8,16.5,15.8,8.8,0.0,8.0,96.0
80863,256,16.83125,29.19230769230769,23.269230769230766,8.7,0.0,8.0,94.0
81763,256,17.666666666666664,49.29508196721312,44.72786885245902,8.6,0.0,9.7,94.0
82663,256,18.652380952380952,49.723880597014926,45.66268656716418,8.3,0.0,8.0,94.0
83563,256,19.249122807017542,41.59836065573771,37.63934426229508,8.3,0.0,9.7,94.0
84463,256,19.591803278688523,49.44166666666667,45.29333333333334,8.3,0.0,9.7,94.0
85363,256,20.04655172413793,32.614754098360656,29.437704918032782,8.3,0.0,11.3,94.0
86263,256,20.0984375,25.5625,23.565625,8.5,0.0,11.3,94.0
763,257,19.932258064516127,22.208333333333336,21.01,8.6,0.0,12.9,93.0
1663,257,19.6828125,20.375,19.5953125,8.8,0.0,11.3,93.0
2563,257,19.412068965517243,19.258333333333333,18.725,8.8,0.0,9.7,93.0
3463,257,19.14909090909091,18.63636363636364,18.14848484848485,8.9,0.0,9.7,92.0
4363,257,18.91818181818181,18.1328125,17.81875,8.8,0.0,9.7,92.0
5263,257,18.7015625,18.0,17.498507462686568,8.9,0.0,11.3,91.0
6163,257,18.523728813559323,17.557377049180328,17.3,8.8,0.0,11.3,91.0
7063,257,18.35084745762712,17.5,17.130645161290325,8.7,0.0,11.3,91.0
7963,257,18.17419354838709,17.5,17.0,8.6,0.0,11.3,91.0
8863,257,18.045454545454547,17.5,16.92258064516129,8.5,0.0,12.9,92.0
9763,257,17.93064516129032,17.233333333333334,16.8,8.5,0.0,12.9,91.0
10663,257,17.83809523809524,17.0,16.8,8.4,0.0,12.9,92.0
11563,257,17.787301587301588,17.0,16.661538461538463,8.3,0.0,11.3,92.0
12463,257,17.7,17.0,16.5,8.5,0.0,12.9,91.0
13363,257,17.684848484848484,17.0,16.5,8.6,0.0,14.5,91.0
14263,257,17.6,17.0,16.5,8.6,0.0,12.9,91.0
15163,257,17.6,17.0,16.493333333333332,8.6,0.0,11.3,91.0
16063,257,17.5421875,17.0,16.366666666666667,8.7,0.0,11.3,91.0
16963,257,17.5,17.0,16.3,8.9,0.0,12.9,90.0
17863,257,17.5,17.0,16.3,8.8,0.0,12.9,91.0
18763,257,17.431746031746034,17.0,16.3,8.8,0.0,14.5,91.0
19663,257,17.4,17.0,16.3,8.7,0.0,14.5,91.0
20563,257,17.4,17.0,16.3,8.9,0.0,12.9,91.0
21463,257,17.4,16.984126984126984,16.3,9.1,0.0,12.9,90.0
22363,257,17.32,16.916666666666664,16.29090909090909,9.1,0.0,12.9,90.0
23263,257,17.3,16.6,16.267692307692307,9.1,0.0,16.1,89.0
24163,257,17.301492537313433,16.671641791044777,16.192537313432837,9.2,5.0,16.1,88.0
25063,257,17.38507462686567,17.0,16.3,9.3,11.0,12.9,88.0
25963,257,17.4,17.0,16.3,9.2,16.0,12.9,88.0
26863,257,17.341538461538462,16.884057971014492,16.295652173913044,9.2,32.0,11.3,88.0
27763,257,17.3,16.67910447761194,16.264179104477613,9.1,33.0,12.9,89.0
28663,257,18.51764705882353,17.0,16.429032258064517,9.1,56.0,12.9,89.0
29563,257,18.268115942028984,17.037313432835823,16.58955223880597,9.4,69.0,14.5,89.0
30463,257,17.944615384615382,17.036764705882355,16.601470588235294,9.6,62.0,12.9,88.0
31363,257,17.8,17.0,16.347058823529412,9.5,76.0,12.9,88.0
32263,257,17.68305084745763,16.99285714285714,16.231428571428573,9.4,218.0,16.1,87.0
33163,257,17.575384615384614,16.55223880597015,16.0,10.5,185.0,14.5,84.0
34063,257,17.471212121212123,16.5,15.993939393939394,10.5,339.0,16.1,85.0
34963,257,17.361538461538462,16.5,15.81764705882353,10.8,351.0,14.5,83.0
35863,257,17.2453125,16.5,15.8,11.4,408.0,16.1,81.0
36763,257,17.14761904761905,16.5,15.8,11.6,330.0,16.1,80.0
37663,257,17.061904761904763,16.5,15.63125,11.6,510.0,14.5,74.0
38563,257,17.0,16.5,15.514285714285714,12.1,492.0,14.5,74.0
39463,257,16.926470588235293,16.5,15.5,12.5,541.0,16.1,71.0
40363,257,16.9,16.440298507462686,15.5,12.3,712.0,16.1,70.0
41263,257,16.856923076923074,16.125,15.5,12.3,318.0,16.1,69.0
42163,257,16.8,16.0,15.5,12.2,206.0,12.9,72.0
43063,257,16.8,16.0,15.5,12.8,223.0,14.5,69.0
43963,257,16.756923076923076,16.0,15.49090909090909,12.6,276.0,17.7,67.0
44863,257,16.7,16.0,15.4,12.5,255.0,19.3,68.0
45763,257,16.7,16.0,15.3,12.7,262.0,17.7,66.0
46663,257,16.69848484848485,16.0,15.3,13.2,624.0,16.1,69.0
47563,257,16.608955223880596,16.0,15.3,13.8,251.0,14.5,65.0
48463,257,16.6,16.0,15.3,13.4,67.0,16.1,68.0
49363,257,16.6,16.0,15.3,13.9,629.0,17.7,62.0
50263,257,16.6,16.0,15.3,13.8,603.0,19.3,68.0
51163,257,16.553846153846155,16.0,15.3,13.6,605.0,20.9,66.0
52063,257,16.5,16.0,15.3,13.9,144.0,20.9,63.0
52963,257,16.5,16.0,15.3,13.7,264.0,19.3,65.0
53863,257,16.5,16.0,15.3,14.6,691.0,19.3,63.0
54763,257,16.5,16.0,15.3,14.2,643.0,19.3,63.0
55663,257,16.5,16.0,15.3,13.8,499.0,20.9,64.0
56563,257,16.452857142857145,16.0,15.3,13.8,485.0,22.5,64.0
57463,257,16.2,16.0,15.3,14.1,79.0,20.9,62.0
58363,257,16.246969696969696,16.0,15.3,14.1,536.0,19.3,62.0
59263,257,16.3,16.0,15.3,14.1,489.0,17.7,63.0
60163,257,16.27741935483871,16.0,15.3,13.6,118.0,19.3,62.0
61063,257,16.3,16.0,15.3,13.4,141.0,22.5,62.0
61963,257,16.3,16.0,15.3,13.6,123.0,17.7,64.0
62863,257,16.3,16.0,15.3,13.1,95.0,17.7,64.0
63763,257,16.3,16.0,15.3,13.1,69.0,17.7,64.0
64663,257,16.3,16.0,15.3,12.9,44.0,19.3,65.0
65563,257,16.3,16.0,15.3,13.2,93.0,17.7,65.0
66463,257,16.3,16.0,15.3,13.1,37.0,17.7,64.0
67363,257,16.3,16.0,15.3,12.9,62.0,19.3,66.0
68263,257,16.2921875,16.0,15.3,12.6,21.0,16.1,69.0
69163,257,16.2,16.0,15.205000000000002,12.1,14.0,12.9,72.0
70063,257,16.2,15.674603174603174,14.99047619047619,11.7,5.0,14.5,74.0
70963,257,16.123076923076923,15.5,14.80597014925373,11.4,0.0,16.1,76.0
71863,257,16.1,15.571428571428571,14.925,11.2,0.0,12.9,77.0
72763,257,16.1,16.0,15.009375,11.0,0.0,12.9,78.0
73663,257,16.110144927536233,16.0,15.232394366197184,10.8,0.0,12.9,79.0
74563,257,16.1015625,16.0,15.017910447761192,10.4,0.0,14.5,81.0
75463,257,16.171641791044777,16.0,15.211764705882354,10.2,0.0,14.5,81.0
76363,257,16.198461538461537,16.0,15.3,10.3,0.0,14.5,81.0
77263,257,16.172727272727272,16.0,15.3,10.2,0.0,14.5,83.0
78163,257,16.1,16.0,15.3,10.0,0.0,14.5,85.0
79063,257,16.174603174603174,16.0,15.3,9.8,0.0,14.5,85.0
79963,257,16.264179104477613,16.0,15.371875,9.9,0.0,14.5,85.0
80863,257,18.12295081967213,16.453846153846154,15.82,9.8,0.0,14.5,87.0
81763,257,17.55,16.5,15.8,9.7,0.0,14.5,88.0
82663,257,16.923809523809524,16.5,15.536363636363635,9.7,0.0,16.1,88.0
83563,257,16.68,16.43939393939394,15.586363636363638,9.7,0.0,14.5,88.0
84463,257,16.6,16.5,15.527692307692307,9.8,0.0,16.1,87.0
85363,257,16.571014492753623,16.272058823529413,15.5,9.9,0.0,14.5,88.0
86263,257,16.5,16.007462686567163,15.5,9.8,0.0,14.5,89.0
763,258,16.5,16.0,15.5,9.7,0.0,14.5,90.0
1663,258,16.419999999999998,16.0,15.5,9.6,0.0,12.9,92.0
2563,258,16.4,16.0,15.5,9.5,0.0,12.9,93.0
3463,258,16.4,16.0,15.5,9.5,0.0,11.3,93.0
4363,258,16.4,16.0,15.5,9.6,0.0,12.9,92.0
5263,258,16.4,16.0,15.5,9.6,0.0,11.3,92.0
6163,258,16.33913043478261,16.0,15.5,9.6,0.0,12.9,92.0
7063,258,16.3,16.0,15.49705882352941,9.7,0.0,12.9,92.0
7963,258,16.3,16.0,15.45142857142857,9.8,0.0,12.9,92.0
8863,258,16.3,16.0,15.383582089552238,9.8,0.0,11.3,91.0
9763,258,16.3,16.0,15.327777777777778,9.9,0.0,11.3,91.0
10663,258,16.3,16.0,15.309677419354838,9.8,0.0,9.7,92.0
11563,258,16.3,16.0,15.3,9.8,0.0,9.7,92.0
12463,258,16.223880597014926,16.0,15.3,9.8,0.0,9.7,92.0
13363,258,16.2,16.0,15.3,9.8,0.0,8.0,92.0
14263,258,16.2,16.0,15.3,9.8,0.0,9.7,91.0
15163,258,16.2,16.0,15.3,9.8,0.0,11.3,91.0
16063,258,16.2,16.0,15.3,9.8,0.0,11.3,90.0
16963,258,16.2,16.0,15.3,9.7,0.0,11.3,90.0
17863,258,16.2,16.0,15.3,9.3,0.0,14.5,90.0
18763,258,16.18153846153846,16.0,15.3,9.2,0.0,14.5,88.0
19663,258,16.1,16.0,15.3,9.2,0.0,11.3,88.0
20563,258,16.1,16.0,15.3,9.2,0.0,12.9,87.0
21463,258,16.1,16.0,15.3,8.9,0.0,11.3,87.0
22363,258,16.1,16.0,15.3,8.9,0.0,11.3,87.0
23263,258,16.1,16.0,15.3,8.8,0.0,9.7,87.0
24163,258,17.33939393939394,16.02898550724638,15.530434782608696,8.7,0.0,9.7,89.0
25063,258,17.367241379310347,16.444444444444446,15.814285714285711,8.7,7.0,11.3,88.0
25963,258,16.480597014925372,16.15441176470588,15.480882352941176,8.7,12.0,12.9,88.0
26863,258,16.5,16.0,15.5,8.8,14.0,11.3,87.0
27763,258,16.553333333333335,16.0,15.5,8.7,15.0,9.7,88.0
28663,258,16.5,16.0,15.5,8.9,21.0,12.9,86.0
29563,258,16.5,16.0,15.5,9.1,23.0,12.9,85.0
30463,258,16.459016393442624,16.0,15.5,9.2,79.0,14.5,85.0
31363,258,16.4,16.0,15.427868852459016,9.9,211.0,12.9,83.0
32263,258,16.39264705882353,16.0,15.311428571428571,10.8,260.0,11.3,81.0
33163,258,16.3,16.0,15.3,11.1,218.0,12.9,81.0
34063,258,16.3,16.0,15.3,10.8,113.0,11.3,82.0
34963,258,16.347058823529412,16.0,15.3,10.7,110.0,11.3,82.0
35863,258,16.4,16.0,15.3,10.9,153.0,11.3,82.0
36763,258,16.4,16.0,15.3,11.6,121.0,11.3,81.0
37663,258,16.4,16.0,15.3,12.1,137.0,11.3,79.0
38563,258,16.4,16.0,15.3,12.1,239.0,11.3,78.0
39463,258,16.4,16.0,15.3,13.2,522.0,11.3,73.0
40363,258,16.407462686567165,16.0,15.3,13.2,543.0,14.5,73.0
41263,258,16.435616438356163,16.0,15.3,13.1,234.0,16.1,72.0
42163,258,16.40147058823529,16.0,15.3,13.4,668.0,12.9,69.0
43063,258,16.4,16.0,15.3,14.2,765.0,12.9,70.0
43963,258,16.4,16.0,15.3,13.8,118.0,16.1,69.0
44863,258,16.4,16.0,15.3,13.7,148.0,12.9,69.0
45763,258,16.4,16.0,15.302857142857144,13.3,189.0,14.5,70.0
46663,258,16.4,16.0,15.314084507042253,13.3,202.0,12.9,73.0
47563,258,16.422388059701493,16.0,15.31492537313433,13.1,153.0,11.3,72.0
48463,258,16.463235294117645,16.0,15.313333333333333,13.9,380.0,11.3,72.0
49363,258,16.42608695652174,16.0,15.3,14.1,357.0,14.5,67.0
50263,258,16.4,16.0,15.3,13.5,174.0,14.5,71.0
51163,258,16.4,16.0,15.3,14.3,374.0,11.3,67.0
52063,258,16.4,16.0,15.3,14.6,499.0,16.1,66.0
52963,258,16.4,16.0,15.3,15.2,343.0,14.5,63.0
53863,258,16.36031746031746,16.0,15.3,13.7,220.0,14.5,68.0
54763,258,16.3,16.0,15.3,13.6,186.0,12.9,68.0
55663,258,16.361764705882354,16.0,15.377611940298507,13.3,204.0,12.9,71.0
56563,258,16.8768115942029,16.325,15.775,13.1,116.0,9.7,79.0
57463,258,18.255384615384617,16.92063492063492,16.366666666666667,12.1,116.0,11.3,83.0
58363,258,17.838235294117645,16.5,16.0,12.0,104.0,11.3,83.0
59263,258,17.43181818181818,16.5,15.833333333333334,11.9,107.0,8.0,87.0
60163,258,17.087692307692308,16.5,15.8,11.9,74.0,8.0,88.0
61063,258,16.866153846153846,16.470149253731343,15.8,11.7,40.0,9.7,87.0
61963,258,16.755555555555553,16.066176470588236,15.53529411764706,11.7,42.0,11.3,85.0
62863,258,16.636923076923075,16.0,15.5,11.8,42.0,9.7,85.0
63763,258,16.5640625,16.0,15.5,11.8,39.0,8.0,84.0
64663,258,16.5,16.0,15.5,12.1,72.0,12.9,81.0
65563,258,16.450746268656715,16.0,15.5,12.1,19.0,14.5,81.0
66463,258,16.4,16.0,15.5,12.1,19.0,11.3,81.0
67363,258,16.383870967741935,16.0,15.5,12.1,11.0,12.9,80.0
68263,258,16.3,16.0,15.5,11.9,7.0,9.7,81.0
69163,258,16.3,16.0,15.411111111111111,11.7,5.0,11.3,81.0
70063,258,16.3,16.0,15.32153846153846,11.5,0.0,11.3,81.0
70963,258,16.254545454545454,16.0,15.3,11.4,0.0,9.7,82.0
71863,258,16.2,16.0,15.3,11.2,0.0,11.3,82.0
72763,258,16.2,16.0,15.3,11.2,0.0,9.7,82.0
73663,258,16.2,16.0,15.3,11.1,0.0,9.7,82.0
74563,258,16.2,16.0,15.3,11.1,0.0,9.7,81.0
75463,258,16.2,16.0,15.3,10.9,0.0,9.7,80.0
76363,258,16.2,16.0,15.3,10.9,0.0,12.9,80.0
77263,258,16.1955223880597,16.0,15.3,10.7,0.0,9.7,79.0
78163,258,16.106349206349208,16.0,15.3,10.5,0.0,12.9,80.0
79063,258,16.1,16.0,15.3,10.3,0.0,8.0,80.0
79963,258,16.1,16.0,15.3,10.1,0.0,9.7,81.0
80863,258,16.1,16.0,15.3,9.8,0.0,11.3,81.0
81763,258,16.1,16.0,15.3,9.7,0.0,11.3,81.0
82663,258,16.1,16.0,15.3,9.7,0.0,11.3,81.0
83563,258,16.1,16.0,15.3,9.6,0.0,11.3,82.0
84463,258,16.1,16.0,15.3,9.3,0.0,9.7,83.0
85363,258,16.1,16.0,15.3,9.0,0.0,9.7,87.0
86263,258,16.1,16.0,15.3,8.5,0.0,9.7,91.0
763,259,16.1,16.0,15.3,8.4,0.0,9.7,91.0
1663,259,16.1,16.0,15.3,8.3,0.0,9.7,92.0
2563,259,16.113432835820895,16.0,15.3,8.3,0.0,9.7,92.0
3463,259,16.140298507462685,16.0,15.3,8.3,0.0,9.7,91.0
4363,259,16.14927536231884,16.0,15.3,8.3,0.0,8.0,91.0
5263,259,16.193939393939395,16.0,15.3,8.3,0.0,8.0,91.0
6163,259,16.15820895522388,16.0,15.3,8.3,0.0,9.7,90.0
7063,259,16.1671875,16.0,15.3,8.3,0.0,8.0,90.0
7963,259,16.1,16.0,15.3,8.3,0.0,8.0,89.0
8863,259,16.1,16.0,15.3,8.3,0.0,9.7,89.0
9763,259,16.083823529411767,16.0,15.28,8.3,0.0,8.0,88.0
10663,259,16.0,16.0,15.158333333333337,8.1,0.0,8.0,88.0
11563,259,16.0,16.0,15.008219178082191,7.8,0.0,9.7,88.0
12463,259,16.0,16.0,15.0,7.7,0.0,8.0,87.0
13363,259,15.992537313432836,15.922535211267606,15.0,7.4,0.0,6.4,89.0
14263,259,15.9,15.712328767123289,15.0,7.3,0.0,8.0,88.0
15163,259,15.9,15.583333333333334,15.0,7.1,0.0,6.4,89.0
16063,259,15.9,15.514705882352942,15.0,6.8,0.0,8.0,90.0
16963,259,15.9,15.5,15.0,6.9,0.0,8.0,90.0
17863,259,15.892647058823531,15.5,15.0,7.1,0.0,8.0,88.0
18763,259,15.80597014925373,15.5,15.0,6.8,0.0,8.0,90.0
19663,259,15.8,15.5,15.0,6.6,0.0,8.0,90.0
20563,259,15.8,15.5,15.0,6.8,0.0,7.2,89.0
21463,259,15.8,15.5,14.997142857142856,6.7,0.0,8.0,90.0
22363,259,15.8,15.5,14.979411764705882,6.7,0.0,6.4,90.0
23263,259,15.8,15.5,14.981132075471695,6.7,0.0,6.4,89.0
24163,259,15.787692307692309,15.5,14.936363636363636,6.8,7.0,8.0,89.0
25063,259,15.711764705882354,15.5,14.892753623188408,6.8,11.0,6.4,89.0
25963,259,15.7,15.5,14.863888888888887,6.9,14.0,8.0,89.0
26863,259,15.7,15.5,14.84788732394366,7.4,30.0,6.4,87.0
27763,259,15.7,15.5,14.821875,7.5,40.0,6.4,87.0
28663,259,15.7,15.5,14.8,7.8,58.0,8.0,86.0
29563,259,15.7,15.5,14.8,7.9,47.0,8.0,86.0
30463,259,15.7,15.5,14.802985074626866,8.1,56.0,9.7,85.0
31363,259,15.7,15.5,14.8,8.2,72.0,9.7,85.0
32263,259,15.7,15.5,14.8,8.4,86.0,11.3,85.0
33163,259,15.7,15.5,14.8,8.6,98.0,9.7,85.0
34063,259,15.72608695652174,15.5,14.80408163265306,8.6,88.0,11.3,85.0
34963,259,15.795652173913044,15.5,14.802777777777775,8.7,88.0,11.3,85.0
35863,259,15.766666666666666,15.5,14.8,8.9,114.0,11.3,85.0
36763,259,15.8,15.5,14.8,9.1,135.0,9.7,85.0
37663,259,15.8,15.5,14.816129032258065,9.3,121.0,11.3,85.0
38563,259,15.8,15.5,14.847619047619048,9.4,110.0,9.7,85.0
39463,259,15.8,15.5,14.811111111111112,9.6,123.0,9.7,86.0
40363,259,15.8,15.5,14.8,9.8,156.0,9.7,86.0
41263,259,15.8,15.5,14.8,10.4,135.0,8.0,83.0
42163,259,15.826984126984126,18.016949152542374,15.698305084745764,10.3,133.0,9.7,85.0
43063,259,16.188059701492538,50.10377358490566,42.45283018867924,10.3,185.0,9.7,84.0
43963,259,17.335,55.45614035087719,51.95789473684211,10.6,248.0,9.7,84.0
44863,259,18.26551724137931,55.51754385964912,52.39122807017544,10.8,114.0,11.3,78.0
45763,259,19.013793103448275,55.815789473684205,52.5,10.6,132.0,11.3,82.0
46663,259,19.54516129032258,55.343137254901954,52.35490196078431,10.5,139.0,9.7,83.0
47563,259,19.87076923076923,39.92028985507246,36.484057971014494,10.6,137.0,8.0,86.0
48463,259,19.869354838709675,28.15151515151515,25.303030303030305,10.6,244.0,9.7,83.0
49363,259,19.618032786885244,23.13432835820896,21.556716417910447,11.2,345.0,11.3,82.0
50263,259,19.25454545454545,20.476190476190474,19.561904761904763,10.8,83.0,9.7,82.0
51163,259,18.893650793650792,19.0,18.368181818181817,10.6,83.0,12.9,83.0
52063,259,18.554098360655736,18.15942028985507,17.618840579710145,10.3,83.0,8.0,86.0
52963,259,18.1921875,17.56818181818182,17.12727272727273,10.1,76.0,6.4,88.0
53863,259,17.877611940298507,17.216417910447763,16.82089552238806,9.8,62.0,8.0,92.0
54763,259,17.640298507462685,17.0,16.504761904761903,9.8,84.0,8.0,92.0
55663,259,17.455223880597014,17.0,16.373529411764707,9.8,105.0,8.0,93.0
56563,259,17.306060606060605,16.5,16.286956521739132,10.0,93.0,8.0,93.0
57463,259,17.169117647058822,16.5,16.0,9.9,79.0,8.0,93.0
58363,259,17.040625,16.5,16.0,9.6,67.0,6.4,94.0
59263,259,16.922388059701493,16.5,15.93125,9.6,151.0,6.4,95.0
60163,259,16.85735294117647,16.5,15.8,10.3,176.0,3.2,94.0
61063,259,16.8,16.5,15.8,10.3,49.0,1.6,92.0
61963,259,16.725757575757576,16.397058823529413,15.8,10.8,135.0,0.0,90.0
62863,259,16.7,16.023809523809526,15.58095238095238,10.9,33.0,8.0,89.0
63763,259,16.613235294117647,16.0,15.504545454545454,10.3,32.0,9.7,92.0
64663,259,16.6,16.0,15.5,9.8,70.0,3.2,93.0
65563,259,16.6,16.0,15.5,9.8,37.0,1.6,93.0
66463,259,16.58970588235294,16.0,15.5,9.9,25.0,1.6,91.0
67363,259,16.5,16.0,15.5,10.0,16.0,0.0,92.0
68263,259,16.5,16.0,15.5,9.9,12.0,0.0,93.0
69163,259,16.5,16.0,15.422388059701492,9.9,0.0,0.0,94.0
70063,259,16.42205882352941,16.0,15.302985074626866,9.7,0.0,3.2,93.0
70963,259,16.4,16.0,15.3,9.7,0.0,4.8,92.0
71863,259,16.4,16.0,15.3,9.7,0.0,1.6,92.0
72763,259,16.4,16.0,15.3,9.6,0.0,1.6,93.0
73663,259,16.365671641791046,16.0,15.3,9.6,0.0,1.6,93.0
74563,259,16.303125,16.0,15.3,9.6,0.0,0.0,93.0
75463,259,16.3,16.0,15.3,9.6,0.0,1.6,93.0
76363,259,16.3,16.0,15.3,9.7,0.0,1.6,93.0
77263,259,16.3,16.0,15.3,9.7,0.0,4.8,93.0
78163,259,16.3,16.0,15.3,9.7,0.0,1.6,93.0
79063,259,16.253030303030304,16.0,15.3,9.7,0.0,3.2,93.0
79963,259,16.2,16.0,15.2955223880597,9.7,0.0,3.2,93.0
80863,259,16.2,16.0,15.184615384615384,9.7,0.0,4.8,92.0
81763,259,16.2,16.0,15.044117647058822,9.6,0.0,3.2,92.0
82663,259,16.2,16.0,15.004615384615386,9.6,0.0,4.8,92.0
83563,259,16.2,16.0,15.0,9.6,0.0,6.4,92.0
84463,259,16.141538461538463,15.888059701492535,15.0,9.4,0.0,6.4,92.0
85363,259,16.1,15.725806451612902,15.0,9.4,0.0,6.4,92.0
86263,259,16.1,15.578125,15.0,9.3,0.0,4.8,92.0
763,260,16.1,15.521428571428572,15.0,9.3,0.0,4.8,93.0
1663,260,16.1,15.507575757575756,15.0,9.2,0.0,4.8,92.0
2563,260,16.1,15.5,15.0,9.2,0.0,3.2,92.0
3463,260,16.06818181818182,15.5,15.0,9.2,0.0,8.0,92.0
4363,260,16.0,15.5,15.0,9.3,0.0,6.4,92.0
5263,260,16.0,15.5,15.0,9.3,0.0,4.8,91.0
6163,260,16.0,15.5,15.0,9.2,0.0,1.6,91.0
7063,260,16.0,15.5,15.0,9.2,0.0,1.6,91.0
7963,260,16.0,15.5,15.0,9.2,0.0,1.6,91.0
8863,260,16.0,15.5,15.0,9.2,0.0,0.0,92.0
9763,260,15.9231884057971,15.5,15.0,9.1,0.0,1.6,93.0
10663,260,15.9,15.5,15.0,9.1,0.0,3.2,93.0
11563,260,15.9,15.5,15.0,9.0,0.0,4.8,93.0
12463,260,15.9,15.5,15.0,8.8,0.0,6.4,93.0
13363,260,15.9,15.5,15.0,8.8,0.0,4.8,93.0
14263,260,15.9,15.5,14.997222222222224,8.8,0.0,1.6,93.0
15163,260,15.86818181818182,15.5,14.95211267605634,8.7,0.0,1.6,93.0
16063,260,15.8,15.5,14.875675675675677,8.6,0.0,4.8,93.0
16963,260,15.8,15.5,14.813333333333333,8.5,0.0,6.4,93.0
17863,260,15.8,15.5,14.8,8.6,0.0,4.8,92.0
18763,260,15.8,15.5,14.8,8.5,0.0,6.4,91.0
19663,260,15.8,15.5,14.8,8.4,0.0,6.4,92.0
20563,260,15.798461538461538,15.5,14.8,8.4,0.0,8.0,92.0
21463,260,15.72537313432836,15.5,14.8,8.3,0.0,8.0,92.0
22363,260,15.7,15.5,14.8,8.3,0.0,4.8,92.0
23263,260,15.7,15.5,14.8,8.4,0.0,4.8,92.0
24163,260,15.701470588235292,15.5,14.8,8.6,0.0,6.4,92.0
25063,260,15.828333333333331,15.5,14.873529411764707,8.8,5.0,6.4,91.0
25963,260,16.07,15.5,15.0,8.8,9.0,4.8,91.0
26863,260,16.0,15.5,15.0,8.7,14.0,4.8,91.0
27763,260,15.927941176470588,15.5,15.0,8.7,12.0,6.4,90.0
28663,260,15.9,15.5,15.0,8.8,23.0,8.0,90.0
29563,260,15.9,15.5,14.898461538461538,8.8,16.0,8.0,91.0
30463,260,15.812698412698412,15.5,14.816129032258065,8.9,44.0,8.0,91.0
31363,260,15.8,15.5,14.8,8.9,41.0,4.8,90.0
32263,260,15.8,15.5,14.806060606060608,9.3,69.0,6.4,89.0
33163,260,15.8,15.5,14.8,9.4,63.0,8.0,89.0
34063,260,15.8,15.5,14.8,9.7,95.0,6.4,89.0
34963,260,15.8,15.5,14.8,9.8,87.0,6.4,88.0
35863,260,15.8,15.5,14.8,10.1,120.0,6.4,88.0
36763,260,15.8,15.5,14.8,10.2,121.0,6.4,87.0
37663,260,15.8,15.5,14.8,10.3,125.0,6.4,87.0
38563,260,15.8,15.5,14.8,10.4,155.0,6.4,87.0
39463,260,15.8,15.5,14.8,10.7,176.0,4.8,87.0
40363,260,15.8,15.5,14.8,11.1,181.0,4.8,86.0
41263,260,15.8,15.5,14.8,11.2,160.0,4.8,86.0
42163,260,15.8,15.5,14.8,11.4,225.0,6.4,85.0
43063,260,15.8,15.5,14.8,11.9,244.0,6.4,85.0
43963,260,15.8,15.5,14.8,12.2,214.0,8.0,84.0
44863,260,15.8,15.5,14.802857142857144,12.2,214.0,6.4,83.0
45763,260,15.8,15.5,14.8,12.4,186.0,3.2,84.0
46663,260,15.8,15.5,14.8,12.8,250.0,6.4,82.0
47563,260,15.8,15.5,14.8,13.2,315.0,8.0,81.0
48463,260,15.8,15.5,14.8,13.4,302.0,8.0,80.0
49363,260,15.8,15.5,14.8,13.6,282.0,9.7,80.0
50263,260,15.8,15.5,14.8,13.4,97.0,8.0,81.0
51163,260,15.743478260869566,15.5,14.8,13.2,202.0,4.8,83.0
52063,260,15.7,15.5,14.8,13.9,255.0,6.4,80.0
52963,260,15.7,15.5,14.8,13.5,174.0,11.3,84.0
53863,260,15.7,15.5,14.8,13.4,578.0,9.7,83.0
54763,260,15.7,15.5,14.8,13.9,548.0,12.9,80.0
55663,260,15.71470588235294,15.5,14.8,14.3,394.0,11.3,80.0
56563,260,15.8,15.5,14.8,14.3,457.0,11.3,78.0
57463,260,15.8,15.5,14.8,14.2,439.0,9.7,81.0
58363,260,15.8,15.5,14.8,14.1,432.0,11.3,84.0
59263,260,15.8,15.5,14.8,13.7,371.0,11.3,84.0
60163,260,15.8,15.5,14.8,13.6,200.0,11.3,85.0
61063,260,15.8,15.5,14.8,13.4,137.0,11.3,85.0
61963,260,15.8,15.5,14.8,13.1,72.0,9.7,87.0
62863,260,15.8,15.5,14.8,13.0,67.0,11.3,89.0
63763,260,15.8,15.5,14.8,12.7,57.0,11.3,91.0
64663,260,15.8,15.5,14.8,12.4,44.0,12.9,92.0
65563,260,15.708571428571428,15.5,14.8,12.3,28.0,11.3,92.0
66463,260,15.7,15.5,14.8,12.2,32.0,8.0,92.0
67363,260,15.7,15.5,14.8,12.1,26.0,11.3,92.0
68263,260,15.7,15.5,14.8,11.9,11.0,9.7,93.0
69163,260,15.7,15.5,14.8,11.8,0.0,9.7,93.0
70063,260,15.759701492537314,15.5,14.8,11.8,0.0,8.0,94.0
70963,260,15.705882352941178,15.5,14.8,11.8,0.0,8.0,94.0
71863,260,15.7,15.5,14.8,11.7,0.0,9.7,93.0
72763,260,15.7,15.5,14.8,11.6,0.0,11.3,93.0
73663,260,15.7,15.5,14.8,11.6,0.0,8.0,93.0
74563,260,15.7,15.5,14.8,11.4,0.0,8.0,94.0
75463,260,15.7,15.5,14.8,11.3,0.0,4.8,94.0
76363,260,15.7,15.5,14.8,11.3,0.0,4.8,94.0
77263,260,15.7,15.5,14.8,11.3,0.0,8.0,93.0
78163,260,15.733846153846152,15.5,14.803508771929824,11.3,0.0,6.4,94.0
79063,260,15.8,15.5,14.8,11.2,0.0,8.0,92.0
79963,260,15.706153846153848,15.5,14.8,11.1,0.0,9.7,92.0
80863,260,15.7,15.5,14.8,11.0,0.0,9.7,91.0
81763,260,15.7,15.5,14.8,10.9,0.0,11.3,89.0
82663,260,15.639705882352942,15.5,14.8,10.9,0.0,8.0,90.0
83563,260,15.6,15.5,14.8,10.9,0.0,8.0,90.0
84463,260,15.6,15.5,14.8,10.7,0.0,6.4,91.0
85363,260,15.6,15.5,14.8,10.6,0.0,9.7,89.0
86263,260,15.6,15.5,14.8,10.4,0.0,9.7,88.0
763,261,15.6,15.5,14.8,10.4,0.0,8.0,88.0
1663,261,15.534328358208956,15.5,14.8,10.3,0.0,6.4,88.0
2563,261,15.5,15.5,14.8,10.2,0.0,3.2,88.0
3463,261,15.5,15.5,14.760294117647058,10.2,0.0,4.8,87.0
4363,261,15.5,15.5,14.692537313432837,10.2,0.0,4.8,87.0
5263,261,15.5,15.5,14.58695652173913,10.1,0.0,1.6,88.0
6163,261,15.5,15.5,14.508955223880596,9.9,0.0,3.2,87.0
7063,261,15.5,15.5,14.5,9.9,0.0,1.6,87.0
7963,261,15.5,15.5,14.5,9.8,0.0,0.0,88.0
8863,261,15.5,15.5,14.5,9.8,0.0,1.6,86.0
9763,261,15.5,15.47826086956522,14.5,9.7,0.0,1.6,86.0
10663,261,15.469117647058823,15.463768115942027,14.5,9.7,0.0,3.2,84.0
11563,261,15.4,15.361538461538462,14.5,9.7,0.0,3.2,83.0
12463,261,15.4,15.278571428571428,14.5,9.7,0.0,1.6,83.0
13363,261,15.4,15.20714285714286,14.5,9.6,0.0,1.6,82.0
14263,261,15.4,15.11764705882353,14.5,9.6,0.0,0.0,84.0
15163,261,15.4,15.029850746268655,14.5,9.4,0.0,0.0,84.0
16063,261,15.4,15.015384615384615,14.5,9.3,0.0,1.6,85.0
16963,261,15.4,15.0,14.5,9.2,0.0,0.0,84.0
17863,261,15.4,15.0,14.5,9.2,0.0,0.0,87.0
18763,261,15.4,15.0,14.5,9.1,0.0,0.0,87.0
19663,261,15.334782608695653,15.0,14.5,9.1,0.0,0.0,87.0
20563,261,15.3,15.0,14.5,9.1,0.0,0.0,86.0
21463,261,15.3,15.0,14.5,9.2,0.0,3.2,85.0
22363,261,15.428125,15.389705882352942,14.702941176470588,9.1,0.0,3.2,86.0
23263,261,15.5,15.5,14.8,9.1,0.0,4.8,86.0
24163,261,16.08235294117647,15.5,14.798387096774192,9.0,0.0,4.8,87.0
25063,261,17.271212121212123,15.828358208955224,15.252238805970148,8.9,5.0,4.8,89.0
25963,261,16.854285714285716,15.639705882352942,14.969117647058823,8.9,9.0,6.4,91.0
26863,261,16.508823529411764,15.5,14.8,8.9,14.0,8.0,93.0
27763,261,16.247692307692308,15.5,14.8,8.9,17.0,8.0,92.0
28663,261,16.070588235294117,15.5,14.8,8.8,35.0,6.4,93.0
29563,261,15.96,15.5,14.8,8.9,56.0,8.0,93.0
30463,261,15.835294117647058,15.5,14.8,8.9,72.0,6.4,92.0
31363,261,15.781428571428572,15.5,14.8,9.1,78.0,6.4,91.0
32263,261,15.7,15.5,14.8,9.3,116.0,9.7,90.0
33163,261,15.7,15.5,14.8,9.4,114.0,9.7,90.0
34063,261,15.7,15.5,14.8,9.6,153.0,8.0,89.0
34963,261,15.780303030303031,15.5,14.8,9.9,111.0,8.0,87.0
35863,261,15.8,15.5,14.8,10.0,200.0,8.0,87.0
36763,261,15.8,15.5,14.8,10.5,206.0,6.4,85.0
37663,261,15.8,15.5,14.8,10.8,218.0,6.4,84.0
38563,261,15.8,15.5,14.8,10.7,225.0,8.0,84.0
39463,261,15.8,15.5,14.8,11.1,269.0,8.0,83.0
40363,261,15.8,15.5,14.8,11.3,287.0,8.0,78.0
41263,261,15.8,15.5,14.8,11.7,285.0,6.4,78.0
42163,261,15.8,15.5,14.8,11.5,183.0,6.4,78.0
43063,261,15.8,15.5,14.8,11.6,172.0,3.2,77.0
43963,261,15.793939393939391,15.5,14.8,11.6,139.0,4.8,78.0
44863,261,15.78529411764706,15.5,14.8,11.4,148.0,4.8,75.0
45763,261,15.758823529411766,15.5,14.8,11.5,146.0,3.2,77.0
46663,261,15.750746268656716,15.5,14.8,11.3,116.0,4.8,79.0
47563,261,15.770149253731343,15.5,14.8,11.2,91.0,6.4,78.0
48463,261,15.776119402985074,15.5,14.8,11.1,155.0,3.2,79.0
49363,261,15.8,15.5,14.8,11.4,181.0,4.8,78.0
50263,261,15.8,15.5,14.8,11.6,160.0,3.2,75.0
51163,261,15.798507462686567,15.5,14.8,11.5,98.0,4.8,76.0
52063,261,15.719402985074629,15.5,14.8,11.3,69.0,3.2,77.0
52963,261,15.735294117647058,15.5,14.8,11.3,102.0,3.2,78.0
53863,261,15.715384615384616,15.5,14.8,11.4,100.0,3.2,79.0
54763,261,15.714492753623189,15.5,14.8,11.3,62.0,3.2,78.0
55663,261,15.725352112676058,15.5,14.8,11.3,113.0,3.2,77.0
56563,261,15.702985074626866,15.5,14.8,11.4,113.0,0.0,77.0
57463,261,15.7,15.5,14.8,11.6,127.0,1.6,75.0
58363,261,15.7,15.5,14.8,11.7,144.0,1.6,78.0
59263,261,15.7,15.5,14.8,11.8,120.0,1.6,76.0
60163,261,15.7,15.66153846153846,14.80923076923077,11.8,119.0,3.2,77.0
61063,261,15.867692307692309,41.63492063492063,33.074603174603176,11.7,53.0,1.6,75.0
61963,261,17.10923076923077,55.51470588235294,51.17941176470588,11.4,47.0,0.0,77.0
62863,261,18.214925373134328,56.0,52.0223880597015,11.3,53.0,0.0,79.0
63763,261,19.03880597014925,56.298507462686565,52.40447761194029,11.2,26.0,0.0,76.0
64663,261,19.55072463768116,56.471014492753625,52.66086956521739,11.1,19.0,0.0,77.0
65563,261,19.904615384615383,56.17424242424242,53.03636363636364,10.9,16.0,0.0,80.0
66463,261,20.10441176470588,54.75,52.11060606060606,10.9,14.0,0.0,82.0
67363,261,19.48,54.791044776119406,51.93880597014926,10.8,12.0,0.0,84.0
68263,261,18.90882352941177,54.73880597014926,52.311940298507466,10.5,5.0,0.0,84.0
69163,261,18.61076923076923,54.80597014925373,52.45820895522388,10.4,0.0,1.6,84.0
70063,261,19.15820895522388,56.43846153846154,53.23692307692308,10.1,0.0,0.0,85.0
70963,261,19.69482758620689,56.5,53.28813559322034,10.0,0.0,0.0,85.0
71863,261,20.061904761904763,55.969696969696976,51.89545454545455,10.2,0.0,0.0,84.0
72763,261,20.253846153846155,45.1231884057971,41.062318840579714,10.2,0.0,1.6,85.0
73663,261,20.278125,30.609375,26.34375,10.0,0.0,1.6,84.0
74563,261,20.08358208955224,24.347826086956523,21.836231884057973,9.9,0.0,1.6,85.0
75463,261,19.746774193548383,21.444444444444446,19.85079365079365,9.7,0.0,0.0,86.0
76363,261,19.365714285714283,19.833333333333336,18.65652173913044,9.3,0.0,0.0,86.0
77263,261,19.04375,18.826086956521745,17.9768115942029,8.7,0.0,0.0,88.0
78163,261,18.74098360655737,18.25,17.5609375,8.2,0.0,0.0,89.0
79063,261,19.402941176470588,18.073529411764707,17.79264705882353,7.9,0.0,0.0,89.0
79963,261,19.96307692307692,18.147058823529413,17.836764705882352,7.1,0.0,0.0,90.0
80863,261,19.324615384615385,17.917910447761194,17.328358208955223,6.8,0.0,0.0,90.0
81763,261,18.83432835820896,17.5,17.01304347826087,6.5,0.0,0.0,91.0
82663,261,18.44857142857143,17.5,16.876923076923077,6.4,0.0,0.0,93.0
83563,261,18.10454545454545,17.463235294117645,16.67205882352941,6.4,0.0,0.0,93.0
84463,261,17.887301587301586,17.0,16.47941176470588,6.3,0.0,0.0,93.0
85363,261,17.735820895522387,17.0,16.3,6.4,0.0,0.0,92.0
86263,261,17.578787878787878,17.0,16.3,6.6,0.0,0.0,91.0
763,262,17.49848484848485,17.0,16.045454545454547,6.3,0.0,0.0,91.0
1663,262,17.4,16.984375,16.0,5.8,0.0,0.0,91.0
2563,262,17.35142857142857,16.549180327868854,16.0,5.6,0.0,0.0,91.0
3463,262,17.3,16.5,15.978125,5.3,0.0,0.0,93.0
4363,262,17.231746031746034,16.5,15.806349206349209,5.1,0.0,0.0,93.0
5263,262,17.2,16.5,15.8,5.2,0.0,0.0,94.0
6163,262,17.124242424242425,16.5,15.8,5.1,0.0,0.0,95.0
7063,262,17.1,16.5,15.8,5.6,0.0,0.0,96.0
7963,262,17.053623188405798,16.5,15.8,6.2,0.0,0.0,93.0
8863,262,17.0,16.5,15.678125,6.2,0.0,0.0,92.0
9763,262,16.957575757575757,16.5,15.5,6.3,0.0,1.6,92.0
10663,262,16.9,16.5,15.5,6.8,0.0,1.6,90.0
11563,262,16.9,16.5,15.5,6.8,0.0,1.6,89.0
12463,262,16.86769230769231,16.5,15.5,7.0,0.0,3.2,89.0
13363,262,16.8,16.4375,15.5,7.4,0.0,4.8,86.0
14263,262,16.8,16.134328358208954,15.5,7.6,0.0,1.6,85.0
15163,262,16.8,16.0,15.5,7.5,0.0,1.6,85.0
16063,262,16.736231884057972,16.0,15.5,7.7,0.0,4.8,86.0
16963,262,16.7,16.0,15.5,7.7,0.0,4.8,86.0
17863,262,16.7,16.0,15.463636363636365,7.9,0.0,8.0,86.0
18763,262,16.640298507462685,16.0,15.315873015873017,7.9,0.0,8.0,86.0
19663,262,16.6,16.0,15.3,8.1,0.0,4.8,87.0
20563,262,16.6,16.0,15.3,8.2,0.0,6.4,88.0
21463,262,16.593939393939394,16.0,15.3,8.3,0.0,6.4,89.0
22363,262,16.5,16.0,15.3,8.2,0.0,4.8,88.0
23263,262,16.5,16.0,15.3,8.0,0.0,3.2,88.0
24163,262,16.5,16.0,15.3,7.7,0.0,0.0,88.0
25063,262,16.542028985507248,16.0,15.34,7.2,5.0,1.6,90.0
25963,262,16.784126984126985,16.0,15.5,7.6,11.0,6.4,90.0
26863,262,16.760606060606058,16.0,15.5,8.1,14.0,6.4,88.0
27763,262,16.701538461538462,16.0,15.5,8.7,15.0,12.9,86.0
28663,262,16.77846153846154,16.0,15.5,9.3,21.0,11.3,84.0
29563,262,16.7,16.0,15.397142857142857,9.2,25.0,8.0,85.0
30463,262,16.776119402985074,16.0,15.3,9.7,163.0,11.3,85.0
31363,262,16.8,16.0,15.3,9.8,178.0,6.4,85.0
32263,262,16.8,16.0,15.3,10.6,232.0,4.8,83.0
33163,262,16.8,16.0,15.3,10.6,264.0,4.8,83.0
34063,262,16.761764705882353,16.0,15.3,11.2,316.0,4.8,84.0
34963,262,16.774603174603175,16.0,15.426153846153849,11.4,332.0,8.0,83.0
35863,262,18.47714285714286,16.419117647058822,15.744117647058824,11.8,362.0,9.7,83.0
36763,262,17.398387096774194,16.491935483870968,15.72741935483871,11.6,42.0,11.3,84.0
37663,262,17.061764705882354,16.016949152542374,15.496610169491529,11.9,54.0,11.3,81.0
38563,262,16.887878787878787,16.0,15.314492753623188,12.2,426.0,12.9,82.0
39463,262,16.752307692307692,16.0,15.3,12.8,503.0,12.9,79.0
40363,262,16.621311475409836,16.0,15.3,13.3,587.0,12.9,77.0
41263,262,16.544927536231885,16.0,15.29516129032258,13.3,584.0,11.3,76.0
42163,262,16.434920634920637,16.0,15.11904761904762,13.8,567.0,11.3,76.0
43063,262,16.366666666666667,16.0,15.0,13.5,694.0,9.7,77.0
43963,262,16.3,16.0,15.0,14.4,761.0,11.3,73.0
44863,262,16.3,15.959016393442624,15.0,14.6,640.0,11.3,70.0
45763,262,16.22769230769231,15.8671875,15.0,14.7,204.0,12.9,69.0
46663,262,16.2,15.865671641791044,15.0,13.4,246.0,12.9,73.0
47563,262,16.282258064516128,15.992753623188406,15.204347826086956,14.2,315.0,14.5,71.0
48463,262,16.3,16.0,15.203076923076924,13.8,434.0,14.5,69.0
49363,262,16.29402985074627,16.0,15.013043478260869,14.0,605.0,12.9,71.0
50263,262,16.21857142857143,16.0,15.0,15.8,708.0,14.5,66.0
51163,262,16.285245901639346,16.0,15.0,15.9,717.0,16.1,62.0
52063,262,16.3,16.0,15.0,15.4,682.0,14.5,66.0
52963,262,16.3,15.9921875,15.0,15.4,573.0,9.7,66.0
53863,262,16.3,16.0,15.0,15.4,547.0,14.5,65.0
54763,262,16.3,16.0,15.004761904761905,15.8,485.0,12.9,62.0
55663,262,16.3,16.0,15.295774647887324,15.6,462.0,16.1,61.0
56563,262,16.325,16.0,15.3,16.0,455.0,12.9,60.0
57463,262,16.4,16.0,15.254545454545454,15.4,366.0,12.9,63.0
58363,262,16.4,16.0,15.176470588235292,15.9,404.0,12.9,61.0
59263,262,16.4,16.0,15.204761904761904,15.2,100.0,12.9,63.0
60163,262,16.5140625,16.0,15.30625,15.3,160.0,8.0,65.0
61063,262,16.501408450704226,16.0,15.404761904761903,15.0,77.0,11.3,65.0
61963,262,16.431343283582088,16.0,15.3,15.0,63.0,9.7,66.0
62863,262,16.317741935483873,16.0,15.3,14.7,40.0,9.7,67.0
63763,262,16.22769230769231,16.0,15.3,14.6,52.0,6.4,68.0
64663,262,16.202985074626866,16.0,15.3,14.4,32.0,6.4,69.0
65563,262,16.227272727272727,16.0,15.3,14.2,19.0,6.4,69.0
66463,262,16.21044776119403,16.0,15.3,13.5,16.0,4.8,74.0
67363,262,16.2,16.0,15.28,12.8,14.0,3.2,77.0
68263,262,16.2,16.0,15.28181818181818,12.6,12.0,4.8,77.0
69163,262,16.2,16.0,15.3,12.5,5.0,4.8,77.0
70063,262,16.2,16.0,15.3,12.0,0.0,4.8,78.0
70963,262,16.2,16.0,15.218571428571428,11.9,0.0,4.8,81.0
71863,262,16.2,16.0,15.068181818181818,12.3,0.0,6.4,81.0
72763,262,16.2,16.0,15.020338983050848,12.2,0.0,8.0,82.0
73663,262,16.2,16.0,15.036363636363635,12.1,0.0,9.7,83.0
74563,262,16.2,16.0,15.066101694915256,12.3,0.0,11.3,83.0
75463,262,16.14666666666667,16.0,15.06,12.3,0.0,11.3,83.0
76363,262,16.1,16.0,15.07058823529412,11.9,0.0,12.9,84.0
77263,262,16.1,16.0,15.034782608695654,11.6,0.0,12.9,84.0
78163,262,16.161764705882355,16.0,15.22058823529412,11.4,0.0,12.9,85.0
79063,262,16.2,16.0,15.263013698630138,11.3,0.0,12.9,85.0
79963,262,16.2,16.0,15.256521739130434,11.2,0.0,14.5,84.0
80863,262,16.20597014925373,25.977941176470587,20.772058823529413,11.1,0.0,12.9,85.0
81763,262,16.740000000000002,54.59848484848485,47.99393939393939,10.9,0.0,11.3,85.0
82663,262,17.6463768115942,56.22142857142857,51.75714285714285,10.9,0.0,12.9,86.0
83563,262,18.30597014925373,41.43939393939394,38.489393939393935,11.2,0.0,14.5,86.0
84463,262,18.59692307692308,28.727941176470587,26.36764705882353,11.3,0.0,12.9,86.0
85363,262,18.53013698630137,23.33582089552239,21.917910447761194,11.4,0.0,14.5,86.0
86263,262,18.465217391304343,21.0,20.28923076923077,11.4,0.0,14.5,85.0
763,263,18.371014492753623,19.45522388059701,18.84328358208955,11.5,0.0,16.1,85.0
1663,263,18.20441176470588,18.402985074626866,17.83582089552239,11.4,0.0,14.5,85.0
2563,263,18.04328358208955,17.761194029850746,17.27910447761194,11.4,0.0,14.5,85.0
3463,263,17.8515625,17.44927536231884,16.901449275362317,11.7,0.0,16.1,84.0
4363,263,17.708695652173912,17.0,16.645714285714284,11.8,0.0,12.9,85.0
5263,263,17.567692307692308,17.0,16.459375,11.8,0.0,14.5,85.0
6163,263,17.480597014925372,16.985294117647058,16.3,12.0,0.0,12.9,86.0
7063,263,17.4,16.6,16.295384615384613,12.0,0.0,12.9,86.0
7963,263,17.3,16.5,16.0515625,12.2,0.0,12.9,86.0
8863,263,17.241176470588236,16.5,16.0,12.2,0.0,16.1,87.0
9763,263,17.2,16.5,15.961194029850745,12.4,0.0,14.5,86.0
10663,263,17.132835820895522,16.5,15.8,12.4,0.0,11.3,87.0
11563,263,17.1,16.5,15.8,12.6,0.0,9.7,88.0
12463,263,17.042424242424243,16.5,15.8,12.8,0.0,8.0,87.0
13363,263,17.0,16.5,15.8,12.8,0.0,6.4,87.0
14263,263,17.0,16.485294117647058,15.694117647058825,12.8,0.0,6.4,87.0
15163,263,16.997014925373133,16.426470588235293,15.504411764705882,12.7,0.0,1.6,88.0
16063,263,16.912121212121214,16.125,15.5,13.1,0.0,11.3,88.0
16963,263,16.9,16.01492537313433,15.5,13.3,0.0,6.4,86.0
17863,263,16.9,16.0,15.5,12.9,0.0,4.8,87.0
18763,263,16.9,16.0,15.5,12.8,0.0,3.2,88.0
19663,263,16.9,16.0,15.5,12.7,0.0,3.2,89.0
20563,263,16.8828125,16.0,15.5,12.5,0.0,3.2,89.0
21463,263,16.8,16.0,15.5,13.0,0.0,16.1,88.0
22363,263,16.8,16.0,15.5,13.3,0.0,20.9,87.0
23263,263,16.8,16.0,15.5,13.3,0.0,17.7,87.0
24163,263,16.8,16.0,15.5,13.2,0.0,16.1,88.0
25063,263,16.8,16.0,15.5,13.3,0.0,20.9,89.0
25963,263,16.8,16.0,15.5,13.5,9.0,20.9,88.0
26863,263,16.9044776119403,16.295454545454547,15.668181818181818,13.5,14.0,19.3,89.0
27763,263,17.03636363636364,16.5,15.8,13.6,15.0,20.9,89.0
28663,263,17.0,16.5,15.8,13.8,23.0,22.5,89.0
29563,263,16.940579710144927,16.5,15.888235294117646,13.9,58.0,22.5,90.0
30463,263,16.9,16.5,15.8,14.2,60.0,24.1,89.0
31363,263,16.9,16.5,15.8,14.3,76.0,22.5,89.0
32263,263,17.8530303030303,16.50735294117647,15.905882352941177,14.5,83.0,24.1,88.0
33163,263,17.775,16.5,16.09047619047619,14.7,111.0,22.5,87.0
34063,263,17.32272727272727,16.5,16.0,15.2,209.0,25.7,86.0
34963,263,17.276923076923076,16.5,16.0,15.3,179.0,25.7,86.0
35863,263,17.2,16.5,16.0,15.1,165.0,24.1,87.0
36763,263,17.2,16.5,16.0,15.6,246.0,25.7,85.0
37663,263,17.2,16.5,16.0,15.4,213.0,24.1,85.0
38563,263,17.175,16.5,16.0,15.2,197.0,24.1,86.0
39463,263,17.1,16.5,15.976470588235292,15.3,250.0,24.1,86.0
40363,263,17.1,16.5,15.919402985074626,15.5,239.0,25.7,85.0
41263,263,17.1,16.5,15.87536231884058,15.6,216.0,20.9,84.0
42163,263,17.166666666666664,16.5,15.979710144927536,15.4,285.0,20.9,85.0
43063,263,17.107462686567164,16.5,15.996969696969696,15.4,134.0,20.9,84.0
43963,263,17.1,16.5,15.844776119402985,15.7,250.0,20.9,84.0
44863,263,17.1,16.5,15.803225806451612,15.9,176.0,16.1,82.0
45763,263,17.124590163934425,26.238461538461536,21.284615384615385,15.9,215.0,12.9,83.0
46663,263,17.77941176470588,53.26119402985074,47.35223880597015,16.0,185.0,11.3,83.0
47563,263,18.81384615384616,40.25352112676056,37.01549295774648,15.8,162.0,12.9,84.0
48463,263,19.22089552238806,28.125,25.525,15.6,176.0,16.1,86.0
49363,263,19.283076923076923,23.262295081967213,21.72295081967213,15.7,196.0,16.1,86.0
50263,263,19.1734375,20.72058823529412,19.77941176470588,15.7,132.0,19.3,86.0
51163,263,19.026153846153846,19.333333333333336,18.663636363636364,15.6,95.0,12.9,87.0
52063,263,18.859701492537315,18.57246376811594,18.015942028985503,15.4,67.0,11.3,87.0
52963,263,18.694117647058825,18.0,17.613636363636363,15.4,97.0,9.7,87.0
53863,263,18.55373134328358,17.734848484848484,17.35151515151515,15.6,105.0,14.5,86.0
54763,263,18.428358208955224,17.5,17.101408450704223,15.7,93.0,8.0,86.0
55663,263,18.327142857142857,17.5,17.0,15.8,100.0,14.5,86.0
56563,263,18.21587301587301,17.31818181818182,16.81818181818182,15.8,104.0,20.9,86.0
57463,263,18.12,17.0,16.8,16.1,109.0,16.1,85.0
58363,263,18.02063492063492,17.0,16.701492537313435,16.0,84.0,14.5,85.0
59263,263,17.937142857142856,17.0,16.5,15.7,58.0,14.5,86.0
60163,263,17.84923076923077,17.0,16.5,15.6,35.0,12.9,86.0
61063,263,17.8,17.0,16.5,15.3,33.0,14.5,87.0
61963,263,17.778125,17.0,16.5,15.1,26.0,19.3,88.0
62863,263,17.7,17.0,16.5,15.2,14.0,20.9,88.0
63763,263,17.675757575757576,17.0,16.443283582089553,15.1,11.0,19.3,88.0
64663,263,17.670149253731346,17.0,16.456923076923076,14.6,18.0,24.1,91.0
65563,263,17.630769230769232,17.0,16.442424242424245,14.4,26.0,19.3,92.0
66463,263,17.486567164179103,17.0,16.45294117647059,14.4,19.0,20.9,91.0
67363,263,17.39090909090909,17.0,16.41470588235294,14.4,13.0,17.7,91.0
68263,263,17.347058823529412,17.0,16.3,14.4,0.0,19.3,92.0
69163,263,17.4,17.0,16.3,14.4,0.0,14.5,92.0
70063,263,17.4921875,17.0,16.3,14.4,0.0,12.9,92.0
70963,263,17.5,17.0,16.3,14.4,0.0,12.9,92.0
71863,263,17.5,17.0,16.3,14.6,0.0,14.5,92.0
72763,263,17.507575757575758,17.0,16.3,14.6,0.0,14.5,92.0
73663,263,17.5,17.0,16.3,14.5,0.0,11.3,92.0
74563,263,17.5,17.0,16.3,14.7,0.0,20.9,91.0
75463,263,17.5,17.0,16.3,14.7,0.0,17.7,91.0
76363,263,17.5,17.0,16.3,14.6,0.0,16.1,92.0
77263,263,17.5359375,17.0,16.3,14.7,0.0,19.3,92.0
78163,263,17.61025641025641,17.0,16.3,14.7,0.0,19.3,92.0
79063,263,17.7,17.0,16.3,14.7,0.0,22.5,92.0
79963,263,17.73548387096774,17.0,16.436363636363637,14.8,0.0,19.3,91.0
80863,263,17.804285714285715,17.0,16.5,15.3,0.0,16.1,90.0
81763,263,17.875757575757575,17.0,16.5,15.6,0.0,24.1,89.0
82663,263,17.8,17.0,16.5,15.6,0.0,24.1,89.0
83563,263,17.85967741935484,17.1031746031746,16.628571428571426,15.5,0.0,24.1,91.0
84463,263,17.9,17.0,16.5,15.1,0.0,20.9,93.0
85363,263,17.9,17.0,16.5,14.6,0.0,20.9,90.0
86263,263,17.856716417910448,17.0,16.5,14.0,0.0,19.3,90.0
763,264,17.8,17.0,16.5,13.8,0.0,16.1,91.0
1663,264,17.8,17.0,16.5,12.8,0.0,22.5,90.0
2563,264,17.8,17.0,16.5,12.8,0.0,22.5,90.0
3463,264,17.75,17.0,16.5,12.3,0.0,19.3,91.0
4363,264,17.7,17.0,16.475757575757576,12.1,0.0,19.3,91.0
5263,264,17.7,17.0,16.3969696969697,12.6,0.0,14.5,89.0
6163,264,17.7,17.0,16.3125,12.6,0.0,16.1,88.0
7063,264,17.7,17.0,16.3,12.4,0.0,17.7,88.0
7963,264,17.674242424242426,17.0,16.3,12.5,0.0,14.5,87.0
8863,264,17.6,17.0,16.3,12.5,0.0,16.1,87.0
9763,264,17.6,17.0,16.3,12.5,0.0,14.5,86.0
10663,264,17.6,17.0,16.3,12.2,0.0,9.7,87.0
11563,264,17.6,17.0,16.3,12.2,0.0,9.7,87.0
12463,264,17.6,17.0,16.3,12.3,0.0,8.0,87.0
13363,264,17.6,17.0,16.3,12.3,0.0,8.0,86.0
14263,264,17.51212121212121,17.0,16.3,12.3,0.0,4.8,89.0
15163,264,17.5,17.0,16.3,11.9,0.0,1.6,90.0
16063,264,17.5,17.0,16.3,11.9,0.0,4.8,90.0
16963,264,17.5,17.0,16.3,11.8,0.0,6.4,91.0
17863,264,17.5,17.0,16.3,11.6,0.0,4.8,92.0
18763,264,17.5,17.0,16.3,11.4,0.0,3.2,93.0
19663,264,17.5,17.0,16.3,11.2,0.0,1.6,93.0
20563,264,17.453846153846154,17.0,16.3,11.1,0.0,3.2,93.0
21463,264,17.4,17.0,16.3,10.8,0.0,9.7,94.0
22363,264,17.4,17.0,16.3,10.7,0.0,9.7,95.0
23263,264,17.407462686567165,17.0,16.3,10.5,0.0,6.4,96.0
24163,264,17.4,17.0,16.3,10.5,0.0,6.4,96.0
25063,264,17.414492753623186,16.960317460317462,16.25714285714286,10.4,0.0,9.7,96.0
25963,264,17.547619047619047,16.97761194029851,16.222388059701494,10.4,0.0,8.0,97.0
26863,264,17.7,17.0,16.421212121212122,10.4,2.0,3.2,97.0
27763,264,17.618840579710145,17.0,16.295454545454547,10.4,7.0,3.2,97.0
28663,264,17.557575757575755,17.0,16.219402985074627,10.4,12.0,4.8,97.0
29563,264,17.5,17.0,16.14776119402985,10.4,15.0,4.8,97.0
30463,264,17.802816901408452,17.0,16.25714285714286,10.3,21.0,4.8,97.0
31363,264,19.288059701492536,17.149253731343286,16.58507462686567,10.3,28.0,6.4,97.0
32263,264,18.15147058823529,17.0,16.485714285714288,10.3,53.0,6.4,97.0
33163,264,17.659701492537316,17.0,16.3,10.4,79.0,8.0,97.0
34063,264,17.35076923076923,17.0,16.273529411764706,10.6,77.0,4.8,97.0
34963,264,17.305,17.0,16.05909090909091,10.8,155.0,6.4,97.0
35863,264,17.3,17.0,16.115384615384617,11.1,176.0,8.0,96.0
36763,264,17.3,17.0,16.058208955223883,11.4,156.0,6.4,96.0
37663,264,17.23968253968254,17.0,16.061764705882354,11.6,139.0,6.4,95.0
38563,264,17.27910447761194,17.0,16.3,11.7,132.0,8.0,95.0
39463,264,17.324242424242424,17.0,16.3,11.7,127.0,8.0,94.0
40363,264,17.408823529411766,17.0,16.3,11.4,79.0,11.3,94.0
41263,264,17.5,17.0,16.3,11.6,178.0,11.3,93.0
42163,264,17.5,17.0,16.3,11.7,209.0,11.3,93.0
43063,264,17.5,17.0,16.3,12.2,271.0,11.3,92.0
43963,264,17.5,17.0,16.3,12.2,204.0,9.7,91.0
44863,264,17.5,17.0,16.3,12.6,455.0,14.5,88.0
45763,264,17.5,17.0,16.3,13.1,355.0,14.5,89.0
46663,264,17.5,17.0,16.3,13.7,446.0,16.1,84.0
47563,264,17.5,17.0,16.3,13.8,468.0,16.1,82.0
48463,264,17.5,17.0,16.3,13.9,608.0,17.7,83.0
49363,264,17.5,17.0,16.3,13.8,383.0,16.1,84.0
50263,264,17.5,17.0,16.3,13.9,374.0,14.5,81.0
51163,264,17.5,17.0,16.3,13.8,380.0,14.5,81.0
52063,264,17.5,17.0,16.3,13.5,350.0,17.7,82.0
52963,264,17.5,17.0,16.3,14.3,589.0,20.9,77.0
53863,264,17.5,17.0,16.3,14.4,489.0,19.3,74.0
54763,264,17.5,17.0,16.3,14.4,503.0,19.3,75.0
55663,264,17.5,17.0,16.3,13.6,137.0,17.7,77.0
56563,264,17.5,17.0,16.3,13.5,190.0,17.7,75.0
57463,264,17.5,17.0,16.3,14.5,86.0,17.7,72.0
58363,264,17.5,17.0,16.3,13.8,95.0,16.1,73.0
59263,264,17.5,17.0,16.3,13.4,83.0,12.9,73.0
60163,264,17.5,17.0,16.3,13.3,151.0,11.3,72.0
61063,264,17.5,17.0,16.3,13.7,142.0,14.5,69.0
61963,264,17.5,17.0,16.3,13.8,144.0,14.5,68.0
62863,264,17.572307692307692,17.0,16.3,14.2,91.0,16.1,66.0
63763,264,17.6,17.0,16.3,13.8,40.0,14.5,67.0
64663,264,17.6,17.0,16.3,13.3,72.0,11.3,72.0
65563,264,17.56142857142857,17.0,16.3,13.4,70.0,11.3,72.0
66463,264,17.5,17.0,16.3,13.4,39.0,12.9,70.0
67363,264,17.45441176470588,17.0,16.3,13.1,36.0,12.9,70.0
68263,264,17.4,17.0,16.3,12.2,12.0,9.7,73.0
69163,264,17.4,17.0,16.2955223880597,11.5,0.0,9.7,77.0
70063,264,17.35151515151515,17.0,16.228571428571428,11.1,0.0,11.3,78.0
70963,264,17.3,17.0,16.264705882352942,10.8,0.0,11.3,78.0
71863,264,17.3,17.0,16.076119402985075,10.7,0.0,14.5,79.0
72763,264,17.3,16.992307692307694,16.0,10.4,0.0,12.9,81.0
73663,264,17.3,16.915384615384617,16.0,10.3,0.0,11.3,82.0
74563,264,17.236507936507937,16.794117647058822,16.0,10.2,0.0,8.0,81.0
75463,264,17.2,16.55223880597015,16.0,10.1,0.0,11.3,80.0
76363,264,17.2,16.557971014492754,16.0,9.9,0.0,9.7,80.0
77263,264,17.2,16.53076923076923,16.0,9.9,0.0,11.3,80.0
78163,264,17.181159420289855,16.5,16.0,9.8,0.0,11.3,82.0
79063,264,17.1,16.5,16.0,9.9,0.0,12.9,82.0
79963,264,17.1,16.5,16.0,9.9,0.0,14.5,83.0
80863,264,17.1,16.5,16.0,10.1,0.0,12.9,82.0
81763,264,17.1,16.5,16.0,10.1,0.0,14.5,82.0
82663,264,17.079104477611942,16.5,16.0,10.1,0.0,16.1,80.0
83563,264,17.0,16.5,16.0,10.2,0.0,16.1,79.0
84463,264,17.0,16.5,16.0,10.0,0.0,12.9,77.0
85363,264,17.0,16.5,16.0,9.9,0.0,11.3,76.0
86263,264,17.0,16.5,16.0,9.7,0.0,11.3,77.0
763,265,16.991304347826087,16.5,15.961764705882354,9.3,0.0,12.9,80.0
1663,265,16.903030303030302,16.5,15.942028985507246,9.2,0.0,12.9,82.0
2563,265,16.9,16.5,15.853125,9.4,0.0,12.9,82.0
3463,265,16.9,16.5,15.828571428571427,9.5,0.0,12.9,82.0
4363,265,16.9,16.5,15.82,9.7,0.0,11.3,82.0
5263,265,16.9,16.5,15.8,9.6,0.0,14.5,82.0
6163,265,16.9,16.5,15.8,9.6,0.0,12.9,82.0
7063,265,16.887301587301586,16.5,15.8,9.4,0.0,14.5,84.0
7963,265,16.8,16.5,15.8,9.5,0.0,14.5,85.0
8863,265,16.8,16.5,15.8,9.4,0.0,12.9,87.0
9763,265,16.8,16.5,15.8,9.6,0.0,16.1,87.0
10663,265,16.8,16.5,15.8,9.4,0.0,14.5,86.0
11563,265,16.8,16.5,15.8,9.3,0.0,14.5,87.0
12463,265,16.71014492753623,16.5,15.786764705882351,9.5,0.0,16.1,86.0
13363,265,16.7,16.5,15.571641791044778,9.7,0.0,14.5,86.0
14263,265,16.7,16.484848484848484,15.5,9.6,0.0,12.9,86.0
15163,265,16.64558823529412,16.463235294117645,15.5,9.6,0.0,14.5,88.0
16063,265,16.6,16.286764705882355,15.5,9.4,0.0,11.3,89.0
16963,265,16.6,16.0625,15.5,9.7,0.0,16.1,88.0
17863,265,16.6,16.007692307692306,15.5,9.7,0.0,16.1,88.0
18763,265,16.561764705882354,16.0,15.5,9.3,0.0,14.5,88.0
19663,265,16.5,16.0,15.5,9.1,0.0,14.5,87.0
20563,265,16.5,16.0,15.5,8.9,0.0,14.5,88.0
21463,265,16.5,16.0,15.5,8.6,0.0,11.3,89.0
22363,265,16.5,16.0,15.49090909090909,8.8,0.0,12.9,90.0
23263,265,16.5,16.0,15.480281690140846,8.6,0.0,14.5,90.0
24163,265,16.54927536231884,16.0,15.307246376811596,8.6,0.0,14.5,91.0
25063,265,16.7,16.051470588235293,15.5,8.7,7.0,12.9,91.0
25963,265,16.673913043478258,16.0,15.5,8.8,16.0,11.3,91.0
26863,265,16.6,16.0,15.5,9.0,28.0,9.7,91.0
27763,265,16.6,16.0,15.5,9.1,37.0,11.3,91.0
28663,265,16.684375,16.0,15.5,9.4,62.0,14.5,90.0
29563,265,16.7,16.02857142857143,15.5,9.8,77.0,14.5,89.0
30463,265,16.7,16.02112676056338,15.5,10.1,109.0,16.1,88.0
31363,265,16.7,16.046153846153846,15.5,10.3,114.0,19.3,88.0
32263,265,16.71029411764706,16.11764705882353,15.5,11.3,174.0,11.3,85.0
33163,265,16.8,16.125,15.5,11.7,239.0,8.0,84.0
34063,265,16.8,16.223880597014926,15.508955223880596,12.0,113.0,8.0,83.0
34963,265,16.8,16.1044776119403,15.513432835820897,11.9,320.0,8.0,83.0
35863,265,16.8,16.0703125,15.5,12.3,218.0,11.3,81.0
36763,265,16.79090909090909,16.045454545454547,15.504545454545454,12.6,176.0,11.3,80.0
37663,265,16.7,16.00714285714286,15.5,12.6,172.0,11.3,80.0
38563,265,16.7,16.0,15.5,12.4,133.0,11.3,79.0
39463,265,16.7,16.0,15.5,12.2,127.0,17.7,80.0
40363,265,16.7,16.0,15.5,12.2,134.0,19.3,80.0
41263,265,16.7,16.0,15.5,12.3,77.0,12.9,80.0
42163,265,16.7,16.0,15.5,12.3,113.0,11.3,80.0
43063,265,16.663636363636364,16.0,15.5,12.5,134.0,9.7,78.0
43963,265,16.652941176470588,16.0,15.5,12.5,100.0,12.9,78.0
44863,265,16.627536231884058,16.0,15.5,12.6,130.0,14.5,77.0
45763,265,16.6,16.0,15.5,12.6,141.0,14.5,77.0
46663,265,16.6,16.0,15.5,12.8,93.0,17.7,77.0
47563,265,16.6,16.0,15.5,12.9,121.0,16.1,77.0
48463,265,16.6,16.0,15.5,13.0,139.0,16.1,75.0
49363,265,16.6,16.0,15.5,12.8,114.0,14.5,76.0
50263,265,16.6,16.0,15.5,12.6,127.0,14.5,78.0
51163,265,16.6,16.0,15.5,12.5,109.0,17.7,77.0
52063,265,16.6,16.0,15.5,12.7,120.0,16.1,77.0
52963,265,16.6,16.0,15.5,13.1,183.0,17.7,73.0
53863,265,16.6,16.0,15.5,13.5,272.0,19.3,72.0
54763,265,16.6,16.0,15.5,14.3,322.0,20.9,71.0
55663,265,16.633333333333333,16.0,15.5,14.6,684.0,22.5,71.0
56563,265,16.6,16.0,15.5,15.0,640.0,22.5,70.0
57463,265,16.6,16.0,15.5,14.6,427.0,27.4,69.0
58363,265,16.6,16.0,15.5,14.6,408.0,25.7,71.0
59263,265,16.6,16.0,15.5,14.3,183.0,22.5,73.0
60163,265,16.628333333333334,16.0,15.5,13.8,149.0,27.4,75.0
61063,265,16.69848484848485,16.0,15.5,13.9,95.0,25.7,77.0
61963,265,16.7,16.0,15.5,13.9,93.0,20.9,78.0
62863,265,16.7,16.0,15.5,13.8,54.0,17.7,79.0
63763,265,16.7,16.007575757575758,15.5,13.3,67.0,22.5,80.0
64663,265,16.7,16.0,15.5,12.9,58.0,25.7,82.0
65563,265,16.7,16.0,15.5,12.8,42.0,24.1,83.0
66463,265,16.7,16.0,15.5,12.4,12.0,20.9,85.0
67363,265,16.7,16.00735294117647,15.5,12.3,12.0,20.9,86.0
68263,265,16.61692307692308,16.0,15.5,12.1,5.0,22.5,87.0
69163,265,16.595652173913045,16.0,15.5,12.0,0.0,24.1,87.0
70063,265,16.501470588235293,16.0,15.5,12.0,0.0,22.5,87.0
70963,265,16.5,16.0,15.5,11.9,0.0,22.5,88.0
71863,265,16.5,16.0,15.5,11.9,0.0,24.1,88.0
72763,265,16.436363636363637,16.0,15.5,11.9,0.0,20.9,89.0
73663,265,16.40597014925373,16.0,15.5,12.2,0.0,27.4,88.0
74563,265,16.4,16.0,15.5,12.2,0.0,29.0,88.0
75463,265,16.4,16.0,15.5,12.1,0.0,27.4,89.0
76363,265,16.4,16.0,15.5,12.1,0.0,25.7,89.0
77263,265,16.4,16.0,15.5,12.0,0.0,24.1,90.0
78163,265,16.48181818181818,16.0,15.5,12.2,0.0,25.7,89.0
79063,265,18.93939393939394,16.37323943661972,15.812676056338027,12.3,0.0,24.1,89.0
79963,265,18.563636363636363,16.5,15.8,12.1,0.0,20.9,90.0
80863,265,17.9953125,16.5,15.8,12.0,0.0,22.5,90.0
81763,265,17.580000000000002,16.492537313432837,15.643283582089552,11.9,0.0,19.3,90.0
82663,265,17.25735294117647,16.391304347826086,15.5,11.8,0.0,17.7,90.0
83563,265,17.005714285714284,16.036764705882355,15.5,11.9,0.0,19.3,90.0
84463,265,16.84852941176471,16.0,15.5,12.0,0.0,16.1,90.0
85363,265,16.703030303030303,16.0,15.5,11.9,0.0,16.1,91.0
86263,265,16.541176470588233,16.0,15.5,11.9,0.0,19.3,91.0
763,266,16.419402985074626,16.0,15.5,11.9,0.0,19.3,91.0
1663,266,16.303030303030305,16.0,15.5,12.1,0.0,17.7,92.0
2563,266,16.20793650793651,16.0,15.5,11.9,0.0,17.7,93.0
3463,266,16.2,16.0,15.5,12.0,0.0,17.7,93.0
4363,266,16.2,16.0,15.5,12.0,0.0,17.7,93.0
5263,266,16.168181818181818,16.0,15.473134328358208,12.1,0.0,17.7,93.0
6163,266,16.1,16.0,15.33235294117647,12.2,0.0,16.1,93.0
7063,266,16.1,16.0,15.3,12.2,0.0,16.1,93.0
7963,266,16.1,16.0,15.3,12.2,0.0,14.5,93.0
8863,266,16.1,16.0,15.3,12.1,0.0,11.3,93.0
9763,266,16.1,16.0,15.3,12.0,0.0,11.3,93.0
10663,266,16.1,16.0,15.3,11.9,0.0,11.3,94.0
11563,266,16.1,16.0,15.3,11.9,0.0,12.9,93.0
12463,266,16.1,16.0,15.3,11.8,0.0,11.3,93.0
13363,266,16.1,16.0,15.3,11.8,0.0,11.3,93.0
14263,266,16.1,16.0,15.3,12.1,0.0,11.3,93.0
15163,266,16.1,16.0,15.3,12.1,0.0,11.3,93.0
16063,266,16.1,16.0,15.3,12.1,0.0,9.7,92.0
16963,266,16.1,16.0,15.3,12.2,0.0,12.9,92.0
17863,266,16.09558823529412,16.0,15.2955223880597,12.4,0.0,12.9,91.0
18763,266,16.01290322580645,16.0,15.28181818181818,12.4,0.0,12.9,91.0
19663,266,16.0,16.0,15.206756756756755,12.3,0.0,11.3,92.0
20563,266,16.0,16.0,15.092307692307694,12.4,0.0,11.3,90.0
21463,266,16.0,16.0,15.009230769230768,12.1,0.0,12.9,90.0
22363,266,16.0,16.0,15.0,12.2,0.0,16.1,89.0
23263,266,16.0,15.953846153846154,15.013846153846156,12.0,0.0,19.3,86.0
24163,266,16.01764705882353,15.969230769230768,15.0,11.9,0.0,22.5,86.0
25063,266,16.1,15.992857142857142,15.0,11.7,5.0,19.3,86.0
25963,266,16.1,16.0,15.13181818181818,11.6,7.0,20.9,86.0
26863,266,16.15441176470588,16.0,15.285714285714286,11.6,12.0,19.3,88.0
27763,266,16.256716417910447,16.0,15.3,11.8,21.0,19.3,87.0
28663,266,16.347692307692306,16.0,15.3,12.0,25.0,19.3,87.0
29563,266,16.5,16.0,15.305555555555554,12.2,35.0,20.9,87.0
30463,266,16.5,16.0,15.3,12.6,109.0,20.9,87.0
31363,266,16.5,16.0,15.3,12.9,137.0,20.9,86.0
32263,266,16.519117647058824,16.0,15.3,13.3,171.0,20.9,85.0
33163,266,16.6,16.0,15.315873015873017,13.4,163.0,22.5,85.0
34063,266,16.6,16.0,15.411111111111111,13.4,202.0,22.5,85.0
34963,266,16.6,16.0,15.474647887323943,13.7,225.0,19.3,82.0
35863,266,16.6765625,16.0,15.5,14.1,86.0,11.3,81.0
36763,266,16.7,16.0,15.5,14.3,93.0,11.3,81.0
37663,266,16.685294117647057,16.0,15.5,14.9,357.0,11.3,80.0
38563,266,16.678571428571427,16.0,15.5,15.3,362.0,11.3,77.0
39463,266,16.7,16.0,15.5,15.9,410.0,6.4,75.0
40363,266,16.769117647058824,16.0,15.5,16.4,446.0,8.0,73.0
41263,266,16.77164179104478,16.0,15.5,17.1,504.0,3.2,73.0
42163,266,16.733333333333334,16.0,15.5,16.9,502.0,4.8,73.0
43063,266,16.8,16.0,15.5,17.6,534.0,8.0,73.0
43963,266,16.8,16.0,15.5,18.2,606.0,8.0,70.0
44863,266,16.8,16.0,15.5,17.4,448.0,9.7,74.0
45763,266,16.8,16.0,15.5,17.2,253.0,11.3,76.0
46663,266,16.804411764705883,16.0,15.5,16.1,109.0,9.7,79.0
47563,266,16.8,16.0,15.5,15.9,199.0,12.9,81.0
48463,266,16.8,16.0,15.5,16.1,174.0,8.0,83.0
49363,266,16.8,16.0,15.5,16.5,179.0,11.3,80.0
50263,266,16.8,16.0,15.5,16.6,207.0,11.3,81.0
51163,266,16.8,16.0,15.5,16.4,220.0,12.9,81.0
52063,266,16.8,16.0,15.5,16.4,149.0,9.7,83.0
52963,266,16.8,16.0,15.5,16.3,109.0,9.7,82.0
53863,266,16.8,16.0,15.5,16.7,223.0,9.7,81.0
54763,266,16.8,16.0,15.5,16.9,220.0,8.0,81.0
55663,266,16.8,16.0,15.5,17.2,162.0,6.4,81.0
56563,266,16.8,16.0,15.5,16.7,97.0,8.0,81.0
57463,266,16.8,16.0,15.5,16.6,72.0,11.3,81.0
58363,266,16.8,16.0,15.5,16.7,202.0,9.7,82.0
59263,266,16.81159420289855,16.0,15.523076923076925,17.0,137.0,9.7,80.0
60163,266,16.8,16.0,15.504545454545454,17.2,166.0,11.3,80.0
61063,266,16.8,16.0,15.5,17.1,121.0,9.7,79.0
61963,266,16.8,16.0,15.504411764705882,16.9,62.0,9.7,80.0
62863,266,16.8,16.0078125,15.5515625,16.6,33.0,9.7,81.0
63763,266,16.85,16.197183098591548,15.65211267605634,16.5,16.0,8.0,82.0
64663,266,17.0,16.5,15.8,16.3,9.0,8.0,83.0
65563,266,17.086363636363636,16.5,15.8,16.2,7.0,9.7,83.0
66463,266,17.1,16.5,15.8,16.0,7.0,6.4,84.0
67363,266,17.1,16.5,15.8,15.9,9.0,6.4,84.0
68263,266,17.1,16.5,15.8,15.7,0.0,8.0,85.0
69163,266,17.1,16.5,15.8,15.6,0.0,9.7,85.0
70063,266,17.008955223880598,16.5,15.8,15.4,0.0,8.0,85.0
70963,266,16.928985507246377,16.5,15.8,15.4,0.0,4.8,85.0
71863,266,16.9,16.5,15.8,15.1,0.0,0.0,86.0
72763,266,16.84852941176471,16.5,15.8,15.0,0.0,3.2,86.0
73663,266,16.8,16.5,15.8,14.9,0.0,1.6,86.0
74563,266,16.8,16.5,15.8,14.9,0.0,4.8,87.0
75463,266,16.8,16.5,15.8,14.8,0.0,1.6,87.0
76363,266,16.8,16.5,15.8,15.0,0.0,4.8,87.0
77263,266,16.8,16.5,15.8,14.8,0.0,1.6,87.0
78163,266,16.8,16.5,15.8,14.9,0.0,4.8,87.0
79063,266,16.8,16.5,15.8,14.8,0.0,3.2,87.0
79963,266,16.8,16.5,15.8,14.7,0.0,6.4,88.0
80863,266,16.8,16.5,15.8,14.6,0.0,3.2,88.0
81763,266,16.770149253731343,16.5,15.8,14.6,0.0,6.4,89.0
82663,266,16.8,16.5,15.8,14.5,0.0,0.0,89.0
83563,266,16.8,16.5,15.8,14.4,0.0,4.8,89.0
84463,266,16.8,16.5,15.795714285714286,14.3,0.0,3.2,89.0
85363,266,16.8,16.5,15.769117647058824,14.3,0.0,3.2,89.0
86263,266,16.78985507246377,16.5,15.723880597014926,14.1,0.0,3.2,90.0
763,267,16.722058823529412,16.5,15.634782608695652,14.1,0.0,4.8,90.0
1663,267,16.7,16.5,15.582758620689654,14.1,0.0,4.8,90.0
2563,267,16.7,16.5,15.57941176470588,14.0,0.0,3.2,90.0
3463,267,16.7,16.5,15.535820895522388,13.8,0.0,1.6,90.0
4363,267,16.7,16.491935483870968,15.548387096774192,13.8,0.0,4.8,90.0
5263,267,16.7,16.5,15.528125,13.8,0.0,4.8,89.0
6163,267,16.7,16.5,15.517142857142858,13.8,0.0,3.2,89.0
7063,267,16.7,16.5,15.509230769230768,13.8,0.0,3.2,89.0
7963,267,16.7,16.5,15.508695652173913,13.8,0.0,6.4,88.0
8863,267,16.7,16.5,15.5,13.7,0.0,3.2,88.0
9763,267,16.7,16.49206349206349,15.5,13.7,0.0,6.4,87.0
10663,267,16.7,16.5,15.5,13.7,0.0,6.4,86.0
11563,267,16.7,16.5,15.5,13.7,0.0,6.4,85.0
12463,267,16.7,16.5,15.5,13.6,0.0,6.4,85.0
13363,267,16.7,16.5,15.5,13.4,0.0,4.8,85.0
14263,267,16.7,16.492753623188406,15.5,13.3,0.0,4.8,85.0
15163,267,16.7,16.5,15.5,13.3,0.0,4.8,85.0
16063,267,16.68030303030303,16.5,15.5,13.2,0.0,7.2,83.0
16963,267,16.601470588235294,16.454545454545453,15.5,13.2,0.0,8.0,84.0
17863,267,16.6,16.446153846153845,15.5,13.0,0.0,4.8,85.0
18763,267,16.6,16.4453125,15.5,12.9,0.0,6.4,86.0
19663,267,16.6,16.34848484848485,15.5,12.7,0.0,4.8,87.0
20563,267,16.6,16.34558823529412,15.5,12.3,0.0,4.8,89.0
21463,267,16.6,16.238805970149254,15.5,12.3,0.0,8.0,87.0
22363,267,16.6,16.3984375,15.5,12.4,0.0,4.8,85.0
23263,267,16.6,16.417910447761194,15.5,12.6,0.0,6.4,84.0
24163,267,16.6,16.433823529411764,15.5,12.5,0.0,4.8,84.0
25063,267,16.6,16.45714285714286,15.54285714285714,12.3,0.0,4.8,83.0
25963,267,16.69848484848485,16.5,15.8,12.1,5.0,3.2,84.0
26863,267,16.7,16.5,15.8,11.7,16.0,1.6,85.0
27763,267,16.7,16.5,15.8,11.6,23.0,4.8,86.0
28663,267,16.7,16.5,15.8,12.3,60.0,9.7,84.0
29563,267,16.64857142857143,16.5,15.8,12.4,79.0,9.7,84.0
30463,267,16.6,16.5,15.747826086956522,13.4,74.0,11.3,79.0
31363,267,16.6,16.5,15.670149253731344,13.3,76.0,3.2,79.0
32263,267,16.6,16.5,15.78181818181818,13.4,46.0,14.5,77.0
33163,267,16.71363636363636,16.5,15.79558823529412,13.2,56.0,14.5,81.0
34063,267,16.8,16.5,15.8,12.9,81.0,11.3,83.0
34963,267,16.8,16.5,15.8,13.2,139.0,12.9,80.0
35863,267,16.8,16.5,15.8,13.6,158.0,12.9,79.0
36763,267,16.8,16.5,15.8,13.7,130.0,9.7,79.0
37663,267,16.8,16.5,15.8,13.8,134.0,12.9,80.0
38563,267,16.8,16.5,15.8,13.9,114.0,12.9,79.0
39463,267,16.8,16.5,15.8,14.2,127.0,9.7,79.0
40363,267,16.8,16.5,15.8,14.4,151.0,6.4,80.0
41263,267,17.78840579710145,16.5,15.92463768115942,14.7,192.0,4.8,78.0
42163,267,17.682539682539684,16.514492753623188,16.0,15.1,237.0,6.4,76.0
43063,267,17.112121212121213,16.5,16.0,15.7,468.0,8.0,74.0
43963,267,16.975384615384616,16.5,16.0,16.3,369.0,6.4,73.0
44863,267,16.925,16.5,16.0,15.9,234.0,8.0,74.0
45763,267,16.902985074626866,16.5,16.0,16.1,258.0,6.4,73.0
46663,267,16.9,16.5,16.0,16.2,148.0,11.3,72.0
47563,267,16.9,16.5,16.0,16.2,146.0,12.9,73.0
48463,267,16.990000000000002,16.5,16.0,16.2,120.0,12.9,72.0
49363,267,17.0,16.5,16.0,16.2,146.0,11.3,73.0
50263,267,17.002083333333335,16.5,16.0,16.4,199.0,12.9,71.0
51163,267,17.1,16.5,16.0,16.5,188.0,11.3,72.0
52063,267,17.169999999999998,16.5,16.0,16.6,176.0,8.0,72.0
52963,267,17.2,16.5,16.0,16.8,241.0,8.0,72.0
53863,267,17.208928571428572,16.5,16.0,16.8,200.0,8.0,72.0
54763,267,17.2,16.5,16.0,17.1,236.0,4.8,73.0
55663,267,17.133928571428573,16.5,16.0,17.3,214.0,8.0,72.0
56563,267,17.1,16.5,16.0,17.4,187.0,4.8,73.0
57463,267,17.0,16.5,16.0,17.2,107.0,11.3,72.0
58363,267,17.0,16.5,16.0,16.9,60.0,8.0,73.0
59263,267,17.0,16.5,16.0,16.4,18.0,8.0,75.0
60163,267,17.04,16.5,16.0,16.1,14.0,8.0,78.0
61063,267,17.069230769230767,16.5,16.0,15.8,26.0,8.0,79.0
61963,267,17.1,16.5,16.0,15.7,32.0,6.4,80.0
62863,267,17.1,16.5,16.0,15.6,21.0,4.8,82.0
63763,267,17.17735849056604,16.5,16.0,15.2,28.0,8.0,86.0
64663,267,17.2,16.5,16.0,14.5,11.0,8.0,90.0
65563,267,17.2,16.5,16.0,14.3,9.0,6.4,90.0
66463,267,17.263492063492063,16.5,16.0,14.3,0.0,4.8,91.0
67363,267,17.296969696969697,16.5,16.0,13.9,0.0,4.8,93.0
68263,267,17.202,16.5,16.0,13.6,0.0,4.8,94.0
69163,267,17.2,16.5,16.0,13.6,0.0,3.2,94.0
70063,267,17.1234375,16.5,16.0,13.6,0.0,1.6,94.0
70963,267,17.1,16.5,16.0,13.6,0.0,3.2,94.0
71863,267,17.1,16.5,16.0,13.4,0.0,1.6,94.0
72763,267,17.1,16.5,16.0,13.4,0.0,0.0,94.0
73663,267,17.1,16.5,16.0,13.4,0.0,0.0,94.0
74563,267,17.1,16.5,16.0,13.3,0.0,0.0,94.0
75463,267,17.1,16.5,16.0,13.3,0.0,0.0,95.0
76363,267,17.1,16.5,16.0,13.3,0.0,0.0,95.0
77263,267,17.1,16.5,16.0,13.2,0.0,0.0,95.0
78163,267,17.1,16.5,16.0,13.2,0.0,0.0,95.0
79063,267,17.597014925373134,16.565217391304348,16.047826086956523,13.2,0.0,0.0,95.0
79963,267,18.56153846153846,17.0,16.361971830985915,13.2,0.0,0.0,95.0
80863,267,18.12205882352941,17.0,16.3,13.1,0.0,0.0,96.0
81763,267,17.760294117647057,17.0,16.3,13.1,0.0,0.0,96.0
82663,267,17.328125,17.0,16.377142857142857,13.1,0.0,0.0,96.0
83563,267,17.3,17.0,16.485507246376812,13.1,0.0,0.0,96.0
84463,267,17.3,17.0,16.309375,13.1,0.0,3.2,96.0
85363,267,17.3,17.0,16.3,13.0,0.0,4.8,97.0
86263,267,17.3,17.0,16.3,13.1,0.0,0.0,97.0
763,268,17.3,17.0,16.3,13.0,0.0,0.0,97.0
1663,268,17.3,17.0,16.3,13.1,0.0,0.0,97.0
2563,268,17.3,17.0,16.3,13.0,0.0,4.8,97.0
3463,268,17.3,17.0,16.3,12.8,0.0,0.0,97.0
4363,268,17.3,17.0,16.3,12.8,0.0,1.6,97.0
5263,268,17.3,17.0,16.3,12.9,0.0,4.8,98.0
6163,268,17.3,17.0,16.3,12.9,0.0,3.2,98.0
7063,268,17.3,17.0,16.3,13.0,0.0,3.2,98.0
7963,268,17.3,17.0,16.3,13.0,0.0,3.2,98.0
8863,268,17.3,17.0,16.3,12.9,0.0,6.4,98.0
9763,268,17.3,17.0,16.291044776119403,12.8,0.0,4.8,98.0
10663,268,17.3,17.0,16.28636363636364,12.8,0.0,6.4,98.0
11563,268,17.3,16.992537313432837,16.255223880597015,12.7,0.0,8.0,98.0
12463,268,17.3,17.0,16.235714285714288,12.7,0.0,9.7,98.0
13363,268,17.3,16.963235294117645,16.20294117647059,12.6,0.0,11.3,98.0
14263,268,17.28970588235294,16.90151515151515,16.12727272727273,12.7,0.0,9.7,98.0
15163,268,17.204545454545453,16.92753623188406,16.07826086956522,12.7,0.0,9.7,98.0
16063,268,17.2,16.85211267605634,16.050704225352113,12.6,0.0,11.3,98.0
16963,268,17.2,16.77941176470588,16.030882352941177,12.6,0.0,9.7,98.0
17863,268,17.2,16.785714285714285,16.012857142857143,12.5,0.0,9.7,98.0
18763,268,17.2,16.78985507246377,16.0,12.5,0.0,8.0,98.0
19663,268,17.2,16.64788732394366,16.0,12.4,0.0,9.7,99.0
20563,268,17.2,16.57971014492754,16.0,12.4,0.0,11.3,99.0
21463,268,17.2,16.594202898550726,16.0,12.4,0.0,11.3,99.0
22363,268,17.2,16.635714285714286,16.021428571428572,12.3,0.0,11.3,99.0
23263,268,17.2,16.733870967741936,16.024193548387096,12.3,0.0,8.0,99.0
24163,268,17.2,17.0,16.29090909090909,12.3,0.0,6.4,99.0
25063,268,17.24411764705882,17.0,16.273134328358207,12.3,0.0,6.4,99.0
25963,268,17.475,17.0,16.430434782608696,12.3,0.0,6.4,99.0
26863,268,17.201492537313435,16.955882352941178,16.238235294117647,12.2,7.0,8.0,99.0
27763,268,16.47761194029851,16.514705882352942,15.78529411764706,12.2,10.0,6.4,99.0
28663,268,16.066176470588236,16.12686567164179,15.449253731343283,12.2,5.0,4.8,99.0
29563,268,16.192537313432837,16.238805970149254,15.467164179104476,12.3,5.0,3.2,99.0
30463,268,16.590625,16.5,15.8,12.3,9.0,1.6,99.0
31363,268,16.804411764705883,16.5,15.95151515151515,12.3,11.0,4.8,99.0
32263,268,16.925396825396824,16.5,16.0,12.3,14.0,4.8,99.0
33163,268,17.001470588235293,16.5,16.0,12.3,42.0,3.2,99.0
34063,268,17.098550724637683,16.5,16.0,12.5,46.0,0.0,99.0
34963,268,17.10857142857143,16.5,16.0,12.6,60.0,4.8,99.0
35863,268,17.2,16.5,16.0,12.6,74.0,8.0,99.0
36763,268,17.2,16.5,16.0,12.8,130.0,8.0,99.0
37663,268,17.2,16.521428571428572,16.0,13.4,193.0,4.8,99.0
38563,268,17.2109375,16.54225352112676,16.0,13.7,134.0,3.2,99.0
39463,268,17.3,16.64179104477612,16.0,13.6,63.0,3.2,97.0
40363,268,17.3,16.714285714285715,16.0,13.7,114.0,3.2,97.0
41263,268,17.3,16.702898550724637,16.0,13.9,79.0,3.2,96.0
42163,268,17.3,16.664285714285715,16.0,14.0,134.0,6.4,96.0
43063,268,17.3,16.586956521739133,16.0,14.3,105.0,3.2,95.0
43963,268,17.3,16.567164179104477,16.0,14.3,118.0,3.2,95.0
44863,268,17.3,16.559701492537314,16.0,14.4,116.0,3.2,95.0
45763,268,17.3,16.671875,16.0,14.3,97.0,1.6,95.0
46663,268,17.3,16.833333333333336,16.1,14.3,81.0,3.2,95.0
47563,268,17.3,16.94927536231884,16.22608695652174,14.2,98.0,0.0,95.0
48463,268,17.3,16.97101449275362,16.291304347826088,14.4,111.0,1.6,95.0
49363,268,17.3,16.98507462686567,16.2955223880597,14.4,54.0,0.0,94.0
50263,268,17.3,16.99264705882353,16.3,14.5,197.0,0.0,95.0
51163,268,17.330434782608698,17.0,16.3,14.9,322.0,1.6,95.0
52063,268,17.4,17.0,16.3,14.9,144.0,1.6,93.0
52963,268,17.4,17.0,16.3,15.1,226.0,3.2,93.0
53863,268,17.4,17.0,16.3,15.2,100.0,0.0,92.0
54763,268,17.4,17.0,16.3,15.3,102.0,1.6,93.0
55663,268,17.375,17.0,16.3,15.3,139.0,4.8,92.0
56563,268,17.39710144927536,17.0,16.3,15.3,130.0,4.8,92.0
57463,268,17.4,17.0,16.3,15.3,197.0,6.4,92.0
58363,268,17.3768115942029,17.0,16.3,15.4,146.0,6.4,91.0
59263,268,17.3,17.0,16.3,15.4,67.0,6.4,92.0
60163,268,17.3,17.0,16.3,15.2,86.0,4.8,93.0
61063,268,17.3,17.0,16.3,15.0,37.0,6.4,93.0
61963,268,17.3,17.0,16.3,14.8,28.0,6.4,93.0
62863,268,17.3,17.0,16.3,14.5,35.0,3.2,94.0
63763,268,17.3,17.0,16.3,14.6,69.0,1.6,94.0
64663,268,17.29558823529412,17.0,16.286956521739132,14.6,54.0,1.6,93.0
65563,268,17.201470588235292,17.0,16.077142857142857,14.3,30.0,0.0,94.0
66463,268,17.2,16.8955223880597,16.0,14.3,21.0,1.6,94.0
67363,268,17.2,16.81159420289855,16.0,13.9,11.0,1.6,94.0
68263,268,17.2,16.78048780487805,16.0,13.5,0.0,0.0,94.0
69163,268,17.227777777777778,16.941860465116278,16.12558139534884,13.2,0.0,0.0,95.0
70063,268,17.32272727272727,17.0,16.3,13.1,0.0,0.0,95.0
70963,268,17.43783783783784,17.0,16.3,13.0,0.0,0.0,95.0
71863,268,17.5,17.0,16.3,13.2,0.0,1.6,97.0
72763,268,17.5,17.0,16.3,13.2,0.0,1.6,96.0
73663,268,17.5,17.0,16.3,12.9,0.0,1.6,96.0
74563,268,17.405797101449274,17.0,16.3,12.9,0.0,3.2,97.0
75463,268,17.37272727272727,17.0,16.3,12.7,0.0,8.0,97.0
76363,268,17.3,17.0,16.3,12.8,0.0,6.4,97.0
77263,268,17.3,17.0,16.3,12.7,0.0,6.4,97.0
78163,268,17.262686567164177,17.0,16.3,12.7,0.0,4.8,97.0
79063,268,17.2,17.0,16.3,12.8,0.0,6.4,97.0
79963,268,17.2,17.0,16.3,12.4,0.0,8.0,97.0
80863,268,17.2,17.0,16.3,12.2,0.0,8.0,97.0
81763,268,17.2,17.0,16.3,12.4,0.0,8.0,97.0
82663,268,17.2,17.0,16.3,13.1,0.0,8.0,97.0
83563,268,17.2,17.0,16.3,13.6,0.0,11.3,94.0
84463,268,17.2,17.0,16.3,13.6,0.0,9.7,94.0
85363,268,17.2,17.0,16.3,13.8,0.0,8.0,94.0
86263,268,17.2,17.0,16.3,13.8,0.0,6.4,94.0
763,269,17.2,17.0,16.3,13.8,0.0,6.4,94.0
1663,269,17.197142857142858,17.0,16.282608695652176,13.7,0.0,6.4,94.0
2563,269,17.121739130434783,17.0,16.270422535211267,13.7,0.0,3.2,95.0
3463,269,17.1,17.0,16.175384615384615,13.6,0.0,3.2,95.0
4363,269,17.1,17.0,16.141176470588235,13.5,0.0,1.6,95.0
5263,269,17.1,16.97826086956522,16.030434782608697,13.3,0.0,6.4,96.0
6163,269,17.1,16.956521739130434,16.004347826086956,13.1,0.0,4.8,96.0
7063,269,17.1,16.88235294117647,16.0,12.7,0.0,0.0,96.0
7963,269,17.1,16.887323943661972,16.0,12.8,0.0,1.6,97.0
8863,269,17.1,16.797101449275363,16.0,13.0,0.0,8.0,97.0
9763,269,17.09852941176471,16.625,16.0,12.3,0.0,6.4,96.0
10663,269,17.023880597014927,16.566176470588236,16.0,12.1,0.0,4.8,97.0
11563,269,17.0,16.514705882352942,16.0,12.2,0.0,4.8,98.0
12463,269,17.0,16.522058823529413,16.0,12.3,0.0,4.8,98.0
13363,269,17.0,16.5,16.0,12.4,0.0,4.8,98.0
14263,269,17.0,16.5,16.0,12.6,0.0,6.4,98.0
15163,269,17.0,16.5,16.0,12.7,0.0,1.6,98.0
16063,269,17.0,16.5,16.0,12.6,0.0,4.8,97.0
16963,269,17.0,16.5,16.0,12.4,0.0,4.8,97.0
17863,269,17.0,16.5,16.0,12.5,0.0,6.4,97.0
18763,269,17.0,16.5,16.0,12.7,0.0,9.7,97.0
19663,269,17.0,16.5,16.0,12.6,0.0,9.7,96.0
20563,269,17.0,16.5,16.0,12.3,0.0,8.0,97.0
21463,269,16.97246376811594,16.5,16.0,12.2,0.0,8.0,97.0
22363,269,16.907246376811592,16.5,16.0,12.1,0.0,6.4,97.0
23263,269,16.986153846153847,16.5,16.0,12.2,0.0,11.3,98.0
24163,269,17.063235294117646,16.608695652173914,16.05217391304348,12.6,0.0,12.9,98.0
25063,269,17.311940298507462,17.0,16.3,12.7,0.0,11.3,97.0
25963,269,17.3,17.0,16.3,12.7,7.0,8.0,97.0
26863,269,17.3,17.0,16.3,12.8,12.0,9.7,97.0
27763,269,17.216129032258063,17.0,16.3,12.9,18.0,6.4,97.0
28663,269,17.2,17.0,16.3,12.9,25.0,3.2,97.0
29563,269,17.2,17.0,16.3,13.0,33.0,3.2,97.0
30463,269,17.2,17.0,16.3,13.1,40.0,3.2,96.0
31363,269,17.22586206896552,17.0,16.3,13.2,16.0,8.0,96.0
32263,269,17.3,17.0,16.3,13.1,25.0,6.4,95.0
33163,269,17.3,17.0,16.3,13.2,62.0,4.8,94.0
34063,269,17.3,17.0,16.3,13.4,77.0,6.4,94.0
34963,269,17.364285714285714,17.0,16.3,13.6,149.0,9.7,93.0
35863,269,17.4,17.0,16.3,13.9,172.0,9.7,91.0
36763,269,17.4,17.0,16.3,14.2,207.0,4.8,91.0
37663,269,17.429411764705883,17.0,16.3,14.8,466.0,6.4,89.0
38563,269,17.5,17.0,16.3,15.1,236.0,9.7,87.0
39463,269,17.5,17.0,16.3,14.8,216.0,8.0,89.0
40363,269,17.5,17.0,16.3,15.1,179.0,8.0,87.0
41263,269,17.5,17.0,16.3,15.2,213.0,6.4,87.0
42163,269,17.5,17.0,16.3,15.7,280.0,4.8,86.0
43063,269,17.5,17.0,16.3,15.9,186.0,6.4,85.0
43963,269,17.5,17.0,16.3,16.2,195.0,4.8,87.0
44863,269,17.5,17.0,16.3,15.9,149.0,4.8,85.0
45763,269,17.5,17.0,16.3,15.3,77.0,11.3,84.0
46663,269,17.5,17.0,16.3,15.1,62.0,9.7,85.0
47563,269,17.5,17.0,16.3,15.0,47.0,11.3,85.0
48463,269,17.5,17.0,16.3,14.9,104.0,9.7,86.0
49363,269,17.5,17.0,16.3,15.2,113.0,6.4,86.0
50263,269,17.5,17.0,16.3,15.4,139.0,6.4,84.0
51163,269,17.5,17.0,16.3,15.4,148.0,8.0,84.0
52063,269,17.5,17.0,16.3,15.5,153.0,9.7,82.0
52963,269,17.5,17.0,16.3,15.6,163.0,11.3,83.0
53863,269,17.5,17.0,16.3,16.1,575.0,9.7,82.0
54763,269,17.51846153846154,17.0,16.3,16.5,413.0,14.5,79.0
55663,269,17.575806451612902,17.0,16.3,16.6,267.0,14.5,77.0
56563,269,17.506153846153847,17.0,16.3,16.4,301.0,14.5,76.0
57463,269,17.5,17.0,16.3,16.7,294.0,16.1,73.0
58363,269,17.5,17.0,16.3,16.8,288.0,14.5,76.0
59263,269,17.5,17.0,16.3,16.6,149.0,16.1,77.0
60163,269,17.5,17.0,16.3,16.5,93.0,16.1,77.0
61063,269,17.5,17.0,16.3,16.0,63.0,17.7,76.0
61963,269,17.5,17.0,16.3,15.8,69.0,12.9,78.0
62863,269,17.5,17.0,16.3,15.6,76.0,8.0,79.0
63763,269,17.5,17.0,16.3,15.4,69.0,6.4,79.0
64663,269,17.5,17.0,16.3,15.3,49.0,6.4,79.0
65563,269,17.5,17.0,16.3,15.1,37.0,8.0,80.0
66463,269,17.5,17.0,16.3,14.8,26.0,8.0,82.0
67363,269,17.528787878787877,17.0,16.3,14.6,22.0,11.3,82.0
68263,269,17.6,17.0,16.37536231884058,14.2,4.0,8.0,83.0
69163,269,17.67910447761194,17.0,16.5,13.8,0.0,8.0,85.0
70063,269,17.784615384615385,17.0,16.5,13.6,0.0,9.7,85.0
70963,269,17.8,17.0,16.5,13.7,0.0,12.9,84.0
71863,269,17.8,17.0,16.5,13.4,0.0,8.0,85.0
72763,269,17.8,17.0,16.5,13.2,0.0,8.0,86.0
73663,269,17.8,17.0,16.5,12.8,0.0,8.0,87.0
74563,269,17.8,17.0,16.5,12.6,0.0,6.4,87.0
75463,269,17.8,17.0,16.5,12.2,0.0,6.4,89.0
76363,269,17.8,17.0,16.5,11.9,0.0,8.0,90.0
77263,269,17.8,17.0,16.5,12.3,0.0,11.3,90.0
78163,269,17.8,17.0,16.5,12.4,0.0,11.3,91.0
79063,269,18.989393939393945,17.143939393939394,16.5,11.9,0.0,11.3,92.0
79963,269,18.81571428571429,17.330882352941178,16.51764705882353,12.0,0.0,11.3,93.0
80863,269,18.45671641791045,17.02941176470588,16.5,12.4,0.0,14.5,93.0
81763,269,18.189855072463768,17.0,16.5,12.3,0.0,14.5,93.0
82663,269,17.99848484848485,17.0,16.5,12.2,0.0,14.5,93.0
83563,269,17.834782608695654,17.0,16.5,12.1,0.0,12.9,94.0
84463,269,17.71014492753623,17.0,16.5,11.9,0.0,11.3,94.0
85363,269,17.63661971830986,17.0,16.5,11.9,0.0,12.9,94.0
86263,269,17.6,17.0,16.5,11.9,0.0,12.9,94.0
763,270,17.53943661971831,17.0,16.47714285714286,12.2,0.0,12.9,93.0
1663,270,17.5,17.0,16.35217391304348,12.2,0.0,14.5,93.0
2563,270,17.5,17.0,16.305882352941175,12.2,0.0,12.9,94.0
3463,270,17.5,17.0,16.3,12.2,0.0,12.9,94.0
4363,270,17.452173913043477,17.0,16.3,12.2,0.0,11.3,94.0
5263,270,17.4,17.0,16.3,12.3,0.0,8.0,94.0
6163,270,17.4,17.0,16.3,12.3,0.0,8.0,94.0
7063,270,17.4,17.0,16.3,12.4,0.0,9.7,93.0
7963,270,17.4,17.0,16.3,12.4,0.0,9.7,93.0
8863,270,17.4,17.0,16.3,12.4,0.0,11.3,93.0
9763,270,17.35142857142857,17.0,16.3,12.3,0.0,9.7,93.0
10663,270,17.3,17.0,16.3,12.1,0.0,9.7,94.0
11563,270,17.3,17.0,16.3,12.1,0.0,8.0,94.0
12463,270,17.3,17.0,16.3,12.2,0.0,8.0,94.0
13363,270,17.3,17.0,16.3,12.2,0.0,9.7,93.0
14263,270,17.3,17.0,16.3,12.2,0.0,8.0,93.0
15163,270,17.3,17.0,16.3,12.2,0.0,8.0,93.0
16063,270,17.3,17.0,16.3,12.3,0.0,11.3,93.0
16963,270,17.27391304347826,17.0,16.3,12.3,0.0,16.1,92.0
17863,270,17.2,17.0,16.3,12.2,0.0,14.5,93.0
18763,270,17.2,17.0,16.3,12.2,0.0,12.9,92.0
19663,270,17.2,17.0,16.3,12.2,0.0,9.7,92.0
20563,270,17.2,17.0,16.3,12.2,0.0,14.5,93.0
21463,270,17.2,17.0,16.295714285714286,12.3,0.0,14.5,92.0
22363,270,17.2,17.0,16.277611940298506,12.3,0.0,12.9,92.0
23263,270,17.2,17.0,16.27391304347826,12.3,0.0,14.5,92.0
24163,270,17.2,17.0,16.256521739130434,12.4,0.0,16.1,92.0
25063,270,17.2,17.0,16.3,12.4,0.0,19.3,92.0
25963,270,17.313432835820898,17.0,16.3,12.5,0.0,19.3,92.0
26863,270,17.580303030303032,17.0,16.407246376811592,12.6,5.0,16.1,91.0
27763,270,17.562686567164178,17.0,16.30289855072464,12.6,5.0,14.5,91.0
28663,270,17.5,17.0,16.3,12.7,12.0,16.1,91.0
29563,270,17.42058823529412,17.0,16.3,12.7,28.0,17.7,91.0
30463,270,17.4,17.0,16.3,12.8,23.0,17.7,91.0
31363,270,17.4,17.0,16.3,12.8,62.0,17.7,91.0
32263,270,17.4,17.0,16.3,12.9,21.0,17.7,91.0
33163,270,17.4,17.0,16.3,12.9,30.0,14.5,91.0
34063,270,17.4,17.0,16.3,13.2,69.0,14.5,91.0
34963,270,17.4,17.0,16.3,13.6,109.0,14.5,90.0
35863,270,17.4,17.0,16.3,13.7,60.0,16.1,88.0
36763,270,17.4,17.0,16.3,13.9,100.0,19.3,87.0
37663,270,17.4,17.0,16.3,13.9,95.0,17.7,86.0
38563,270,17.4,17.0,16.3,14.2,179.0,17.7,85.0
39463,270,17.4,17.0,16.3,14.4,176.0,20.9,83.0
40363,270,17.4,17.0,16.3,14.5,225.0,24.1,82.0
41263,270,17.4,17.0,16.3,15.1,452.0,22.5,80.0
42163,270,17.4,17.0,16.3,15.2,420.0,25.7,79.0
43063,270,17.4,17.0,16.295238095238098,15.4,448.0,25.7,77.0
43963,270,17.4,17.0,16.2955223880597,15.5,454.0,24.1,77.0
44863,270,17.4,17.0,16.3,15.1,237.0,25.7,78.0
45763,270,17.36521739130435,17.0,16.27826086956522,14.7,229.0,24.1,79.0
46663,270,17.3,17.0,16.274285714285714,14.7,237.0,22.5,79.0
47563,270,17.3,17.0,16.273529411764706,14.8,155.0,19.3,82.0
48463,270,17.3,17.0,16.261428571428574,14.7,165.0,24.1,81.0
49363,270,17.3,17.0,16.264179104477613,14.6,171.0,19.3,81.0
50263,270,17.301470588235293,17.0,16.28181818181818,14.6,193.0,20.9,80.0
51163,270,17.3,17.0,16.3,14.6,216.0,22.5,80.0
52063,270,17.3,16.99264705882353,16.28235294117647,14.5,209.0,22.5,79.0
52963,270,17.357575757575756,17.0,16.3,14.3,137.0,25.7,80.0
53863,270,17.4,17.0,16.3,14.4,153.0,20.9,80.0
54763,270,17.4,17.0,16.3,14.5,223.0,20.9,80.0
55663,270,17.395454545454548,17.0,16.3,14.6,155.0,20.9,79.0
56563,270,17.344776119402987,17.0,16.3,14.6,98.0,19.3,80.0
57463,270,17.036764705882355,17.0,16.3,15.1,283.0,20.9,78.0
58363,270,16.841428571428573,16.992537313432837,16.197014925373132,14.9,125.0,19.3,78.0
59263,270,16.691044776119405,16.955223880597014,16.0,14.8,114.0,19.3,79.0
60163,270,16.501538461538463,16.522058823529413,15.96470588235294,14.9,128.0,17.7,80.0
61063,270,16.370149253731345,16.5,15.8,14.7,30.0,17.7,82.0
61963,270,16.634375,16.5,15.970149253731345,14.6,26.0,17.7,83.0
62863,270,16.852307692307694,16.5,16.0,14.5,12.0,17.7,83.0
63763,270,16.99848484848485,16.807692307692307,16.0,14.4,11.0,17.7,84.0
64663,270,17.11060606060606,17.0,16.017391304347825,14.4,13.0,16.1,84.0
65563,270,17.2,17.0,16.223880597014926,14.3,14.0,19.3,85.0
66463,270,17.272131147540982,17.0,16.3,14.3,11.0,20.9,85.0
67363,270,17.32205882352941,17.0,16.3,14.3,7.0,20.9,85.0
68263,270,17.4,17.0,16.3,14.2,0.0,17.7,86.0
69163,270,17.479710144927537,17.0,16.3,14.2,0.0,17.7,86.0
70063,270,17.54927536231884,17.0,16.3,14.1,0.0,16.1,87.0
70963,270,17.6,17.0,16.30289855072464,14.1,0.0,17.7,87.0
71863,270,17.692753623188405,17.0,16.444117647058825,14.1,0.0,17.7,87.0
72763,270,17.66060606060606,17.0,16.5,14.1,0.0,19.3,87.0
73663,270,17.6,17.0,16.5,13.8,0.0,16.1,89.0
74563,270,17.52857142857143,17.0,16.454545454545453,13.8,0.0,16.1,89.0
75463,270,17.4765625,17.0,16.30289855072464,13.7,0.0,16.1,90.0
76363,270,17.4,17.0,16.3,13.7,0.0,16.1,90.0
77263,270,17.40967741935484,17.0,16.323529411764707,13.7,0.0,19.3,91.0
78163,270,17.5,17.0,16.46,13.3,0.0,16.1,94.0
79063,270,17.5,17.0,16.370588235294118,13.2,0.0,16.1,95.0
79963,270,17.571428571428573,17.0,16.5,13.1,0.0,16.1,95.0
80863,270,17.7,17.0,16.5,13.1,0.0,17.7,95.0
81763,270,17.7,17.0,16.5,12.9,0.0,16.1,94.0
82663,270,17.7,17.0,16.5,12.9,0.0,17.7,93.0
83563,270,17.7,17.0,16.5,12.8,0.0,14.5,93.0
84463,270,17.7,17.0,16.5,12.7,0.0,16.1,94.0
85363,270,17.7,17.0,16.5,12.7,0.0,16.1,93.0
86263,270,17.7,17.0,16.5,12.6,0.0,11.3,94.0
763,271,17.7,17.0,16.5,12.7,0.0,12.9,93.0
1663,271,17.7,17.0,16.5,13.0,0.0,24.1,92.0
2563,271,17.7,17.0,16.5,13.0,0.0,25.7,92.0
3463,271,17.7,17.0,16.5,12.7,0.0,20.9,94.0
4363,271,17.7,17.0,16.5,12.6,0.0,24.1,95.0
5263,271,17.634375,17.0,16.5,12.7,0.0,22.5,94.0
6163,271,17.6,17.0,16.497014925373133,12.8,0.0,24.1,94.0
7063,271,17.6,17.0,16.497101449275362,12.8,0.0,25.7,93.0
7963,271,17.6,17.0,16.482608695652175,12.7,0.0,24.1,93.0
8863,271,17.6,17.0,16.47352941176471,12.7,0.0,22.5,93.0
9763,271,17.6,17.0,16.449253731343283,12.7,0.0,24.1,93.0
10663,271,17.6,17.0,16.401492537313434,12.8,0.0,22.5,93.0
11563,271,17.6,17.0,16.42112676056338,12.8,0.0,20.9,93.0
12463,271,17.6,17.0,16.389855072463767,12.9,0.0,19.3,93.0
13363,271,17.6,17.0,16.425714285714285,12.9,0.0,19.3,93.0
14263,271,17.6,17.0,16.387878787878787,12.9,0.0,19.3,94.0
15163,271,17.6,17.0,16.355072463768117,12.9,0.0,17.7,94.0
16063,271,17.586956521739133,17.0,16.320289855072463,12.9,0.0,17.7,94.0
16963,271,17.504545454545454,17.0,16.326086956521742,13.1,0.0,11.3,94.0
17863,271,17.5,17.0,16.308695652173913,13.1,0.0,6.4,95.0
18763,271,17.5,17.0,16.3,13.1,0.0,9.7,94.0
19663,271,17.5,17.0,16.3,12.9,0.0,11.3,94.0
20563,271,17.5,17.0,16.3,12.8,0.0,11.3,94.0
21463,271,17.5,17.0,16.386153846153846,12.4,0.0,8.0,93.0
22363,271,17.5,17.0,16.380000000000003,12.2,0.0,9.7,93.0
23263,271,18.407246376811592,17.173913043478258,16.653623188405795,12.0,0.0,12.9,93.0
24163,271,18.8609375,17.5,17.019402985074628,11.9,0.0,16.1,92.0
25063,271,18.715942028985506,17.149253731343286,16.47761194029851,11.8,0.0,14.5,93.0
25963,271,18.377611940298507,17.0,16.303030303030305,11.7,0.0,17.7,94.0
26863,271,18.15072463768116,17.0,16.4,11.6,9.0,14.5,93.0
27763,271,17.99855072463768,17.0,16.484615384615385,11.6,12.0,11.3,93.0
28663,271,17.880597014925375,17.0,16.494202898550725,11.7,18.0,9.7,93.0
29563,271,17.8,17.0,16.49402985074627,11.7,42.0,8.0,93.0
30463,271,17.783582089552237,17.0,16.48805970149254,11.9,127.0,3.2,93.0
31363,271,17.7,17.0,16.497142857142855,12.7,142.0,0.0,90.0
32263,271,17.7,17.0,16.5,13.0,190.0,9.7,88.0
33163,271,17.713235294117645,17.0,16.5,13.1,211.0,8.0,86.0
34063,271,17.8,17.0,16.5,13.7,292.0,3.2,86.0
34963,271,17.8,17.0,16.5,13.6,35.0,8.0,86.0
35863,271,17.8,17.0,16.5,13.4,39.0,6.4,87.0
36763,271,17.8,17.0,16.5,13.4,42.0,6.4,87.0
37663,271,17.811940298507462,17.0,16.5,13.9,396.0,8.0,87.0
38563,271,17.9,17.0,16.5,14.8,471.0,11.3,83.0
39463,271,17.9,17.0,16.5,15.6,526.0,9.7,80.0
40363,271,17.9,17.0,16.5,16.1,550.0,8.0,81.0
41263,271,17.9,17.0,16.5,16.0,480.0,12.9,75.0
42163,271,17.9,17.0,16.5,16.3,513.0,8.0,75.0
43063,271,17.9,17.0,16.5,16.7,712.0,11.3,75.0
43963,271,17.9,17.0,16.5,15.8,185.0,11.3,76.0
44863,271,17.9,17.0,16.5,17.6,555.0,6.4,71.0
45763,271,17.9,17.0,16.5,17.4,585.0,8.0,75.0
46663,271,17.901492537313434,17.0,16.5,18.1,601.0,9.7,72.0
47563,271,17.9,17.0,16.5,17.3,605.0,11.3,71.0
48463,271,17.9,17.0,16.5,16.8,657.0,11.3,73.0
49363,271,17.9,17.0,16.5,17.8,563.0,9.7,69.0
50263,271,17.9,17.0,16.5,17.6,513.0,11.3,69.0
51163,271,17.9,17.0,16.5,17.5,504.0,11.3,65.0
52063,271,17.9,17.0,16.5,16.9,100.0,12.9,70.0
52963,271,17.9,17.0,16.5,16.9,83.0,11.3,71.0
53863,271,17.9,17.0,16.5,16.8,345.0,14.5,69.0
54763,271,17.9,17.0,16.5,16.7,318.0,11.3,72.0
55663,271,17.9,17.0,16.5,16.4,186.0,8.0,71.0
56563,271,17.9,17.0,16.5,15.9,131.0,6.4,74.0
57463,271,17.9,17.0,16.5,16.3,149.0,9.7,70.0
58363,271,17.895652173913042,17.0,16.5,15.9,192.0,9.7,71.0
59263,271,17.806153846153848,17.0,16.5,15.9,127.0,9.7,70.0
60163,271,17.8,17.0,16.5,15.7,111.0,11.3,72.0
61063,271,17.8,17.0,16.5,15.3,100.0,12.9,72.0
61963,271,17.8,17.0,16.5,15.0,88.0,12.9,73.0
62863,271,17.8,17.0,16.5,14.6,62.0,9.7,73.0
63763,271,17.8,17.0,16.5,14.6,49.0,8.0,75.0
64663,271,17.8,17.0,16.5,14.3,47.0,6.4,76.0
65563,271,17.721212121212123,17.0,16.5,14.3,30.0,6.4,77.0
66463,271,17.7,17.0,16.5,13.8,14.0,3.2,79.0
67363,271,17.764179104477613,17.0,16.5,13.6,5.0,9.7,81.0
68263,271,17.849253731343286,17.0,16.5,13.3,0.0,9.7,82.0
69163,271,17.835593220338986,17.0,16.5,13.1,0.0,11.3,82.0
70063,271,17.8,17.0,16.5,12.8,0.0,8.0,83.0
70963,271,17.738888888888887,17.0,16.5,12.9,0.0,8.0,84.0
71863,271,17.7,17.0,16.5,12.4,0.0,8.0,86.0
72763,271,17.7,17.0,16.5,12.5,0.0,8.0,85.0
73663,271,17.7,17.0,16.5,12.9,0.0,9.7,83.0
74563,271,17.64,17.0,16.5,12.6,0.0,1.6,85.0
75463,271,17.60142857142857,17.0,16.5,12.4,0.0,3.2,86.0
76363,271,17.67142857142857,17.0,16.5,12.3,0.0,1.6,87.0
77263,271,17.7,17.0,16.338235294117645,12.1,0.0,0.0,88.0
78163,271,17.791836734693877,17.0,16.495744680851065,12.0,0.0,3.2,88.0
79063,271,18.047727272727272,17.355263157894736,16.781578947368423,12.0,0.0,4.8,88.0
79963,271,19.970731707317075,17.783783783783782,17.205405405405408,12.1,0.0,8.0,88.0
80863,271,19.357894736842105,17.5,17.0,12.2,0.0,8.0,88.0
81763,271,18.962857142857143,17.5,16.82272727272727,12.4,0.0,12.9,87.0
82663,271,18.629268292682926,17.5,16.8,12.4,0.0,12.9,87.0
83563,271,18.38571428571429,17.5,16.8,12.3,0.0,14.5,88.0
84463,271,18.185294117647057,17.5,16.8,12.2,0.0,17.7,89.0
85363,271,18.02058823529412,17.5,16.8,12.4,0.0,11.3,88.0
86263,271,17.807575757575755,17.5,16.8,12.4,0.0,1.6,88.0
763,272,17.630434782608695,17.5,16.8,12.3,0.0,6.4,88.0
1663,272,17.6,17.49285714285714,16.8,12.4,0.0,4.8,88.0
2563,272,17.66857142857143,17.44927536231884,16.713043478260868,12.6,0.0,9.7,86.0
3463,272,17.7,17.192307692307693,16.546153846153846,12.9,0.0,11.3,84.0
4363,272,17.7,17.07246376811594,16.5,13.0,0.0,14.5,83.0
5263,272,17.7,17.02173913043478,16.5,13.0,0.0,14.5,84.0
6163,272,17.7,17.007692307692306,16.5,13.1,0.0,17.7,84.0
7063,272,17.7,17.0,16.5,12.9,0.0,12.9,84.0
7963,272,17.7,17.0,16.5,12.8,0.0,14.5,85.0
8863,272,17.7,17.0,16.5,12.8,0.0,11.3,85.0
9763,272,17.7,17.0,16.5,12.7,0.0,9.7,86.0
10663,272,17.7,17.0,16.5,12.5,0.0,12.9,87.0
11563,272,17.7,17.0,16.5,12.4,0.0,9.7,87.0
12463,272,17.7,17.0,16.5,12.5,0.0,11.3,85.0
13363,272,17.7,17.0,16.5,12.6,0.0,11.3,84.0
14263,272,17.7,17.0,16.5,12.7,0.0,12.9,84.0
15163,272,17.7,17.0,16.5,12.6,0.0,12.9,85.0
16063,272,17.7,17.0,16.5,12.5,0.0,14.5,84.0
16963,272,17.7,17.0,16.5,12.4,0.0,8.0,85.0
17863,272,17.7,17.0,16.5,12.3,0.0,12.9,86.0
18763,272,17.67142857142857,17.0,16.5,12.1,0.0,19.3,88.0
19663,272,17.6,17.0,16.5,11.7,0.0,14.5,90.0
20563,272,17.64264705882353,17.0,16.5,11.7,0.0,8.9,89.0
21463,272,17.734375,17.21212121212121,16.636363636363637,12.2,0.0,8.0,86.0
22363,272,17.896875,17.375,16.6734375,12.2,0.0,11.3,87.0
23263,272,17.808955223880595,17.06060606060606,16.5,12.3,0.0,16.1,87.0
24163,272,17.737313432835823,17.0,16.5,12.3,0.0,11.3,88.0
25063,272,19.043243243243243,17.316176470588236,16.735294117647058,12.4,0.0,19.3,91.0
25963,272,18.5536231884058,17.5,16.8,12.3,0.0,17.7,92.0
26863,272,18.271014492753626,17.5,16.8,12.5,0.0,20.9,91.0
27763,272,18.140625,17.46923076923077,16.53230769230769,12.4,7.0,17.7,92.0
28663,272,18.00281690140845,17.085714285714285,16.5,12.4,11.0,11.3,92.0
29563,272,17.89848484848485,17.0,16.5,12.6,11.0,12.9,91.0
30463,272,17.804225352112674,17.0,16.5,12.7,33.0,14.5,89.0
31363,272,17.8,17.0,16.5,12.7,44.0,14.5,89.0
32263,272,17.75,17.0,16.5,12.7,58.0,8.0,89.0
33163,272,17.7,17.0,16.5,12.7,79.0,8.0,88.0
34063,272,17.71791044776119,17.0,16.5,12.9,111.0,11.3,87.0
34963,272,17.8,17.0,16.5,13.0,111.0,11.3,87.0
35863,272,17.8,17.0,16.5,13.0,120.0,11.3,87.0
36763,272,17.8,17.0,16.5,13.1,116.0,9.7,86.0
37663,272,17.8,17.0,16.5,13.2,227.0,8.0,86.0
38563,272,17.8,17.0,16.5,14.1,378.0,11.3,82.0
39463,272,17.8,17.0,16.5,14.2,47.0,11.3,78.0
40363,272,17.8,17.0,16.5,13.7,241.0,14.5,76.0
41263,272,17.8,17.0,16.5,13.6,204.0,14.5,77.0
42163,272,17.8,17.0,16.5,15.0,533.0,14.5,70.0
43063,272,17.8,17.0,16.5,14.9,116.0,17.7,70.0
43963,272,17.8,17.0,16.5,15.3,534.0,19.3,68.0
44863,272,17.8,17.0,16.5,15.6,503.0,17.7,62.0
45763,272,17.8,17.0,16.5,15.8,540.0,16.1,66.0
46663,272,17.8,17.0,16.5,16.8,545.0,16.1,62.0
47563,272,17.8,17.0,16.5,16.7,526.0,16.1,62.0
48463,272,17.8,17.0,16.5,16.1,165.0,16.1,65.0
49363,272,17.8,17.0,16.5,15.6,193.0,14.5,68.0
50263,272,17.8,17.0,16.5,15.7,545.0,19.3,61.0
51163,272,17.8,17.0,16.5,15.3,403.0,20.9,60.0
52063,272,17.8,17.0,16.5,15.8,172.0,20.9,59.0
52963,272,17.8,17.0,16.5,15.9,167.0,17.7,63.0
53863,272,17.8,17.0,16.5,15.4,123.0,20.9,60.0
54763,272,17.8,17.0,16.5,15.7,387.0,17.7,61.0
55663,272,17.8,17.0,16.5,15.7,63.0,20.9,59.0
56563,272,17.8,17.0,16.5,15.3,336.0,22.5,61.0
57463,272,17.8,17.0,16.5,15.0,336.0,17.7,61.0
58363,272,17.8,17.0,16.5,14.7,60.0,17.7,65.0
59263,272,17.8,17.0,16.5,14.5,88.0,14.5,66.0
60163,272,17.761764705882353,17.0,16.5,14.4,67.0,17.7,66.0
61063,272,17.7,17.0,16.5,14.1,58.0,16.1,65.0
61963,272,17.7,17.0,16.5,13.8,49.0,20.9,66.0
62863,272,17.7,17.0,16.5,13.6,40.0,16.1,68.0
63763,272,17.7,17.0,16.5,13.4,40.0,16.1,68.0
64663,272,17.7,17.0,16.5,13.0,14.0,16.1,70.0
65563,272,17.7,17.0,16.5,12.7,11.0,12.9,72.0
66463,272,17.7,17.0,16.5,12.4,9.0,12.9,73.0
67363,272,17.7,17.0,16.5,12.2,5.0,11.3,74.0
68263,272,17.736363636363638,17.0,16.5,11.3,0.0,16.1,80.0
69163,272,17.72941176470588,17.0,16.5,10.6,0.0,9.7,81.0
70063,272,17.7,17.0,16.5,11.2,0.0,14.5,80.0
70963,272,17.7,17.0,16.5,11.5,0.0,14.5,79.0
71863,272,17.7,17.0,16.5,11.3,0.0,12.9,80.0
72763,272,17.7,17.0,16.5,11.0,0.0,11.3,80.0
73663,272,17.7,17.0,16.5,10.9,0.0,17.7,80.0
74563,272,17.7,17.0,16.5,10.7,0.0,19.3,79.0
75463,272,17.7,17.0,16.5,10.5,0.0,20.9,79.0
76363,272,17.7,17.0,16.466153846153848,10.4,0.0,20.9,79.0
77263,272,17.61911764705882,17.0,16.305882352941175,10.3,0.0,20.9,80.0
78163,272,17.6,17.0,16.30294117647059,10.3,0.0,17.7,80.0
79063,272,17.6,17.0,16.432352941176468,10.3,0.0,17.7,81.0
79963,272,17.56,17.0,16.5,10.2,0.0,17.7,80.0
80863,272,17.58939393939394,17.0,16.5,10.1,0.0,16.1,81.0
81763,272,17.588235294117645,17.0,16.5,10.1,0.0,16.1,82.0
82663,272,17.6,17.0,16.49402985074627,10.2,0.0,14.5,81.0
83563,272,17.66857142857143,17.0,16.5,10.2,0.0,16.1,82.0
84463,272,17.7,17.0,16.5,10.3,0.0,16.1,82.0
85363,272,17.694117647058825,17.0,16.5,10.2,0.0,14.5,83.0
86263,272,17.6,17.0,16.5,10.1,0.0,14.5,83.0
763,273,17.6,17.0,16.497101449275362,10.1,0.0,14.5,83.0
1663,273,17.6,17.0,16.41764705882353,10.1,0.0,14.5,83.0
2563,273,17.6,17.0,16.305882352941175,10.1,0.0,14.5,83.0
3463,273,17.59857142857143,17.0,16.3,10.1,0.0,14.5,83.0
4363,273,17.502898550724638,17.0,16.3,10.1,0.0,14.5,83.0
5263,273,17.5,17.0,16.3,10.1,0.0,14.5,83.0
6163,273,17.5,17.0,16.3,10.1,0.0,14.5,83.0
7063,273,17.5,17.0,16.3,10.1,0.0,14.5,83.0
7963,273,17.44923076923077,17.0,16.3,10.1,0.0,14.5,83.0
8863,273,17.4,17.0,16.3,10.1,0.0,14.5,83.0
9763,273,17.4,17.0,16.3,10.1,0.0,14.5,83.0
10663,273,17.4,17.0,16.3,10.1,0.0,14.5,83.0
11563,273,17.382608695652173,17.0,16.3,10.1,0.0,14.5,83.0
12463,273,17.3,17.0,16.295652173913044,10.1,0.0,14.5,83.0
13363,273,17.3,17.0,16.191304347826087,10.1,0.0,14.5,83.0
14263,273,17.3,16.977941176470587,16.013235294117646,10.1,0.0,14.5,83.0
15163,273,17.3,16.928571428571427,16.0,10.1,0.0,14.5,83.0
16063,273,17.22352941176471,16.666666666666664,16.0,10.1,0.0,14.5,83.0
16963,273,17.2,16.514705882352942,16.0,10.1,0.0,14.5,83.0
17863,273,17.2,16.5,16.0,10.1,0.0,14.5,83.0
18763,273,17.2,16.5,16.0,10.1,0.0,14.5,83.0
19663,273,17.195714285714285,16.5,16.0,10.1,0.0,14.5,83.0
20563,273,17.10597014925373,16.5,16.0,10.1,0.0,14.5,83.0
21463,273,17.1,16.5,16.0,10.1,0.0,14.5,83.0
22363,273,17.1,16.5,16.0,10.1,0.0,14.5,83.0
23263,273,17.1,16.5,16.0,10.1,0.0,14.5,83.0
24163,273,17.047826086956523,16.5,15.983098591549297,10.1,0.0,14.5,83.0
25063,273,17.083333333333336,16.5,15.996875,10.1,0.0,14.5,83.0
25963,273,17.04328358208955,16.492537313432837,15.708955223880595,10.1,0.0,14.5,83.0
26863,273,17.009615384615383,16.5,15.8,10.1,0.0,14.5,83.0
27763,273,17.544444444444444,16.535714285714285,15.878571428571428,10.1,0.0,14.5,83.0
28663,273,17.734615384615385,16.678571428571427,16.09107142857143,10.1,0.0,14.5,83.0
29563,273,17.876119402985076,17.0,16.398507462686567,10.1,0.0,14.5,83.0
30463,273,17.856451612903225,16.6,15.935384615384615,10.1,0.0,14.5,83.0
31363,273,17.7,16.5,16.0,10.1,0.0,14.5,83.0
32263,273,17.6135593220339,16.5,15.987301587301587,10.1,0.0,14.5,83.0
33163,273,17.5,16.5,16.0,10.1,0.0,14.5,83.0
34063,273,17.426470588235293,16.5,16.0,10.1,0.0,14.5,83.0
34963,273,17.38955223880597,16.5,16.0,10.1,0.0,14.5,83.0
35863,273,17.3,16.5,16.0,10.1,0.0,14.5,83.0
36763,273,17.3,16.5,16.0,10.1,0.0,14.5,83.0
37663,273,17.216176470588234,16.5,16.0,10.1,0.0,14.5,83.0
38563,273,17.2,16.5,15.935294117647056,10.1,0.0,14.5,83.0
39463,273,17.170149253731346,16.5,15.814705882352944,10.1,0.0,14.5,83.0
40363,273,17.1,16.5,15.802941176470588,10.1,0.0,14.5,83.0
41263,273,17.1,16.5,15.8,10.1,0.0,14.5,83.0
42163,273,17.067164179104477,16.5,15.8,10.1,0.0,14.5,83.0
43063,273,17.0,16.5,15.8,10.1,0.0,14.5,83.0
43963,273,17.0,16.5,15.8,10.1,0.0,14.5,83.0
44863,273,17.0,16.5,15.8,6.1,0.0,4.8,90.0
45763,273,17.0,16.5,15.8,6.1,0.0,4.8,90.0
46663,273,17.0,16.5,15.8,6.1,0.0,4.8,90.0
47563,273,17.0,16.5,15.8,6.1,0.0,4.8,90.0
48463,273,17.0,16.5,15.8,6.1,0.0,4.8,90.0
49363,273,16.936764705882354,16.5,15.8,6.1,0.0,4.8,90.0
50263,273,16.9,16.5,15.8,6.1,0.0,4.8,90.0
51163,273,16.9,16.5,15.8,6.1,0.0,4.8,90.0
52063,273,16.88285714285714,16.5,15.8,6.1,0.0,4.8,90.0
52963,273,16.8,16.492424242424242,15.772727272727272,6.1,0.0,4.8,90.0
53863,273,16.8,16.42537313432836,15.616417910447762,6.1,0.0,4.8,90.0
54763,273,16.8,16.485714285714288,15.778571428571428,6.1,0.0,4.8,90.0
55663,273,16.8,16.5,15.8,6.1,0.0,4.8,90.0
56563,273,16.8,16.484615384615385,15.795384615384616,6.1,0.0,4.8,90.0
57463,273,16.79848484848485,16.5,15.8,6.1,0.0,4.8,90.0
58363,273,16.71044776119403,16.5,15.79558823529412,6.1,0.0,4.8,90.0
59263,273,16.7,16.5,15.8,6.1,0.0,4.8,90.0
60163,273,16.7,16.5,15.79558823529412,6.1,0.0,4.8,90.0
61063,273,16.7,16.390625,15.575,6.1,0.0,4.8,90.0
61963,273,16.623076923076923,16.007462686567163,15.413432835820895,6.1,0.0,4.8,90.0
62863,273,16.6,16.0,15.5,6.1,0.0,4.8,90.0
63763,273,16.6,16.0,15.5,6.1,0.0,4.8,90.0
64663,273,16.6,16.539682539682538,15.561904761904762,6.1,0.0,4.8,90.0
65563,273,16.615384615384617,34.56617647058824,27.105882352941176,6.1,0.0,4.8,90.0
66463,273,17.198461538461537,53.79285714285714,48.675714285714285,6.1,0.0,4.8,90.0
67363,273,17.97058823529412,56.36567164179105,51.93283582089553,6.1,0.0,4.8,90.0
68263,273,18.62272727272727,57.57142857142857,52.90857142857143,6.1,0.0,4.8,90.0
69163,273,19.165671641791043,56.85074626865672,52.97910447761194,6.1,0.0,4.8,90.0
70063,273,19.58636363636364,57.76984126984127,53.39365079365079,6.1,0.0,4.8,90.0
70963,273,19.884848484848483,57.74626865671642,53.38358208955224,6.1,0.0,4.8,90.0
71863,273,20.11014492753624,58.25735294117648,53.88529411764706,6.1,0.0,4.8,90.0
72763,273,20.37205882352941,57.22058823529412,52.942647058823525,6.1,0.0,4.8,90.0
73663,273,20.568571428571428,57.46376811594202,53.16086956521739,6.1,0.0,4.8,90.0
74563,273,20.7,56.84057971014492,52.7927536231884,6.1,0.0,4.8,90.0
75463,273,20.8015625,56.19402985074627,52.291044776119406,6.1,0.0,4.8,90.0
76363,273,20.978378378378377,52.732394366197184,48.9887323943662,6.1,0.0,4.8,90.0
77263,273,20.92567567567568,34.30147058823529,30.55588235294117,6.1,0.0,4.8,90.0
78163,273,20.44202898550725,25.7109375,23.7609375,6.1,0.0,4.8,90.0
79063,273,20.031884057971016,22.4296875,21.00625,6.1,0.0,4.8,90.0
79963,273,19.72058823529412,20.65384615384616,19.56,6.1,0.0,4.8,90.0
80863,273,19.4203125,19.62903225806452,18.753225806451614,6.1,0.0,4.8,90.0
81763,273,19.189855072463768,18.61428571428572,18.05142857142857,6.1,0.0,4.8,90.0
82663,273,18.97384615384616,18.5,17.787142857142857,6.1,0.0,4.8,90.0
83563,273,18.8,18.02857142857143,17.504285714285714,6.1,0.0,4.8,90.0
84463,273,18.63823529411765,18.0,17.312121212121212,6.1,0.0,4.8,90.0
85363,273,18.52089552238806,17.911290322580648,17.203225806451613,6.1,0.0,4.8,90.0
86263,273,18.4031746031746,17.5,17.0,6.1,0.0,4.8,90.0
763,274,18.306153846153848,17.5,16.94782608695652,6.1,0.0,4.8,90.0
1663,274,18.2,17.5,16.8,6.1,0.0,4.8,90.0
2563,274,18.11,17.5,16.8,6.1,0.0,4.8,90.0
3463,274,18.01290322580645,17.5,16.64558823529412,6.1,0.0,4.8,90.0
4363,274,17.950769230769232,17.359154929577464,16.5,5.3,0.0,4.8,91.0
5263,274,17.9,17.0,16.5,5.1,0.0,3.2,93.0
6163,274,17.9,17.0,16.5,5.1,0.0,0.0,93.0
7063,274,17.82753623188406,17.0,16.5,5.9,0.0,1.6,93.0
7963,274,17.8,17.0,16.431428571428572,5.9,0.0,3.2,92.0
8863,274,17.8,17.0,16.308955223880595,5.9,0.0,4.8,92.0
9763,274,17.740579710144928,17.0,16.3,6.2,0.0,6.4,92.0
10663,274,17.7,17.0,16.3,5.8,0.0,4.8,92.0
11563,274,17.7,17.0,16.3,5.7,0.0,4.8,92.0
12463,274,17.610144927536233,17.0,16.3,5.4,0.0,3.2,92.0
13363,274,17.6,17.0,16.180882352941175,5.5,0.0,6.4,93.0
14263,274,17.592537313432835,17.0,16.0,5.8,0.0,4.8,92.0
15163,274,17.5,17.0,16.0,6.1,0.0,6.4,91.0
16063,274,17.5,16.78787878787879,16.0,6.0,0.0,6.4,91.0
16963,274,17.48787878787879,16.53030303030303,16.0,6.0,0.0,4.8,91.0
17863,274,17.4,16.5,16.0,5.3,0.0,6.4,93.0
18763,274,17.4,16.5,16.0,4.8,0.0,9.7,93.0
19663,274,17.4,16.5,16.0,4.8,0.0,9.7,94.0
20563,274,17.344444444444445,16.5,16.0,5.3,0.0,11.3,94.0
21463,274,17.3,16.5,15.997183098591549,6.3,0.0,12.9,92.0
22363,274,17.3,16.5,16.0,7.3,0.0,14.5,89.0
23263,274,17.3,16.5,15.99402985074627,7.1,0.0,14.5,90.0
24163,274,17.277464788732395,16.5,15.85,7.5,0.0,16.1,89.0
25063,274,17.2,16.5,15.8,7.7,0.0,17.7,89.0
25963,274,17.2,16.5,15.8,7.4,0.0,11.3,91.0
26863,274,17.2,16.5,15.8,7.3,0.0,12.9,91.0
27763,274,17.2,16.5,15.8,7.3,0.0,14.5,91.0
28663,274,17.19857142857143,16.5,15.8,9.1,9.0,20.9,94.0
29563,274,17.193548387096776,16.5,15.885294117647058,9.3,11.0,24.1,93.0
30463,274,17.2,16.5,15.80952380952381,9.2,21.0,19.3,94.0
31363,274,16.956451612903226,16.5,15.803076923076924,9.4,40.0,16.1,95.0
32263,274,16.47058823529412,16.5,15.524590163934423,9.6,51.0,16.1,95.0
33163,274,16.676119402985073,16.5,15.509230769230768,9.7,56.0,14.5,95.0
34063,274,16.8,16.5,15.70735294117647,9.8,62.0,14.5,94.0
34963,274,16.895714285714284,16.5,15.8,9.8,56.0,9.7,94.0
35863,274,16.9,16.5,15.8,10.0,76.0,9.7,95.0
36763,274,16.9,16.5,15.79558823529412,10.2,91.0,14.5,96.0
37663,274,16.9,16.5,15.787142857142856,10.4,81.0,16.1,96.0
38563,274,16.913235294117648,16.5,15.8,10.2,88.0,20.9,95.0
39463,274,17.0,16.5,15.769117647058824,10.4,70.0,19.3,96.0
40363,274,17.0,16.47761194029851,15.508955223880596,10.7,111.0,14.5,96.0
41263,274,17.0,16.264285714285712,15.5,11.0,60.0,20.9,95.0
42163,274,17.003174603174603,16.075757575757574,15.5,11.4,100.0,29.0,94.0
43063,274,17.09090909090909,16.0,15.5,11.8,107.0,30.6,95.0
43963,274,17.1,16.008333333333333,15.5,12.1,176.0,27.4,95.0
44863,274,17.13582089552239,16.0078125,15.5,13.1,294.0,22.5,94.0
45763,274,17.2,16.477941176470587,15.601470588235292,14.3,260.0,35.4,87.0
46663,274,17.334328358208957,16.5,15.824242424242424,14.3,185.0,32.2,88.0
47563,274,17.3,16.5,15.8,14.1,271.0,29.0,91.0
48463,274,17.3,16.5,15.8,13.9,373.0,38.6,94.0
49363,274,17.296969696969697,16.5,15.8,14.1,342.0,33.8,93.0
50263,274,17.2,16.5,15.8,14.3,276.0,32.2,92.0
51163,274,17.2,16.5,15.8,14.4,264.0,32.2,92.0
52063,274,17.2,16.5,15.8,14.6,149.0,33.8,92.0
52963,274,17.149253731343286,16.5,15.8,14.6,143.0,32.2,92.0
53863,274,17.1,16.5,15.8,15.1,134.0,33.8,91.0
54763,274,17.1,16.5,15.8,15.3,142.0,25.7,92.0
55663,274,17.1,16.5,15.8,15.4,137.0,27.4,92.0
56563,274,17.1,16.5,15.8,15.4,130.0,30.6,90.0
57463,274,17.1,16.5,15.8,15.4,117.0,32.2,89.0
58363,274,17.1,16.5,15.8,15.4,79.0,33.8,88.0
59263,274,17.1,16.5,15.8,14.9,70.0,25.7,92.0
60163,274,17.1,16.5,15.8,14.8,32.0,24.1,91.0
61063,274,17.00714285714286,16.5,15.8,14.4,39.0,19.3,88.0
61963,274,17.0,16.5,15.8,14.3,44.0,17.7,88.0
62863,274,17.0,16.5,15.802941176470588,14.2,67.0,19.3,88.0
63763,274,17.09365079365079,16.5,15.990769230769232,14.1,28.0,22.5,88.0
64663,274,17.03174603174603,16.5,15.8,13.7,21.0,24.1,88.0
65563,274,17.001492537313432,16.5,15.8,13.6,11.0,22.5,89.0
66463,274,17.0,16.5,15.8,12.6,9.0,20.9,92.0
67363,274,17.0,16.5,15.8,12.5,4.0,25.7,90.0
68263,274,16.945283018867926,16.5,15.8,12.6,0.0,30.6,89.0
69163,274,16.9,16.5,15.791428571428572,13.0,0.0,35.4,83.0
70063,274,16.9,16.492537313432837,15.62537313432836,13.0,0.0,33.8,80.0
70963,274,16.9,16.5,15.559090909090909,13.1,0.0,38.6,82.0
71863,274,16.9,16.5,15.656716417910449,11.7,0.0,32.2,88.0
72763,274,16.9453125,32.35483870967742,25.946774193548386,11.6,0.0,38.6,86.0
73663,274,17.691666666666666,51.70588235294117,47.38382352941176,11.6,0.0,33.8,88.0
74563,274,18.51384615384616,55.1864406779661,50.537288135593215,11.6,0.0,29.0,87.0
75463,274,19.31875,55.7,51.83166666666667,11.4,0.0,20.9,87.0
76363,274,19.8,56.5,52.84242424242424,11.2,0.0,24.1,86.0
77263,274,20.11384615384616,56.49264705882352,53.28676470588236,10.7,0.0,22.5,90.0
78163,274,20.372307692307693,51.11029411764706,49.12058823529412,10.3,0.0,24.1,90.0
79063,274,20.90983606557377,34.125,31.644117647058824,10.0,0.0,29.0,89.0
79963,274,20.915714285714284,26.338235294117645,24.623529411764707,10.0,0.0,29.0,89.0
80863,274,20.66716417910448,22.847826086956523,21.80144927536232,10.1,0.0,30.6,88.0
81763,274,20.32923076923077,20.933823529411764,20.22058823529412,10.4,0.0,35.4,84.0
82663,274,19.9734375,19.77857142857143,19.25,10.4,0.0,33.8,83.0
83563,274,19.658461538461538,19.13043478260869,18.63478260869565,10.6,0.0,35.4,82.0
84463,274,19.36417910447761,18.621428571428574,18.18428571428572,10.6,0.0,33.8,83.0
85363,274,19.11641791044776,18.294117647058822,17.855882352941176,10.6,0.0,30.6,84.0
86263,274,18.923529411764708,18.0,17.56086956521739,10.3,0.0,32.2,86.0
763,275,18.74090909090909,18.0,17.392753623188405,10.5,0.0,40.2,85.0
1663,275,18.573846153846155,17.544776119402986,17.28208955223881,10.4,0.0,37.0,86.0
2563,275,18.445454545454545,17.5,17.0,10.3,0.0,30.6,87.0
3463,275,18.331818181818186,17.5,17.0,10.5,0.0,29.0,86.0
4363,275,18.20909090909091,17.5,16.834285714285716,10.6,0.0,33.8,85.0
5263,275,18.11617647058824,17.5,16.8,10.4,0.0,30.6,88.0
6163,275,18.027941176470588,17.33582089552239,16.8,10.3,0.0,37.0,87.0
7063,275,17.981428571428573,17.014492753623188,16.665217391304346,10.3,0.0,35.4,87.0
7963,275,17.9,17.0,16.5,10.4,0.0,37.0,87.0
8863,275,17.863235294117647,17.0,16.5,10.4,0.0,37.0,87.0
9763,275,17.8,17.0,16.5,10.6,0.0,41.8,87.0
10663,275,17.8,17.0,16.5,10.4,0.0,40.2,90.0
11563,275,17.72753623188406,17.0,16.479710144927537,10.2,0.0,35.4,91.0
12463,275,17.7,17.0,16.323529411764707,10.1,0.0,32.2,92.0
13363,275,17.7,17.0,16.3,10.8,0.0,43.5,90.0
14263,275,17.650746268656714,17.0,16.3,10.9,0.0,46.7,92.0
15163,275,17.6,17.0,16.3,10.8,0.0,41.8,93.0
16063,275,17.6,17.0,16.3,10.8,0.0,29.0,94.0
16963,275,17.6,17.0,16.3,11.0,0.0,35.4,92.0
17863,275,17.52463768115942,17.0,16.3,11.0,0.0,32.2,92.0
18763,275,17.5,17.0,16.240000000000002,11.0,0.0,33.8,92.0
19663,275,17.5,17.0,16.03134328358209,11.0,0.0,32.2,92.0
20563,275,17.5,16.99264705882353,16.15441176470588,11.1,0.0,38.6,91.0
21463,275,,16.977272727272727,16.027272727272727,11.4,0.0,40.2,89.0
22363,275,,16.66417910447761,16.0,11.6,0.0,40.2,87.0
23263,275,17.4,16.65909090909091,16.0,11.6,0.0,41.8,88.0
24163,275,17.48709677419355,16.84558823529412,16.158823529411766,11.4,0.0,40.2,90.0
25063,275,18.013432835820897,17.0,16.369696969696967,11.1,0.0,41.8,91.0
25963,275,19.003125,17.146153846153844,16.501538461538463,11.4,0.0,38.6,87.0
26863,275,17.9671875,17.0,16.3,11.3,7.0,40.2,87.0
27763,275,17.889705882352942,17.0,16.3,11.1,33.0,38.6,88.0
28663,275,17.8,17.0,16.3,11.0,32.0,33.8,89.0
29563,275,17.725373134328358,17.0,16.291176470588233,11.2,47.0,35.4,87.0
30463,275,17.658571428571427,17.0,16.3,11.2,56.0,30.6,88.0
31363,275,17.6,16.97058823529412,16.286764705882355,11.2,54.0,32.2,88.0
32263,275,17.51212121212121,16.828358208955223,16.138805970149257,11.7,225.0,37.0,85.0
33163,275,17.5,16.56153846153846,16.02307692307692,11.8,236.0,37.0,83.0
34063,275,17.459701492537313,16.5,16.0,12.0,120.0,32.2,83.0
34963,275,17.4,16.5,16.0,11.8,69.0,33.8,85.0
35863,275,17.4,16.5,16.0,11.6,77.0,30.6,88.0
36763,275,17.4,16.5,16.0,12.0,132.0,30.6,86.0
37663,275,17.4,16.5,16.0,12.3,211.0,37.0,84.0
38563,275,17.4,16.5,16.0,12.7,191.0,38.6,83.0
39463,275,17.33913043478261,16.5,16.0,12.0,176.0,32.2,88.0
40363,275,17.3,16.5,16.0,12.2,190.0,30.6,88.0
41263,275,17.3,16.5,16.0,12.9,568.0,32.2,85.0
42163,275,17.3,16.5,16.0,13.1,200.0,32.2,82.0
43063,275,17.3,16.5,16.0,12.7,120.0,30.6,82.0
43963,275,17.3,16.5,16.0,13.3,492.0,25.7,81.0
44863,275,17.3,16.5,16.0,13.3,306.0,30.6,76.0
45763,275,17.3,16.5,16.0,13.6,548.0,30.6,75.0
46663,275,17.3,16.5,16.0,13.7,501.0,33.8,73.0
47563,275,17.3,16.5,16.0,13.7,497.0,24.1,75.0
48463,275,17.3,16.5,16.0,13.6,513.0,29.0,74.0
49363,275,17.3,16.5,16.0,13.8,522.0,32.2,74.0
50263,275,17.3,16.5,16.0,13.9,547.0,29.0,72.0
51163,275,17.29016393442623,16.5,16.0,13.8,100.0,25.7,72.0
52063,275,17.208823529411767,16.5,15.97910447761194,12.7,144.0,29.0,75.0
52963,275,17.2,16.5,15.969014084507045,13.0,169.0,25.7,77.0
53863,275,17.2,16.5,15.893939393939394,13.0,283.0,25.7,78.0
54763,275,17.2,16.5,15.880597014925376,13.4,116.0,25.7,74.0
55663,275,17.2,16.5,15.823880597014924,13.4,339.0,29.0,74.0
56563,275,17.2,16.5,15.808695652173911,13.3,180.0,25.7,74.0
57463,275,17.2,16.5,15.80677966101695,13.3,287.0,29.0,73.0
58363,275,17.2,16.5,15.8,12.8,77.0,29.0,74.0
59263,275,17.15147058823529,16.5,15.8,12.8,62.0,30.6,72.0
60163,275,17.1,16.5,15.8,12.7,56.0,29.0,73.0
61063,275,17.1,16.5,15.8,12.3,46.0,27.4,76.0
61963,275,17.1,16.5,15.8,12.1,42.0,24.1,79.0
62863,275,17.042105263157897,16.5,15.8,11.6,46.0,22.5,81.0
63763,275,17.0,16.5,15.8,11.4,33.0,20.9,83.0
64663,275,17.0,16.5,15.8,11.2,21.0,17.7,84.0
65563,275,17.0,16.5,15.8,11.1,23.0,16.1,84.0
66463,275,17.016,29.94117647058824,23.863235294117647,11.3,14.0,24.1,80.0
67363,275,17.365384615384617,42.31617647058824,36.40441176470589,11.1,7.0,25.7,82.0
68263,275,17.912307692307692,49.57971014492754,44.68260869565218,10.6,0.0,24.1,84.0
69163,275,18.571153846153845,54.20161290322581,49.1,10.4,0.0,24.1,85.0
70063,275,19.240322580645163,55.41129032258065,50.86774193548387,10.2,0.0,24.1,85.0
70963,275,19.755172413793105,55.97413793103449,51.570689655172416,10.1,0.0,22.5,85.0
71863,275,20.20327868852459,56.64179104477612,51.65074626865671,9.9,0.0,24.1,86.0
72763,275,20.598245614035086,57.04761904761905,52.48412698412699,9.8,0.0,24.1,87.0
73663,275,20.88235294117647,55.94776119402985,51.58656716417911,9.7,0.0,24.1,88.0
74563,275,21.102816901408453,57.07857142857144,52.85428571428571,9.8,0.0,22.5,87.0
75463,275,21.31212121212121,53.39705882352941,49.99705882352941,9.8,0.0,25.7,87.0
76363,275,21.4,49.53731343283582,45.41044776119403,9.8,0.0,25.7,87.0
77263,275,21.462857142857143,50.9179104477612,47.67761194029851,9.8,0.0,25.7,86.0
78163,275,21.55094339622641,34.33582089552239,31.15074626865672,9.8,0.0,25.7,86.0
79063,275,21.128,26.63846153846153,24.13846153846153,9.7,0.0,22.5,85.0
79963,275,20.694117647058825,22.861538461538466,21.166153846153847,9.6,0.0,22.5,85.0
80863,275,20.31590909090909,20.94117647058824,19.713235294117645,9.6,0.0,24.1,86.0
81763,275,19.87368421052632,19.73943661971831,18.812676056338027,9.6,0.0,24.1,86.0
82663,275,19.7,19.2734375,18.5234375,9.6,0.0,27.4,86.0
83563,275,19.61060606060606,19.0,18.57962962962963,9.6,0.0,27.4,86.0
84463,275,19.46,18.55,17.944285714285716,9.5,0.0,32.2,86.0
85363,275,19.338235294117645,18.407692307692308,17.592307692307692,9.4,0.0,29.0,87.0
86263,275,19.22,18.0,17.418181818181818,9.4,0.0,24.1,87.0
763,276,19.08208955223881,18.0,17.3,9.4,0.0,20.9,86.0
1663,276,18.994202898550725,18.0,17.23709677419355,9.4,0.0,24.1,86.0
2563,276,18.9,17.930769230769233,17.0,9.4,0.0,25.7,86.0
3463,276,18.806153846153848,17.5234375,17.0,9.3,0.0,25.7,86.0
4363,276,18.71857142857143,17.5,16.996825396825397,9.4,0.0,27.4,86.0
5263,276,18.669696969696968,17.5,16.83050847457627,9.3,0.0,20.9,87.0
6163,276,18.6,17.5,16.8,9.4,0.0,24.1,87.0
7063,276,18.55076923076923,17.5,16.8,9.6,0.0,24.1,86.0
7963,276,18.5,17.5,16.8,9.5,0.0,22.5,86.0
8863,276,18.47246376811594,17.5,16.8,9.4,0.0,20.9,86.0
9763,276,18.4,17.5,16.667213114754098,9.4,0.0,20.9,86.0
10663,276,18.4,17.5,16.5,9.5,0.0,20.9,85.0
11563,276,18.346376811594205,17.5,16.5,9.4,0.0,20.9,86.0
12463,276,18.3,17.452380952380953,16.5,9.4,0.0,19.3,87.0
13363,276,18.2939393939394,17.078125,16.5,9.3,0.0,20.9,88.0
14263,276,18.20294117647059,17.0,16.5,9.3,0.0,22.5,87.0
15163,276,18.2,17.0,16.5,9.3,0.0,22.5,87.0
16063,276,18.198630136986303,17.0,16.496610169491525,9.4,0.0,22.5,85.0
16963,276,18.11230769230769,17.0,16.442857142857143,9.3,0.0,24.1,86.0
17863,276,18.1,17.0,16.3135593220339,9.2,0.0,24.1,86.0
18763,276,18.1,17.0,16.3,9.1,0.0,20.9,86.0
19663,276,18.03076923076923,17.0,16.3,9.2,0.0,20.9,85.0
20563,276,18.0,17.0,16.3,9.4,0.0,19.3,84.0
21463,276,18.0,17.0,16.3,9.4,0.0,20.9,84.0
22363,276,17.97246376811594,17.0,16.3,9.5,0.0,19.3,83.0
23263,276,17.960317460317462,17.0,16.36865671641791,9.4,0.0,24.1,82.0
24163,276,18.66307692307692,17.169117647058822,16.6,9.1,0.0,20.9,84.0
25063,276,18.508196721311474,17.5,16.843478260869567,9.1,0.0,20.9,85.0
25963,276,18.3796875,17.5,16.81875,9.1,0.0,20.9,86.0
26863,276,18.32272727272727,17.491803278688526,16.58360655737705,9.2,9.0,19.3,86.0
27763,276,18.205714285714286,17.055555555555554,16.5,9.2,14.0,22.5,86.0
28663,276,18.104615384615386,17.0,16.5,9.3,21.0,22.5,84.0
29563,276,18.03939393939394,17.0,16.5,9.3,39.0,25.7,84.0
30463,276,18.0,17.0,16.5,9.4,40.0,20.9,85.0
31363,276,17.95072463768116,17.0,16.434375,9.3,42.0,22.5,85.0
32263,276,17.9,17.0,16.314285714285713,9.3,39.0,22.5,83.0
33163,276,17.9,17.0,16.3,9.7,216.0,22.5,81.0
34063,276,17.9,17.0,16.3,9.9,125.0,22.5,80.0
34963,276,17.9,17.0,16.3,10.4,42.0,25.7,75.0
35863,276,17.9,17.0,16.3,10.7,39.0,25.7,72.0
36763,276,17.9,17.0,16.3,10.9,49.0,25.7,70.0
37663,276,17.894117647058824,17.0,16.3,11.3,244.0,22.5,70.0
38563,276,17.8,17.0,16.3,11.3,250.0,25.7,71.0
39463,276,17.8,17.0,16.3,11.1,290.0,29.0,72.0
40363,276,17.8,17.0,16.3,11.3,381.0,22.5,73.0
41263,276,17.8,17.0,16.3,11.4,265.0,25.7,72.0
42163,276,17.8,17.0,16.3,11.7,237.0,22.5,74.0
43063,276,17.73181818181818,17.0,16.3,11.4,487.0,25.7,75.0
43963,276,17.7,17.0,16.3,11.8,427.0,27.4,75.0
44863,276,17.7,17.0,16.3,12.1,346.0,19.3,77.0
45763,276,17.7,17.0,16.3,11.5,254.0,22.5,78.0
46663,276,17.7,17.0,16.3,11.3,202.0,22.5,79.0
47563,276,17.625,16.985294117647058,16.3,11.1,97.0,17.7,79.0
48463,276,17.6,16.963768115942027,16.291304347826088,10.4,200.0,16.1,86.0
49363,276,17.6,16.838461538461537,16.25846153846154,11.3,249.0,14.5,82.0
50263,276,17.6,16.8125,16.214285714285715,11.6,162.0,22.5,74.0
51163,276,17.6,16.634328358208954,16.134328358208954,11.4,125.0,16.1,74.0
52063,276,17.592753623188408,16.557142857142857,16.00857142857143,11.2,104.0,19.3,74.0
52963,276,17.503030303030304,16.51492537313433,16.008955223880598,11.3,174.0,22.5,73.0
53863,276,17.5,16.5,16.0,11.6,174.0,20.9,71.0
54763,276,17.5,16.5,16.0,11.9,278.0,16.1,69.0
55663,276,17.49705882352941,16.5,16.0,11.7,174.0,22.5,71.0
56563,276,17.40909090909091,16.5,16.0,11.3,135.0,17.7,75.0
57463,276,17.4,16.5,16.0,11.1,121.0,20.9,74.0
58363,276,17.4,16.5,16.0,11.0,98.0,27.4,71.0
59263,276,17.369230769230768,16.5,16.0,10.7,39.0,20.9,74.0
60163,276,17.3,16.5,16.0,10.5,100.0,20.9,78.0
61063,276,17.3,16.5,16.0,10.3,70.0,22.5,78.0
61963,276,17.3,16.5,16.0,10.3,56.0,25.7,77.0
62863,276,17.3,16.5,16.0,10.3,32.0,25.7,78.0
63763,276,17.3,16.5,16.0,10.1,24.0,24.1,79.0
64663,276,17.3,16.5,16.0,9.9,18.0,20.9,80.0
65563,276,17.26779661016949,16.5,16.0,9.9,9.0,19.3,81.0
66463,276,17.3,20.23134328358209,17.49402985074627,9.9,5.0,19.3,81.0
67363,276,17.547916666666666,49.28358208955224,41.87164179104478,9.7,1.0,17.7,81.0
68263,276,18.43928571428572,55.41549295774648,51.24225352112676,9.4,0.0,20.9,83.0
69163,276,19.107142857142858,55.9776119402985,51.461194029850745,9.4,0.0,17.7,83.0
70063,276,19.85,52.17164179104477,48.082089552238806,9.5,0.0,17.7,82.0
70963,276,20.018644067796608,41.53676470588236,37.544117647058826,9.3,0.0,14.5,82.0
71863,276,20.165573770491804,41.31818181818182,39.02878787878788,9.1,0.0,14.5,83.0
72763,276,20.16212121212121,28.25,25.663636363636364,9.1,0.0,19.3,84.0
73663,276,20.01060606060605,23.23880597014925,21.45522388059701,9.0,0.0,20.9,84.0
74563,276,19.792424242424243,20.77941176470588,19.59852941176471,9.2,0.0,24.1,84.0
75463,276,19.552307692307693,26.282608695652176,23.83913043478261,9.0,0.0,19.3,86.0
76363,276,19.55692307692308,38.51388888888889,36.025,8.9,0.0,22.5,86.0
77263,276,19.731666666666666,27.21212121212121,25.24090909090909,8.9,0.0,17.7,87.0
78163,276,19.757894736842104,22.828358208955223,21.371641791044777,8.9,0.0,17.7,87.0
79063,276,19.625,20.571428571428573,19.59285714285714,9.1,0.0,27.4,86.0
79963,276,19.45581395348837,19.395833333333336,18.7375,9.1,0.0,24.1,87.0
80863,276,19.30638297872341,18.71527777777778,18.154166666666665,9.2,0.0,24.1,87.0
81763,276,19.2,18.5,18.11694915254237,9.2,0.0,29.0,88.0
82663,276,19.083823529411767,18.197183098591548,17.904225352112675,9.4,0.0,29.0,86.0
83563,276,18.955384615384617,18.0,17.568571428571428,9.5,0.0,27.4,88.0
84463,276,18.84262295081967,17.985294117647058,17.36764705882353,9.3,0.0,29.0,90.0
85363,276,18.71451612903226,17.536764705882355,17.3,9.5,0.0,30.6,88.0
86263,276,18.613636363636363,17.5,17.035820895522388,9.5,0.0,29.0,90.0
763,277,18.529850746268657,17.5,17.0,9.4,0.0,29.0,90.0
1663,277,18.46825396825397,17.5,16.975384615384616,9.5,0.0,22.5,89.0
2563,277,18.4,17.5,16.8,9.6,0.0,20.9,90.0
3463,277,18.35147058823529,17.5,16.8,9.3,0.0,20.9,93.0
4363,277,18.3,17.5,16.8,9.3,0.0,19.3,93.0
5263,277,18.2265625,17.218309859154928,16.7112676056338,9.3,0.0,16.1,93.0
6163,277,18.2,17.0,16.504285714285714,9.6,0.0,24.1,91.0
7063,277,18.16,17.0,16.5,9.7,0.0,25.7,90.0
7963,277,18.1,17.0,16.5,9.8,0.0,27.4,90.0
8863,277,18.1,17.0,16.5,9.7,0.0,25.7,90.0
9763,277,18.0234375,17.0,16.5,9.7,0.0,24.1,90.0
10663,277,18.0,17.0,16.496875,9.8,0.0,24.1,90.0
11563,277,18.0,17.0,16.376470588235293,9.8,0.0,27.4,91.0
12463,277,17.9359375,17.0,16.3,9.7,0.0,27.4,91.0
13363,277,17.9,17.0,16.3,9.9,0.0,25.7,90.0
14263,277,17.9,17.0,16.3,9.9,0.0,27.4,91.0
15163,277,17.853846153846156,17.0,16.3,9.8,0.0,24.1,92.0
16063,277,17.8,17.0,16.3,9.8,0.0,25.7,92.0
16963,277,17.8,17.0,16.3,9.9,0.0,25.7,92.0
17863,277,17.8,17.0,16.3,10.0,0.0,20.9,91.0
18763,277,17.741935483870968,17.0,16.3,10.0,0.0,22.5,92.0
19663,277,17.7,17.0,16.3,10.2,0.0,27.4,91.0
20563,277,17.7,17.0,16.3,10.1,0.0,25.7,92.0
21463,277,17.7,17.0,16.214925373134328,9.9,0.0,22.5,94.0
22363,277,17.665151515151514,16.984615384615385,16.092307692307692,9.9,0.0,20.9,94.0
23263,277,17.7,17.0,16.3,9.8,0.0,20.9,96.0
24163,277,17.7,17.0,16.3,9.8,0.0,20.9,95.0
25063,277,17.804545454545455,17.0,16.366666666666667,9.6,0.0,25.7,93.0
25963,277,17.8,17.0,16.3,9.5,0.0,22.5,94.0
26863,277,17.71551724137931,17.0,16.3,9.3,0.0,20.9,94.0
27763,277,17.676056338028168,17.0,16.3,9.2,2.0,20.9,94.0
28663,277,17.6,17.0,16.3,9.0,12.0,17.7,94.0
29563,277,17.6,16.99264705882353,16.3,9.1,19.0,19.3,94.0
30463,277,17.52647058823529,16.828125,16.2859375,9.2,37.0,19.3,95.0
31363,277,17.5,16.567164179104477,16.129850746268655,9.4,42.0,22.5,94.0
32263,277,17.5,16.522058823529413,16.022058823529413,9.4,49.0,22.5,92.0
33163,277,17.5,16.5,16.0,9.4,56.0,19.3,92.0
34063,277,17.5,16.5,16.0,9.6,81.0,22.5,91.0
34963,277,17.45671641791045,16.5,16.0,9.7,90.0,20.9,91.0
35863,277,17.4,16.5,16.0,9.9,137.0,20.9,90.0
36763,277,17.4,16.5,16.0,10.0,91.0,17.7,90.0
37663,277,17.4,16.5,16.0,10.0,90.0,17.7,88.0
38563,277,17.4,16.5,16.0,10.1,105.0,16.1,89.0
39463,277,17.4,16.5,16.0,10.1,79.0,22.5,87.0
40363,277,17.323880597014927,16.5,16.0,10.2,120.0,20.9,88.0
41263,277,17.3,16.5,16.0,10.4,98.0,20.9,88.0
42163,277,17.3,16.5,16.0,10.4,94.0,22.5,87.0
43063,277,17.3,16.5,16.0,10.7,111.0,19.3,87.0
43963,277,17.3,16.5,16.0,10.7,130.0,17.7,86.0
44863,277,17.297014925373134,16.5,16.0,10.9,116.0,22.5,85.0
45763,277,17.20441176470588,16.5,16.0,10.9,74.0,22.5,84.0
46663,277,17.2,16.5,16.0,10.7,95.0,22.5,84.0
47563,277,17.2,16.5,15.970149253731345,10.4,60.0,25.7,83.0
48463,277,17.2,16.5,15.907936507936508,10.2,72.0,22.5,84.0
49363,277,17.2,16.5,15.845454545454547,10.2,77.0,22.5,84.0
50263,277,17.2,16.5,15.805797101449276,10.2,118.0,22.5,83.0
51163,277,17.195384615384615,16.5,15.8,10.3,120.0,19.3,84.0
52063,277,17.110294117647058,16.5,15.8,10.5,116.0,22.5,82.0
52963,277,17.1,16.5,15.8,10.5,142.0,20.9,82.0
53863,277,17.1,16.5,15.8,10.5,100.0,19.3,81.0
54763,277,17.1,16.5,15.8,10.2,84.0,19.3,83.0
55663,277,17.05625,16.5,15.8,9.9,77.0,17.7,84.0
56563,277,17.0,16.5,15.8,9.8,90.0,17.7,84.0
57463,277,17.0,16.5,15.8,9.6,67.0,17.7,86.0
58363,277,17.0,16.5,15.8,9.6,100.0,17.7,87.0
59263,277,16.965454545454545,16.5,15.8,9.6,74.0,17.7,88.0
60163,277,16.9,16.5,15.8,9.5,54.0,17.7,90.0
61063,277,16.9,16.5,15.8,9.2,70.0,14.5,93.0
61963,277,16.9,16.5,15.8,9.2,65.0,14.5,93.0
62863,277,16.869014084507043,16.5,15.8,9.3,58.0,12.9,93.0
63763,277,16.8,16.5,15.8,9.3,48.0,14.5,93.0
64663,277,16.8,16.492307692307694,15.795384615384616,9.4,37.0,12.9,92.0
65563,277,16.8,16.5,15.79558823529412,9.4,18.0,11.3,92.0
66463,277,16.8,16.5,15.790769230769232,9.5,5.0,14.5,93.0
67363,277,16.8,16.47826086956522,15.786956521739132,9.7,1.0,16.1,92.0
68263,277,16.8,16.484848484848484,15.695454545454549,9.8,0.0,17.7,92.0
69163,277,16.8,16.47101449275362,15.569565217391304,9.9,0.0,14.5,92.0
70063,277,16.8,16.464285714285715,15.611428571428572,9.8,0.0,12.9,93.0
70963,277,16.8,16.455223880597014,15.629850746268655,9.7,0.0,8.0,95.0
71863,277,16.8,16.463768115942027,15.656521739130437,9.7,0.0,9.7,96.0
72763,277,,39.15942028985508,30.73623188405797,9.7,0.0,8.0,96.0
73663,277,17.375,52.64179104477612,49.061194029850746,9.7,0.0,3.2,96.0
74563,277,18.0,53.333333333333336,51.44166666666666,9.7,0.0,0.0,96.0
75463,277,18.9,53.5,51.81025641025641,10.1,0.0,8.0,96.0
76363,277,,40.79032258064516,38.4741935483871,10.2,0.0,6.4,96.0
77263,277,19.55,44.55882352941176,42.26176470588236,10.2,0.0,3.2,96.0
78163,277,19.6,31.465909090909093,28.29772727272728,10.2,0.0,3.2,96.0
79063,277,19.56,24.75,22.347916666666663,9.9,0.0,3.2,96.0
79963,277,19.40357142857143,21.625,20.10625,9.6,0.0,4.8,97.0
80863,277,19.204651162790697,20.106382978723406,19.193617021276594,9.4,0.0,3.2,97.0
81763,277,19.91692307692308,19.5,18.969444444444445,9.3,0.0,1.6,97.0
82663,277,19.94126984126984,19.03846153846154,18.77692307692308,9.1,0.0,3.2,97.0
83563,277,19.24920634920635,18.387096774193548,17.993548387096773,8.7,0.0,9.7,97.0
84463,277,18.806153846153848,18.0,17.583823529411767,8.3,0.0,4.8,97.0
85363,277,18.49,17.65714285714286,17.304285714285715,8.2,0.0,3.2,97.0
86263,277,18.25076923076923,17.5,17.013432835820897,8.0,0.0,6.4,97.0
763,278,18.052857142857142,17.5,16.88307692307692,8.1,0.0,3.2,97.0
1663,278,17.92727272727273,17.130434782608695,16.8,8.0,0.0,8.0,97.0
2563,278,17.81159420289855,17.0,16.581818181818182,7.9,0.0,8.0,97.0
3463,278,17.715151515151515,17.0,16.5,7.8,0.0,9.7,97.0
4363,278,17.628358208955223,17.0,16.43913043478261,7.6,0.0,14.5,97.0
5263,278,17.557352941176468,17.0,16.3,7.2,0.0,9.7,97.0
6163,278,17.5,17.0,16.3,7.2,0.0,6.4,97.0
7063,278,17.414285714285715,16.92028985507246,16.23913043478261,7.3,0.0,8.0,97.0
7963,278,17.398529411764706,16.521428571428572,16.0,7.3,0.0,6.4,97.0
8863,278,17.305714285714284,16.5,16.0,7.3,0.0,9.7,98.0
9763,278,17.3,16.5,16.0,7.3,0.0,8.0,98.0
10663,278,17.21818181818182,16.5,16.0,7.0,0.0,9.7,97.0
11563,278,17.2,16.5,15.9044776119403,6.8,0.0,9.7,96.0
12463,278,17.176470588235293,16.5,15.80597014925373,6.8,0.0,11.3,95.0
13363,278,17.1,16.5,15.8,6.7,0.0,11.3,94.0
14263,278,17.1,16.5,15.8,6.4,0.0,12.9,95.0
15163,278,17.013235294117646,16.5,15.8,6.3,0.0,12.9,95.0
16063,278,17.0,16.5,15.8,6.6,0.0,14.5,93.0
16963,278,17.0,16.5,15.8,6.7,0.0,16.1,93.0
17863,278,16.906060606060606,16.5,15.8,6.9,0.0,20.9,93.0
18763,278,16.9,16.5,15.7203125,7.2,0.0,22.5,92.0
19663,278,16.9,16.5,15.53181818181818,7.1,0.0,19.3,92.0
20563,278,16.87878787878788,16.492753623188406,15.5,7.2,0.0,19.3,92.0
21463,278,16.8,16.314285714285713,15.5,7.3,0.0,17.7,92.0
22363,278,16.8,16.07462686567164,15.5,7.4,0.0,16.1,93.0
23263,278,16.8,16.0,15.5,7.6,0.0,19.3,92.0
24163,278,16.8,16.0,15.5,7.6,0.0,19.3,92.0
25063,278,16.8,16.191176470588236,15.53529411764706,7.7,0.0,20.9,91.0
25963,278,17.747368421052634,16.5,15.776470588235291,7.7,0.0,20.9,91.0
26863,278,17.555,16.5,16.0,7.5,5.0,16.1,92.0
27763,278,17.49142857142857,16.5,15.963076923076922,7.4,11.0,17.7,91.0
28663,278,17.36911764705882,16.5,15.808955223880597,7.7,14.0,19.3,91.0
29563,278,17.275384615384617,16.5,15.8,7.8,53.0,17.7,90.0
30463,278,17.18939393939394,16.5,15.8,8.2,83.0,17.7,88.0
31363,278,17.1,16.5,15.8,8.3,116.0,17.7,88.0
32263,278,17.009375,16.47058823529412,15.769117647058824,8.4,151.0,19.3,87.0
33163,278,17.0,16.1044776119403,15.571641791044778,8.5,30.0,17.7,88.0
34063,278,16.99855072463768,16.0,15.5,8.6,32.0,20.9,87.0
34963,278,16.941791044776117,16.0,15.5,8.9,33.0,19.3,87.0
35863,278,16.986764705882354,16.0,15.5,9.1,33.0,22.5,87.0
36763,278,17.0,16.0,15.5,9.3,35.0,17.7,86.0
37663,278,17.0,16.0,15.5,9.8,93.0,16.1,85.0
38563,278,16.998461538461537,16.0,15.5,10.6,364.0,16.1,83.0
39463,278,16.961764705882352,16.0,15.5,10.9,392.0,20.9,81.0
40363,278,16.9,16.0,15.5,11.1,404.0,22.5,78.0
41263,278,16.9,16.0,15.5,11.2,424.0,24.1,78.0
42163,278,16.9,16.0,15.5,11.5,438.0,22.5,75.0
43063,278,16.9,16.0,15.5,12.1,496.0,16.1,74.0
43963,278,16.9,16.0,15.5,12.1,605.0,20.9,72.0
44863,278,16.9,16.0,15.5,12.3,478.0,22.5,72.0
45763,278,16.9,16.0,15.5,12.4,479.0,20.9,68.0
46663,278,16.9,16.0,15.5,12.6,476.0,24.1,68.0
47563,278,16.9,16.0,15.5,12.6,169.0,19.3,67.0
48463,278,16.9,16.0,15.5,13.0,510.0,24.1,66.0
49363,278,16.854166666666664,16.0,15.5,13.3,493.0,22.5,66.0
50263,278,16.8,16.0,15.5,13.3,647.0,22.5,64.0
51163,278,16.8,16.0,15.5,12.9,227.0,19.3,65.0
52063,278,16.8,16.0,15.5,13.1,311.0,17.7,69.0
52963,278,16.8,16.0,15.5,13.6,297.0,16.1,67.0
53863,278,16.8,16.0,15.5,12.9,104.0,16.1,67.0
54763,278,16.8,16.0,15.5,12.6,90.0,14.5,69.0
55663,278,16.8,16.0,15.5,13.0,352.0,19.3,69.0
56563,278,16.8,16.0,15.5,13.4,360.0,16.1,68.0
57463,278,16.725,16.0,15.490625,12.9,77.0,17.7,68.0
58363,278,16.7,16.0,15.483870967741936,12.6,60.0,12.9,71.0
59263,278,16.7,16.0,15.491304347826087,12.4,54.0,12.9,72.0
60163,278,16.7,16.0,15.398507462686569,12.5,61.0,19.3,72.0
61063,278,16.7,16.0,15.302985074626866,12.6,77.0,19.3,72.0
61963,278,16.6984375,16.0,15.3,12.7,114.0,14.5,72.0
62863,278,16.628985507246377,16.0,15.3,12.4,47.0,11.3,72.0
63763,278,16.60151515151515,16.0,15.358461538461537,12.3,42.0,11.3,71.0
64663,278,16.64776119402985,16.0,15.3,11.1,16.0,16.1,79.0
65563,278,16.7,16.0,15.3,10.8,12.0,11.3,81.0
66463,278,16.67230769230769,16.0,15.3,10.8,12.0,11.3,81.0
67363,278,16.6,17.816901408450704,15.881690140845071,10.5,0.0,9.7,80.0
68263,278,16.784057971014494,48.64705882352941,39.936764705882354,10.3,0.0,9.7,82.0
69163,278,17.685245901639345,55.65714285714286,51.43142857142857,10.1,0.0,14.5,84.0
70063,278,18.50869565217392,52.203125,48.4484375,9.9,0.0,14.5,85.0
70963,278,19.11311475409836,55.99242424242424,52.08636363636364,9.7,0.0,12.9,85.0
71863,278,19.729850746268657,47.289855072463766,44.084057971014495,9.1,0.0,8.0,88.0
72763,278,20.015942028985503,31.49264705882353,27.86029411764706,8.8,0.0,9.7,88.0
73663,278,19.9,24.68939393939394,22.57272727272727,8.8,0.0,11.3,87.0
74563,278,19.6,21.46969696969697,19.934848484848484,8.9,0.0,14.5,85.0
75463,278,19.133333333333333,19.661538461538463,18.55538461538461,9.0,0.0,16.1,84.0
76363,278,18.85,18.67391304347825,17.766666666666666,8.8,0.0,17.7,83.0
77263,278,18.661290322580648,18.051470588235293,17.41764705882353,8.8,0.0,17.7,83.0
78163,278,18.43098591549296,17.52898550724638,17.07391304347826,8.6,0.0,16.1,83.0
79063,278,18.2390625,17.455882352941178,16.9,8.4,0.0,14.5,85.0
79963,278,18.10535714285714,17.40909090909091,16.953030303030303,8.1,0.0,14.5,86.0
80863,278,17.9725,17.113636363636363,16.778787878787877,8.0,0.0,16.1,86.0
81763,278,17.848837209302324,17.0,16.40967741935484,8.0,0.0,14.5,86.0
82663,278,17.73095238095238,17.0,16.3,8.0,0.0,14.5,86.0
83563,278,17.6625,16.7,16.124285714285712,7.9,0.0,14.5,86.0
84463,278,17.566666666666666,16.5,16.0,7.7,0.0,12.9,87.0
85363,278,17.5,16.5,16.0,7.8,0.0,14.5,86.0
86263,278,17.420454545454547,16.5,15.997014925373133,7.7,0.0,12.9,86.0
763,279,17.4,16.5,15.812307692307693,7.6,0.0,14.5,86.0
1663,279,17.30909090909091,16.5,15.8,7.6,0.0,14.5,87.0
2563,279,17.3,16.5,15.8,7.7,0.0,14.5,86.0
3463,279,17.229545454545452,16.5,15.8,7.6,0.0,16.1,87.0
4363,279,17.2,16.5,15.786764705882351,7.4,0.0,14.5,87.0
5263,279,17.17142857142857,16.5,15.57391304347826,7.4,0.0,14.5,87.0
6163,279,17.1,16.49264705882353,15.5,7.3,0.0,14.5,87.0
7063,279,17.1,16.238805970149254,15.5,7.3,0.0,14.5,88.0
7963,279,17.02857142857143,16.007462686567163,15.5,7.2,0.0,14.5,88.0
8863,279,17.0,16.0,15.5,7.0,0.0,12.9,88.0
9763,279,16.988095238095237,16.0,15.5,7.1,0.0,12.9,88.0
10663,279,16.9,16.0,15.5,7.0,0.0,14.5,88.0
11563,279,16.9,16.0,15.5,6.9,0.0,14.5,88.0
12463,279,16.9,16.0,15.48181818181818,6.8,0.0,16.1,88.0
13363,279,16.84375,16.0,15.36764705882353,6.8,0.0,12.9,87.0
14263,279,16.8,16.0,15.3,6.8,0.0,14.5,87.0
15163,279,16.8,16.0,15.3,6.8,0.0,12.9,87.0
16063,279,16.8,16.0,15.3,6.7,0.0,11.3,89.0
16963,279,16.704651162790697,16.0,15.3,6.7,0.0,12.9,88.0
17863,279,16.7,16.0,15.3,6.3,0.0,8.0,89.0
18763,279,16.7,16.0,15.3,6.3,0.0,12.9,89.0
19663,279,16.627083333333335,16.0,15.3,6.3,0.0,11.3,89.0
20563,279,16.6,16.0,15.3,6.2,0.0,9.7,89.0
21463,279,16.6,16.0,15.3,6.3,0.0,8.0,89.0
22363,279,16.566,16.0,15.287142857142856,6.2,0.0,11.3,89.0
23263,279,16.5,16.0,15.28181818181818,6.3,0.0,11.3,88.0
24163,279,16.5,15.892857142857142,15.231428571428571,6.4,0.0,9.7,89.0
25063,279,17.477941176470587,15.940298507462686,15.32089552238806,6.4,0.0,11.3,89.0
25963,279,17.208955223880597,15.846153846153843,15.323076923076922,6.3,0.0,11.3,89.0
26863,279,17.04861111111111,15.985507246376812,15.02173913043478,6.3,5.0,9.7,89.0
27763,279,16.9,16.0,15.295454545454549,6.2,9.0,9.7,89.0
28663,279,16.793846153846154,16.0,15.3,6.1,18.0,9.7,90.0
29563,279,16.7,16.0,15.3,6.3,56.0,9.7,89.0
30463,279,16.603125,16.0,15.261290322580646,6.9,83.0,6.4,87.0
31363,279,16.5625,15.922535211267606,15.038028169014083,7.5,93.0,6.4,85.0
32263,279,16.5,15.61904761904762,15.0,7.6,151.0,9.7,84.0
33163,279,16.5,15.507462686567164,15.0,7.7,37.0,6.4,85.0
34063,279,16.5,15.507575757575756,15.0,7.9,51.0,8.0,84.0
34963,279,16.5,15.5,15.0,8.1,60.0,9.7,85.0
35863,279,16.5,15.5,15.0,8.2,63.0,11.3,84.0
36763,279,16.5,15.5,15.0,8.4,67.0,12.9,84.0
37663,279,16.5,15.5,15.0,8.9,91.0,14.5,82.0
38563,279,16.5,15.5,15.0,9.8,334.0,8.0,80.0
39463,279,16.5,15.5,15.0,10.1,336.0,8.0,79.0
40363,279,16.5,15.5,15.0,10.2,367.0,6.4,78.0
41263,279,16.5,15.5,15.0,10.6,394.0,8.0,77.0
42163,279,16.5,15.5,15.0,10.9,408.0,9.7,75.0
43063,279,16.5,15.5,15.0,11.3,418.0,8.0,73.0
43963,279,16.5,15.5,15.0,11.5,353.0,6.4,73.0
44863,279,16.5,15.5,15.0,11.4,341.0,4.8,74.0
45763,279,16.5,15.5,15.0,11.0,246.0,8.0,72.0
46663,279,16.492424242424242,15.5,15.0,11.2,251.0,8.0,71.0
47563,279,16.40909090909091,15.5,15.0,11.4,272.0,8.0,73.0
48463,279,16.4,15.5,15.0,11.4,281.0,9.7,73.0
49363,279,16.4,15.5,15.0,11.2,255.0,14.5,74.0
50263,279,16.4,15.5,15.0,10.9,200.0,14.5,74.0
51163,279,16.355882352941176,15.5,15.0,10.9,172.0,11.3,74.0
52063,279,16.3,15.5,15.0,10.8,149.0,12.9,74.0
52963,279,16.3,15.5,15.0,10.8,132.0,11.3,75.0
53863,279,16.3,15.5,15.0,10.8,125.0,9.7,77.0
54763,279,16.23125,15.5,15.0,10.7,120.0,14.5,77.0
55663,279,16.2,15.5,15.0,10.6,83.0,16.1,78.0
56563,279,16.2,15.468253968253968,14.8,10.5,76.0,14.5,78.0
57463,279,16.2,15.5,14.8,10.4,65.0,14.5,78.0
58363,279,16.2,15.5,14.805882352941175,10.3,47.0,11.3,80.0
59263,279,16.2,15.5,14.822857142857142,10.3,49.0,9.7,82.0
60163,279,16.2,15.5,14.803571428571429,10.2,39.0,9.7,83.0
61063,279,16.124615384615385,15.5,14.808219178082192,10.2,54.0,6.4,81.0
61963,279,16.1,15.5,14.8,10.2,40.0,8.0,80.0
62863,279,16.1,15.5,14.8,10.1,33.0,8.0,80.0
63763,279,16.1,15.5,14.802985074626866,10.0,23.0,8.0,81.0
64663,279,16.1,15.5,14.833333333333334,9.8,0.0,9.7,82.0
65563,279,16.1,15.5,14.960655737704917,9.8,0.0,4.8,82.0
66463,279,16.051162790697674,15.5,14.8,9.8,0.0,6.4,83.0
67363,279,16.0,15.5,14.8,9.8,0.0,12.9,82.0
68263,279,16.008000000000003,15.5,14.8,9.8,0.0,12.9,81.0
69163,279,16.0,15.5,14.8,9.8,0.0,11.3,78.0
70063,279,16.0,15.5,14.8,10.0,0.0,14.5,77.0
70963,279,15.925,15.5,14.8,9.9,0.0,19.3,77.0
71863,279,15.9,15.5,14.8,9.9,0.0,16.1,78.0
72763,279,15.9,15.5,14.8,9.9,0.0,19.3,79.0
73663,279,15.9,15.5,14.8,9.9,0.0,16.1,78.0
74563,279,16.0,15.5,14.8,10.3,0.0,19.3,77.0
75463,279,16.0,15.5,14.8,10.3,0.0,19.3,82.0
76363,279,15.99344262295082,15.5,14.8,10.1,0.0,20.9,83.0
77263,279,15.9,15.5,14.8,10.2,0.0,20.9,86.0
78163,279,15.907936507936508,15.5,14.8,10.3,0.0,22.5,87.0
79063,279,16.0,15.5,14.8,10.4,0.0,22.5,88.0
79963,279,16.0,15.5,14.8,10.4,0.0,22.5,89.0
80863,279,16.0,15.5,14.8,10.5,0.0,24.1,90.0
81763,279,16.0,15.5,14.8,10.8,0.0,24.1,90.0
82663,279,16.0,15.5,14.8,11.1,0.0,24.1,90.0
83563,279,16.0,15.5,14.8,11.2,0.0,27.4,90.0
84463,279,16.0,15.5,14.8,11.2,0.0,25.7,90.0
85363,279,16.0,15.5,14.8,11.3,0.0,24.1,90.0
86263,279,16.0,15.5,14.8,11.6,0.0,25.7,90.0
763,280,16.0,15.5,14.8,11.6,0.0,24.1,90.0
1663,280,15.99655172413793,15.5,14.8,11.9,0.0,29.0,90.0
2563,280,15.991803278688526,15.5,14.8,12.1,0.0,30.6,90.0
3463,280,15.936923076923076,15.5,14.8,12.3,0.0,32.2,89.0
4363,280,15.903389830508472,15.5,14.8,12.3,0.0,32.2,90.0
5263,280,15.9,15.5,14.8,12.3,0.0,29.0,92.0
6163,280,15.9,15.5,14.78235294117647,12.3,0.0,29.0,92.0
7063,280,15.9,15.5,14.77887323943662,12.3,0.0,17.7,93.0
7963,280,15.9,15.485714285714286,14.727142857142857,12.4,0.0,17.7,93.0
8863,280,15.9,15.5,14.7625,12.4,0.0,19.3,93.0
9763,280,15.9,15.492307692307694,14.753846153846156,12.5,0.0,16.1,93.0
10663,280,15.9,15.492424242424244,14.65,12.7,0.0,22.5,92.0
11563,280,15.9,15.476923076923075,14.564615384615385,12.6,0.0,22.5,92.0
12463,280,15.9,15.446153846153845,14.51846153846154,12.6,0.0,22.5,91.0
13363,280,15.9,15.434782608695652,14.504347826086956,12.6,0.0,24.1,90.0
14263,280,15.9,15.267605633802816,14.504225352112677,12.4,0.0,27.4,90.0
15163,280,15.9,15.181818181818182,14.5,12.2,0.0,22.5,90.0
16063,280,15.824137931034482,15.183823529411764,14.5,12.0,0.0,22.5,91.0
16963,280,15.8,15.125,14.5,11.9,0.0,24.1,91.0
17863,280,15.8,15.029850746268655,14.5,11.9,0.0,20.9,91.0
18763,280,15.8,15.007692307692306,14.5,11.7,0.0,19.3,93.0
19663,280,15.8,15.007246376811594,14.5,11.7,0.0,22.5,92.0
20563,280,15.8,15.0,14.5,11.7,0.0,20.9,91.0
21463,280,15.8,15.0,14.5,11.5,0.0,22.5,91.0
22363,280,15.8,15.0,14.5,11.6,0.0,24.1,91.0
23263,280,15.8,15.0,14.5,11.5,0.0,22.5,91.0
24163,280,15.8,15.246376811594205,14.63913043478261,11.4,0.0,22.5,91.0
25063,280,15.822727272727272,15.440298507462686,14.67910447761194,11.4,0.0,20.9,91.0
25963,280,15.948529411764708,15.5,14.787142857142856,11.2,0.0,20.9,91.0
26863,280,16.24920634920635,15.5,14.971428571428572,11.2,0.0,19.3,92.0
27763,280,16.211290322580645,15.5,14.843636363636364,11.1,0.0,20.9,92.0
28663,280,16.10327868852459,15.5,14.8,11.2,7.0,24.1,91.0
29563,280,16.017741935483873,15.5,14.8,11.3,23.0,22.5,91.0
30463,280,15.969354838709677,15.5,14.8,11.3,26.0,24.1,90.0
31363,280,15.9,15.5,14.8,11.5,120.0,24.1,90.0
32263,280,15.84848484848485,15.5,14.8,11.6,39.0,24.1,90.0
33163,280,15.8,15.5,14.794444444444446,11.6,53.0,25.7,90.0
34063,280,15.8,15.5,14.73617021276596,11.7,91.0,24.1,90.0
34963,280,15.725,15.453703703703704,14.577777777777778,11.8,44.0,25.7,90.0
35863,280,15.7,15.36111111111111,14.527777777777777,11.8,74.0,22.5,90.0
36763,280,15.7,15.377551020408164,14.518367346938774,11.8,77.0,20.9,91.0
37663,280,15.7,15.26530612244898,14.512244897959183,11.9,125.0,20.9,90.0
38563,280,15.7,15.07017543859649,14.5,12.3,165.0,22.5,89.0
39463,280,15.7,15.03658536585366,14.5,12.3,156.0,25.7,89.0
40363,280,15.673015873015874,15.0,14.5,12.3,130.0,24.1,89.0
41263,280,15.612307692307692,15.0,14.5,12.6,90.0,22.5,88.0
42163,280,15.626153846153846,15.0,14.5,12.4,76.0,22.5,89.0
43063,280,15.62121212121212,15.0,14.5,12.4,171.0,17.7,92.0
43963,280,15.6453125,15.0,14.5,12.4,155.0,17.7,91.0
44863,280,15.6984126984127,15.0,14.5,13.4,480.0,20.9,87.0
45763,280,15.7,15.0,14.5,13.8,555.0,20.9,86.0
46663,280,15.7,15.0,14.5,13.8,475.0,25.7,85.0
47563,280,15.7,15.0,14.5,14.5,353.0,20.9,84.0
48463,280,15.7,15.0,14.5,14.4,508.0,20.9,83.0
49363,280,15.7,15.0,14.5,15.0,548.0,22.5,81.0
50263,280,15.7,15.0,14.5,15.4,601.0,22.5,80.0
51163,280,15.7,15.0,14.5,15.4,512.0,20.9,78.0
52063,280,15.69516129032258,15.0,14.5,15.0,123.0,20.9,80.0
52963,280,15.696875,15.0,14.5,14.8,112.0,20.9,79.0
53863,280,15.698387096774193,15.0,14.5,14.7,81.0,22.5,78.0
54763,280,15.695384615384617,15.0,14.5,14.9,105.0,22.5,78.0
55663,280,15.669230769230769,15.0,14.5,14.9,294.0,20.9,79.0
56563,280,15.607575757575756,15.0,14.5,14.8,53.0,24.1,79.0
57463,280,15.6,15.0,14.5,14.8,62.0,22.5,77.0
58363,280,15.6,15.0,14.5,14.8,47.0,20.9,78.0
59263,280,15.6,15.0,14.5,14.7,39.0,20.9,78.0
60163,280,15.6,15.0,14.5,14.6,44.0,19.3,78.0
61063,280,15.6,15.0,14.5,14.4,40.0,17.7,80.0
61963,280,15.6,15.0,14.5,13.9,26.0,19.3,81.0
62863,280,15.522058823529411,15.0,14.5,13.8,42.0,17.7,81.0
63763,280,15.5,15.0,14.5,13.5,21.0,16.1,83.0
64663,280,15.5,15.0,14.5,13.3,11.0,12.9,82.0
65563,280,15.5,15.0,14.5,12.9,9.0,11.3,84.0
66463,280,15.5,15.0,14.5,12.6,5.0,16.1,85.0
67363,280,15.5,15.0,14.5,12.4,0.0,17.7,86.0
68263,280,15.5,15.0,14.5,12.3,0.0,19.3,86.0
69163,280,15.5,15.0,14.5,12.3,0.0,17.7,86.0
70063,280,15.5,15.0,14.5,12.3,0.0,16.1,87.0
70963,280,15.5,15.0,14.5,12.3,0.0,16.1,88.0
71863,280,15.5,15.0,14.5,12.3,0.0,14.5,88.0
72763,280,15.495384615384614,15.0,14.5,12.3,0.0,14.5,89.0
73663,280,15.438571428571429,15.0,14.5,12.1,0.0,14.5,89.0
74563,280,15.40153846153846,15.0,14.5,12.0,0.0,16.1,89.0
75463,280,15.4,15.0,14.5,12.0,0.0,16.1,89.0
76363,280,15.4,15.0,14.5,12.0,0.0,14.5,88.0
77263,280,15.4,15.0,14.5,12.0,0.0,12.9,88.0
78163,280,15.4,15.0,14.5,12.0,0.0,14.5,88.0
79063,280,15.4,15.0,14.5,11.8,0.0,14.5,89.0
79963,280,15.4,15.0,14.5,11.7,0.0,11.3,89.0
80863,280,15.4,15.0,14.5,11.4,0.0,14.5,90.0
81763,280,15.4,15.0,14.5,11.3,0.0,9.7,90.0
82663,280,15.4,15.0,14.5,11.2,0.0,12.9,90.0
83563,280,15.4,15.0,14.5,11.2,0.0,12.9,90.0
84463,280,15.4,15.0,14.5,11.1,0.0,14.5,91.0
85363,280,15.4,15.0,14.5,11.2,0.0,16.1,91.0
86263,280,15.4,15.0,14.5,11.1,0.0,17.7,91.0
763,281,15.4,15.0,14.5,11.1,0.0,16.1,92.0
1663,281,15.398550724637682,15.0,14.5,11.1,0.0,16.1,92.0
2563,281,15.326153846153847,15.0,14.5,11.1,0.0,16.1,92.0
3463,281,15.3,15.0,14.5,10.9,0.0,14.5,92.0
4363,281,15.3,15.0,14.5,10.8,0.0,14.5,92.0
5263,281,15.3,15.0,14.5,10.4,0.0,12.9,93.0
6163,281,15.3,15.0,14.5,10.4,0.0,16.1,93.0
7063,281,15.3,15.0,14.5,10.2,0.0,14.5,93.0
7963,281,15.3,15.0,14.5,10.1,0.0,16.1,94.0
8863,281,15.3,15.0,14.5,9.9,0.0,16.1,95.0
9763,281,15.3,15.0,14.5,10.1,0.0,17.7,95.0
10663,281,15.3,15.0,14.5,9.9,0.0,16.1,95.0
11563,281,15.3,15.0,14.5,9.9,0.0,12.9,94.0
12463,281,15.3,15.0,14.5,10.0,0.0,16.1,94.0
13363,281,15.3,15.0,14.5,10.0,0.0,16.9,93.0
14263,281,15.2984126984127,15.0,14.5,10.0,0.0,14.5,92.0
15163,281,15.216176470588234,15.0,14.5,10.2,0.0,16.1,91.0
16063,281,15.2,15.0,14.5,9.9,0.0,16.1,91.0
16963,281,15.2,15.0,14.5,9.8,0.0,14.5,91.0
17863,281,15.2,15.0,14.3,9.7,0.0,8.0,92.0
18763,281,15.2,,,9.7,0.0,9.7,92.0
19663,281,15.2,,,9.8,0.0,12.9,92.0
20563,281,15.2,15.0,14.3,9.9,0.0,11.3,92.0
21463,281,15.2,15.0,14.3,10.1,0.0,11.3,92.0
22363,281,15.2,,,10.2,0.0,9.7,91.0
23263,281,15.2,15.0,14.3,10.2,0.0,11.3,91.0
24163,281,15.2,15.0,14.3,10.3,0.0,11.3,91.0
25063,281,15.2,,,10.3,0.0,11.3,92.0
25963,281,15.2,15.0,14.3,10.3,0.0,11.3,92.0
26863,281,15.195384615384617,,,10.3,0.0,12.9,92.0
27763,281,15.194202898550724,15.0,14.3,10.3,9.0,14.5,92.0
28663,281,15.192537313432837,,,10.3,16.0,14.5,92.0
29563,281,15.2,,,10.3,18.0,11.3,92.0
30463,281,15.2,,,10.4,16.0,14.5,92.0
31363,281,15.2,,,10.4,22.0,16.1,92.0
32263,281,15.2,15.0,14.3,10.6,58.0,12.9,91.0
33163,281,15.2,,,10.7,88.0,11.3,90.0
34063,281,15.2,15.0,14.3,11.0,93.0,12.9,90.0
34963,281,15.2,,,11.1,100.0,14.5,89.0
35863,281,15.2,15.0,14.3,11.3,105.0,12.9,89.0
36763,281,15.2,,,11.4,120.0,11.3,88.0
37663,281,15.268253968253967,,,11.7,171.0,11.3,87.0
38563,281,15.3,15.0,14.3,11.9,180.0,9.7,86.0
39463,281,15.3,,,12.1,141.0,9.7,86.0
40363,281,15.3,15.0,14.3,13.3,392.0,9.7,83.0
41263,281,15.3,,,13.9,401.0,11.3,79.0
42163,281,15.3,15.0,14.3,13.9,424.0,12.9,79.0
43063,281,15.3,,,13.5,302.0,12.9,80.0
43963,281,15.3,,,14.4,452.0,11.3,78.0
44863,281,15.3,,,14.2,236.0,12.9,78.0
45763,281,15.3,15.0,14.3,14.0,234.0,9.7,78.0
46663,281,15.3,,,14.4,223.0,12.9,77.0
47563,281,15.3,,,14.3,309.0,9.7,77.0
48463,281,15.3,,,14.4,225.0,9.7,76.0
49363,281,15.3,15.0,14.3,13.9,137.0,11.3,78.0
50263,281,15.218309859154928,15.0,14.3,13.7,93.0,11.3,79.0
51163,281,15.2,,,13.4,83.0,12.9,79.0
52063,281,15.2,15.0,14.3,13.1,91.0,12.9,80.0
52963,281,15.221212121212124,15.0,14.308000000000002,13.1,97.0,11.3,81.0
53863,281,15.3,15.0,14.45925925925926,13.0,84.0,11.3,82.0
54763,281,15.3,15.0,14.314814814814817,13.1,83.0,8.0,82.0
55663,281,15.3,15.0,14.3,13.1,69.0,9.7,83.0
56563,281,15.3,15.0,14.3,13.0,60.0,11.3,84.0
57463,281,15.29402985074627,15.0,14.3,12.9,42.0,12.9,86.0
58363,281,15.244776119402983,15.0,14.3,12.9,46.0,9.7,86.0
59263,281,15.2,15.0,14.3,12.9,58.0,11.3,85.0
60163,281,15.191044776119403,15.0,14.3,12.9,63.0,9.7,86.0
61063,281,15.1,15.0,14.3,13.0,74.0,8.0,86.0
61963,281,15.1,15.0,14.3,13.0,62.0,8.0,86.0
62863,281,15.1015625,18.007246376811594,15.379710144927538,12.9,56.0,12.9,87.0
63763,281,15.228358208955225,34.07575757575758,26.60757575757576,12.8,33.0,12.9,88.0
64663,281,15.928358208955222,54.18571428571429,48.42714285714285,12.7,19.0,14.5,89.0
65563,281,17.029032258064515,55.43846153846154,51.70461538461539,12.6,11.0,12.9,89.0
66463,281,17.75857142857143,54.62962962962963,51.02777777777778,12.4,0.0,14.5,91.0
67363,281,18.32941176470588,55.969696969696976,52.23181818181818,12.3,3.0,11.3,91.0
68263,281,18.801408450704223,55.97692307692307,52.36769230769231,12.2,0.0,12.9,92.0
69163,281,19.195714285714285,55.70454545454545,52.3469696969697,12.0,0.0,12.9,92.0
70063,281,19.47826086956522,54.42424242424242,51.25909090909092,12.0,0.0,16.1,91.0
70963,281,19.7241935483871,55.04545454545455,52.22727272727273,11.9,0.0,17.7,92.0
71863,281,19.926315789473684,55.02985074626865,52.24626865671642,11.9,0.0,14.5,92.0
72763,281,20.555,54.138461538461534,50.51538461538461,11.8,0.0,17.7,92.0
73663,281,20.796875,37.5,34.22727272727273,11.8,0.0,17.7,92.0
74563,281,21.058461538461536,27.84,25.684,11.8,0.0,14.5,92.0
75463,281,20.56376811594203,23.316326530612244,21.92244897959184,11.7,0.0,16.1,93.0
76363,281,20.06716417910448,20.91509433962264,20.01509433962264,11.6,0.0,16.1,92.0
77263,281,19.6179104477612,19.483050847457623,18.871186440677967,11.6,0.0,17.7,92.0
78163,281,19.26779661016949,18.8968253968254,18.466666666666665,11.4,0.0,20.9,92.0
79063,281,18.9875,18.34090909090909,17.974242424242426,11.4,0.0,22.5,92.0
79963,281,18.746875,17.97761194029851,17.43582089552239,11.3,0.0,20.9,92.0
80863,281,18.51818181818182,17.5,17.17076923076923,11.3,0.0,22.5,91.0
81763,281,18.324615384615385,17.5,16.93623188405797,11.3,0.0,19.3,92.0
82663,281,18.145454545454548,17.227941176470587,16.8,11.4,0.0,19.3,92.0
83563,281,18.009090909090908,17.0,16.567164179104477,11.4,0.0,19.3,92.0
84463,281,17.888059701492537,17.0,16.5,11.4,0.0,16.1,92.0
85363,281,17.8,17.0,16.34179104477612,11.4,0.0,17.7,92.0
86263,281,17.73134328358209,17.0,16.3,11.2,0.0,16.1,92.0
763,282,17.7,17.0,16.3,11.3,0.0,16.1,92.0
1663,282,17.602985074626865,16.717391304347824,16.208695652173912,11.4,0.0,17.7,91.0
2563,282,17.6,16.5,16.0,11.6,0.0,20.9,90.0
3463,282,17.533333333333335,16.5,16.0,11.6,0.0,20.9,90.0
4363,282,17.5,16.5,16.0,11.7,0.0,22.5,90.0
5263,282,17.5,16.5,16.0,11.7,0.0,20.9,89.0
6163,282,17.41846153846154,16.5,16.0,11.7,0.0,17.7,89.0
7063,282,17.4,16.5,15.985915492957748,11.6,0.0,11.3,90.0
7963,282,17.4,16.5,15.873846153846154,11.6,0.0,14.5,90.0
8863,282,17.35223880597015,16.5,15.802857142857144,11.5,0.0,16.1,91.0
9763,282,17.3,16.5,15.8,11.5,0.0,12.9,91.0
10663,282,17.3,16.5,15.8,11.4,0.0,9.7,91.0
11563,282,17.3,16.5,15.8,11.5,0.0,14.5,91.0
12463,282,17.284848484848485,16.5,15.8,11.5,0.0,11.3,91.0
13363,282,17.2,16.5,15.8,11.6,0.0,14.5,90.0
14263,282,17.2,16.5,15.8,11.6,0.0,14.5,90.0
15163,282,17.2,16.5,15.8,11.5,0.0,14.5,90.0
16063,282,17.2,16.5,15.8,11.6,0.0,20.9,89.0
16963,282,17.2,16.5,15.8,11.7,0.0,19.3,88.0
17863,282,17.15147058823529,16.5,15.8,11.7,0.0,16.1,87.0
18763,282,17.1,16.5,15.8,11.7,0.0,10.5,88.0
19663,282,17.1,16.5,15.8,11.5,0.0,9.7,89.0
20563,282,17.1,16.5,15.791176470588235,11.4,0.0,8.0,90.0
21463,282,17.1,16.5,15.668181818181818,11.3,0.0,8.0,90.0
22363,282,17.1,16.5,15.7484375,11.3,0.0,11.3,90.0
23263,282,17.1125,16.5,15.795081967213116,11.4,0.0,19.3,90.0
24163,282,17.27936507936508,16.5,15.883582089552238,11.4,0.0,19.3,90.0
25063,282,17.84375,16.544776119402986,16.026865671641794,11.3,0.0,17.7,91.0
25963,282,18.39206349206349,16.910714285714285,16.25,11.2,0.0,17.7,91.0
26863,282,17.834328358208957,16.507692307692306,16.004615384615384,11.2,0.0,14.5,92.0
27763,282,17.655882352941177,16.5,16.0,11.2,0.0,16.1,92.0
28663,282,17.483823529411765,16.5,15.82089552238806,11.3,11.0,19.3,92.0
29563,282,17.334848484848486,16.5,15.8,11.3,14.0,19.3,91.0
30463,282,17.240000000000002,16.5,15.8,11.6,26.0,19.3,90.0
31363,282,17.192537313432837,16.5,15.8,11.7,28.0,20.9,90.0
32263,282,17.1,16.5,15.8,11.7,30.0,19.3,90.0
33163,282,17.1,16.5,15.8,11.7,26.0,19.3,91.0
34063,282,17.1,16.5,15.8,11.8,44.0,17.7,90.0
34963,282,17.1,16.5,15.8,11.8,43.0,17.7,91.0
35863,282,17.1,16.5,15.8,12.2,105.0,19.3,89.0
36763,282,17.097058823529412,16.5,15.8,12.5,148.0,16.1,87.0
37663,282,17.092537313432835,16.5,15.8,12.8,132.0,14.5,87.0
38563,282,17.1,16.5,15.8,12.6,181.0,14.5,87.0
39463,282,17.1,16.5,15.794827586206896,12.9,168.0,20.9,85.0
40363,282,17.1,16.5,15.8,12.9,155.0,20.9,86.0
41263,282,17.1,16.4921875,15.8,13.0,177.0,19.3,87.0
42163,282,17.043076923076924,16.47058823529412,15.694117647058825,13.1,180.0,17.7,85.0
43063,282,17.0,16.45,15.675714285714289,13.8,345.0,19.3,83.0
43963,282,17.0,16.424242424242426,15.613636363636363,13.5,260.0,19.3,83.0
44863,282,17.0,16.30597014925373,15.535820895522388,13.8,141.0,14.5,82.0
45763,282,17.0,16.21212121212121,15.513636363636362,13.4,75.0,12.9,84.0
46663,282,17.0,16.095238095238095,15.504761904761905,13.8,209.0,16.1,83.0
47563,282,17.0,16.1328125,15.5,14.3,237.0,19.3,79.0
48463,282,17.0,16.107692307692307,15.5,14.2,127.0,14.5,79.0
49363,282,17.0,16.056451612903224,15.50483870967742,13.8,125.0,17.7,81.0
50263,282,17.0,16.058823529411764,15.5,13.5,102.0,17.7,82.0
51163,282,17.0,16.023809523809526,15.5,13.6,171.0,16.1,83.0
52063,282,17.0,16.057971014492754,15.5,13.9,186.0,16.1,82.0
52963,282,17.0,16.05223880597015,15.5,13.9,177.0,17.7,82.0
53863,282,17.0,16.097014925373134,15.5,14.0,153.0,14.5,83.0
54763,282,17.0,16.0703125,15.5,14.3,213.0,12.9,81.0
55663,282,17.0,16.046875,15.5,14.6,236.0,17.7,78.0
56563,282,17.0,16.051470588235293,15.5,14.8,287.0,16.1,77.0
57463,282,16.97230769230769,16.015151515151516,15.5,14.7,142.0,16.1,77.0
58363,282,16.9,16.007692307692306,15.5,14.3,125.0,16.1,79.0
59263,282,16.9,16.0,15.5,14.3,142.0,12.9,80.0
60163,282,16.9,16.0,15.5,14.2,130.0,14.5,80.0
61063,282,16.9,16.0,15.5,14.3,65.0,12.9,80.0
61963,282,16.9,16.015384615384615,15.5,13.8,83.0,11.3,83.0
62863,282,16.9,16.007462686567163,15.5,13.7,51.0,12.9,83.0
63763,282,16.9,16.0,15.5,13.4,40.0,11.3,84.0
64663,282,16.9,16.0,15.5,12.9,19.0,14.5,85.0
65563,282,16.9,16.21818181818182,15.521818181818182,12.5,9.0,16.1,86.0
66463,282,16.9,16.42741935483871,15.698387096774193,12.3,0.0,16.1,87.0
67363,282,16.9,16.405797101449274,15.560869565217391,12.0,0.0,14.5,88.0
68263,282,16.9,16.330188679245282,15.511320754716982,11.9,0.0,14.5,88.0
69163,282,,16.025423728813557,15.5,11.9,0.0,11.3,88.0
70063,282,,16.0,15.5,11.8,0.0,12.9,89.0
70963,282,16.815,16.0,15.5,11.8,0.0,16.1,88.0
71863,282,16.8,16.0,15.5,11.7,0.0,14.5,89.0
72763,282,16.8,16.0,15.5,11.8,0.0,9.7,89.0
73663,282,16.81,16.007246376811594,15.5,11.9,0.0,11.3,89.0
74563,282,16.8,16.0,15.5,11.8,0.0,12.9,89.0
75463,282,16.8,16.0,15.5,11.8,0.0,12.9,90.0
76363,282,16.790769230769232,16.0,15.5,11.9,0.0,14.5,90.0
77263,282,16.7,16.0,15.5,11.9,0.0,16.1,90.0
78163,282,16.7,16.0,15.5,11.8,0.0,16.1,90.0
79063,282,16.7,16.0,15.5,11.7,0.0,17.7,91.0
79963,282,16.70175438596491,16.054545454545455,15.505454545454546,11.7,0.0,17.7,91.0
80863,282,16.642424242424244,16.5,15.789655172413791,11.8,0.0,19.3,90.0
81763,282,16.746969696969696,16.5,15.8,11.9,0.0,22.5,90.0
82663,282,16.83809523809524,16.5,15.8,12.4,0.0,27.4,88.0
83563,282,16.9,16.5,15.8,12.4,0.0,20.9,88.0
84463,282,16.9,16.5,15.8,12.4,0.0,17.7,88.0
85363,282,16.9,16.5,15.8,12.9,0.0,29.0,87.0
86263,282,16.9,16.492307692307694,15.8,13.0,0.0,27.4,87.0
763,283,16.9,16.47101449275362,15.791304347826088,13.1,0.0,24.1,88.0
1663,283,16.9,16.42028985507246,15.77826086956522,13.3,0.0,29.0,88.0
2563,283,16.9,16.32089552238806,15.719402985074629,13.2,0.0,24.1,89.0
3463,283,16.9,16.246268656716417,15.652238805970148,13.4,0.0,22.5,89.0
4363,283,16.857971014492755,16.107142857142858,15.581428571428573,13.3,0.0,22.5,91.0
5263,283,16.8,16.036231884057973,15.534782608695654,13.1,0.0,17.7,92.0
6163,283,16.8,16.037313432835823,15.5,12.9,0.0,22.5,93.0
7063,283,16.8,16.0,15.5,12.8,0.0,24.1,93.0
7963,283,16.8,16.00735294117647,15.5,12.3,0.0,14.5,94.0
8863,283,16.8,16.0,15.5,12.1,0.0,16.1,94.0
9763,283,16.8,16.0,15.5,12.0,0.0,24.1,93.0
10663,283,16.8,16.0,15.5,12.0,0.0,25.7,92.0
11563,283,16.8,16.0,15.5,11.8,0.0,24.1,90.0
12463,283,16.8,16.0,15.5,11.6,0.0,22.5,90.0
13363,283,16.73846153846154,16.0,15.5,11.4,0.0,17.7,90.0
14263,283,16.7,16.0,15.5,11.1,0.0,19.3,89.0
15163,283,16.7,16.0,15.5,11.0,0.0,20.9,88.0
16063,283,16.7,16.0,15.5,10.7,0.0,20.9,88.0
16963,283,16.7,16.0,15.5,10.6,0.0,22.5,87.0
17863,283,16.7,16.0,15.5,10.3,0.0,19.3,87.0
18763,283,16.608823529411765,16.0,15.5,10.1,0.0,17.7,87.0
19663,283,16.6,16.0,15.5,9.8,0.0,14.5,90.0
20563,283,16.6,16.0,15.5,10.1,0.0,22.5,90.0
21463,283,16.6,16.0,15.5,10.1,0.0,22.5,90.0
22363,283,16.6,16.0,15.5,10.0,0.0,14.5,90.0
23263,283,16.6,16.0,15.5,10.2,0.0,20.9,89.0
24163,283,16.6,16.0,15.5,10.3,0.0,24.1,88.0
25063,283,16.6,16.0,15.5,10.1,0.0,17.7,91.0
25963,283,16.61774193548387,16.044117647058822,15.539705882352942,9.9,0.0,17.7,93.0
26863,283,16.822388059701492,16.5,15.8,9.8,0.0,19.3,93.0
27763,283,16.876923076923077,16.5,15.7953125,9.9,0.0,20.9,91.0
28663,283,16.8,16.365671641791046,15.526865671641792,9.8,7.0,17.7,91.0
29563,283,16.73384615384615,16.00714285714286,15.5,9.7,7.0,16.1,92.0
30463,283,16.7,16.0,15.5,9.3,7.0,17.7,93.0
31363,283,16.666666666666664,16.0,15.5,9.1,26.0,17.7,92.0
32263,283,16.6,16.0,15.5,9.2,28.0,12.9,91.0
33163,283,16.6,16.0,15.5,9.2,30.0,11.3,90.0
34063,283,16.6,16.0,15.5,9.2,32.0,11.3,89.0
34963,283,16.6,16.0,15.485714285714286,9.2,45.0,11.3,89.0
35863,283,16.6,16.0,15.405555555555557,9.2,60.0,14.5,88.0
36763,283,16.6,16.0,15.331428571428573,9.2,91.0,16.1,87.0
37663,283,16.6,16.0,15.3,9.7,127.0,17.7,84.0
38563,283,16.6,16.0,15.3,9.8,105.0,16.1,84.0
39463,283,16.6,16.0,15.3,9.9,95.0,14.5,82.0
40363,283,16.6,16.0,15.3,10.1,105.0,12.9,83.0
41263,283,16.6,16.0,15.3,10.1,97.0,17.7,82.0
42163,283,16.6,16.0,15.3,10.3,204.0,16.1,83.0
43063,283,16.6,16.0,15.3,10.7,178.0,11.3,85.0
43963,283,16.6,16.0,15.3,10.8,218.0,11.3,85.0
44863,283,16.6,16.0,15.3,11.9,292.0,14.5,83.0
45763,283,16.6,16.0,15.3,11.6,239.0,17.7,83.0
46663,283,16.6,16.0,15.3,12.2,237.0,17.7,82.0
47563,283,16.6,16.0,15.3,12.1,218.0,14.5,83.0
48463,283,16.6,16.0,15.3,12.4,304.0,19.3,83.0
49363,283,16.6,16.0,15.3,12.4,288.0,20.9,84.0
50263,283,16.6,16.0,15.3,12.7,248.0,22.5,83.0
51163,283,16.6,16.0,15.3,12.4,211.0,20.9,84.0
52063,283,16.6,16.0,15.3,12.4,197.0,20.9,83.0
52963,283,16.520289855072463,16.0,15.3,12.4,195.0,22.5,83.0
53863,283,16.5,16.0,15.3,12.5,190.0,17.7,84.0
54763,283,16.5,16.0,15.3,12.3,79.0,20.9,85.0
55663,283,16.5,16.0,15.3,12.0,90.0,16.1,87.0
56563,283,16.5,16.0,15.3,12.1,96.0,14.5,87.0
57463,283,16.5,16.0,15.3,12.2,79.0,20.9,84.0
58363,283,16.5,16.0,15.3,12.2,94.0,22.5,83.0
59263,283,16.5,16.0,15.3,12.4,84.0,22.5,82.0
60163,283,16.44705882352941,16.0,15.3,12.2,76.0,24.1,80.0
61063,283,16.4,16.0,15.3,12.1,67.0,24.1,79.0
61963,283,16.401587301587302,18.796875,16.2546875,12.0,32.0,19.3,81.0
62863,283,16.580645161290324,38.15441176470589,30.98970588235294,11.8,30.0,16.1,81.0
63763,283,17.41875,54.31343283582089,49.97611940298508,11.6,14.0,20.9,81.0
64663,283,18.4484375,55.475409836065566,52.24754098360656,11.3,9.0,25.7,82.0
65563,283,19.32153846153846,56.1484375,52.546875,11.1,0.0,24.1,83.0
66463,283,20.00151515151515,56.4765625,52.7625,11.0,0.0,17.7,84.0
67363,283,20.546268656716418,56.60909090909091,52.8,10.9,0.0,14.5,85.0
68263,283,20.965671641791044,56.75,52.86363636363636,10.8,0.0,16.1,86.0
69163,283,21.4,52.138461538461534,50.878461538461536,10.7,0.0,20.9,86.0
70063,283,21.61272727272728,40.62962962962963,37.56111111111111,10.6,0.0,22.5,85.0
70963,283,21.582758620689653,46.40983606557377,42.98360655737705,10.6,0.0,24.1,84.0
71863,283,21.39464285714286,32.26515151515152,28.93333333333333,10.7,0.0,22.5,86.0
72763,283,20.675,25.11111111111111,23.35185185185185,10.8,0.0,27.4,86.0
73663,283,20.245454545454542,22.411764705882355,21.185294117647057,10.9,0.0,29.0,86.0
74563,283,19.960714285714285,20.442857142857143,19.628571428571423,11.1,0.0,25.7,86.0
75463,283,19.551063829787232,19.316901408450704,18.57887323943662,11.1,0.0,25.7,86.0
76363,283,19.309803921568623,18.74285714285714,17.994285714285716,11.2,0.0,25.7,86.0
77263,283,18.943939393939395,18.32307692307692,17.652307692307694,11.3,0.0,22.5,86.0
78163,283,18.626,18.0,17.332727272727272,11.4,0.0,24.1,86.0
79063,283,18.370967741935484,17.640350877192983,17.031578947368423,11.6,0.0,24.1,86.0
79963,283,18.18939393939394,17.5,16.875757575757575,11.6,0.0,27.4,85.0
80863,283,18.04117647058824,17.5,16.8,11.6,0.0,30.6,85.0
81763,283,17.89016393442623,17.5,16.56393442622951,11.6,0.0,32.2,84.0
82663,283,18.015942028985503,17.5,16.82857142857143,11.7,0.0,33.8,84.0
83563,283,18.68181818181818,17.565217391304348,17.143478260869564,11.7,0.0,35.4,84.0
84463,283,19.816666666666663,18.0,17.469565217391303,11.7,0.0,40.2,84.0
85363,283,19.16721311475409,17.808823529411764,17.238235294117647,11.7,0.0,41.8,85.0
86263,283,18.907246376811592,17.5,17.0,11.9,0.0,40.2,84.0
763,284,18.64264705882353,17.5,16.817910447761193,11.9,0.0,35.4,84.0
1663,284,18.43125,17.5,16.8,11.5,0.0,33.8,86.0
2563,284,18.28985507246377,17.464285714285715,16.67142857142857,11.3,0.0,33.8,88.0
3463,284,18.2,17.07246376811594,16.5,11.4,0.0,32.2,87.0
4363,284,18.167142857142856,17.0,16.5,11.6,0.0,32.2,86.0
5263,284,18.1,17.0,16.5,11.8,0.0,35.4,86.0
6163,284,18.069117647058825,17.0,16.5,11.8,0.0,37.0,87.0
7063,284,18.0,17.0,16.49411764705882,11.9,0.0,37.0,88.0
7963,284,18.0,17.0,16.3231884057971,11.9,0.0,40.2,88.0
8863,284,17.919402985074626,17.0,16.3,11.8,0.0,32.2,91.0
9763,284,17.9,17.0,16.3,11.7,0.0,32.2,92.0
10663,284,17.9,17.0,16.3,11.9,0.0,37.0,91.0
11563,284,17.815151515151516,17.0,16.3,12.1,0.0,35.4,91.0
12463,284,17.8,17.0,16.3,12.2,0.0,35.4,91.0
13363,284,17.8,17.0,16.3,12.2,0.0,29.0,91.0
14263,284,17.798529411764708,17.0,16.1921875,12.1,0.0,27.4,92.0
15163,284,17.71159420289855,17.0,16.004285714285714,12.1,0.0,29.0,92.0
16063,284,17.7,17.0,16.0,12.1,0.0,24.1,92.0
16963,284,17.7,16.934782608695652,16.0,12.1,0.0,27.4,91.0
17863,284,17.7,16.702898550724637,16.0,12.1,0.0,33.8,92.0
18763,284,17.61449275362319,16.55223880597015,16.0,12.1,0.0,29.0,91.0
19663,284,17.6,16.5,16.0,12.0,0.0,27.4,92.0
20563,284,17.6,16.5,16.0,12.0,0.0,29.0,91.0
21463,284,17.6,16.5,16.0,11.9,0.0,27.4,92.0
22363,284,17.570967741935483,16.5,16.0,12.1,0.0,29.0,92.0
23263,284,17.5,16.5,16.0,12.1,0.0,30.6,92.0
24163,284,17.5,16.5,16.0,12.2,0.0,35.4,92.0
25063,284,18.00793650793651,16.786764705882355,16.13235294117647,12.2,0.0,25.7,92.0
25963,284,19.284615384615385,17.1,16.641538461538463,12.3,0.0,27.4,92.0
26863,284,18.686567164179102,17.146153846153844,16.583076923076923,12.4,0.0,27.4,93.0
27763,284,18.411290322580648,17.0,16.423076923076923,12.5,0.0,25.7,92.0
28663,284,18.190625,17.0,16.3,12.6,7.0,30.6,92.0
29563,284,17.969565217391303,17.0,16.3,12.7,12.0,29.0,92.0
30463,284,17.81449275362319,17.0,16.3,12.8,28.0,27.4,91.0
31363,284,17.704545454545453,17.0,16.3,12.8,29.0,24.1,92.0
32263,284,17.638805970149257,17.0,16.3,12.8,51.0,24.1,92.0
33163,284,17.6,16.984848484848484,16.227272727272727,12.8,54.0,24.1,92.0
34063,284,17.6,16.73134328358209,16.013432835820897,12.8,72.0,20.9,93.0
34963,284,17.6,16.546153846153846,16.0,12.8,84.0,20.9,93.0
35863,284,17.6,16.50793650793651,16.0,12.9,97.0,25.7,92.0
36763,284,17.6,16.5,16.0,13.1,123.0,24.1,91.0
37663,284,17.6,16.5,16.0,13.2,83.0,25.7,90.0
38563,284,17.581690140845073,16.5,16.0,13.1,114.0,24.1,91.0
39463,284,17.5,16.5,16.0,13.3,93.0,22.5,90.0
40363,284,17.5,16.5,16.0,13.1,109.0,24.1,92.0
41263,284,17.5,16.5,16.0,13.0,95.0,19.3,92.0
42163,284,17.5,16.5,16.0,12.8,90.0,22.5,93.0
43063,284,17.5,16.5,16.0,12.9,114.0,19.3,93.0
43963,284,17.5,16.5,16.0,12.9,135.0,17.7,93.0
44863,284,17.5,16.5,16.0,12.9,46.0,12.9,93.0
45763,284,17.44923076923077,16.5,16.0,11.9,33.0,17.7,95.0
46663,284,17.4,16.5,16.0,10.9,207.0,16.1,95.0
47563,284,17.4,16.5,15.996923076923077,10.9,93.0,17.7,95.0
48463,284,17.4,16.5,16.0,10.9,134.0,16.1,95.0
49363,284,17.4,16.5,16.0,11.1,109.0,17.7,94.0
50263,284,17.4,16.5,15.993846153846151,11.3,97.0,16.1,92.0
51163,284,17.4,16.5,15.985074626865671,11.3,69.0,14.5,91.0
52063,284,17.4,16.5,15.926470588235292,11.6,118.0,16.1,93.0
52963,284,17.4,16.5,15.863768115942028,11.9,113.0,14.5,93.0
53863,284,17.4,16.5,15.824615384615385,12.0,60.0,12.9,90.0
54763,284,17.378260869565217,16.5,15.806153846153848,11.9,153.0,14.5,90.0
55663,284,17.388235294117646,16.5,15.80923076923077,12.5,74.0,17.7,86.0
56563,284,17.312121212121212,16.5,15.80597014925373,12.6,92.0,17.7,86.0
57463,284,17.3,16.5,15.8,12.4,33.0,14.5,83.0
58363,284,17.3,16.5,15.802941176470588,12.0,60.0,12.9,85.0
59263,284,17.3,16.5,15.8,12.4,63.0,9.7,85.0
60163,284,17.3,16.715384615384615,15.80923076923077,12.3,54.0,6.4,84.0
61063,284,17.331746031746032,35.08955223880597,27.57761194029851,12.2,49.0,9.7,85.0
61963,284,17.951612903225808,54.18627450980392,49.27647058823529,11.9,53.0,9.7,85.0
62863,284,18.806349206349207,55.91379310344828,52.70344827586207,11.9,44.0,14.5,85.0
63763,284,19.53880597014925,56.47014925373135,52.77313432835821,11.7,14.0,11.3,86.0
64663,284,20.13846153846153,55.60769230769231,51.870769230769234,11.1,9.0,11.3,88.0
65563,284,20.605454545454545,56.52678571428571,52.86071428571429,10.9,0.0,12.9,89.0
66463,284,21.128571428571423,55.5,51.483018867924535,11.1,1.0,16.1,89.0
67363,284,21.465151515151515,53.98214285714285,50.760714285714286,8.6,0.0,16.1,93.0
68263,284,21.53880597014925,43.34883720930232,40.46046511627907,8.6,0.0,11.3,94.0
69163,284,21.41754385964912,45.17021276595744,41.41702127659575,8.6,0.0,16.1,93.0
70063,284,21.48548387096774,44.0,41.07142857142857,9.0,0.0,17.7,93.0
70963,284,21.40819672131148,30.0,27.3,9.3,0.0,19.3,93.0
71863,284,,,,9.4,0.0,20.9,93.0
72763,284,,,,9.3,0.0,19.3,94.0
73663,284,,,,9.2,0.0,19.3,94.0
74563,284,,,,9.4,0.0,20.9,94.0
75463,284,,,,9.5,0.0,24.1,94.0
76363,284,,,,9.3,0.0,20.9,94.0
77263,284,,,,9.1,0.0,22.5,94.0
78163,284,20.464,20.75862068965517,19.94482758620689,8.5,0.0,22.5,90.0
79063,284,20.29705882352941,20.037313432835823,19.398507462686567,8.1,0.0,22.5,88.0
79963,284,20.09841269841269,19.352941176470587,18.82647058823529,8.0,0.0,20.9,88.0
80863,284,19.94909090909091,18.99090909090909,18.42,7.9,0.0,17.7,89.0
81763,284,19.73692307692308,18.50735294117647,18.11911764705882,7.8,0.0,20.9,90.0
82663,284,19.594117647058823,18.5,18.17142857142857,7.7,0.0,20.9,90.0
83563,284,19.452238805970147,18.49242424242424,17.89090909090909,7.6,0.0,19.3,89.0
84463,284,19.29402985074627,18.044776119402982,17.65223880597015,7.7,0.0,20.9,89.0
85363,284,19.15820895522388,18.0,17.49705882352941,7.9,0.0,25.7,88.0
86263,284,19.029310344827586,18.0,17.31904761904762,7.8,0.0,22.5,90.0
763,285,18.923880597014925,18.0,17.3,7.8,0.0,20.9,89.0
1663,285,18.83484848484849,17.65671641791045,17.035820895522388,7.9,0.0,22.5,88.0
2563,285,18.73333333333333,17.5,17.0,7.8,0.0,22.5,88.0
3463,285,18.652941176470588,17.5,17.0,7.8,0.0,22.5,88.0
4363,285,18.6,17.5,16.850746268656714,7.6,0.0,20.9,88.0
5263,285,18.514705882352946,17.5,16.8,7.7,0.0,22.5,88.0
6163,285,18.47536231884058,17.5,16.8,7.6,0.0,19.3,89.0
7063,285,18.4,17.5,16.8,7.8,0.0,22.5,89.0
7963,285,18.370149253731345,17.5,16.64782608695652,7.7,0.0,20.9,90.0
8863,285,18.3,17.477272727272727,16.5,7.8,0.0,20.9,90.0
9763,285,18.24347826086957,17.1231884057971,16.5,7.7,0.0,17.7,90.0
10663,285,18.2,17.0,16.5,7.8,0.0,20.9,91.0
11563,285,18.15866666666667,17.0,16.5,8.0,0.0,22.5,90.0
12463,285,18.1,17.0,16.5,8.1,0.0,22.5,90.0
13363,285,18.07826086956522,17.0,16.428358208955224,8.1,0.0,22.5,90.0
14263,285,18.0,17.0,16.30625,8.0,0.0,19.3,91.0
15163,285,18.0,17.0,16.3,8.1,0.0,17.7,91.0
16063,285,17.908823529411766,17.0,16.3,8.2,0.0,19.3,91.0
16963,285,17.9,17.0,16.3,8.2,0.0,17.7,91.0
17863,285,17.855882352941176,17.0,16.3,8.2,0.0,20.9,91.0
18763,285,17.8,17.0,16.3,8.3,0.0,20.9,91.0
19663,285,17.8,17.0,16.3,8.3,0.0,19.3,92.0
20563,285,17.752173913043478,17.0,16.29047619047619,8.3,0.0,19.3,91.0
21463,285,17.7,17.0,16.217391304347824,8.4,0.0,20.9,90.0
22363,285,17.7,17.0,16.008823529411764,8.4,0.0,22.5,91.0
23263,285,17.62089552238806,16.992307692307694,16.0,8.6,0.0,22.5,88.0
24163,285,17.6,16.78787878787879,16.0,8.8,0.0,22.5,85.0
25063,285,17.6,16.5,16.0,8.7,0.0,20.9,84.0
25963,285,17.593939393939394,16.74590163934426,16.108196721311476,8.8,0.0,24.1,84.0
26863,285,17.7390625,17.0,16.3,8.6,0.0,22.5,87.0
27763,285,17.8,17.0,16.3,8.6,0.0,19.3,88.0
28663,285,17.73,17.0,16.11,8.7,12.0,20.9,88.0
29563,285,17.7,17.0,16.0,8.8,18.0,17.7,89.0
30463,285,17.7,16.973214285714285,16.0,8.8,25.0,19.3,90.0
31363,285,17.64848484848485,16.833333333333336,16.0,8.9,28.0,22.5,90.0
32263,285,17.6,16.5625,16.0,9.0,46.0,20.9,90.0
33163,285,17.6,16.5,16.0,9.1,51.0,19.3,90.0
34063,285,17.6,16.5,16.0,9.2,70.0,20.9,90.0
34963,285,17.6,16.5,16.0,9.3,73.0,20.9,89.0
35863,285,17.6,16.5,16.0,9.6,58.0,25.7,89.0
36763,285,17.6,16.5,16.0,9.6,46.0,22.5,88.0
37663,285,17.533333333333335,16.5,16.0,9.9,79.0,24.1,87.0
38563,285,17.5,16.5,16.0,10.2,102.0,27.4,87.0
39463,285,17.5,16.5,16.0,11.4,575.0,27.4,85.0
40363,285,17.5,16.5,16.0,11.0,209.0,25.7,85.0
41263,285,17.5,16.5,16.0,10.6,107.0,20.9,90.0
42163,285,17.5,16.5,16.0,10.2,192.0,20.9,90.0
43063,285,17.5,16.5,16.0,10.9,207.0,25.7,85.0
43963,285,17.5,16.5,16.0,11.3,188.0,24.1,84.0
44863,285,17.495714285714286,16.5,16.0,11.7,241.0,24.1,82.0
45763,285,17.44927536231884,16.5,16.0,11.9,343.0,30.6,81.0
46663,285,17.4,16.5,15.985964912280702,11.9,153.0,29.0,80.0
47563,285,17.4,16.5,15.865454545454543,12.5,566.0,29.0,79.0
48463,285,17.4,16.5,15.813793103448276,12.6,424.0,30.6,75.0
49363,285,17.4,16.5,15.8,12.9,491.0,24.1,76.0
50263,285,17.4,16.5,15.8,12.0,223.0,29.0,76.0
51163,285,17.398507462686567,16.5,15.8,11.9,172.0,27.4,77.0
52063,285,17.319117647058825,16.5,15.8,11.8,132.0,24.1,78.0
52963,285,17.3,16.5,15.8,11.9,146.0,20.9,80.0
53863,285,17.3,16.5,15.8,11.9,141.0,19.3,79.0
54763,285,17.3,16.5,15.8,12.2,211.0,16.1,79.0
55663,285,17.3,16.5,15.8,12.2,49.0,17.7,77.0
56563,285,17.3,16.5,15.8,11.8,61.0,19.3,78.0
57463,285,17.279710144927538,16.5,15.8,12.5,142.0,24.1,75.0
58363,285,17.201492537313435,16.5,15.8,12.9,218.0,19.3,75.0
59263,285,17.269230769230766,16.5,15.824561403508772,12.7,132.0,19.3,75.0
60163,285,17.5609375,16.5,16.0,12.5,91.0,16.1,76.0
61063,285,17.480597014925372,16.5,15.928125,11.9,44.0,14.5,79.0
61963,285,17.395454545454548,16.5,15.8,11.7,51.0,16.1,80.0
62863,285,17.3,16.5,15.8,11.7,35.0,16.1,80.0
63763,285,17.2359375,16.5,15.8,11.5,27.0,14.5,81.0
64663,285,17.2,16.5,15.8,11.2,11.0,17.7,81.0
65563,285,17.12727272727273,16.5,15.8,11.3,0.0,17.7,80.0
66463,285,17.1,16.5,15.8,11.1,0.0,16.1,80.0
67363,285,17.058208955223883,16.5,15.8,10.9,0.0,16.1,80.0
68263,285,17.0,16.5,15.8,10.8,0.0,16.1,82.0
69163,285,17.075362318840583,33.61538461538461,26.49384615384616,10.9,0.0,19.3,82.0
70063,285,18.0421875,52.61029411764706,47.89558823529411,11.0,0.0,22.5,82.0
70963,285,19.26865671641791,54.1875,49.613888888888894,11.2,0.0,29.0,83.0
71863,285,20.18769230769231,56.25384615384616,52.61538461538462,11.6,0.0,38.6,84.0
72763,285,20.62794117647059,52.2,49.621538461538464,11.7,0.0,33.8,85.0
73663,285,20.63432835820896,35.214285714285715,31.81111111111111,11.8,0.0,32.2,85.0
74563,285,20.444776119402984,26.587301587301585,23.987301587301587,12.2,0.0,35.4,85.0
75463,285,20.147058823529413,22.67796610169492,20.89322033898305,12.2,0.0,41.8,87.0
76363,285,19.836666666666662,20.59322033898305,19.39322033898305,11.9,0.0,40.2,90.0
77263,285,19.5234375,19.34558823529412,18.488235294117647,12.1,0.0,43.5,90.0
78163,285,19.24838709677419,18.62903225806452,17.903225806451612,12.4,0.0,38.6,89.0
79063,285,19.014285714285712,18.1328125,17.5078125,12.4,0.0,38.6,90.0
79963,285,18.85373134328358,18.0,17.633333333333333,12.7,0.0,37.0,91.0
80863,285,18.688524590163933,17.8984375,17.503125,12.7,0.0,37.0,92.0
81763,285,18.549056603773582,17.5,17.088235294117645,13.0,0.0,40.2,92.0
82663,285,18.42881355932204,17.5,16.817391304347826,13.2,0.0,38.6,91.0
83563,285,18.30483870967742,17.16923076923077,16.666153846153847,13.2,0.0,38.6,92.0
84463,285,18.18703703703704,17.0,16.5,13.4,0.0,40.2,92.0
85363,285,18.09183673469388,17.0,16.497142857142855,13.3,0.0,33.8,94.0
86263,285,18.0,17.0,16.31449275362319,13.4,0.0,32.2,94.0
763,286,17.935185185185183,17.0,16.3,13.6,0.0,32.2,93.0
1663,286,17.89677419354839,17.0,16.3,13.6,0.0,30.6,93.0
2563,286,17.8,17.0,16.3,13.7,0.0,30.6,92.0
3463,286,17.8,17.0,16.204347826086956,14.1,0.0,38.6,92.0
4363,286,17.791935483870965,17.0,16.0,13.9,0.0,30.6,92.0
5263,286,17.7,16.823529411764707,16.0,14.1,0.0,30.6,92.0
6163,286,17.7,16.522058823529413,16.0,14.1,0.0,32.2,93.0
7063,286,17.7,16.5,16.0,14.3,0.0,33.8,92.0
7963,286,17.67017543859649,16.5,16.0,14.4,0.0,32.2,93.0
8863,286,17.6,16.5,16.0,14.7,0.0,33.8,92.0
9763,286,17.6,16.5,16.0,14.9,0.0,33.8,92.0
10663,286,17.6,16.5,16.0,15.1,0.0,27.4,92.0
11563,286,17.6,16.5,16.0,15.1,0.0,27.4,92.0
12463,286,17.6,16.5,15.987878787878788,15.1,0.0,25.7,93.0
13363,286,17.510416666666664,16.5,15.902941176470588,15.1,0.0,25.7,93.0
14263,286,17.5,16.5,15.817910447761191,14.9,0.0,29.0,95.0
15163,286,17.5,16.5,15.8,14.9,0.0,32.2,95.0
16063,286,17.5,16.5,15.8,15.0,0.0,32.2,94.0
16963,286,17.5,16.5,15.8,15.1,0.0,33.8,93.0
17863,286,17.5,16.5,15.8,15.2,0.0,32.2,92.0
18763,286,17.473684210526315,16.5,15.8,15.2,0.0,32.2,92.0
19663,286,17.4,16.5,15.8,15.4,0.0,33.8,91.0
20563,286,17.4,16.5,15.8,15.5,0.0,32.2,91.0
21463,286,17.4,16.5,15.8,15.5,0.0,38.6,92.0
22363,286,17.4,16.5,15.8,15.5,0.0,33.8,92.0
23263,286,17.4,16.5,15.8,15.6,0.0,33.8,92.0
24163,286,17.4,16.5,15.851612903225808,15.7,0.0,35.4,91.0
25063,286,18.65820895522388,16.73134328358209,16.16865671641791,15.7,0.0,32.2,91.0
25963,286,18.52878787878788,17.0,16.5,15.6,0.0,29.0,92.0
26863,286,18.28208955223881,17.0,16.475757575757576,15.4,0.0,30.6,94.0
27763,286,18.07538461538461,17.0,16.3,15.3,0.0,22.5,94.0
28663,286,17.90615384615385,17.0,16.3,15.7,9.0,32.2,93.0
29563,286,17.771212121212123,17.0,16.3,15.8,16.0,30.6,93.0
30463,286,17.7,17.0,16.290625,15.9,19.0,30.6,92.0
31363,286,17.662857142857142,17.0,16.3,16.0,22.0,29.0,92.0
32263,286,17.6,17.0,16.3,16.0,28.0,29.0,92.0
33163,286,17.6,17.0,16.3,16.0,33.0,27.4,92.0
34063,286,17.6,16.985294117647058,16.3,16.2,46.0,27.4,91.0
34963,286,17.6,16.992424242424242,16.3,16.2,49.0,29.0,91.0
35863,286,17.6,16.985294117647058,16.3,16.2,69.0,27.4,92.0
36763,286,17.6,16.9921875,16.2203125,16.4,65.0,30.6,92.0
37663,286,17.6,16.95714285714286,16.154285714285713,16.7,93.0,30.6,91.0
38563,286,17.6,16.985507246376812,16.195652173913043,16.9,112.0,29.0,90.0
39463,286,17.6,16.991666666666667,16.225,17.1,121.0,25.7,90.0
40363,286,17.6,17.0,16.286764705882355,17.3,107.0,29.0,89.0
41263,286,17.67727272727273,17.0,16.3,17.4,86.0,27.4,88.0
42163,286,17.7,17.0,16.3,17.3,118.0,25.7,88.0
43063,286,17.7,17.0,16.3,17.8,197.0,25.7,87.0
43963,286,17.7,17.0,16.3,17.9,239.0,25.7,87.0
44863,286,17.7,17.0,16.3,17.5,155.0,27.4,89.0
45763,286,17.7,17.0,16.3,17.5,176.0,30.6,88.0
46663,286,17.7,17.0,16.3,17.8,220.0,29.0,88.0
47563,286,17.7,17.0,16.3,17.8,236.0,27.4,89.0
48463,286,17.7,17.0,16.3,17.7,178.0,27.4,89.0
49363,286,17.65142857142857,17.0,16.295652173913044,17.8,193.0,32.2,88.0
50263,286,17.6,17.0,16.3,14.4,58.0,17.7,91.0
51163,286,17.6,17.0,16.3,13.6,51.0,17.7,95.0
52063,286,17.6,17.0,16.3,13.4,65.0,19.3,96.0
52963,286,17.6,17.0,16.2955223880597,13.2,74.0,22.5,95.0
53863,286,17.6,17.0,16.227272727272727,12.3,67.0,27.4,93.0
54763,286,17.556923076923077,17.0,16.161194029850744,12.0,116.0,27.4,93.0
55663,286,17.5,17.0,16.2765625,12.2,103.0,20.9,93.0
56563,286,17.5,17.0,16.201639344262297,12.4,100.0,24.1,91.0
57463,286,17.5,17.0,16.133846153846154,12.7,94.0,22.5,87.0
58363,286,17.5,17.0,16.069565217391304,12.8,90.0,22.5,88.0
59263,286,17.5,17.0,16.02238805970149,12.9,85.0,22.5,88.0
60163,286,17.5,17.0,16.00923076923077,13.2,80.0,19.3,86.0
61063,286,17.5,17.0,16.030882352941177,13.3,77.0,22.5,84.0
61963,286,17.44927536231884,17.0,16.013235294117646,13.3,46.0,17.7,85.0
62863,286,17.4,17.0,16.06818181818182,13.1,23.0,14.5,86.0
63763,286,17.456060606060607,17.0,16.366666666666667,12.9,18.0,17.7,85.0
64663,286,17.5,17.0,16.355072463768117,13.1,9.0,24.1,84.0
65563,286,17.495652173913044,17.0,16.3,13.2,5.0,22.5,84.0
66463,286,17.408955223880596,17.0,16.3,13.1,0.0,17.7,85.0
67363,286,17.4,17.0,16.3,13.2,0.0,20.9,85.0
68263,286,17.455102040816325,17.0,16.3,13.2,0.0,19.3,85.0
69163,286,17.5,17.0,16.3,13.3,0.0,20.9,86.0
70063,286,17.5,17.0,16.172727272727272,13.2,0.0,17.7,86.0
70963,286,17.490243902439026,17.0,16.0,13.2,0.0,19.3,85.0
71863,286,17.4,16.988095238095237,16.0,13.1,0.0,20.9,85.0
72763,286,17.4,16.942307692307693,16.0,13.0,0.0,20.9,85.0
73663,286,17.4,16.697674418604652,16.0,12.8,0.0,22.5,86.0
74563,286,17.4,16.58888888888889,16.0,12.7,0.0,20.9,87.0
75463,286,17.4,16.948529411764707,16.004411764705882,12.5,0.0,20.9,88.0
76363,286,17.483076923076922,17.0,16.244285714285716,12.4,0.0,20.9,88.0
77263,286,17.50151515151515,17.0,16.3,12.4,0.0,24.1,88.0
78163,286,17.5,17.0,16.3,12.5,0.0,22.5,88.0
79063,286,17.5,17.0,16.3,12.6,0.0,20.9,89.0
79963,286,17.5,17.0,16.294999999999998,12.6,0.0,20.9,89.0
80863,286,17.509999999999998,17.0,16.3,12.6,0.0,19.3,89.0
81763,286,17.5,17.0,16.3,12.6,0.0,20.9,89.0
82663,286,18.1890625,17.0,16.36268656716418,12.4,0.0,22.5,90.0
83563,286,20.392307692307693,17.434782608695652,16.834782608695654,12.4,0.0,20.9,90.0
84463,286,19.65942028985507,17.5,16.74705882352941,12.4,0.0,19.3,90.0
85363,286,19.161538461538463,17.18939393939394,16.5,12.5,0.0,19.3,91.0
86263,286,18.754838709677426,17.0,16.5,12.5,0.0,17.7,91.0
763,287,18.45441176470588,17.0,16.482089552238808,12.6,0.0,17.7,89.0
1663,287,18.2265625,17.0,16.322535211267606,12.7,0.0,19.3,89.0
2563,287,18.019402985074628,17.0,16.3,12.6,0.0,20.9,89.0
3463,287,17.803076923076922,17.0,16.3,12.6,0.0,20.9,89.0
4363,287,17.581159420289858,17.0,16.3,12.6,0.0,19.3,89.0
5263,287,17.458571428571428,17.0,16.3,12.4,0.0,20.9,89.0
6163,287,17.263076923076923,17.0,16.3,12.5,0.0,20.9,89.0
7063,287,17.2,17.0,16.3,12.4,0.0,20.9,89.0
7963,287,17.2,17.0,16.3,12.4,0.0,20.9,88.0
8863,287,17.2,17.0,16.3,12.3,0.0,22.5,88.0
9763,287,17.290625,17.0,16.3,12.2,0.0,20.9,87.0
10663,287,17.3,17.0,16.3,12.0,0.0,17.7,88.0
11563,287,17.3,17.0,16.3,11.9,0.0,17.7,88.0
12463,287,17.3,17.0,16.3,11.7,0.0,14.5,89.0
13363,287,17.301470588235293,17.0,16.3,11.8,0.0,16.1,89.0
14263,287,17.31111111111111,17.0,16.3,11.8,0.0,16.1,89.0
15163,287,17.301470588235293,17.0,16.295454545454547,11.7,0.0,14.5,89.0
16063,287,17.3,17.0,16.247826086956522,11.9,0.0,22.5,87.0
16963,287,17.3,16.983870967741936,16.174193548387098,11.9,0.0,22.5,87.0
17863,287,17.3,16.985294117647058,16.070588235294117,11.8,0.0,20.9,87.0
18763,287,17.3,16.944444444444446,16.02857142857143,11.7,0.0,14.5,88.0
19663,287,17.3,16.91044776119403,16.02238805970149,11.7,0.0,16.1,89.0
20563,287,17.3,16.860294117647058,16.0,11.7,0.0,14.5,89.0
21463,287,17.3,16.64179104477612,16.0,11.6,0.0,11.3,90.0
22363,287,17.3,16.535211267605636,16.0,11.6,0.0,8.0,91.0
23263,287,17.3,16.514492753623188,16.0,11.8,0.0,17.7,90.0
24163,287,17.3,16.507692307692306,16.0,12.0,0.0,19.3,89.0
25063,287,17.3,16.5,16.0,12.1,0.0,19.3,89.0
25963,287,17.298412698412697,16.6796875,16.046875,11.9,0.0,19.3,88.0
26863,287,17.3,16.977941176470587,16.088235294117645,11.9,0.0,17.7,88.0
27763,287,17.3,16.905797101449274,16.004347826086956,11.9,0.0,17.7,87.0
28663,287,17.437878787878788,16.96923076923077,16.235384615384614,11.8,7.0,16.1,87.0
29563,287,17.601785714285715,17.0,16.3,11.8,21.0,19.3,87.0
30463,287,17.562686567164178,17.0,16.3,11.8,25.0,17.7,87.0
31363,287,17.576119402985075,17.0,16.303278688524593,11.9,49.0,19.3,88.0
32263,287,17.56417910447761,17.0,16.3,12.2,33.0,20.9,86.0
33163,287,17.5,17.0,16.3,12.2,53.0,19.3,86.0
34063,287,17.5,17.0,16.3,12.3,86.0,17.7,86.0
34963,287,17.5,17.0,16.3,12.4,70.0,16.1,86.0
35863,287,17.5,17.0,16.3,12.9,141.0,19.3,85.0
36763,287,17.444776119402984,17.0,16.29558823529412,13.1,146.0,20.9,84.0
37663,287,17.4,16.943661971830984,16.13943661971831,13.3,155.0,17.7,83.0
38563,287,17.4,16.661764705882355,16.0,13.4,176.0,19.3,82.0
39463,287,17.357575757575756,16.508196721311474,16.0,13.8,151.0,17.7,79.0
40363,287,17.3,16.5,16.0,13.9,130.0,20.9,79.0
41263,287,17.3,16.5,16.0,13.6,93.0,17.7,81.0
42163,287,17.3,16.723076923076924,16.036923076923078,13.4,121.0,16.1,82.0
43063,287,17.3,16.661538461538463,16.013846153846153,13.6,114.0,12.9,83.0
43963,287,17.3,16.509090909090908,16.0,13.6,174.0,14.5,82.0
44863,287,17.3,16.5,16.0,13.6,86.0,17.7,78.0
45763,287,17.3,16.5,16.0,13.6,99.0,19.3,78.0
46663,287,17.3,16.5,16.0,13.7,81.0,17.7,78.0
47563,287,17.3,16.5,16.0,13.5,88.0,19.3,76.0
48463,287,17.3,16.5,16.0,13.3,135.0,19.3,72.0
49363,287,17.3,16.5,16.0,13.5,104.0,16.1,69.0
50263,287,17.3,16.5,16.0,13.4,167.0,19.3,73.0
51163,287,17.3,16.5,16.0,13.6,95.0,17.7,75.0
52063,287,17.284745762711864,16.5,16.0,12.9,63.0,16.1,79.0
52963,287,17.2,16.5,16.0,12.5,109.0,14.5,84.0
53863,287,17.2,16.5,16.0,12.3,58.0,14.5,83.0
54763,287,17.2,16.5,16.0,12.2,42.0,12.9,82.0
55663,287,17.2,16.5,16.0,12.1,50.0,12.9,81.0
56563,287,17.2,16.5,16.0,12.1,37.0,12.9,81.0
57463,287,17.184848484848484,16.5,16.0,12.1,69.0,11.3,81.0
58363,287,17.1,16.5,16.0,12.1,65.0,11.3,81.0
59263,287,17.17794117647059,16.5,16.0,12.2,35.0,12.9,82.0
60163,287,17.1,16.5,16.0,12.1,35.0,9.7,82.0
61063,287,17.073134328358208,16.5,16.0,12.0,25.0,11.3,83.0
61963,287,17.0,16.5,15.876470588235293,11.9,21.0,11.3,85.0
62863,287,16.995588235294118,16.5,15.8,11.7,26.0,8.0,86.0
63763,287,16.9,16.5,15.8,11.4,21.0,6.4,88.0
64663,287,16.9,16.5,15.8,11.3,5.0,1.6,89.0
65563,287,16.9,16.5,15.8,11.3,0.0,0.0,89.0
66463,287,16.9,16.5,15.8,11.3,0.0,0.0,89.0
67363,287,16.86315789473684,16.5,15.8,11.2,0.0,1.6,90.0
68263,287,16.8,16.5,15.8,11.2,0.0,4.8,91.0
69163,287,16.825,16.5,15.8,11.2,0.0,6.4,92.0
70063,287,16.9,16.5,15.8,11.6,0.0,4.8,92.0
70963,287,16.89787234042553,16.5,15.8,11.2,0.0,11.3,93.0
71863,287,16.820588235294117,16.5,15.8,11.1,0.0,14.5,93.0
72763,287,16.8,16.5,15.8,11.4,0.0,12.9,93.0
73663,287,16.8,16.5,15.8,11.6,0.0,4.8,93.0
74563,287,16.8,16.5,15.8,11.2,0.0,8.0,94.0
75463,287,16.8,16.5,15.8,11.4,0.0,6.4,95.0
76363,287,16.8,16.5,15.8,11.6,0.0,9.7,95.0
77263,287,16.8,16.5,15.8,13.0,0.0,19.3,96.0
78163,287,16.8,16.5,15.8,13.9,0.0,29.0,90.0
79063,287,16.8,16.5,15.8,13.9,0.0,33.8,87.0
79963,287,16.8,16.5,15.8,14.1,0.0,35.4,85.0
80863,287,16.89855072463768,16.5,15.852941176470589,14.3,0.0,38.6,83.0
81763,287,17.0,16.5,16.0,14.2,0.0,38.6,84.0
82663,287,17.07826086956522,16.5,16.0,14.3,0.0,38.6,84.0
83563,287,17.1,16.5,15.991304347826087,14.4,0.0,40.2,84.0
84463,287,17.1,16.5,15.987878787878788,14.4,0.0,38.6,84.0
85363,287,17.1,16.5,15.947058823529412,14.4,0.0,37.0,84.0
86263,287,17.1,16.5,15.930303030303032,14.4,0.0,40.2,84.0
763,288,17.1,16.5,15.924242424242426,14.4,0.0,37.0,84.0
1663,288,17.1,16.5,15.921739130434782,14.6,0.0,35.4,83.0
2563,288,17.05217391304348,16.5,15.90144927536232,14.4,0.0,30.6,84.0
3463,288,17.0,16.5,15.89090909090909,14.4,0.0,30.6,84.0
4363,288,17.0,16.5,15.850704225352112,14.5,0.0,35.4,83.0
5263,288,17.0,16.5,15.884848484848485,14.5,0.0,35.4,83.0
6163,288,17.0,16.5,15.856716417910448,14.5,0.0,35.4,84.0
7063,288,17.0,16.5,15.81159420289855,14.5,0.0,35.4,84.0
7963,288,17.0,16.5,15.808823529411764,14.4,0.0,30.6,85.0
8863,288,17.0,16.5,15.8,14.5,0.0,30.6,83.0
9763,288,17.0,16.5,15.8,14.5,0.0,27.4,82.0
10663,288,17.0,16.5,15.8,14.3,0.0,29.0,82.0
11563,288,17.0,16.5,15.803030303030305,14.3,0.0,29.0,82.0
12463,288,17.0,16.5,15.8,14.2,0.0,29.0,83.0
13363,288,17.0,16.5,15.802985074626866,14.3,0.0,29.0,83.0
14263,288,17.0,16.5,15.8,14.4,0.0,25.7,83.0
15163,288,16.98923076923077,16.5,15.8,14.3,0.0,29.0,83.0
16063,288,16.90147058823529,16.5,15.8,14.2,0.0,20.9,84.0
16963,288,16.9,16.5,15.8,14.1,0.0,20.9,85.0
17863,288,16.9,16.5,15.8,14.1,0.0,16.1,84.0
18763,288,16.9,16.5,15.8,14.3,0.0,19.3,83.0
19663,288,16.9,16.5,15.8,14.3,0.0,17.7,85.0
20563,288,16.9,16.5,15.8,14.2,0.0,19.3,86.0
21463,288,16.9,16.5,15.8,14.2,0.0,19.3,84.0
22363,288,16.9,16.5,15.8,14.1,0.0,22.5,83.0
23263,288,16.9,16.5,15.8,14.2,0.0,25.7,82.0
24163,288,16.9,16.5,15.8,14.1,0.0,25.7,83.0
25063,288,16.9,16.5,15.8,13.8,0.0,32.2,84.0
25963,288,16.9,16.5,15.8,13.8,0.0,33.8,84.0
26863,288,17.796969696969697,16.75735294117647,16.186764705882354,13.7,0.0,37.0,84.0
27763,288,17.830303030303032,17.0,16.455223880597014,13.7,0.0,43.5,84.0
28663,288,17.680882352941175,17.0,16.3,13.6,14.0,38.6,84.0
29563,288,17.5296875,16.98507462686567,16.237313432835823,13.7,26.0,33.8,84.0
30463,288,17.384285714285717,16.544776119402986,16.0,13.8,42.0,37.0,84.0
31363,288,17.283333333333335,16.5,16.0,14.1,46.0,37.0,84.0
32263,288,17.2,16.5,16.0,14.3,47.0,37.0,82.0
33163,288,17.147692307692306,16.5,16.0,14.3,44.0,41.8,83.0
34063,288,17.1,16.5,16.0,14.0,56.0,41.8,85.0
34963,288,17.1,16.5,16.0,13.9,51.0,40.2,85.0
35863,288,17.1,16.5,16.0,14.0,56.0,45.1,85.0
36763,288,17.1,16.5,16.0,14.1,56.0,45.1,84.0
37663,288,17.1,16.5,16.0,14.3,60.0,45.1,84.0
38563,288,17.1,16.5,16.0,14.2,62.0,43.5,85.0
39463,288,17.1,16.5,16.0,14.4,311.0,45.1,85.0
40363,288,17.1,16.5,16.0,14.7,313.0,45.1,84.0
41263,288,17.09848484848485,16.5,16.0,14.3,56.0,38.6,85.0
42163,288,17.06153846153846,16.5,16.0,14.3,109.0,37.0,86.0
43063,288,17.1,16.5,16.0,14.4,42.0,38.6,87.0
43963,288,17.1,16.5,16.0,14.5,93.0,35.4,87.0
44863,288,17.1,16.5,16.0,14.5,51.0,33.8,88.0
45763,288,17.1,16.5,16.0,14.4,51.0,33.8,88.0
46663,288,17.1,16.5,16.0,14.8,90.0,32.2,86.0
47563,288,17.1,16.5,16.0,14.9,110.0,30.6,86.0
48463,288,17.1,16.5,16.0,15.0,60.0,29.0,86.0
49363,288,17.1,16.5,16.0,14.9,86.0,35.4,86.0
50263,288,17.1,16.5,16.0,14.8,60.0,32.2,87.0
51163,288,17.1,16.5,16.0,15.0,60.0,25.7,87.0
52063,288,17.1,16.5,16.0,15.4,88.0,30.6,85.0
52963,288,17.1,16.5,16.0,15.5,62.0,29.0,84.0
53863,288,17.1,16.5,16.0,15.9,56.0,32.2,82.0
54763,288,17.1,16.5,16.0,16.3,109.0,24.1,81.0
55663,288,17.1,16.5,16.0,16.4,105.0,25.7,81.0
56563,288,17.1,16.5,16.0,16.4,90.0,27.4,81.0
57463,288,17.1,16.5,16.0,16.2,51.0,25.7,80.0
58363,288,17.1,16.5,16.0,16.1,105.0,25.7,80.0
59263,288,17.1,16.5,16.0,15.8,32.0,27.4,82.0
60163,288,17.1,21.21875,17.934375,15.1,35.0,19.3,84.0
61063,288,17.390625,51.483050847457626,43.46271186440679,14.2,44.0,19.3,85.0
61963,288,18.40185185185185,56.12962962962963,52.03518518518519,13.9,21.0,16.1,86.0
62863,288,19.18507462686567,56.49242424242424,52.36363636363636,13.8,11.0,16.1,87.0
63763,288,19.846969696969698,54.8955223880597,51.35074626865672,13.4,11.0,17.7,85.0
64663,288,20.3969696969697,54.36,50.34666666666666,12.9,5.0,17.7,85.0
65563,288,20.896875,56.5,52.80294117647058,12.6,0.0,16.1,85.0
66463,288,21.32794117647059,56.23571428571429,52.85857142857143,12.3,0.0,17.7,86.0
67363,288,21.59206349206349,41.90441176470589,38.66764705882353,12.1,0.0,16.1,86.0
68263,288,21.49482758620689,29.35384615384616,26.989230769230765,11.8,0.0,19.3,86.0
69163,288,21.12,24.213235294117645,22.57647058823529,11.6,0.0,16.1,87.0
70063,288,20.74179104477612,21.66923076923077,20.46307692307692,11.6,0.0,12.9,87.0
70963,288,20.395454545454548,20.27611940298508,19.33283582089552,11.5,0.0,14.5,88.0
71863,288,20.088059701492536,19.391666666666666,18.635,11.3,0.0,11.3,87.0
72763,288,19.8044776119403,18.932835820895523,18.19701492537313,11.2,0.0,9.7,88.0
73663,288,19.56969696969697,18.5,17.880645161290325,11.1,0.0,6.4,88.0
74563,288,19.36379310344828,18.36029411764705,17.67205882352941,11.0,0.0,4.8,88.0
75463,288,19.20151515151515,18.0,17.5,10.9,0.0,1.6,88.0
76363,288,19.034782608695654,18.0,17.320588235294117,10.9,0.0,4.8,87.0
77263,288,18.86769230769231,17.928571428571427,17.195238095238096,10.8,0.0,6.4,87.0
78163,288,18.71851851851852,17.5,17.0,10.8,0.0,8.0,86.0
79063,288,18.60735294117647,17.5,17.0,10.8,0.0,4.8,86.0
79963,288,19.62881355932204,17.942622950819672,17.491803278688526,10.8,0.0,4.8,86.0
80863,288,20.234782608695653,18.0,17.605555555555554,10.7,0.0,4.8,86.0
81763,288,19.70384615384616,18.0,17.372,10.7,0.0,3.2,87.0
82663,288,19.26744186046512,18.0,17.3,10.7,0.0,1.6,87.0
83563,288,18.98196721311476,18.0,17.3,10.7,0.0,0.0,87.0
84463,288,18.672727272727272,17.96825396825397,17.280952380952378,10.6,0.0,0.0,88.0
85363,288,18.449253731343283,17.564285714285713,17.017142857142858,10.6,0.0,3.2,88.0
86263,288,18.3734375,17.5,17.0,10.7,0.0,1.6,89.0
763,289,18.3,17.5,17.0,10.6,0.0,0.0,89.0
1663,289,18.3,17.5,17.0,10.6,0.0,0.0,91.0
2563,289,18.3,17.5,16.978787878787877,10.5,0.0,1.6,92.0
3463,289,18.3,17.5,16.8135593220339,10.3,0.0,0.0,92.0
4363,289,18.212857142857143,17.5,16.8,10.2,0.0,0.0,92.0
5263,289,18.2,17.5,16.8,10.2,0.0,0.0,92.0
6163,289,18.2,17.5,16.8,10.2,0.0,0.0,93.0
7063,289,18.2,17.5,16.8,10.2,0.0,0.0,94.0
7963,289,18.17058823529412,17.5,16.8,10.2,0.0,0.0,93.0
8863,289,18.1,17.5,16.777611940298506,10.1,0.0,4.8,93.0
9763,289,18.1,17.5,16.656923076923075,10.0,0.0,4.8,94.0
10663,289,18.1,17.5,16.508823529411764,9.9,0.0,6.4,95.0
11563,289,18.048529411764708,17.5,16.5,9.9,0.0,6.4,95.0
12463,289,18.0,17.36764705882353,16.5,9.9,0.0,6.4,95.0
13363,289,18.0,17.208955223880597,16.5,9.8,0.0,8.0,96.0
14263,289,17.986567164179103,17.04285714285714,16.5,9.8,0.0,4.8,97.0
15163,289,17.9,17.007246376811594,16.5,9.8,0.0,4.8,97.0
16063,289,17.9,17.0,16.5,9.7,0.0,1.6,97.0
16963,289,17.9,17.0,16.5,9.7,0.0,4.8,97.0
17863,289,17.859154929577464,17.0,16.5,9.6,0.0,4.8,97.0
18763,289,17.8,17.0,16.5,9.6,0.0,6.4,98.0
19663,289,17.8,17.0,16.5,9.6,0.0,8.0,98.0
20563,289,17.8,17.0,16.5,9.6,0.0,6.4,98.0
21463,289,17.8,17.0,16.5,9.7,0.0,6.4,98.0
22363,289,17.726470588235294,17.0,16.5,9.8,0.0,3.2,98.0
23263,289,17.7,17.0,16.5,9.9,0.0,6.4,98.0
24163,289,17.7,17.0,16.47391304347826,9.9,0.0,4.8,98.0
25063,289,17.7,17.0,16.357142857142858,9.9,0.0,8.0,98.0
25963,289,17.78181818181818,17.14179104477612,16.571641791044776,9.9,0.0,6.4,98.0
26863,289,17.95151515151515,17.5,16.8,10.0,0.0,4.8,98.0
27763,289,17.9,17.492307692307694,16.652307692307694,10.0,0.0,6.4,98.0
28663,289,17.821739130434782,17.066176470588236,16.5,10.0,0.0,4.8,98.0
29563,289,17.8,17.0,16.5,10.1,0.0,6.4,98.0
30463,289,17.7421875,17.0,16.461194029850745,10.1,5.0,1.6,99.0
31363,289,17.7,17.0,16.3,10.1,0.0,0.0,99.0
32263,289,17.677777777777777,17.0,16.3,10.2,0.0,3.2,98.0
33163,289,17.6,17.0,16.3,10.2,0.0,6.4,98.0
34063,289,17.6,17.0,16.3,10.2,5.0,6.4,98.0
34963,289,17.6,17.0,16.3,10.2,14.0,8.0,98.0
35863,289,17.55,17.0,16.3,10.3,5.0,11.3,99.0
36763,289,17.5,17.0,16.3,10.3,0.0,6.4,99.0
37663,289,17.5,17.0,16.3,10.4,0.0,6.4,99.0
38563,289,17.5,17.0,16.3,10.4,2.0,6.4,99.0
39463,289,17.5,17.0,16.3,10.6,25.0,12.9,99.0
40363,289,17.5,17.0,16.3,10.6,19.0,14.5,99.0
41263,289,17.437313432835822,17.0,16.28181818181818,10.7,26.0,12.9,99.0
42163,289,17.4,17.0,16.233823529411765,11.1,53.0,12.9,99.0
43063,289,17.4,17.0,16.12272727272727,11.4,47.0,14.5,99.0
43963,289,17.4,17.0,16.06086956521739,11.5,37.0,12.9,99.0
44863,289,17.4,17.0,16.008823529411764,11.6,19.0,12.9,99.0
45763,289,17.4,17.0,16.01304347826087,11.6,23.0,12.9,99.0
46663,289,17.4,16.985507246376812,16.008695652173913,11.4,32.0,11.3,99.0
47563,289,17.4,16.99264705882353,16.004411764705882,11.8,44.0,14.5,99.0
48463,289,17.4,16.985507246376812,16.0,12.2,32.0,19.3,99.0
49363,289,17.4,16.795454545454547,16.0,12.4,32.0,22.5,97.0
50263,289,17.33230769230769,16.738805970149254,16.0,12.7,70.0,22.5,96.0
51163,289,17.301492537313433,16.6231884057971,16.0,12.8,56.0,22.5,95.0
52063,289,17.3,16.557377049180328,16.0,12.9,62.0,19.3,95.0
52963,289,17.3,16.507692307692306,16.0,12.9,60.0,14.5,95.0
53863,289,17.3,16.5,16.0,12.9,18.0,12.9,95.0
54763,289,17.3,16.5,16.0,12.9,11.0,9.7,96.0
55663,289,17.3,16.5,16.0,12.9,11.0,12.9,96.0
56563,289,17.3,16.5,16.0,13.0,7.0,12.9,96.0
57463,289,17.3,16.5,16.0,13.2,21.0,14.5,95.0
58363,289,17.3,16.5,16.0,13.3,93.0,12.9,96.0
59263,289,17.3,16.5,16.0,13.6,77.0,14.5,95.0
60163,289,17.3,16.5,16.0,13.9,65.0,8.0,95.0
61063,289,17.3,16.5,16.0,13.9,128.0,8.0,95.0
61963,289,17.271212121212123,16.5,16.0,14.0,33.0,4.8,93.0
62863,289,17.2,16.5,16.0,14.2,25.0,14.5,84.0
63763,289,17.2,16.5,16.0,14.1,9.0,20.9,80.0
64663,289,17.201492537313435,16.5,16.0,13.7,5.0,19.3,78.0
65563,289,17.280597014925373,16.5,16.0,13.7,2.0,17.7,78.0
66463,289,17.3,16.5,16.0,13.5,0.0,30.6,77.0
67363,289,17.3,16.5,16.0,13.3,0.0,29.0,78.0
68263,289,17.22222222222222,16.5,16.0,13.2,0.0,33.8,78.0
69163,289,17.2,16.5,16.0,13.0,0.0,27.4,80.0
70063,289,17.2,16.5,16.0,12.7,0.0,22.5,83.0
70963,289,17.191044776119405,16.5,16.0,12.4,0.0,24.1,84.0
71863,289,17.104761904761904,16.5,16.0,12.3,0.0,20.9,85.0
72763,289,17.306153846153848,16.704545454545453,16.095454545454547,12.1,0.0,20.9,86.0
73663,289,17.315873015873017,16.93939393939394,16.09090909090909,12.3,0.0,29.0,85.0
74563,289,17.259090909090908,16.50735294117647,16.0,12.4,0.0,38.6,85.0
75463,289,17.2,16.5,16.0,12.5,0.0,35.4,85.0
76363,289,17.184375,16.5,16.0,12.6,0.0,30.6,85.0
77263,289,17.1,16.5,15.92537313432836,12.7,0.0,27.4,85.0
78163,289,17.1,16.5,15.8,12.9,0.0,27.4,84.0
79063,289,17.1,16.5,15.979310344827589,12.5,0.0,20.9,87.0
79963,289,17.1,16.5,15.968965517241378,12.2,0.0,25.7,89.0
80863,289,17.053846153846155,16.5,15.8140350877193,12.2,0.0,29.0,88.0
81763,289,17.063076923076924,16.5,15.928125,12.3,0.0,25.7,88.0
82663,289,17.187878787878788,16.5,16.0,12.3,0.0,25.7,88.0
83563,289,17.2,16.5,16.0,12.4,0.0,22.5,88.0
84463,289,17.2,16.5,16.0,12.4,0.0,22.5,88.0
85363,289,17.2,16.5,16.0,12.4,0.0,25.7,89.0
86263,289,17.2,16.5,16.0,12.4,0.0,25.7,90.0
763,290,17.2,16.5,16.0,12.1,0.0,29.0,91.0
1663,290,17.2,16.5,16.0,12.4,0.0,29.0,89.0
2563,290,17.123529411764707,16.5,16.0,12.5,0.0,33.8,89.0
3463,290,17.1,16.5,16.0,12.7,0.0,35.4,88.0
4363,290,17.1,16.5,16.0,12.9,0.0,41.8,85.0
5263,290,17.1,16.5,16.0,12.9,0.0,40.2,85.0
6163,290,17.1,16.5,16.0,12.5,0.0,37.0,87.0
7063,290,17.1,16.5,16.0,12.4,0.0,37.0,85.0
7963,290,17.1,16.5,16.0,12.3,0.0,32.2,84.0
8863,290,17.095454545454547,16.5,16.0,12.3,0.0,37.0,83.0
9763,290,17.1,16.5,16.0,12.3,0.0,38.6,83.0
10663,290,17.046875,16.5,15.99375,12.2,0.0,35.4,83.0
11563,290,17.0,16.5,15.903030303030302,12.1,0.0,38.6,84.0
12463,290,17.0,16.5,15.80327868852459,12.0,0.0,45.1,83.0
13363,290,17.0,16.5,15.8,11.8,0.0,45.1,84.0
14263,290,17.0,16.5,15.8,11.2,0.0,41.8,87.0
15163,290,16.965151515151515,16.5,15.8,11.2,0.0,45.1,87.0
16063,290,16.903225806451612,16.5,15.8,11.1,0.0,45.1,88.0
16963,290,16.9,16.5,15.8,10.9,0.0,46.7,89.0
17863,290,17.091176470588234,16.5,15.968253968253968,10.8,0.0,46.7,90.0
18763,290,17.17142857142857,16.5,16.0,10.6,0.0,43.5,91.0
19663,290,17.1,16.5,16.0,10.8,0.0,43.5,90.0
20563,290,17.00294117647059,16.5,15.908823529411766,11.0,0.0,51.5,89.0
21463,290,17.0,16.5,15.8,10.8,0.0,43.5,91.0
22363,290,16.917391304347824,16.5,15.8,10.9,0.0,51.5,91.0
23263,290,16.9,16.5,15.8,10.9,0.0,51.5,91.0
24163,290,16.9,16.5,15.8,10.8,0.0,45.1,91.0
25063,290,18.13623188405797,16.5,15.965079365079363,10.8,0.0,49.9,90.0
25963,290,17.297014925373134,16.5,15.991304347826087,10.9,0.0,49.9,90.0
26863,290,17.2,16.5,15.8875,10.9,0.0,45.1,90.0
27763,290,17.184848484848484,16.5,15.8,10.9,0.0,45.1,90.0
28663,290,17.1,16.5,15.8,11.0,7.0,48.3,90.0
29563,290,17.043548387096774,16.5,15.8,10.9,12.0,48.3,90.0
30463,290,17.0,16.5,15.8,10.8,21.0,48.3,92.0
31363,290,16.959375,16.5,15.8,10.9,39.0,45.1,92.0
32263,290,16.9,16.5,15.8,10.9,35.0,41.8,91.0
33163,290,16.9,16.5,15.8,11.0,35.0,43.5,91.0
34063,290,16.9,16.5,15.8,11.1,58.0,41.8,92.0
34963,290,16.9,16.5,15.7859375,11.0,60.0,41.8,92.0
35863,290,16.9,16.5,15.709090909090907,11.1,107.0,38.6,92.0
36763,290,16.9,16.5,15.617391304347825,11.3,137.0,41.8,92.0
37663,290,16.9,16.5,15.578260869565218,11.3,114.0,27.4,93.0
38563,290,16.89855072463768,16.5,15.55076923076923,11.5,104.0,27.4,92.0
39463,290,16.89857142857143,16.5,15.630434782608695,11.6,190.0,30.6,92.0
40363,290,16.9,16.5,15.615714285714285,11.6,134.0,22.5,92.0
41263,290,16.9,16.5,15.67462686567164,11.7,195.0,22.5,92.0
42163,290,16.9,16.5,15.751470588235293,11.8,119.0,25.7,92.0
43063,290,16.9,16.5,15.733823529411763,11.9,174.0,24.1,92.0
43963,290,16.9,16.5,15.786567164179104,12.3,255.0,29.0,89.0
44863,290,16.9,16.5,15.8,13.5,596.0,29.0,85.0
45763,290,16.9,16.5,15.78235294117647,13.4,262.0,30.6,83.0
46663,290,16.9,16.5,15.707692307692309,13.8,526.0,29.0,81.0
47563,290,16.9,16.5,15.701492537313433,13.4,269.0,27.4,81.0
48463,290,16.9,16.5,15.727272727272728,13.1,185.0,29.0,81.0
49363,290,16.9,16.5,15.752857142857144,12.9,184.0,27.4,82.0
50263,290,16.9,16.5,15.74,12.6,72.0,27.4,84.0
51163,290,16.9,16.5,15.688059701492538,12.6,123.0,27.4,83.0
52063,290,16.9,16.5,15.611428571428572,12.4,121.0,29.0,83.0
52963,290,16.9,16.5,15.538028169014083,12.3,125.0,29.0,85.0
53863,290,16.833333333333336,16.5,15.517391304347823,12.3,114.0,27.4,84.0
54763,290,16.8,16.492424242424242,15.50909090909091,12.1,118.0,27.4,86.0
55663,290,16.8,16.477272727272727,15.5,12.1,105.0,24.1,84.0
56563,290,16.8,16.484848484848484,15.5,12.1,121.0,22.5,84.0
57463,290,16.8,16.422535211267608,15.5,12.2,160.0,24.1,85.0
58363,290,16.8,16.387323943661972,15.5,12.1,83.0,19.3,85.0
59263,290,16.8,16.347826086956523,15.5,12.2,83.0,17.7,85.0
60163,290,16.8,16.236842105263158,15.5,12.3,69.0,19.3,84.0
61063,290,16.742622950819673,16.083333333333336,15.5,12.2,44.0,16.1,85.0
61963,290,16.7,16.02857142857143,15.5,12.0,33.0,14.5,85.0
62863,290,16.7,16.02857142857143,15.5,11.8,23.0,14.5,86.0
63763,290,16.7,16.0234375,15.5,11.4,18.0,16.1,87.0
64663,290,16.7,16.037735849056602,15.5,11.3,5.0,17.7,87.0
65563,290,16.7,16.19178082191781,15.5,11.2,0.0,14.5,87.0
66463,290,16.7,16.195652173913043,15.5,11.1,0.0,14.5,88.0
67363,290,16.7,16.230769230769234,15.5,11.1,0.0,17.7,88.0
68263,290,16.711940298507464,26.33333333333333,21.085714285714285,10.9,0.0,19.3,89.0
69163,290,17.17727272727273,50.1865671641791,43.23134328358209,10.8,0.0,12.9,90.0
70063,290,18.405882352941177,56.083333333333336,52.04090909090909,10.4,0.0,14.5,93.0
70963,290,19.417910447761194,56.586956521739125,52.41014492753624,10.3,0.0,9.7,94.0
71863,290,20.15151515151515,56.96153846153847,52.5,10.1,0.0,6.4,95.0
72763,290,20.68358208955224,56.078125,52.2375,10.1,0.0,6.4,96.0
73663,290,20.989393939393945,40.81159420289855,37.50144927536232,10.0,0.0,4.8,97.0
74563,290,20.922727272727272,28.1875,26.678125,10.0,0.0,3.2,97.0
75463,290,20.67846153846154,23.63636363636364,22.716666666666665,9.9,0.0,1.6,97.0
76363,290,20.3296875,21.56060606060606,20.69090909090909,9.8,0.0,6.4,97.0
77263,290,19.969565217391303,20.294520547945204,19.557534246575344,9.8,0.0,11.3,97.0
78163,290,19.66716417910448,19.291044776119403,18.780597014925373,9.7,0.0,6.4,97.0
79063,290,19.37049180327869,18.90983606557377,18.45409836065574,9.6,0.0,4.8,97.0
79963,290,19.068656716417912,18.49285714285714,18.009999999999998,9.6,0.0,3.2,97.0
80863,290,18.80434782608696,18.01515151515152,17.631818181818183,9.6,0.0,1.6,98.0
81763,290,18.57605633802817,17.97101449275362,17.32898550724638,9.6,0.0,1.6,98.0
82663,290,18.4234375,17.6328125,17.253125,9.6,0.0,3.2,98.0
83563,290,18.34126984126984,17.5,17.1359375,9.5,0.0,8.0,98.0
84463,290,18.184848484848484,17.5,16.966666666666665,9.4,0.0,6.4,97.0
85363,290,18.1469696969697,17.5,16.923529411764708,9.3,0.0,9.7,97.0
86263,290,18.102941176470587,17.5,16.928571428571427,9.1,0.0,9.7,97.0
763,291,18.1,17.5,16.8,9.1,0.0,4.8,97.0
1663,291,18.01538461538461,17.46923076923077,16.8,9.1,0.0,4.8,97.0
2563,291,18.0,17.102941176470587,16.658823529411766,9.0,0.0,8.0,97.0
3463,291,17.90597014925373,17.0,16.5,9.0,0.0,9.7,97.0
4363,291,17.8890625,17.0,16.5,9.0,0.0,8.0,97.0
5263,291,17.8,17.0,16.5,9.0,0.0,8.0,97.0
6163,291,17.8,17.0,16.5,9.0,0.0,6.4,97.0
7063,291,17.796923076923076,17.0,16.5,9.0,0.0,6.4,97.0
7963,291,17.7,17.0,16.493846153846153,8.9,0.0,4.8,97.0
8863,291,17.7,17.0,16.327272727272728,8.9,0.0,8.0,97.0
9763,291,17.64923076923077,17.0,16.3,8.9,0.0,8.0,97.0
10663,291,17.6,17.0,16.3,8.8,0.0,9.7,97.0
11563,291,17.6,17.0,16.3,8.9,0.0,9.7,96.0
12463,291,17.525714285714287,17.0,16.3,8.9,0.0,6.4,96.0
13363,291,17.5,17.0,16.3,8.9,0.0,8.0,96.0
14263,291,17.5,17.0,16.3,8.8,0.0,8.0,97.0
15163,291,17.46865671641791,17.0,16.3,8.8,0.0,6.4,97.0
16063,291,17.4,17.0,16.231428571428573,8.8,0.0,8.0,97.0
16963,291,17.4,16.99264705882353,16.013235294117646,8.7,0.0,8.0,97.0
17863,291,17.4,16.85,16.0,8.7,0.0,8.0,98.0
18763,291,17.4,16.67142857142857,16.0,8.7,0.0,8.0,98.0
19663,291,17.35072463768116,16.507246376811594,16.0,8.6,0.0,8.0,98.0
20563,291,17.3,16.5,16.0,8.6,0.0,8.0,98.0
21463,291,17.3,16.5,16.0,8.6,0.0,9.7,98.0
22363,291,17.3,16.5,16.0,8.5,0.0,6.4,97.0
23263,291,17.3,16.5,16.0,8.5,0.0,4.8,97.0
24163,291,17.326153846153847,16.653225806451612,16.067741935483873,8.5,0.0,4.8,97.0
25063,291,17.658823529411766,17.0,16.437313432835822,8.4,0.0,8.0,97.0
25963,291,17.6578125,17.0,16.3,8.4,0.0,4.8,97.0
26863,291,17.583333333333336,17.0,16.3,8.4,0.0,6.4,98.0
27763,291,17.5,16.992957746478872,16.092957746478874,8.4,0.0,8.0,98.0
28663,291,17.404545454545453,16.573529411764707,16.0,8.3,0.0,6.4,97.0
29563,291,17.3536231884058,16.5,16.0,8.4,5.0,4.8,97.0
30463,291,17.3,16.5,16.0,8.4,11.0,3.2,97.0
31363,291,17.239705882352943,16.5,15.926470588235292,8.5,11.0,3.2,97.0
32263,291,17.2,16.5,15.8,8.5,16.0,4.8,97.0
33163,291,17.2,16.5,15.8,8.6,30.0,4.8,97.0
34063,291,17.17794117647059,16.5,15.8,8.7,26.0,6.4,97.0
34963,291,17.1,16.5,15.8,8.7,23.0,9.7,97.0
35863,291,17.1,16.5,15.8,8.8,39.0,8.0,97.0
36763,291,17.1,16.5,15.8,8.8,49.0,9.7,98.0
37663,291,17.1,16.5,15.8,8.9,77.0,8.0,98.0
38563,291,17.005714285714284,16.5,15.8,8.9,63.0,8.0,97.0
39463,291,17.0,16.5,15.8,9.0,72.0,9.7,97.0
40363,291,17.0,16.5,15.8,9.1,67.0,9.7,97.0
41263,291,17.0,16.5,15.8,9.0,63.0,9.7,97.0
42163,291,17.0,16.5,15.8,9.1,66.0,11.3,97.0
43063,291,17.0,16.5,15.8,9.1,83.0,11.3,97.0
43963,291,17.0,16.5,15.73913043478261,9.2,84.0,9.7,97.0
44863,291,16.9921875,16.5,15.645714285714286,9.3,62.0,9.7,97.0
45763,291,16.901492537313434,16.5,15.522058823529411,9.4,84.0,8.0,97.0
46663,291,16.9,16.5,15.5,9.7,113.0,6.4,96.0
47563,291,16.9,16.5,15.5,9.8,98.0,9.7,95.0
48463,291,16.9,16.5,15.5,9.8,49.0,11.3,93.0
49363,291,16.9,16.4921875,15.5,9.7,62.0,11.3,94.0
50263,291,16.9,16.466216216216218,15.5,9.6,78.0,11.3,94.0
51163,291,16.9,16.355072463768117,15.5,9.8,93.0,11.3,94.0
52063,291,16.9,16.235714285714288,15.5,9.9,109.0,11.3,94.0
52963,291,16.8536231884058,16.158333333333335,15.5,10.1,109.0,9.7,94.0
53863,291,16.8,16.04054054054054,15.5,10.2,70.0,11.3,93.0
54763,291,16.8,16.015151515151516,15.5,10.2,53.0,12.9,90.0
55663,291,16.8,16.0,15.5,10.1,70.0,12.9,91.0
56563,291,16.8,16.0,15.5,10.1,64.0,11.3,90.0
57463,291,16.8,16.0,15.5,10.1,58.0,11.3,90.0
58363,291,16.8,16.0,15.5,10.1,72.0,9.7,90.0
59263,291,16.727941176470587,16.0,15.5,10.0,40.0,11.3,89.0
60163,291,16.7,16.0,15.5,10.0,30.0,11.3,89.0
61063,291,16.7,16.0,15.5,9.9,30.0,12.9,89.0
61963,291,16.7,16.0,15.497142857142856,9.8,30.0,11.3,89.0
62863,291,16.624615384615385,16.0,15.5,9.7,23.0,14.5,87.0
63763,291,16.6,16.0,15.5,9.6,15.0,12.9,88.0
64663,291,16.6,16.0,15.5,9.4,0.0,11.3,89.0
65563,291,16.692307692307693,16.0,15.5,9.2,0.0,16.1,90.0
66463,291,16.7,16.0,15.5,9.1,0.0,16.1,91.0
67363,291,16.7,16.0,15.5,9.1,0.0,14.5,91.0
68263,291,16.78030303030303,16.008064516129032,15.5,8.9,0.0,16.1,92.0
69163,291,16.8,16.42452830188679,15.5,8.8,0.0,14.5,93.0
70063,291,16.8,16.401785714285715,15.5,8.7,0.0,11.3,94.0
70963,291,16.8,16.058333333333334,15.5,8.7,0.0,11.3,94.0
71863,291,16.734328358208955,16.212962962962962,15.505555555555556,8.7,0.0,11.3,94.0
72763,291,16.778787878787877,28.88970588235294,22.548529411764708,8.8,0.0,11.3,94.0
73663,291,17.123880597014924,51.02238805970149,43.5865671641791,8.8,0.0,11.3,94.0
74563,291,17.98,54.8030303030303,51.13939393939394,8.8,0.0,9.7,94.0
75463,291,18.79423076923077,56.455357142857146,52.16964285714285,8.9,0.0,8.0,95.0
76363,291,19.450704225352112,56.85820895522388,52.68358208955224,8.9,0.0,6.4,95.0
77263,291,19.93692307692308,54.5078125,50.9703125,9.0,0.0,6.4,95.0
78163,291,20.18153846153846,36.5390625,32.559375,9.1,0.0,9.7,95.0
79063,291,20.07462686567164,27.195652173913043,24.55217391304348,9.3,0.0,8.0,94.0
79963,291,20.215942028985506,23.5390625,21.7734375,9.3,0.0,8.0,94.0
80863,291,20.686567164179102,22.05223880597015,21.359701492537315,9.3,0.0,6.4,95.0
81763,291,19.97361111111111,20.50735294117647,20.08235294117647,9.3,0.0,6.4,95.0
82663,291,19.53283582089552,19.394366197183096,18.9887323943662,9.4,0.0,12.9,94.0
83563,291,19.14558823529412,18.714285714285715,18.322857142857146,9.5,0.0,9.7,94.0
84463,291,18.87536231884058,18.31818181818182,17.906060606060606,9.7,0.0,12.9,93.0
85363,291,18.63125,18.0,17.67727272727273,9.7,0.0,9.7,94.0
86263,291,18.44328358208956,17.84057971014493,17.47101449275362,9.8,0.0,9.7,93.0
763,292,18.30909090909091,17.5,17.3,9.9,0.0,14.5,93.0
1663,292,18.183823529411764,17.5,17.05373134328358,9.8,0.0,9.7,93.0
2563,292,18.09264705882353,17.5,16.96060606060606,9.8,0.0,6.4,93.0
3463,292,18.0,17.313432835820898,16.8,9.9,0.0,8.0,93.0
4363,292,17.93181818181818,17.0,16.795652173913044,9.9,0.0,6.4,93.0
5263,292,17.895714285714284,17.0,16.5140625,9.9,0.0,3.2,93.0
6163,292,17.8,17.0,16.5,10.2,0.0,11.3,93.0
7063,292,17.8,17.0,16.5,10.4,0.0,11.3,92.0
7963,292,17.74788732394366,17.0,16.403030303030302,10.3,0.0,9.7,93.0
8863,292,17.7,17.0,16.3,10.3,0.0,8.0,93.0
9763,292,17.7,17.0,16.3,10.3,0.0,8.0,93.0
10663,292,17.6955223880597,17.0,16.3,10.3,0.0,9.7,93.0
11563,292,17.68857142857143,17.0,16.3,10.3,0.0,9.7,93.0
12463,292,17.601492537313433,17.0,16.264705882352942,10.3,0.0,14.5,94.0
13363,292,17.6,16.948529411764707,16.004411764705882,10.2,0.0,16.1,94.0
14263,292,17.6,16.566176470588236,16.0,10.2,0.0,16.1,94.0
15163,292,17.569565217391304,16.5,16.0,10.2,0.0,17.7,95.0
16063,292,17.5,16.5,16.0,10.1,0.0,19.3,95.0
16963,292,17.5,16.5,16.0,10.1,0.0,17.7,95.0
17863,292,17.5,16.5,16.0,10.2,0.0,19.3,95.0
18763,292,17.476190476190474,16.5,16.0,10.2,0.0,17.7,95.0
19663,292,17.4,16.5,15.990769230769232,10.2,0.0,16.1,95.0
20563,292,17.4,16.5,15.94285714285714,10.1,0.0,12.9,95.0
21463,292,17.4,16.5,15.846376811594205,10.1,0.0,9.7,95.0
22363,292,17.4,16.5,15.802857142857144,10.0,0.0,8.0,95.0
23263,292,17.33283582089552,16.5,15.806060606060608,10.2,0.0,9.7,95.0
24163,292,17.317647058823532,16.5,15.901492537313434,10.2,0.0,9.7,94.0
25063,292,17.463768115942027,16.521428571428572,16.004285714285714,10.2,0.0,9.7,94.0
25963,292,18.14264705882353,17.02941176470588,16.398529411764706,10.2,0.0,14.5,94.0
26863,292,16.8530303030303,16.52238805970149,15.9044776119403,10.4,0.0,17.7,95.0
27763,292,17.070588235294117,16.5,16.0,10.7,0.0,14.5,93.0
28663,292,17.2,16.5,16.0,10.4,9.0,16.1,94.0
29563,292,17.2,16.5,16.0,10.2,16.0,20.9,95.0
30463,292,17.2,16.5,16.0,10.3,21.0,14.5,95.0
31363,292,17.2,16.5,16.0,10.4,25.0,12.9,95.0
32263,292,17.2,16.5,16.0,10.6,28.0,11.3,94.0
33163,292,17.2,16.5,16.0,10.7,28.0,8.0,94.0
34063,292,17.2,16.5,16.0,10.8,42.0,6.4,94.0
34963,292,17.2,16.5,15.96,10.8,51.0,9.7,94.0
35863,292,17.2,16.5,15.82058823529412,11.1,88.0,9.7,93.0
36763,292,17.2,16.5,15.806060606060608,11.2,84.0,9.7,93.0
37663,292,17.2,16.5,15.8,11.6,86.0,8.0,92.0
38563,292,17.19076923076923,16.5,15.8,11.7,109.0,8.0,91.0
39463,292,17.108333333333334,16.5,15.8,11.9,109.0,6.4,91.0
40363,292,17.1,16.5,15.8,12.0,102.0,8.0,91.0
41263,292,17.1,16.5,15.8,12.1,81.0,8.0,90.0
42163,292,17.1,16.5,15.8,12.1,88.0,6.4,91.0
43063,292,17.1,16.5,15.8,12.1,100.0,8.0,91.0
43963,292,17.1,16.5,15.8,12.0,98.0,8.0,92.0
44863,292,17.1,16.5,15.8,12.3,111.0,9.7,90.0
45763,292,17.097014925373134,16.5,15.8,12.4,107.0,9.7,90.0
46663,292,17.004838709677422,16.5,15.8,12.4,93.0,9.7,90.0
47563,292,17.0,16.5,15.8,12.5,79.0,11.3,89.0
48463,292,17.0,16.5,15.8,12.4,65.0,11.3,90.0
49363,292,17.0,16.5,15.8,12.4,63.0,11.3,89.0
50263,292,17.0,16.5,15.8,12.4,83.0,11.3,90.0
51163,292,17.0,16.5,15.8,12.4,86.0,9.7,90.0
52063,292,16.97101449275362,16.5,15.8,12.5,58.0,6.4,89.0
52963,292,16.9,16.5,15.8,12.5,56.0,8.0,89.0
53863,292,16.9,16.5,15.8,12.5,51.0,12.9,90.0
54763,292,16.9,16.5,15.8,12.6,46.0,11.3,90.0
55663,292,16.9,16.5,15.8,12.6,49.0,9.7,90.0
56563,292,16.9,16.5,15.8,12.6,49.0,6.4,90.0
57463,292,16.9,16.4921875,15.7953125,12.6,40.0,8.0,91.0
58363,292,16.88095238095238,16.49206349206349,15.776190476190475,12.5,33.0,9.7,91.0
59263,292,16.8,16.47692307692308,15.707692307692309,12.5,26.0,9.7,91.0
60163,292,16.8,16.444444444444446,15.604761904761904,12.4,26.0,6.4,91.0
61063,292,16.8,16.29285714285714,15.508571428571427,12.2,16.0,4.8,92.0
61963,292,16.8,16.174603174603174,15.5,12.1,12.0,4.8,93.0
62863,292,16.8,16.11111111111111,15.5,11.9,9.0,6.4,93.0
63763,292,16.785074626865672,16.02112676056338,15.5,11.9,7.0,11.3,93.0
64663,292,16.704615384615387,16.0,15.5,11.8,0.0,12.9,94.0
65563,292,16.7,16.007462686567163,15.5,11.6,0.0,12.9,95.0
66463,292,16.7,20.125,17.116666666666667,11.4,0.0,11.3,96.0
67363,292,17.062121212121212,50.49206349206349,42.4984126984127,11.3,0.0,12.9,96.0
68263,292,18.194117647058825,55.8560606060606,52.10909090909091,11.2,0.0,9.7,97.0
69163,292,19.2231884057971,56.028985507246375,52.45652173913044,11.2,0.0,9.7,97.0
70063,292,19.886567164179105,41.3015873015873,37.93968253968254,11.2,0.0,9.7,97.0
70963,292,19.96153846153846,28.801470588235293,26.03970588235294,11.1,0.0,6.4,97.0
71863,292,19.825396825396822,24.95,23.015,11.1,0.0,6.4,97.0
72763,292,19.576785714285712,,,11.1,0.0,4.8,98.0
73663,292,19.30806451612904,19.695652173913043,18.967391304347824,11.1,0.0,3.2,98.0
74563,292,19.12727272727273,41.70588235294117,35.70735294117647,11.1,0.0,3.2,98.0
75463,292,19.505000000000003,56.266666666666666,52.08833333333333,11.0,0.0,1.6,98.0
76363,292,20.04590163934426,43.204918032786885,40.26393442622951,11.0,0.0,1.6,98.0
77263,292,20.21044776119403,41.463235294117645,39.27205882352941,11.1,0.0,3.2,98.0
78163,292,20.22878787878788,29.38095238095238,27.13492063492064,11.0,0.0,1.6,98.0
79063,292,20.17910447761194,23.830882352941178,22.35147058823529,11.1,0.0,3.2,98.0
79963,292,20.05094339622641,21.53921568627451,20.47647058823529,11.1,0.0,1.6,98.0
80863,292,19.73333333333333,20.0,19.3,11.1,0.0,0.0,98.0
81763,292,,,,11.1,0.0,0.0,98.0
82663,292,19.35909090909091,18.81818181818182,18.30909090909091,11.1,0.0,1.6,98.0
83563,292,19.081818181818186,18.107142857142858,17.564285714285713,11.1,0.0,0.0,98.0
84463,292,18.955102040816325,17.980392156862745,17.354901960784314,11.2,0.0,3.2,98.0
85363,292,18.76060606060605,17.52777777777778,17.070833333333333,11.1,0.0,3.2,99.0
86263,292,18.60923076923077,17.5,16.9044776119403,11.1,0.0,1.6,99.0
763,293,18.47384615384616,17.5,16.8,11.1,0.0,1.6,99.0
1663,293,18.375,17.40625,16.65,11.1,0.0,1.6,99.0
2563,293,18.275362318840585,17.0,16.5,11.0,0.0,0.0,99.0
3463,293,18.2,17.0,16.5,10.9,0.0,4.8,98.0
4363,293,18.102941176470587,17.0,16.418181818181818,10.8,0.0,0.0,98.0
5263,293,18.04375,17.0,16.3,10.8,0.0,0.0,98.0
6163,293,18.0,17.0,16.3,10.8,0.0,4.8,99.0
7063,293,17.902941176470588,17.0,16.3,10.8,0.0,1.6,99.0
7963,293,17.9,17.0,16.3,10.8,0.0,0.0,99.0
8863,293,17.808450704225354,17.0,16.2955223880597,10.7,0.0,0.0,99.0
9763,293,17.8,17.0,16.110294117647058,10.7,0.0,3.2,99.0
10663,293,17.8,17.0,16.0,10.8,0.0,4.8,99.0
11563,293,17.707575757575757,17.0,16.0,10.8,0.0,1.6,99.0
12463,293,17.7,16.916666666666664,16.0,10.7,0.0,1.6,99.0
13363,293,17.692857142857143,16.72058823529412,16.0,10.8,0.0,1.6,99.0
14263,293,17.601492537313433,16.522727272727273,16.0,10.9,0.0,4.8,99.0
15163,293,17.6,16.5,16.0,10.9,0.0,4.8,99.0
16063,293,17.6,16.5,16.0,10.8,0.0,3.2,99.0
16963,293,17.527450980392157,16.5,16.0,10.8,0.0,3.2,99.0
17863,293,17.5,16.5,16.0,10.7,0.0,1.6,99.0
18763,293,17.5,16.5,15.989473684210529,10.6,0.0,0.0,98.0
19663,293,17.5,16.5,15.901492537313434,10.6,0.0,0.0,98.0
20563,293,17.416417910447763,16.5,15.811764705882354,10.6,0.0,4.8,98.0
21463,293,17.4,16.5,15.8,10.7,0.0,6.4,99.0
22363,293,17.4,16.5,15.8,10.7,0.0,4.8,99.0
23263,293,17.4,16.5,15.8,10.7,0.0,1.6,99.0
24163,293,17.37391304347826,16.5,15.8,10.9,0.0,3.2,99.0
25063,293,17.31230769230769,16.5,15.82033898305085,10.9,0.0,3.2,99.0
25963,293,17.507462686567163,16.8015873015873,16.11904761904762,10.9,0.0,4.8,99.0
26863,293,17.6,17.0,16.3,10.9,0.0,6.4,98.0
27763,293,17.59090909090909,17.0,16.286567164179104,10.9,0.0,4.8,98.0
28663,293,17.5,16.925,16.04,10.9,0.0,3.2,98.0
29563,293,17.5,16.614754098360656,16.0,10.9,0.0,4.8,98.0
30463,293,17.5,16.522058823529413,16.0,10.8,12.0,8.0,98.0
31363,293,17.5,16.5,16.0,10.8,19.0,6.4,98.0
32263,293,17.5,16.5,16.0,10.9,35.0,8.0,98.0
33163,293,17.5,16.5,16.0,10.9,44.0,6.4,98.0
34063,293,17.5,16.5,16.0,10.9,56.0,8.0,98.0
34963,293,17.5,16.5,16.0,11.0,70.0,8.0,98.0
35863,293,17.5,16.5,16.0,11.2,79.0,8.0,96.0
36763,293,17.536923076923078,16.5,16.0,11.2,70.0,12.9,96.0
37663,293,17.6,16.5078125,16.0,11.3,30.0,9.7,96.0
38563,293,17.6,16.5,16.0,11.8,30.0,8.0,95.0
39463,293,17.6,16.50793650793651,16.023809523809526,12.5,283.0,11.3,93.0
40363,293,17.6,16.508333333333333,16.015,12.7,304.0,12.9,92.0
41263,293,17.6,16.5,16.0,13.2,227.0,12.9,92.0
42163,293,17.56086956521739,16.5,16.0,13.2,174.0,12.9,91.0
43063,293,17.5,16.5,16.0,13.4,436.0,6.4,92.0
43963,293,17.5,16.5,16.0,14.3,471.0,8.0,88.0
44863,293,17.5,16.5,16.0,14.2,482.0,11.3,87.0
45763,293,17.5,16.5,16.0,14.1,155.0,6.4,86.0
46663,293,17.5,16.5,16.0,13.5,113.0,4.8,86.0
47563,293,17.5,16.5,16.0,13.8,274.0,4.8,86.0
48463,293,17.5,16.5,16.0,15.1,355.0,8.0,81.0
49363,293,17.5,16.5,16.0,14.7,352.0,4.8,82.0
50263,293,17.5,16.5,16.0,14.2,253.0,4.8,84.0
51163,293,17.5,16.5,16.0,15.6,283.0,6.4,83.0
52063,293,17.5,16.5,16.0,14.7,81.0,8.0,84.0
52963,293,17.44626865671642,16.5,16.0,13.9,104.0,9.7,85.0
53863,293,17.4,16.5,16.0,14.2,60.0,6.4,84.0
54763,293,17.4,16.5,16.0,14.4,56.0,9.7,83.0
55663,293,17.4,16.5,16.0,14.2,58.0,6.4,83.0
56563,293,17.4,16.5,16.0,14.2,65.0,6.4,82.0
57463,293,17.381159420289855,16.5,16.0,13.9,49.0,1.6,82.0
58363,293,17.3,16.5,16.0,13.7,62.0,0.0,83.0
59263,293,17.3,16.5,16.0,13.7,62.0,3.2,84.0
60163,293,17.3,16.5,16.0,13.4,40.0,3.2,86.0
61063,293,17.3,16.5,16.0,13.2,42.0,6.4,86.0
61963,293,17.3,16.5,16.0,12.9,28.0,6.4,87.0
62863,293,17.292424242424243,16.5,16.0,12.9,19.0,4.8,87.0
63763,293,17.211111111111112,16.5,16.0,12.8,13.0,3.2,88.0
64663,293,17.2,16.5,16.0,12.6,0.0,4.8,89.0
65563,293,17.2,16.5,16.0,12.6,0.0,8.0,90.0
66463,293,17.2,16.5,16.0,12.6,0.0,12.9,89.0
67363,293,17.2,16.5,16.0,12.1,0.0,19.3,88.0
68263,293,17.2,16.5,16.0,11.4,0.0,19.3,87.0
69163,293,17.23384615384615,16.5,16.0,11.2,0.0,17.7,86.0
70063,293,17.3,16.5,16.0,11.3,0.0,17.7,84.0
70963,293,17.3,16.5,16.0,11.2,0.0,16.1,85.0
71863,293,17.284375,16.5,16.0,10.8,0.0,16.1,87.0
72763,293,17.270149253731343,16.5,15.993846153846151,10.6,0.0,17.7,87.0
73663,293,17.3,16.5,16.0,10.4,0.0,19.3,87.0
74563,293,17.234328358208955,16.5,16.0,10.4,0.0,20.9,87.0
75463,293,17.2,16.5,16.0,10.3,0.0,20.9,87.0
76363,293,17.2,16.5,15.952238805970149,10.2,0.0,8.0,86.0
77263,293,17.2,16.5,15.993650793650792,10.1,0.0,11.3,86.0
78163,293,17.11076923076923,16.5,15.8125,10.0,0.0,6.4,87.0
79063,293,17.1,16.5,15.8,9.9,0.0,6.4,88.0
79963,293,17.021538461538462,16.5,15.8,10.1,0.0,9.7,87.0
80863,293,17.07205882352941,16.5,15.883582089552238,10.0,0.0,8.0,88.0
81763,293,18.06176470588236,16.77857142857143,16.294285714285714,10.0,0.0,11.3,88.0
82663,293,18.57391304347826,17.0,16.36764705882353,9.6,0.0,11.3,92.0
83563,293,18.15571428571429,17.0,16.3,9.6,0.0,14.5,93.0
84463,293,17.854545454545452,16.73913043478261,16.130434782608695,9.4,0.0,11.3,92.0
85363,293,17.621875,16.5,16.0,9.6,0.0,17.7,91.0
86263,293,17.42205882352941,16.5,16.0,9.5,0.0,19.3,90.0
763,294,17.22714285714286,16.5,16.0,9.7,0.0,24.1,88.0
1663,294,17.130000000000003,16.5,16.0,9.8,0.0,22.5,88.0
2563,294,17.1,16.5,16.0,9.6,0.0,24.1,89.0
3463,294,17.1,16.5,16.0,9.4,0.0,27.4,90.0
4363,294,17.1,16.5,16.0,9.3,0.0,29.0,91.0
5263,294,17.1,16.5,15.945454545454549,9.3,0.0,24.1,91.0
6163,294,17.1,16.5,15.821875,9.4,0.0,24.1,92.0
7063,294,17.083098591549295,16.5,15.8,9.5,0.0,20.9,93.0
7963,294,17.01044776119403,16.5,15.8,9.5,0.0,19.3,93.0
8863,294,17.0,16.5,15.8,9.3,0.0,20.9,95.0
9763,294,17.0,16.5,15.8,9.3,0.0,19.3,94.0
10663,294,17.0,16.5,15.8,9.2,0.0,19.3,95.0
11563,294,17.0,16.5,15.8,9.2,0.0,14.5,96.0
12463,294,16.953731343283582,16.5,15.8,9.4,0.0,12.9,96.0
13363,294,16.9,16.5,15.8,9.4,0.0,11.3,95.0
14263,294,16.9,16.5,15.8,9.1,0.0,6.4,96.0
15163,294,16.9,16.5,15.8,9.0,0.0,3.2,96.0
16063,294,16.9,16.5,15.79189189189189,9.2,0.0,8.0,97.0
16963,294,16.9,16.5,15.672727272727272,9.2,0.0,9.7,97.0
17863,294,16.805797101449276,16.442857142857143,15.5,9.3,0.0,11.3,97.0
18763,294,16.8,16.20634920634921,15.5,9.3,0.0,12.9,96.0
19663,294,17.84558823529412,16.51492537313433,16.026865671641794,9.2,0.0,11.3,96.0
20563,294,17.092537313432835,16.5,15.818181818181818,9.1,0.0,11.3,96.0
21463,294,17.071641791044776,16.208955223880597,15.550746268656717,9.2,0.0,9.7,96.0
22363,294,17.131818181818183,16.0,15.363013698630136,9.5,0.0,8.0,96.0
23263,294,17.056923076923077,16.0,15.5,9.8,0.0,8.0,94.0
24163,294,17.0,16.0,15.5,9.3,0.0,8.0,95.0
25063,294,16.907246376811592,16.0,15.5,9.4,0.0,12.9,94.0
25963,294,16.86268656716418,16.0,15.5,10.7,0.0,17.7,90.0
26863,294,16.8,16.0,15.5,10.2,0.0,11.3,92.0
27763,294,16.75294117647059,16.0,15.5,9.9,0.0,9.7,93.0
28663,294,16.7,16.0,15.5,9.6,0.0,9.7,95.0
29563,294,16.7,16.0,15.5,9.6,7.0,11.3,96.0
30463,294,16.7,16.0,15.5,9.6,16.0,9.7,96.0
31363,294,16.7,16.0,15.5,9.5,15.0,9.7,96.0
32263,294,16.7,16.0,15.5,9.7,30.0,12.9,96.0
33163,294,16.7,16.0,15.5,10.0,42.0,12.9,95.0
34063,294,16.7,16.0,15.5,10.4,67.0,17.7,93.0
34963,294,16.736363636363638,16.0,15.5,10.7,62.0,14.5,92.0
35863,294,16.8,16.0,15.5,10.9,62.0,14.5,91.0
36763,294,16.8,16.0,15.5,11.1,120.0,16.1,90.0
37663,294,16.8,16.0,15.5,11.3,118.0,17.7,89.0
38563,294,16.8,16.0,15.5,11.8,76.0,19.3,87.0
39463,294,16.8,16.0,15.5,11.7,111.0,19.3,86.0
40363,294,16.8,16.0,15.5,11.8,192.0,16.1,86.0
41263,294,16.805882352941175,16.0,15.545205479452054,11.8,202.0,22.5,86.0
42163,294,16.82089552238806,16.0,15.552702702702703,12.4,311.0,22.5,85.0
43063,294,16.8,16.0,15.5,12.2,104.0,20.9,84.0
43963,294,16.8,16.0,15.5,12.1,142.0,24.1,84.0
44863,294,16.80625,16.0,15.5,12.4,162.0,22.5,83.0
45763,294,16.9,16.0,15.504285714285714,12.4,144.0,22.5,83.0
46663,294,16.9,16.0,15.504285714285714,12.4,146.0,20.9,83.0
47563,294,16.9,16.0,15.5,12.2,171.0,20.9,84.0
48463,294,16.889855072463767,16.0,15.5,12.9,241.0,27.4,82.0
49363,294,16.8,16.0,15.5,13.4,408.0,25.7,82.0
50263,294,16.8,16.0,15.5,12.9,221.0,22.5,83.0
51163,294,,,,12.9,176.0,22.5,83.0
52063,294,16.8,16.0,15.5,12.7,206.0,20.9,84.0
52963,294,16.8,16.0,15.5,12.7,158.0,17.7,84.0
53863,294,16.8,16.0,15.5,12.6,116.0,17.7,84.0
54763,294,16.8,16.0,15.5,12.6,111.0,17.7,84.0
55663,294,16.8,16.0,15.5,12.6,72.0,16.1,84.0
56563,294,16.796774193548387,16.0,15.504411764705882,12.4,59.0,16.1,84.0
57463,294,17.057627118644067,16.404761904761905,15.795238095238096,12.6,111.0,17.7,84.0
58363,294,17.0875,16.49206349206349,15.8,12.6,84.0,17.7,85.0
59263,294,16.966666666666665,16.123076923076923,15.546153846153846,12.4,77.0,16.1,86.0
60163,294,16.88307692307692,16.0,15.5,11.9,35.0,14.5,87.0
61063,294,16.8,16.0,15.5,11.7,39.0,11.3,89.0
61963,294,16.71363636363636,16.0,15.5,11.6,42.0,14.5,89.0
62863,294,16.7,16.0,15.441666666666666,11.4,25.0,9.7,90.0
63763,294,16.604444444444447,16.0,15.308510638297872,11.3,16.0,8.0,90.0
64663,294,16.6,16.0,15.3,11.2,0.0,6.4,90.0
65563,294,16.6,16.0,15.3,11.1,0.0,3.2,91.0
66463,294,,,,10.8,0.0,1.6,91.0
67363,294,,,,10.6,0.0,4.8,93.0
68263,294,,,,10.2,0.0,0.0,93.0
69163,294,16.5,16.0,15.3,9.8,0.0,0.0,93.0
70063,294,16.5,16.0,15.3,9.7,0.0,0.0,95.0
70963,294,16.5,16.0,15.3,9.7,0.0,0.0,95.0
71863,294,16.5,16.0,15.3,9.8,0.0,0.0,95.0
72763,294,16.5,16.0,15.3,9.7,0.0,0.0,95.0
73663,294,16.5,16.0,15.3,9.7,0.0,0.0,96.0
74563,294,16.53658536585366,16.0,15.415,9.8,0.0,1.6,96.0
75463,294,16.676923076923078,16.0,15.5,9.9,0.0,0.0,95.0
76363,294,16.611363636363638,16.0,15.5,10.1,0.0,1.6,95.0
77263,294,16.6,16.0,15.5,10.2,0.0,1.6,94.0
78163,294,16.6,16.0,15.5,10.3,0.0,4.8,94.0
79063,294,16.525757575757574,16.0,15.5,10.3,0.0,4.8,94.0
79963,294,16.5,16.0,15.49705882352941,10.3,0.0,4.8,94.0
80863,294,16.556944444444447,16.0,15.5,10.3,0.0,8.0,94.0
81763,294,16.5,16.0,15.496428571428572,10.3,0.0,8.0,94.0
82663,294,16.5,16.0,15.340625,10.2,0.0,8.0,95.0
83563,294,16.5,16.0,15.3,10.2,0.0,8.0,95.0
84463,294,16.489705882352943,16.0,15.3,10.2,0.0,8.0,95.0
85363,294,16.4,16.0,15.3,10.2,0.0,8.0,96.0
86263,294,16.479710144927537,16.0,15.33235294117647,10.2,0.0,8.0,96.0
763,295,16.5,16.0,15.32941176470588,10.1,0.0,8.0,97.0
1663,295,16.5,16.0,15.317391304347826,10.1,0.0,8.0,97.0
2563,295,16.5,16.0,15.325714285714287,10.1,0.0,6.4,97.0
3463,295,16.5,16.0,15.318181818181818,10.2,0.0,6.4,97.0
4363,295,16.5,16.0,15.324561403508772,10.2,0.0,8.0,97.0
5263,295,16.5,16.0,15.305714285714284,10.2,0.0,8.0,97.0
6163,295,16.5,16.0,15.3,10.1,0.0,11.3,97.0
7063,295,16.5,16.0,15.3,9.9,0.0,12.9,96.0
7963,295,16.5,16.0,15.3,9.8,0.0,12.9,96.0
8863,295,16.5,16.0,15.3,9.8,0.0,11.3,96.0
9763,295,16.5,16.0,15.3,9.8,0.0,11.3,96.0
10663,295,16.495652173913044,16.0,15.3,9.8,0.0,12.9,96.0
11563,295,16.414492753623186,16.0,15.3,9.8,0.0,11.3,96.0
12463,295,16.4,16.0,15.3,9.9,0.0,12.9,96.0
13363,295,16.4,16.0,15.3,9.8,0.0,12.9,96.0
14263,295,16.4,16.0,15.3,9.7,0.0,12.9,96.0
15163,295,16.4,16.0,15.3,9.7,0.0,14.5,97.0
16063,295,16.4,16.0,15.3,9.6,0.0,15.3,96.0
16963,295,16.4,16.0,15.3,9.6,0.0,17.7,96.0
17863,295,16.347058823529412,16.0,15.3,9.6,0.0,17.7,95.0
18763,295,16.3,16.0,15.3,9.6,0.0,16.9,95.0
19663,295,16.3,16.0,15.3,9.5,0.0,19.3,94.0
20563,295,16.3,16.0,15.3,9.5,0.0,17.7,94.0
21463,295,16.3,16.0,15.3,9.6,0.0,17.7,93.0
22363,295,16.3,16.0,15.3,9.6,0.0,19.3,93.0
23263,295,16.3,16.0,15.3,9.5,0.0,20.9,93.0
24163,295,16.275,16.0,15.3,9.4,0.0,20.9,94.0
25063,295,16.2,16.0,15.3,9.6,0.0,22.5,94.0
25963,295,16.2,16.0,15.3,9.6,0.0,22.5,94.0
26863,295,16.316666666666666,16.0,15.3,9.6,0.0,20.9,94.0
27763,295,16.29285714285714,16.0,15.308955223880597,9.6,0.0,19.3,94.0
28663,295,16.154545454545453,16.0,15.3,9.7,0.0,20.9,94.0
29563,295,16.027941176470588,16.0,15.3,9.7,5.0,20.9,94.0
30463,295,15.965217391304346,15.985714285714286,15.094285714285714,9.8,9.0,19.3,94.0
31363,295,15.9,15.66153846153846,15.0,9.8,16.0,17.7,94.0
32263,295,15.9,15.5,15.0,9.8,12.0,20.9,93.0
33163,295,15.9,15.5,15.0,9.9,18.0,17.7,93.0
34063,295,15.9,15.5,15.0,10.1,39.0,17.7,92.0
34963,295,15.886956521739132,15.5,15.0,10.2,44.0,19.3,92.0
35863,295,15.8,15.5,15.0,10.3,56.0,19.3,92.0
36763,295,15.8,15.5,15.0,10.4,47.0,19.3,92.0
37663,295,15.8,15.5,15.0,10.4,67.0,20.9,92.0
38563,295,15.8,15.5,14.993939393939394,10.6,79.0,20.9,92.0
39463,295,15.737142857142857,15.5,14.985074626865671,10.7,148.0,20.9,92.0
40363,295,15.646031746031747,15.5,14.809677419354838,11.1,107.0,22.5,90.0
41263,295,15.615384615384617,15.5,14.8,11.2,285.0,22.5,90.0
42163,295,15.7,15.5,14.8,11.6,271.0,20.9,87.0
43063,295,15.773529411764708,15.5,14.8,12.2,448.0,25.7,84.0
43963,295,15.8,15.5,14.826470588235292,12.2,282.0,20.9,85.0
44863,295,15.89402985074627,15.5,14.805797101449276,12.7,369.0,20.9,82.0
45763,295,15.9,15.5,14.919402985074626,12.7,385.0,22.5,81.0
46663,295,15.9,15.5,14.817910447761191,13.1,483.0,24.1,81.0
47563,295,15.9,15.5,14.8,13.0,443.0,25.7,80.0
48463,295,15.9,15.5,14.8,12.7,174.0,25.7,81.0
49363,295,15.891304347826088,15.5,14.8,12.1,103.0,24.1,83.0
50263,295,15.751470588235293,15.5,14.8,11.8,181.0,24.1,85.0
51163,295,15.794202898550726,34.014925373134325,26.670149253731346,11.7,155.0,25.7,84.0
52063,295,16.622388059701493,47.082089552238806,44.34328358208956,11.6,162.0,24.1,84.0
52963,295,17.438805970149254,49.225352112676056,44.709859154929575,11.7,185.0,25.7,83.0
53863,295,18.3887323943662,54.465277777777786,51.14722222222223,11.9,185.0,20.9,83.0
54763,295,19.09295774647888,39.8984375,37.1046875,11.9,139.0,19.3,83.0
55663,295,19.272058823529413,27.669117647058822,24.933823529411764,11.7,146.0,24.1,82.0
56563,295,19.115625,22.73880597014925,21.0268656716418,11.4,39.0,24.1,82.0
57463,295,18.866153846153846,20.44202898550725,19.379710144927536,11.1,116.0,22.5,83.0
58363,295,18.56779661016949,18.966666666666665,18.35,11.2,63.0,24.1,82.0
59263,295,18.243859649122808,18.07272727272727,17.60909090909091,11.0,54.0,25.7,83.0
60163,295,18.03636363636364,32.93478260869565,28.25797101449276,10.6,37.0,25.7,83.0
61063,295,18.27413793103448,55.310344827586206,48.88275862068966,10.5,33.0,24.1,84.0
61963,295,18.9025,56.144444444444446,51.74,10.4,18.0,20.9,84.0
62863,295,19.478571428571428,56.40677966101695,51.82881355932203,10.0,12.0,22.5,86.0
63763,295,20.01475409836065,56.642857142857146,52.95285714285715,9.8,7.0,20.9,86.0
64663,295,20.55555555555556,56.9927536231884,53.29565217391304,9.5,0.0,24.1,86.0
65563,295,20.978125,56.992537313432834,53.329850746268654,9.3,0.0,24.1,87.0
66463,295,21.298507462686565,56.5,52.936231884057975,9.0,0.0,20.9,88.0
67363,295,21.4027397260274,54.230769230769226,50.27692307692308,8.8,0.0,22.5,88.0
68263,295,21.52941176470588,56.32089552238806,52.64477611940298,8.7,0.0,17.7,89.0
69163,295,21.56031746031746,40.6031746031746,36.78730158730159,8.7,0.0,22.5,87.0
70063,295,21.361194029850743,28.911290322580648,26.14516129032258,8.7,0.0,20.9,87.0
70963,295,21.0234375,24.2109375,22.371875,8.7,0.0,17.7,86.0
71863,295,20.647142857142857,21.68548387096774,20.441935483870967,8.7,0.0,22.5,85.0
72763,295,20.243939393939392,20.2,19.366153846153846,8.6,0.0,20.9,84.0
73663,295,19.87272727272727,19.311475409836067,18.64754098360656,8.4,0.0,24.1,83.0
74563,295,19.574242424242424,18.727272727272727,18.12727272727273,8.2,0.0,22.5,83.0
75463,295,19.282857142857143,18.359375,17.7859375,7.9,0.0,20.9,83.0
76363,295,19.0125,18.0,17.472727272727273,7.7,0.0,20.9,83.0
77263,295,18.81449275362319,17.90909090909091,17.3,7.7,0.0,17.7,81.0
78163,295,18.64776119402985,18.404761904761905,17.63968253968254,7.7,0.0,16.1,81.0
79063,295,18.665079365079364,39.90769230769231,33.10769230769231,7.3,0.0,16.1,81.0
79963,295,19.112121212121213,28.40151515151515,28.31515151515152,7.4,0.0,17.7,81.0
80863,295,20.19142857142857,23.6484375,22.9609375,7.2,0.0,14.5,82.0
81763,295,19.55396825396825,21.141666666666666,20.42333333333333,7.1,0.0,11.3,82.0
82663,295,19.29264705882353,19.67391304347825,19.13188405797101,7.0,0.0,14.5,84.0
83563,295,19.01076923076923,18.828358208955223,18.432835820895523,7.0,0.0,12.9,84.0
84463,295,18.79090909090909,18.35384615384616,17.895384615384614,7.0,0.0,12.9,85.0
85363,295,18.59375,18.0,17.526865671641794,7.0,0.0,14.5,85.0
86263,295,18.438235294117646,17.713235294117645,17.29558823529412,7.1,0.0,12.9,85.0
763,296,18.304615384615385,17.5,17.009090909090908,7.3,0.0,11.3,85.0
1663,296,18.183333333333334,17.5,16.87462686567164,7.5,0.0,11.3,86.0
2563,296,18.09285714285714,17.44927536231884,16.8,7.7,0.0,11.3,86.0
3463,296,18.0,17.0,16.562686567164178,7.7,0.0,12.9,86.0
4363,296,17.930769230769233,17.0,16.5,7.7,0.0,9.7,86.0
5263,296,17.866666666666667,17.0,16.44857142857143,7.9,0.0,11.3,87.0
6163,296,17.8,17.0,16.3,8.2,0.0,6.4,88.0
7063,296,17.772058823529413,17.0,16.3,8.6,0.0,11.3,88.0
7963,296,17.7,17.0,16.3,8.7,0.0,12.9,88.0
8863,296,17.676470588235293,17.0,16.091935483870966,8.7,0.0,9.7,87.0
9763,296,17.6,16.72142857142857,16.0,8.6,0.0,9.7,87.0
10663,296,17.581818181818182,16.5,16.0,8.6,0.0,8.0,86.0
11563,296,17.5,16.5,16.0,8.7,0.0,9.7,85.0
12463,296,17.5,16.5,15.997101449275362,8.8,0.0,8.0,84.0
13363,296,17.42028985507246,16.5,15.84927536231884,8.9,0.0,6.4,83.0
14263,296,17.4,16.5,15.8,9.1,0.0,9.7,83.0
15163,296,17.4,16.5,15.8,8.8,0.0,11.3,84.0
16063,296,17.3015625,16.5,15.8,8.7,0.0,12.9,87.0
16963,296,17.3,16.5,15.8,8.9,0.0,12.9,86.0
17863,296,17.264788732394365,16.5,15.8,9.4,0.0,16.1,87.0
18763,296,17.2,16.5,15.8,9.7,0.0,19.3,87.0
19663,296,17.2,16.5,15.728358208955225,9.8,0.0,20.9,87.0
20563,296,17.11904761904762,16.5,15.50909090909091,9.6,0.0,19.3,88.0
21463,296,17.1,16.5,15.5,9.7,0.0,22.5,88.0
22363,296,17.083076923076923,16.378571428571426,15.5,9.9,0.0,22.5,87.0
23263,296,17.008928571428573,16.21818181818182,15.505454545454546,10.2,0.0,22.5,87.0
24163,296,17.78153846153846,16.553846153846155,15.823076923076922,10.4,0.0,22.5,87.0
25063,296,18.34705882352941,17.0,16.380000000000003,10.8,0.0,22.5,87.0
25963,296,17.916666666666664,17.0,16.227272727272727,10.9,0.0,25.7,87.0
26863,296,17.780597014925373,16.74264705882353,16.0,11.2,0.0,24.1,88.0
27763,296,17.653125,16.5,16.0,11.4,0.0,24.1,88.0
28663,296,17.46865671641791,16.5,15.866666666666664,11.5,0.0,22.5,88.0
29563,296,17.34090909090909,16.5,15.8,11.6,0.0,22.5,88.0
30463,296,17.25735294117647,16.5,15.8,11.4,0.0,17.7,89.0
31363,296,17.2,16.5,15.604545454545454,11.4,11.0,17.7,90.0
32263,296,17.151612903225807,16.492753623188406,15.5,10.8,12.0,11.3,92.0
33163,296,17.1,16.333333333333336,15.5,10.9,21.0,3.2,92.0
34063,296,17.09402985074627,16.022058823529413,15.5,11.3,49.0,6.4,91.0
34963,296,17.0044776119403,16.0,15.5,11.3,67.0,3.2,91.0
35863,296,17.0,16.0,15.5,11.8,70.0,6.4,91.0
36763,296,17.0,16.0,15.5,12.1,49.0,6.4,91.0
37663,296,17.0,16.0,15.5,12.5,72.0,4.8,90.0
38563,296,17.0,16.0,15.5,12.9,96.0,11.3,89.0
39463,296,17.0,16.0,15.496428571428572,13.4,126.0,25.7,87.0
40363,296,17.0,16.0,15.42962962962963,13.6,153.0,30.6,86.0
41263,296,17.0,16.0,15.32153846153846,13.7,158.0,27.4,86.0
42163,296,17.0,16.0,15.3,13.6,128.0,29.0,86.0
43063,296,16.961194029850745,16.0,15.3,13.5,123.0,22.5,87.0
43963,296,16.9,16.0,15.3,13.5,90.0,20.9,87.0
44863,296,16.90597014925373,16.0,15.3,13.5,183.0,22.5,87.0
45763,296,16.988235294117647,16.0,15.3,13.6,111.0,22.5,87.0
46663,296,17.0,16.0,15.3,13.4,97.0,16.1,88.0
47563,296,17.0,16.0,15.3,13.4,162.0,20.9,89.0
48463,296,17.0,16.0,15.3,13.8,225.0,22.5,88.0
49363,296,16.964179104477612,16.0,15.3,13.8,141.0,20.9,88.0
50263,296,16.9,16.0,15.3,15.2,192.0,19.3,84.0
51163,296,16.9,16.0,15.3,15.4,243.0,17.7,84.0
52063,296,16.9,16.0,15.3,15.0,125.0,20.9,84.0
52963,296,16.9,16.0,15.3,14.7,44.0,19.3,85.0
53863,296,16.9,16.0,15.3,14.0,49.0,16.1,88.0
54763,296,16.9,16.0,15.3,13.9,56.0,20.9,87.0
55663,296,16.9,16.0,15.3,14.0,72.0,17.7,85.0
56563,296,16.838461538461537,16.0,15.3,14.1,67.0,17.7,84.0
57463,296,16.8,16.0,15.3,13.9,44.0,19.3,82.0
58363,296,16.8,16.0,15.3,13.9,37.0,19.3,80.0
59263,296,16.8,16.0,15.3,13.9,53.0,12.9,84.0
60163,296,16.8,16.0,15.3,13.8,25.0,19.3,83.0
61063,296,16.8,16.0,15.3,13.6,14.0,16.1,83.0
61963,296,16.8,16.0,15.395890410958904,13.4,12.0,12.9,84.0
62863,296,16.8,16.0,15.5,13.3,12.0,14.5,85.0
63763,296,16.8,16.0,15.5,13.3,8.0,17.7,84.0
64663,296,16.828301886792453,16.0,15.5,13.1,0.0,14.5,85.0
65563,296,16.831818181818182,16.0,15.5,13.1,0.0,17.7,85.0
66463,296,16.803174603174604,16.0,15.5,13.2,0.0,19.3,84.0
67363,296,16.847058823529412,16.0,15.5,12.9,0.0,16.1,86.0
68263,296,16.9,16.0,15.5,12.8,0.0,16.1,86.0
69163,296,16.9,16.52238805970149,15.616417910447762,12.8,0.0,17.7,87.0
70063,296,16.907246376811592,27.809523809523807,22.00952380952381,12.7,0.0,19.3,87.0
70963,296,17.2953125,46.4179104477612,39.45820895522388,12.8,0.0,19.3,88.0
71863,296,18.13230769230769,55.92537313432835,51.60149253731343,12.1,0.0,16.1,92.0
72763,296,18.99857142857143,54.42028985507246,51.34927536231884,11.7,0.0,16.1,92.0
73663,296,19.558823529411764,49.34558823529412,47.504411764705885,11.4,0.0,14.5,92.0
74563,296,19.86338028169014,33.15151515151515,29.7030303030303,10.9,0.0,11.3,92.0
75463,296,19.858823529411765,25.65625,23.0890625,10.6,0.0,16.1,92.0
76363,296,19.656338028169014,23.69047619047619,21.928571428571427,10.4,0.0,19.3,91.0
77263,296,19.530645161290323,46.13953488372093,40.98139534883721,10.4,0.0,19.3,90.0
78163,296,19.7,34.72727272727273,31.45,10.3,0.0,14.5,91.0
79063,296,19.67142857142857,25.3875,22.865,10.1,0.0,14.5,93.0
79963,296,19.56,22.30597014925373,20.735820895522387,10.4,0.0,19.3,91.0
80863,296,19.49230769230769,20.49206349206349,19.41746031746032,10.6,0.0,19.3,90.0
81763,296,19.34603174603175,19.15151515151515,18.23181818181818,10.6,0.0,20.9,90.0
82663,296,19.11714285714286,18.424242424242426,17.687878787878788,10.5,0.0,19.3,89.0
83563,296,18.88688524590164,18.0,17.336666666666666,10.6,0.0,19.3,89.0
84463,296,18.65757575757576,17.6015625,17.0328125,10.4,0.0,14.5,89.0
85363,296,18.463380281690142,17.5,16.846875,10.4,0.0,12.9,89.0
86263,296,18.33235294117647,17.47761194029851,16.764179104477613,10.3,0.0,14.5,89.0
763,297,18.18358208955224,17.014492753623188,16.5,10.4,0.0,17.7,88.0
1663,297,18.094202898550726,17.0,16.5,10.6,0.0,17.7,85.0
2563,297,18.0,17.0,16.381159420289855,10.7,0.0,17.7,84.0
3463,297,17.928571428571427,17.0,16.3,10.1,0.0,16.1,86.0
4363,297,17.87794117647059,17.0,16.3,10.2,0.0,17.7,85.0
5263,297,17.8,17.0,16.3,10.6,0.0,17.7,83.0
6163,297,17.7955223880597,17.0,16.130434782608695,10.4,0.0,16.1,83.0
7063,297,17.701470588235292,16.953125,16.0375,9.9,0.0,12.9,85.0
7963,297,17.7,17.0,16.214285714285715,9.9,0.0,14.5,84.0
8863,297,17.673913043478258,16.964285714285715,16.047142857142855,10.2,0.0,17.7,82.0
9763,297,17.6,16.59558823529412,16.0,10.3,0.0,19.3,83.0
10663,297,17.6,16.5,16.0,10.3,0.0,19.3,81.0
11563,297,17.535384615384615,16.5,16.0,10.2,0.0,16.1,81.0
12463,297,17.5,16.5,16.0,10.1,0.0,16.1,81.0
13363,297,17.5,16.5,16.0,10.0,0.0,16.1,80.0
14263,297,17.497014925373133,16.5,16.0,10.1,0.0,20.9,80.0
15163,297,17.4,16.5,16.0,10.7,0.0,22.5,77.0
16063,297,17.4,16.5,16.0,10.6,0.0,20.9,76.0
16963,297,17.4,16.5,15.997222222222224,10.7,0.0,19.3,74.0
17863,297,17.39558823529412,16.5,15.970149253731345,10.6,0.0,17.7,81.0
18763,297,17.30289855072464,16.5,15.855072463768115,10.7,0.0,20.9,85.0
19663,297,17.3,16.5,15.808955223880597,10.9,0.0,24.1,83.0
20563,297,17.3,16.5,15.8,11.3,0.0,25.7,81.0
21463,297,17.3,16.5,15.8,11.2,0.0,22.5,78.0
22363,297,17.273134328358207,16.5,15.8,10.9,0.0,19.3,84.0
23263,297,17.2,16.5,15.8,10.4,0.0,22.5,87.0
24163,297,17.22352941176471,16.5,15.847761194029852,10.3,0.0,19.3,88.0
25063,297,18.230882352941176,16.833333333333336,16.259420289855072,10.7,0.0,16.1,87.0
25963,297,17.705797101449274,17.0,16.49142857142857,10.7,0.0,9.7,87.0
26863,297,17.8,17.0,16.3,11.1,0.0,12.9,87.0
27763,297,17.737704918032787,16.954545454545453,16.259090909090908,11.2,0.0,25.7,86.0
28663,297,17.625,16.52173913043478,16.0,11.6,0.0,33.8,85.0
29563,297,17.51212121212121,16.5,16.0,11.6,0.0,30.6,87.0
30463,297,17.4044776119403,16.5,16.0,11.6,0.0,29.0,88.0
31363,297,17.330303030303032,16.5,16.0,11.4,7.0,32.2,90.0
32263,297,17.3,16.5,15.974647887323943,11.2,16.0,27.4,91.0
33163,297,17.24264705882353,16.5,15.820289855072463,11.0,33.0,32.2,92.0
34063,297,17.2,16.5,15.8,11.1,25.0,27.4,90.0
34963,297,17.2,16.5,15.8,11.3,25.0,29.0,90.0
35863,297,17.2,16.5,15.8,11.2,49.0,24.1,92.0
36763,297,17.2,16.5,15.8,11.3,77.0,32.2,91.0
37663,297,17.2,16.5,15.8,11.6,81.0,30.6,90.0
38563,297,17.2,16.5,15.8,11.9,93.0,29.0,90.0
39463,297,17.2,16.5,15.8,12.3,72.0,25.7,90.0
40363,297,17.2,16.5,15.8,12.4,149.0,24.1,91.0
41263,297,17.18064516129032,16.5,15.8,12.9,130.0,25.7,89.0
42163,297,17.1,16.5,15.8,13.2,132.0,27.4,88.0
43063,297,17.1,16.5,15.8,13.1,213.0,30.6,89.0
43963,297,17.1,16.5,15.8,13.2,121.0,24.1,89.0
44863,297,17.1,16.5,15.8,13.1,49.0,19.3,90.0
45763,297,17.1,16.5,15.8,12.8,84.0,17.7,92.0
46663,297,17.1,16.5,15.8,13.1,128.0,22.5,90.0
47563,297,17.1,16.5,15.8,13.1,162.0,20.9,89.0
48463,297,17.1,16.5,15.8,14.0,399.0,20.9,85.0
49363,297,17.1,16.5,15.8,13.3,88.0,20.9,83.0
50263,297,17.1,16.484615384615385,15.8,13.4,327.0,22.5,84.0
51163,297,17.1,16.441176470588236,15.8,13.2,139.0,20.9,83.0
52063,297,17.03181818181818,16.388059701492537,15.8,12.7,111.0,20.9,84.0
52963,297,17.0,16.214285714285715,15.782857142857145,12.6,109.0,19.3,84.0
53863,297,17.0,16.136363636363637,15.645454545454546,12.6,77.0,19.3,83.0
54763,297,17.0,16.015873015873016,15.54285714285714,12.8,100.0,16.1,83.0
55663,297,16.95072463768116,16.007246376811594,15.5,12.7,67.0,19.3,84.0
56563,297,16.9,16.0,15.5,12.5,74.0,22.5,84.0
57463,297,16.9,16.0,15.5,12.2,69.0,22.5,84.0
58363,297,16.9,16.0,15.5,12.1,58.0,24.1,85.0
59263,297,16.88550724637681,16.0,15.5,11.9,39.0,20.9,85.0
60163,297,16.80161290322581,16.0,15.5,11.7,26.0,20.9,84.0
61063,297,16.808955223880595,24.022058823529413,19.55588235294117,11.7,16.0,25.7,83.0
61963,297,17.36056338028169,49.523809523809526,44.855555555555554,11.6,16.0,22.5,83.0
62863,297,18.446296296296296,51.5,50.90357142857143,11.6,11.0,25.7,83.0
63763,297,19.40597014925373,52.4016393442623,51.101639344262296,11.6,0.0,27.4,85.0
64663,297,20.156923076923075,55.526315789473685,51.12105263157895,11.6,0.0,29.0,84.0
65563,297,20.857142857142858,56.777777777777786,52.03809523809524,11.3,0.0,22.5,86.0
66463,297,21.416129032258063,56.94444444444444,52.28095238095239,11.2,0.0,22.5,85.0
67363,297,21.823880597014927,56.9758064516129,52.322580645161295,11.2,0.0,20.9,85.0
68263,297,21.877777777777776,53.34375,49.7390625,11.0,0.0,11.3,86.0
69163,297,21.876470588235293,56.68656716417911,51.77611940298508,10.9,0.0,12.9,85.0
70063,297,22.04,57.03731343283582,52.82388059701492,11.0,0.0,12.9,85.0
70963,297,22.20441176470588,57.31818181818181,52.9,11.0,0.0,16.1,84.0
71863,297,22.361538461538466,56.24626865671642,52.44328358208956,11.2,0.0,24.1,78.0
72763,297,22.34107142857143,39.0,35.03859649122807,11.2,0.0,24.1,76.0
73663,297,22.04769230769231,29.18032786885246,26.06885245901639,11.2,0.0,24.1,72.0
74563,297,21.75,24.66935483870968,22.706451612903223,11.3,0.0,25.7,72.0
75463,297,21.37794117647059,22.015625,20.834375,11.1,0.0,25.7,74.0
76363,297,21.006153846153847,20.63492063492064,19.83809523809524,11.0,0.0,27.4,75.0
77263,297,21.277941176470588,20.5,20.152380952380952,10.9,0.0,27.4,75.0
78163,297,21.153125,20.140625,20.075,10.9,0.0,25.7,75.0
79063,297,20.65909090909091,19.408450704225352,19.02676056338028,10.6,0.0,22.5,78.0
79963,297,20.303125,19.0,18.40952380952381,10.6,0.0,22.5,79.0
80863,297,20.003076923076925,18.51492537313433,18.076119402985075,10.5,0.0,24.1,80.0
81763,297,19.755384615384617,18.5,17.856666666666666,10.4,0.0,25.7,82.0
82663,297,19.54615384615385,18.31060606060606,17.8,10.0,0.0,22.5,84.0
83563,297,19.37462686567164,18.0,17.594285714285714,9.9,0.0,25.7,84.0
84463,297,19.2546875,18.0,17.5,10.1,0.0,27.4,85.0
85363,297,19.13846153846153,18.0,17.41076923076923,10.0,0.0,22.5,86.0
86263,297,19.034375,18.0,17.3,10.1,0.0,22.5,86.0
763,298,18.965671641791044,17.928571428571427,17.247619047619047,9.9,0.0,22.5,87.0
1663,298,18.9,17.522058823529413,17.0,10.0,0.0,24.1,87.0
2563,298,18.82205882352941,17.5,17.0,9.8,0.0,16.1,89.0
3463,298,18.77878787878788,17.5,17.0,10.4,0.0,27.4,85.0
4363,298,18.7,17.5,16.83235294117647,10.1,0.0,27.4,87.0
5263,298,18.67101449275362,17.5,16.8,9.8,0.0,24.1,89.0
6163,298,18.6,17.5,16.8,9.6,0.0,20.9,90.0
7063,298,18.595454545454547,17.5,16.8,9.4,0.0,25.7,90.0
7963,298,18.5,17.5,16.8,9.5,0.0,25.7,89.0
8863,298,18.5,17.5,16.741791044776118,9.5,0.0,27.4,88.0
9763,298,18.4453125,17.5,16.517391304347825,9.6,0.0,27.4,89.0
10663,298,18.4,17.5,16.5,9.6,0.0,29.0,89.0
11563,298,18.4,17.428571428571427,16.5,9.5,0.0,24.1,89.0
12463,298,18.356716417910448,17.06818181818182,16.5,9.5,0.0,24.1,90.0
13363,298,18.3,17.0,16.5,9.6,0.0,24.1,90.0
14263,298,18.3,17.0,16.5,9.5,0.0,20.9,89.0
15163,298,18.23235294117647,17.0,16.5,9.4,0.0,19.3,90.0
16063,298,18.2,17.0,16.5,9.6,0.0,19.3,90.0
16963,298,18.2,17.0,16.5,9.5,0.0,19.3,90.0
17863,298,18.17878787878788,17.0,16.49705882352941,9.4,0.0,16.1,90.0
18763,298,18.1,17.0,16.398507462686567,9.6,0.0,16.1,90.0
19663,298,18.1,17.0,16.312698412698413,9.8,0.0,25.7,89.0
20563,298,18.087878787878783,17.0,16.3,9.8,0.0,27.4,89.0
21463,298,18.0,17.0,16.3,9.9,0.0,25.7,89.0
22363,298,18.0,17.0,16.3,9.9,0.0,27.4,89.0
23263,298,18.0,17.0,16.4,9.8,0.0,25.7,88.0
24163,298,18.51311475409836,17.00735294117647,16.51764705882353,9.7,0.0,24.1,89.0
25063,298,19.16086956521739,17.5,16.833846153846153,9.7,0.0,25.7,88.0
25963,298,18.719047619047625,17.5,16.8,9.8,0.0,27.4,88.0
26863,298,18.466666666666665,17.276119402985074,16.513432835820897,9.9,0.0,25.7,88.0
27763,298,18.288235294117648,17.0,16.5,10.1,0.0,25.7,88.0
28663,298,18.16268656716418,17.0,16.5,10.1,0.0,24.1,88.0
29563,298,18.082857142857144,17.0,16.5,10.1,5.0,20.9,88.0
30463,298,18.0,17.0,16.5,10.1,12.0,24.1,88.0
31363,298,17.942647058823532,17.0,16.48787878787879,10.3,28.0,27.4,87.0
32263,298,17.9,17.0,16.338235294117645,10.4,19.0,29.0,86.0
33163,298,17.8530303030303,17.0,16.3,10.3,19.0,25.7,87.0
34063,298,17.8,17.0,16.3,10.1,28.0,19.3,87.0
34963,298,17.8,17.0,16.3,10.2,32.0,20.9,88.0
35863,298,17.8,17.0,16.3,10.3,40.0,20.9,88.0
36763,298,17.8,17.0,16.3,10.4,40.0,20.9,88.0
37663,298,17.8,17.0,16.3,10.8,33.0,24.1,85.0
38563,298,17.8,17.0,16.3,10.9,39.0,22.5,85.0
39463,298,17.8,17.0,16.3,11.0,148.0,25.7,84.0
40363,298,17.8,17.0,16.3,11.3,274.0,27.4,82.0
41263,298,17.8,17.0,16.3,11.6,315.0,25.7,82.0
42163,298,17.796969696969697,17.0,16.3,11.9,311.0,27.4,81.0
43063,298,17.7421875,17.0,16.3,11.9,70.0,24.1,80.0
43963,298,17.7,17.0,16.3,11.9,353.0,24.1,80.0
44863,298,17.7,17.0,16.3,12.3,369.0,22.5,79.0
45763,298,17.7,17.0,16.3,12.2,329.0,22.5,79.0
46663,298,17.7,17.0,16.3,12.6,360.0,29.0,78.0
47563,298,17.7,16.956521739130434,16.295652173913044,12.5,374.0,25.7,77.0
48463,298,17.644776119402984,16.724637681159418,16.23913043478261,12.8,352.0,22.5,77.0
49363,298,17.6,16.553846153846155,16.064615384615387,12.5,287.0,29.0,77.0
50263,298,17.6,16.514492753623188,16.004347826086956,12.4,298.0,29.0,77.0
51163,298,17.6,16.5,16.0,12.4,116.0,33.8,77.0
52063,298,17.6,16.5,16.0,12.3,77.0,29.0,77.0
52963,298,17.535384615384615,16.5,16.0,12.3,107.0,25.7,79.0
53863,298,17.5,16.5,16.0,12.1,70.0,27.4,80.0
54763,298,17.5,16.5,16.0,11.7,102.0,27.4,81.0
55663,298,17.5,16.5,16.0,11.8,74.0,27.4,80.0
56563,298,17.455223880597014,16.5,16.0,11.9,121.0,29.0,79.0
57463,298,17.4,16.5,16.0,11.8,83.0,27.4,79.0
58363,298,17.4,16.5,16.0,11.6,81.0,32.2,80.0
59263,298,17.38125,16.5,16.0,11.6,69.0,33.8,80.0
60163,298,17.3,16.5,16.0,11.3,44.0,30.6,82.0
61063,298,17.3,16.5,16.0,11.0,21.0,27.4,82.0
61963,298,17.3,16.5,16.0,10.9,14.0,27.4,82.0
62863,298,17.21875,16.5,15.983870967741936,10.8,11.0,27.4,82.0
63763,298,17.2,16.5,15.949253731343283,10.7,0.0,30.6,81.0
64663,298,17.2,16.5,15.992307692307694,10.7,0.0,30.6,82.0
65563,298,,,,10.7,0.0,33.8,82.0
66463,298,,,,10.6,0.0,32.2,83.0
67363,298,,,,10.4,0.0,25.7,84.0
68263,298,,,,10.3,0.0,29.0,85.0
69163,298,,,,10.2,0.0,25.7,85.0
70063,298,,,,10.4,0.0,27.4,85.0
70963,298,,,,10.3,0.0,27.4,87.0
71863,298,,,,10.3,0.0,24.1,86.0
72763,298,,,,10.3,0.0,29.0,86.0
73663,298,,,,10.3,0.0,29.0,85.0
74563,298,,,,10.3,0.0,27.4,84.0
75463,298,,,,10.4,0.0,29.0,84.0
76363,298,19.16875,19.0,18.214285714285715,10.4,0.0,29.0,85.0
77263,298,18.9910447761194,18.411764705882355,17.79705882352941,10.3,0.0,29.0,86.0
78163,298,18.66774193548387,17.6484375,17.1140625,10.4,0.0,27.4,85.0
79063,298,18.39508196721312,17.5,16.93015873015873,10.4,0.0,24.1,85.0
79963,298,18.21290322580645,17.5,16.846376811594205,10.3,0.0,24.1,85.0
80863,298,18.168115942028983,17.5,16.986666666666668,10.3,0.0,25.7,86.0
81763,298,18.083076923076923,17.213114754098363,16.750819672131147,10.3,0.0,29.0,86.0
82663,298,18.0,17.0,16.5,10.3,0.0,24.1,86.0
83563,298,17.902898550724636,17.0,16.5,10.2,0.0,24.1,86.0
84463,298,17.841176470588234,17.0,16.341269841269842,10.2,0.0,24.1,87.0
85363,298,17.8,17.0,16.3,10.2,0.0,22.5,87.0
86263,298,17.769841269841272,17.0,16.3,10.1,0.0,16.1,88.0
763,299,17.7,17.0,16.3,9.9,0.0,19.3,89.0
1663,299,17.7,17.0,16.295238095238098,9.9,0.0,24.1,88.0
2563,299,17.65396825396825,16.975409836065573,16.054098360655736,10.0,0.0,24.1,88.0
3463,299,17.6,16.723880597014926,16.0,10.1,0.0,19.3,88.0
4363,299,17.6,16.508196721311474,16.0,10.1,0.0,20.9,88.0
5263,299,17.575757575757574,16.5,16.0,10.2,0.0,27.4,88.0
6163,299,17.5,16.5,16.0,10.2,0.0,27.4,88.0
7063,299,17.5,16.5,16.0,10.2,0.0,24.1,89.0
7963,299,17.5,16.5,16.0,10.1,0.0,22.5,89.0
8863,299,,,,10.0,0.0,27.4,89.0
9763,299,,,,9.9,0.0,22.5,89.0
10663,299,,,,10.1,0.0,22.5,89.0
11563,299,,,,10.1,0.0,24.1,88.0
12463,299,,,,10.1,0.0,16.1,88.0
13363,299,,,,10.2,0.0,17.7,87.0
14263,299,,,,10.0,0.0,19.3,89.0
15163,299,,,,9.9,0.0,20.9,89.0
16063,299,,,,9.7,0.0,20.9,90.0
16963,299,,,,9.6,0.0,16.1,90.0
17863,299,,,,9.5,0.0,19.3,90.0
18763,299,,,,9.6,0.0,20.9,90.0
19663,299,17.2,16.5,15.8,9.6,0.0,20.9,91.0
20563,299,18.5515625,16.5546875,15.9984375,9.7,0.0,22.5,89.0
21463,299,17.413043478260867,16.634328358208954,16.073134328358208,9.6,0.0,19.3,89.0
22363,299,17.392307692307693,16.5,16.0,9.5,0.0,19.3,89.0
23263,299,17.35625,16.5,16.0,9.4,0.0,17.7,89.0
24163,299,17.275510204081634,16.5,16.0,9.7,0.0,22.5,88.0
25063,299,17.178571428571427,16.5,16.0,9.8,0.0,22.5,87.0
25963,299,17.228125,16.533898305084744,16.010169491525424,9.7,0.0,20.9,87.0
26863,299,17.363076923076925,16.52173913043478,16.004347826086956,9.7,0.0,19.3,87.0
27763,299,17.3,16.5,16.0,9.6,0.0,17.7,87.0
28663,299,17.213846153846156,16.5,16.0,9.5,0.0,16.1,87.0
29563,299,17.2,16.5,15.871641791044777,9.4,0.0,16.1,87.0
30463,299,17.119999999999997,16.5,15.8,9.6,14.0,19.3,88.0
31363,299,17.1,16.5,15.8,9.6,17.0,17.7,88.0
32263,299,17.094117647058823,16.5,15.8,9.9,21.0,20.9,87.0
33163,299,17.005797101449275,16.5,15.8,10.2,46.0,20.9,87.0
34063,299,17.0,16.5,15.8,10.1,39.0,20.9,87.0
34963,299,17.0,16.5,15.8,9.9,40.0,22.5,88.0
35863,299,17.0,16.5,15.8,10.1,79.0,19.3,87.0
36763,299,17.0,16.5,15.8,10.2,86.0,20.9,86.0
37663,299,17.0,16.5,15.8,10.3,88.0,20.9,86.0
38563,299,17.0,16.5,15.8,10.5,113.0,22.5,84.0
39463,299,17.0,16.5,15.8,10.6,111.0,22.5,85.0
40363,299,17.0,16.5,15.8,10.8,174.0,19.3,85.0
41263,299,16.94838709677419,16.476190476190474,15.8,10.9,137.0,20.9,84.0
42163,299,16.9,16.369230769230768,15.795384615384616,11.1,172.0,20.9,83.0
43063,299,16.9,16.231884057971016,15.682608695652174,11.3,179.0,17.7,83.0
43963,299,16.9,16.09285714285714,15.598571428571429,11.3,181.0,17.7,83.0
44863,299,16.9,16.00735294117647,15.522058823529411,11.5,144.0,17.7,83.0
45763,299,16.9,16.007692307692306,15.504615384615386,11.6,137.0,16.1,84.0
46663,299,16.9,16.0,15.5,11.6,186.0,14.5,84.0
47563,299,16.9,16.0,15.5,11.7,153.0,12.9,84.0
48463,299,16.884848484848483,16.0,15.5,11.4,225.0,19.3,81.0
49363,299,16.80142857142857,16.0,15.5,11.3,120.0,17.7,82.0
50263,299,16.8,16.0,15.5,11.4,116.0,17.7,82.0
51163,299,16.8,16.0,15.5,11.4,156.0,17.7,82.0
52063,299,16.8,16.0,15.5,11.7,128.0,16.1,81.0
52963,299,16.8,16.0,15.5,11.8,86.0,17.7,79.0
53863,299,16.8,16.0,15.5,11.8,69.0,17.7,78.0
54763,299,16.79848484848485,16.0,15.5,12.0,125.0,17.7,77.0
55663,299,16.719402985074627,16.0,15.5,12.1,88.0,17.7,77.0
56563,299,16.7,16.0,15.5,12.1,132.0,17.7,77.0
57463,299,16.7,16.0,15.5,12.0,44.0,12.9,78.0
58363,299,16.7,16.0,15.5,12.0,60.0,12.9,77.0
59263,299,16.62794117647059,16.0,15.5,12.0,69.0,16.1,77.0
60163,299,16.6,16.0,15.5,11.7,39.0,17.7,78.0
61063,299,16.6,16.0,15.5,11.4,21.0,19.3,78.0
61963,299,16.6,16.0,15.48181818181818,11.2,14.0,17.7,79.0
62863,299,16.52,16.0,15.395081967213116,10.9,9.0,17.7,80.0
63763,299,16.5,16.0,15.352777777777778,10.7,5.0,17.7,80.0
64663,299,16.5,16.0,15.4044776119403,10.3,0.0,16.1,81.0
65563,299,16.5,16.0,15.43,10.1,0.0,17.7,81.0
66463,299,16.5,16.0,15.4768115942029,9.9,0.0,14.5,82.0
67363,299,16.56,16.0,15.5,9.7,0.0,16.1,82.0
68263,299,16.6,16.0,15.5,9.6,0.0,12.9,82.0
69163,299,16.65897435897436,16.0,15.5,9.7,0.0,14.5,82.0
70063,299,16.70754716981132,16.0,15.5,9.5,0.0,12.9,83.0
70963,299,16.755555555555553,16.0,15.5,9.5,0.0,16.1,84.0
71863,299,16.7,16.0,15.5,9.4,0.0,16.1,84.0
72763,299,16.65671641791045,16.0,15.5,9.4,0.0,12.9,85.0
73663,299,16.6,16.0,15.5,9.6,0.0,17.7,85.0
74563,299,16.56290322580645,16.0,15.493846153846151,9.6,0.0,16.1,86.0
75463,299,16.5,16.0,15.356338028169016,9.6,0.0,14.5,86.0
76363,299,16.5,16.0,15.3,9.5,0.0,12.9,86.0
77263,299,16.433333333333334,16.0,15.3,9.4,0.0,11.3,87.0
78163,299,16.4,16.0,15.3,9.4,0.0,11.3,87.0
79063,299,16.4171875,16.0,15.357971014492753,9.3,0.0,11.3,88.0
79963,299,17.76865671641791,16.370967741935484,15.820967741935483,9.2,0.0,9.7,88.0
80863,299,17.538805970149255,16.234375,15.63125,9.1,0.0,8.0,89.0
81763,299,17.19705882352941,16.0,15.5,9.1,0.0,12.9,89.0
82663,299,16.928985507246377,16.0,15.5,8.8,0.0,9.7,90.0
83563,299,16.756060606060608,16.0,15.380597014925376,8.6,0.0,8.0,91.0
84463,299,16.587142857142858,16.0,15.3,8.5,0.0,9.7,91.0
85363,299,16.46764705882353,16.0,15.3,8.4,0.0,8.0,91.0
86263,299,16.37536231884058,16.0,15.3,8.1,0.0,6.4,91.0
763,300,16.3,16.0,15.3,7.8,0.0,4.8,91.0
1663,300,16.274285714285714,16.0,15.270491803278688,7.9,0.0,9.7,92.0
2563,300,16.2,15.936363636363636,15.032727272727271,7.7,0.0,8.0,92.0
3463,300,16.2,15.6484375,15.0,7.6,0.0,8.0,92.0
4363,300,16.19857142857143,15.508064516129034,15.0,7.6,0.0,8.0,92.0
5263,300,16.101470588235294,15.5,15.0,7.6,0.0,8.0,91.0
6163,300,16.1,15.5,15.0,7.6,0.0,9.7,91.0
7063,300,16.08235294117647,15.5,15.0,7.4,0.0,6.4,90.0
7963,300,16.0,15.5,14.996774193548386,7.4,0.0,6.4,90.0
8863,300,16.0,15.5,14.928813559322034,7.1,0.0,6.4,92.0
9763,300,16.0,15.5,14.803125,7.0,0.0,8.0,92.0
10663,300,15.916176470588235,15.5,14.8,7.1,0.0,9.7,92.0
11563,300,15.9,15.5,14.8,7.0,0.0,9.7,91.0
12463,300,15.9,15.5,14.8,6.8,0.0,8.0,91.0
13363,300,15.853125,15.5,14.8,6.8,0.0,6.4,90.0
14263,300,15.8,15.5,14.8,6.7,0.0,8.0,90.0
15163,300,15.8,15.5,14.8,6.8,0.0,8.0,89.0
16063,300,15.797058823529412,15.5,14.692537313432837,6.8,0.0,8.0,87.0
16963,300,15.708823529411765,15.5,14.5140625,6.7,0.0,8.0,87.0
17863,300,15.7,15.5,14.5,6.6,0.0,8.0,87.0
18763,300,15.7,15.469696969696969,14.5,6.5,0.0,6.4,86.0
19663,300,15.641176470588237,15.174242424242426,14.5,6.2,0.0,6.4,88.0
20563,300,15.6,15.032258064516128,14.5,6.3,0.0,8.0,87.0
21463,300,15.6,15.416666666666666,14.5,6.2,0.0,4.8,87.0
22363,300,17.256716417910447,15.507462686567164,14.856716417910448,6.2,0.0,6.4,87.0
23263,300,16.7768115942029,15.5,14.748275862068963,6.2,0.0,11.3,88.0
24163,300,16.505797101449275,15.65079365079365,15.020634920634922,6.2,0.0,11.3,88.0
25063,300,16.43913043478261,15.5,14.76769230769231,6.1,0.0,6.4,88.0
25963,300,16.24920634920635,15.5,14.8,6.1,0.0,6.4,88.0
26863,300,16.098550724637683,15.5,14.8,5.9,0.0,6.4,88.0
27763,300,15.95714285714286,15.5,14.8,6.2,0.0,6.4,88.0
28663,300,15.825396825396826,15.5,14.8,6.2,0.0,8.0,87.0
29563,300,15.786956521739132,15.5,14.68,6.1,5.0,9.7,87.0
30463,300,15.7,15.485714285714286,14.5,6.3,12.0,8.0,87.0
31363,300,15.7,15.205882352941178,14.5,6.2,26.0,4.8,87.0
32263,300,15.674242424242426,15.0,14.5,6.4,18.0,6.4,86.0
33163,300,15.6,15.0,14.5,6.5,21.0,6.4,86.0
34063,300,15.6,15.0,14.5,7.0,25.0,6.4,84.0
34963,300,15.6,15.0,14.5,7.3,26.0,8.0,83.0
35863,300,15.6,15.0,14.5,6.5,32.0,9.7,86.0
36763,300,15.6,15.0,14.5,6.4,30.0,8.0,88.0
37663,300,15.6,15.0,14.5,6.2,32.0,6.4,90.0
38563,300,15.6,15.0,14.5,6.5,32.0,8.0,91.0
39463,300,15.6,15.0,14.5,7.3,33.0,11.3,89.0
40363,300,15.6,15.0,14.5,7.8,276.0,11.3,87.0
41263,300,15.6,15.0,14.5,8.6,295.0,9.7,85.0
42163,300,15.6,15.0,14.5,9.3,316.0,9.7,83.0
43063,300,15.6,15.0,14.5,9.6,330.0,14.5,80.0
43963,300,15.6,15.0,14.5,9.7,343.0,14.5,79.0
44863,300,15.6,15.0,14.5,9.8,341.0,14.5,80.0
45763,300,15.6,15.0,14.5,9.9,343.0,14.5,80.0
46663,300,15.6,15.0,14.5,10.3,352.0,14.5,78.0
47563,300,15.6,15.0,14.5,10.4,359.0,16.1,78.0
48463,300,15.6,15.0,14.4875,10.8,371.0,17.7,74.0
49363,300,15.6,15.0,14.452238805970149,10.9,367.0,17.7,73.0
50263,300,15.6,15.0,14.380597014925376,10.7,156.0,20.9,73.0
51163,300,15.6,15.0,14.314705882352944,11.1,186.0,19.3,73.0
52063,300,15.545714285714286,15.0,14.303076923076924,10.5,123.0,19.3,75.0
52963,300,15.5,15.0,14.3,10.9,132.0,16.1,74.0
53863,300,15.5,15.0,14.3,10.4,58.0,17.7,75.0
54763,300,15.5,15.0,14.3,10.7,84.0,22.5,73.0
55663,300,15.5,15.0,14.3,11.1,134.0,19.3,72.0
56563,300,15.5,15.0,14.3,10.7,53.0,17.7,74.0
57463,300,15.485714285714286,15.0,14.3,10.5,83.0,22.5,74.0
58363,300,15.407462686567165,15.0,14.3,10.7,88.0,20.9,74.0
59263,300,15.4,15.0,14.3,10.8,113.0,19.3,75.0
60163,300,15.311764705882354,15.0,14.3,10.4,47.0,19.3,75.0
61063,300,15.3,15.0,14.3,10.1,40.0,20.9,78.0
61963,300,15.256716417910448,15.0,14.2955223880597,9.9,35.0,19.3,79.0
62863,300,15.2,15.0,14.213043478260868,9.7,19.0,19.3,78.0
63763,300,15.2,14.97101449275362,14.034782608695654,9.6,11.0,19.3,78.0
64663,300,15.2,14.94927536231884,14.013043478260869,9.2,0.0,16.1,79.0
65563,300,15.197142857142856,15.0,14.014754098360656,9.1,0.0,17.7,78.0
66463,300,15.2,15.0,14.258461538461535,8.9,0.0,24.1,78.0
67363,300,15.165671641791045,14.953846153846154,14.18,8.7,0.0,25.7,79.0
68263,300,15.103333333333332,20.89655172413793,16.681034482758623,8.6,0.0,19.3,80.0
69163,300,15.64848484848485,50.62307692307692,42.926153846153845,8.4,0.0,19.3,81.0
70063,300,16.820588235294117,55.094202898550726,51.55797101449275,8.4,0.0,19.3,81.0
70963,300,17.701428571428572,55.34848484848485,52.0,8.4,0.0,22.5,81.0
71863,300,18.366666666666667,55.5,52.173913043478265,8.3,0.0,20.9,82.0
72763,300,18.85373134328358,55.5,52.3,8.3,0.0,20.9,82.0
73663,300,19.258823529411764,55.5,52.30298507462686,8.3,0.0,24.1,82.0
74563,300,19.57794117647059,55.5,52.45873015873016,8.4,0.0,29.0,81.0
75463,300,19.86567164179105,55.0,51.206944444444446,8.4,0.0,29.0,81.0
76363,300,20.016176470588235,56.38970588235294,51.73823529411764,8.3,0.0,24.1,82.0
77263,300,20.184615384615384,53.80882352941177,50.11764705882353,8.3,0.0,25.7,83.0
78163,300,20.269841269841272,35.85507246376812,31.5,8.3,0.0,24.1,83.0
79063,300,19.997014925373133,26.404411764705884,23.03529411764706,8.3,0.0,24.1,83.0
79963,300,19.6,22.169117647058822,20.08529411764706,8.3,0.0,25.7,82.0
80863,300,19.196875,19.97761194029851,18.57462686567164,8.4,0.0,22.5,83.0
81763,300,18.83650793650793,18.701492537313435,17.661194029850744,8.5,0.0,24.1,83.0
82663,300,18.53548387096774,17.936507936507937,17.24920634920635,8.6,0.0,24.1,84.0
83563,300,18.291549295774647,17.5,16.996923076923075,8.7,0.0,25.7,84.0
84463,300,18.0768115942029,17.16417910447761,16.67910447761194,8.8,0.0,22.5,85.0
85363,300,17.862857142857145,17.0,16.40909090909091,8.8,0.0,20.9,86.0
86263,300,17.703030303030303,16.71014492753623,16.23913043478261,8.8,0.0,20.9,87.0
763,301,17.555072463768116,16.5,16.0,8.7,0.0,20.9,87.0
1663,301,17.436363636363637,16.5,15.95,8.7,0.0,27.4,86.0
2563,301,17.33076923076923,16.5,15.8,8.7,0.0,25.7,86.0
3463,301,17.233333333333334,16.46212121212121,15.8,8.6,0.0,27.4,85.0
4363,301,17.16716417910448,16.01492537313433,15.531343283582087,8.6,0.0,25.7,85.0
5263,301,17.1,16.0,15.5,8.5,0.0,24.1,86.0
6163,301,17.0,16.0,15.5,8.6,0.0,27.4,86.0
7063,301,16.96764705882353,16.0,15.494117647058824,8.8,0.0,32.2,86.0
7963,301,16.9,16.0,15.341095890410958,8.9,0.0,32.2,87.0
8863,301,16.9,16.0,15.3,9.1,0.0,32.2,87.0
9763,301,16.816901408450704,16.0,15.3,9.2,0.0,30.6,87.0
10663,301,16.8,16.0,15.3,9.3,0.0,30.6,88.0
11563,301,16.8,16.0,15.3,9.4,0.0,27.4,88.0
12463,301,16.768115942028984,16.0,15.3,9.7,0.0,27.4,88.0
13363,301,16.7,16.0,15.3,9.8,0.0,27.4,89.0
14263,301,16.7,16.0,15.26818181818182,10.3,0.0,24.1,91.0
15163,301,16.7,15.985507246376812,15.05217391304348,10.4,0.0,22.5,91.0
16063,301,16.627692307692307,15.82394366197183,15.004225352112677,10.2,0.0,20.9,92.0
16963,301,16.6,15.568965517241375,15.0,10.3,0.0,24.1,93.0
17863,301,16.6,15.5,15.0,10.5,0.0,24.1,93.0
18763,301,16.6,15.5,15.0,10.8,0.0,25.7,93.0
19663,301,16.564705882352943,15.5,15.0,11.1,0.0,22.5,93.0
20563,301,16.5,15.5,15.0,11.5,0.0,24.1,93.0
21463,301,16.5,15.5,15.0,11.7,0.0,25.7,93.0
22363,301,16.5,15.5,15.0,11.8,0.0,25.7,93.0
23263,301,16.5,15.5,15.0,11.9,0.0,25.7,93.0
24163,301,16.5,15.5,15.0,12.2,0.0,24.1,93.0
25063,301,17.54153846153846,15.934782608695652,15.369565217391305,12.3,0.0,27.4,92.0
25963,301,17.19848484848485,16.0,15.353571428571428,12.3,0.0,27.4,92.0
26863,301,16.82794117647059,16.0,15.3,12.4,0.0,25.7,91.0
27763,301,16.652941176470588,16.0,15.3,12.4,0.0,24.1,91.0
28663,301,16.515384615384615,16.0,15.3,12.4,0.0,22.5,91.0
29563,301,16.440322580645162,16.0,15.3,12.4,0.0,24.1,91.0
30463,301,16.4,15.865079365079364,15.28095238095238,12.5,0.0,25.7,91.0
31363,301,16.375,15.537313432835822,15.031343283582087,12.5,7.0,24.1,91.0
32263,301,16.542028985507248,15.910958904109588,15.267123287671234,12.6,11.0,25.7,91.0
33163,301,16.679411764705883,16.0,15.3,12.6,16.0,29.0,91.0
34063,301,16.6,16.0,15.3,12.6,21.0,25.7,91.0
34963,301,16.6,15.961538461538462,15.3,12.6,23.0,24.1,91.0
35863,301,16.6,15.842857142857142,15.3,12.6,30.0,27.4,91.0
36763,301,16.6,15.615942028985506,15.182608695652174,12.6,40.0,25.7,92.0
37663,301,16.6,15.5,15.008450704225352,12.6,46.0,24.1,92.0
38563,301,16.6,15.5,15.0,12.7,46.0,27.4,92.0
39463,301,16.6,15.50793650793651,15.085714285714284,12.7,51.0,25.7,92.0
40363,301,16.8231884057971,15.90983606557377,15.290163934426229,12.7,65.0,30.6,92.0
41263,301,17.017910447761192,16.0,15.454285714285714,12.8,60.0,29.0,92.0
42163,301,17.0,16.0,15.338888888888889,12.8,59.0,30.6,91.0
43063,301,16.926470588235293,16.0,15.3,12.9,70.0,32.2,92.0
43963,301,16.898507462686567,16.0,15.3,12.9,91.0,32.2,92.0
44863,301,16.80151515151515,,,13.1,81.0,32.2,91.0
45763,301,16.8,16.0,15.3,13.1,105.0,33.8,91.0
46663,301,16.8,,,13.1,114.0,35.4,90.0
47563,301,16.744615384615383,,,13.2,98.0,33.8,90.0
48463,301,16.7,,,13.1,104.0,32.2,90.0
49363,301,16.7,16.0,15.3,13.1,101.0,35.4,90.0
50263,301,16.7,,,13.1,97.0,32.2,89.0
51163,301,16.7,,,13.2,113.0,35.4,89.0
52063,301,16.664583333333333,16.0,15.3,13.2,97.0,33.8,88.0
52963,301,16.614285714285714,15.988095238095235,15.3,13.2,76.0,30.6,88.0
53863,301,16.6,15.855769230769232,15.294230769230769,13.2,88.0,27.4,88.0
54763,301,16.6,15.654545454545453,15.261818181818182,13.2,74.0,29.0,88.0
55663,301,16.6,15.670212765957448,15.185106382978722,13.2,91.0,33.8,88.0
56563,301,16.6,16.0,15.3,13.2,77.0,33.8,88.0
57463,301,16.6,15.75,15.3,13.1,60.0,38.6,88.0
58363,301,16.6,15.875,15.3,13.1,49.0,41.8,88.0
59263,301,16.6,,,13.0,37.0,35.4,89.0
60163,301,16.6,15.976190476190476,15.295238095238096,12.9,26.0,35.4,89.0
61063,301,16.6,16.0,15.291666666666666,12.8,23.0,37.0,89.0
61963,301,16.58955223880597,15.897058823529411,15.03529411764706,12.8,14.0,35.4,89.0
62863,301,16.5,15.565217391304348,15.0,12.8,9.0,40.2,89.0
63763,301,16.5,15.5,15.0,12.7,5.0,38.6,89.0
64663,301,16.492307692307694,15.5,15.0,12.6,0.0,38.6,90.0
65563,301,16.46769230769231,15.553846153846155,15.0,12.4,0.0,37.0,91.0
66463,301,16.53181818181818,33.375,26.02083333333333,12.3,0.0,40.2,91.0
67363,301,17.301492537313433,55.238461538461536,49.69384615384615,12.3,0.0,38.6,91.0
68263,301,18.38307692307692,53.45454545454545,50.02424242424242,12.3,0.0,38.6,91.0
69163,301,18.968115942028984,55.81884057971015,51.63478260869565,12.2,0.0,37.0,91.0
70063,301,19.426865671641792,56.014925373134325,52.70149253731344,12.2,0.0,38.6,91.0
70963,301,19.82537313432836,51.58955223880597,48.73283582089552,12.2,0.0,35.4,91.0
71863,301,20.0,43.38235294117647,39.52794117647058,12.2,0.0,37.0,91.0
72763,301,20.17462686567164,45.88805970149254,43.16417910447761,12.2,0.0,37.0,90.0
73663,301,20.235714285714288,30.669117647058822,26.96764705882353,12.2,0.0,35.4,89.0
74563,301,20.055223880597016,24.28030303030303,21.85151515151515,12.2,0.0,32.2,89.0
75463,301,19.79142857142857,21.24647887323944,19.69154929577465,12.1,0.0,32.2,86.0
76363,301,19.4953125,19.714285714285715,18.68428571428572,11.9,0.0,30.6,86.0
77263,301,19.26875,18.76515151515152,18.1030303030303,11.9,0.0,33.8,85.0
78163,301,19.03235294117647,18.23134328358209,17.697014925373132,11.9,0.0,29.0,86.0
79063,301,18.97611940298508,18.0,17.59130434782609,11.9,0.0,32.2,86.0
79963,301,19.877611940298507,18.09848484848485,18.003030303030304,11.8,0.0,30.6,87.0
80863,301,19.21029411764706,18.0,17.76818181818182,11.6,0.0,30.6,88.0
81763,301,18.85942028985508,17.723076923076924,17.352307692307694,11.6,0.0,29.0,88.0
82663,301,18.643478260869564,17.5,16.96764705882353,11.4,0.0,25.7,88.0
83563,301,18.46029411764706,17.5,16.8,11.4,0.0,27.4,87.0
84463,301,18.32941176470588,17.045454545454547,16.8,11.3,0.0,25.7,86.0
85363,301,18.19701492537313,17.0,16.63125,11.2,0.0,22.5,85.0
86263,301,18.097101449275364,17.0,16.5,11.0,0.0,27.4,83.0
763,302,18.0,17.0,16.45774647887324,10.9,0.0,27.4,83.0
1663,302,17.924242424242426,17.0,16.3,10.7,0.0,24.1,83.0
2563,302,17.86764705882353,17.0,16.3,10.6,0.0,14.5,83.0
3463,302,17.8,16.97826086956522,16.3,10.5,0.0,19.3,82.0
4363,302,17.770967741935486,16.619402985074625,16.08507462686567,10.0,0.0,16.1,82.0
5263,302,17.7,16.5,16.0,9.9,0.0,17.7,82.0
6163,302,17.7,16.5,16.0,9.9,0.0,12.9,81.0
7063,302,17.616666666666667,16.5,16.0,9.9,0.0,14.5,80.0
7963,302,17.6,16.5,16.0,9.8,0.0,16.1,80.0
8863,302,17.6,16.5,16.0,9.8,0.0,14.5,78.0
9763,302,17.51014492753623,16.5,15.979411764705882,9.7,0.0,16.1,78.0
10663,302,17.5,16.5,15.84,9.4,0.0,12.9,80.0
11563,302,17.5,16.5,15.8,9.4,0.0,14.5,80.0
12463,302,17.405882352941177,16.5,15.8,9.4,0.0,12.9,76.0
13363,302,17.4,16.5,15.8,9.2,0.0,14.5,78.0
14263,302,17.38235294117647,16.5,15.8,9.2,0.0,14.5,72.0
15163,302,17.3,16.5,15.8,8.9,0.0,9.7,75.0
16063,302,17.3,16.5,15.8,8.7,0.0,9.7,76.0
16963,302,17.225373134328358,16.5,15.8,8.4,0.0,9.7,76.0
17863,302,17.2,16.5,15.8,7.9,0.0,11.3,73.0
18763,302,17.2,16.5,15.8,7.9,0.0,16.1,71.0
19663,302,17.140298507462685,16.5,15.8,7.6,0.0,4.8,73.0
20563,302,17.1,16.5,15.787142857142856,7.1,0.0,3.2,75.0
21463,302,17.1,16.4921875,15.621875,6.9,0.0,6.4,75.0
22363,302,17.017910447761192,16.47761194029851,15.5,6.6,0.0,4.8,76.0
23263,302,17.0,16.253731343283583,15.5,6.2,0.0,1.6,78.0
24163,302,17.0,16.140625,15.5,6.2,0.0,4.8,77.0
25063,302,16.917391304347824,16.0,15.5,6.5,0.0,12.9,76.0
25963,302,16.9,16.0,15.5,6.3,5.0,11.3,76.0
26863,302,16.9,16.0,15.5,6.2,11.0,6.4,76.0
27763,302,16.9,16.007575757575758,15.5,6.2,14.0,6.4,76.0
28663,302,16.9,16.25,15.552941176470588,6.1,21.0,8.0,77.0
29563,302,16.983333333333334,16.369230769230768,15.675384615384615,6.0,23.0,6.4,77.0
30463,302,17.0015625,16.492307692307694,15.707692307692309,5.8,30.0,6.4,78.0
31363,302,16.93030303030303,16.11764705882353,15.5,5.9,33.0,6.4,78.0
32263,302,16.9,16.0,15.5,6.1,32.0,4.8,78.0
33163,302,16.81969696969697,16.0,15.5,6.3,37.0,8.0,78.0
34063,302,16.8,16.0,15.421212121212122,6.7,54.0,11.3,74.0
34963,302,16.73846153846154,16.0,15.3,6.9,70.0,9.7,73.0
35863,302,16.7,16.0,15.3,7.2,67.0,9.7,70.0
36763,302,16.7,16.0,15.3,7.6,265.0,9.7,66.0
37663,302,16.7,16.0,15.3,8.2,338.0,12.9,62.0
38563,302,16.61159420289855,16.0,15.3,8.2,120.0,11.3,61.0
39463,302,16.57205882352941,16.0,15.228571428571428,8.3,188.0,11.3,65.0
40363,302,16.5,16.0,15.0,7.7,104.0,11.3,65.0
41263,302,16.463768115942027,16.0,15.0,7.9,158.0,12.9,64.0
42163,302,16.17794117647059,15.579710144927535,14.856521739130434,8.4,250.0,11.3,63.0
43063,302,16.032758620689656,15.5,14.531578947368422,7.9,174.0,12.9,64.0
43963,302,15.961290322580648,15.068181818181818,14.37878787878788,7.9,158.0,11.3,65.0
44863,302,15.886764705882351,15.267857142857142,14.485714285714286,7.9,171.0,12.9,65.0
45763,302,15.897142857142857,15.5,14.70142857142857,7.9,98.0,8.0,66.0
46663,302,15.883823529411766,15.5,14.8,8.4,306.0,8.0,64.0
47563,302,15.984057971014494,15.5,14.8,8.5,116.0,8.0,61.0
48463,302,16.019402985074628,15.5,14.8,8.2,149.0,8.0,64.0
49363,302,16.1,15.5,14.8,8.0,79.0,9.7,65.0
50263,302,16.1,15.5,14.8,7.8,95.0,9.7,65.0
51163,302,16.1,15.5,14.8,8.0,71.0,9.7,64.0
52063,302,16.04179104477612,15.5,14.8,8.1,116.0,8.0,64.0
52963,302,16.0,15.5,14.8,8.1,67.0,8.0,62.0
53863,302,16.0,16.15151515151515,14.887878787878789,8.2,90.0,4.8,64.0
54763,302,16.123076923076923,43.38636363636364,34.39545454545454,8.1,90.0,9.7,63.0
55663,302,17.02898550724638,55.65942028985508,51.085507246376814,7.8,35.0,9.7,64.0
56563,302,17.919402985074626,56.05882352941177,51.96470588235294,7.8,30.0,6.4,65.0
57463,302,18.56615384615385,54.826086956521735,51.60289855072464,7.7,21.0,8.0,65.0
58363,302,19.04558823529412,38.47761194029851,35.67014925373134,7.4,14.0,4.8,66.0
59263,302,19.0421875,26.88805970149254,24.201492537313435,6.9,7.0,4.8,68.0
60163,302,18.85147058823529,22.29365079365079,20.546031746031748,6.7,5.0,4.8,69.0
61063,302,18.58,19.88793103448276,18.748275862068965,6.2,0.0,4.8,72.0
61963,302,18.31,18.470149253731343,17.63731343283582,5.6,0.0,3.2,75.0
62863,302,18.044776119402982,17.643939393939394,16.953030303030303,5.0,0.0,3.2,76.0
63763,302,17.79090909090909,17.014492753623188,16.453623188405796,5.1,0.0,4.8,76.0
64663,302,17.535714285714285,16.698529411764707,16.158823529411766,5.2,0.0,4.8,75.0
65563,302,17.308955223880595,16.5,16.0,5.2,0.0,3.2,76.0
66463,302,17.119696969696967,16.5,15.940298507462686,5.2,0.0,4.8,76.0
67363,302,16.94375,16.462686567164177,15.8,5.3,0.0,4.8,75.0
68263,302,16.83913043478261,16.0,15.643478260869566,5.0,0.0,6.4,76.0
69163,302,16.78208955223881,16.0,15.5,4.9,0.0,6.4,75.0
70063,302,16.69402985074627,16.0,15.5,5.0,0.0,8.0,75.0
70963,302,16.6,16.0,15.48153846153846,4.9,0.0,4.8,75.0
71863,302,16.51194029850746,16.0,15.302739726027395,4.7,0.0,4.8,76.0
72763,302,16.45820895522388,16.0,15.3,4.8,0.0,6.4,76.0
73663,302,16.4,15.82876712328767,15.13972602739726,4.8,0.0,4.8,77.0
74563,302,16.36231884057971,15.5,14.953424657534248,4.9,0.0,4.8,77.0
75463,302,16.3,15.5,15.0,4.8,0.0,4.8,77.0
76363,302,16.250746268656716,15.5,15.0,4.8,0.0,3.2,78.0
77263,302,16.2,15.5,15.0,4.8,0.0,4.8,77.0
78163,302,16.2,15.5,15.0,4.9,0.0,4.8,77.0
79063,302,16.108955223880596,15.5,14.836363636363638,4.8,0.0,3.2,77.0
79963,302,16.1,15.5,14.8,4.7,0.0,4.8,77.0
80863,302,16.03529411764706,15.5,14.8,4.3,0.0,3.2,79.0
81763,302,16.0,15.5,14.8,4.1,0.0,3.2,80.0
82663,302,16.07246376811594,15.5,14.8,3.8,0.0,3.2,81.0
83563,302,16.119696969696967,15.5,14.8,3.9,0.0,4.8,81.0
84463,302,16.2,15.5,14.8,3.8,0.0,3.2,81.0
85363,302,16.2,15.5,14.8,3.8,0.0,3.2,81.0
86263,302,16.16268656716418,15.5,14.8,3.8,0.0,3.2,81.0
763,303,16.1,15.5,14.8,3.8,0.0,4.8,81.0
1663,303,16.1,15.5,14.8,3.9,0.0,4.8,80.0
2563,303,16.1,15.5,14.8,3.9,0.0,4.8,80.0
3463,303,16.016417910447764,15.5,14.71492537313433,3.7,0.0,4.8,81.0
4363,303,16.0,15.5,14.512857142857143,3.5,0.0,4.8,81.0
5263,303,15.986567164179103,15.484848484848484,14.5,3.4,0.0,4.8,81.0
6163,303,15.9,15.17910447761194,14.5,3.4,0.0,3.2,81.0
7063,303,15.9,15.0,14.5,3.3,0.0,3.2,81.0
7963,303,15.83970588235294,15.0,14.5,2.9,0.0,1.6,83.0
8863,303,15.8,15.0,14.5,2.2,0.0,0.0,85.0
9763,303,15.8,15.0,14.419999999999998,1.7,0.0,1.6,87.0
10663,303,15.7125,15.0,14.3,1.4,0.0,1.6,87.0
11563,303,15.7,15.0,14.3,1.1,0.0,0.0,88.0
12463,303,15.669696969696968,15.0,14.3,0.8,0.0,0.0,90.0
13363,303,15.6,15.0,14.3,0.7,0.0,0.0,90.0
14263,303,15.6,15.0,14.3,0.4,0.0,0.0,91.0
15163,303,15.57058823529412,15.0,14.3,0.3,0.0,0.0,92.0
16063,303,15.5,15.0,14.3,0.4,0.0,0.0,92.0
16963,303,15.5,15.0,14.3,0.8,0.0,0.0,91.0
17863,303,15.497014925373133,15.0,14.28235294117647,1.5,0.0,0.0,89.0
18763,303,15.40441176470588,15.0,14.088235294117649,1.9,0.0,1.6,88.0
19663,303,15.4,15.0,14.0,1.6,0.0,0.0,88.0
20563,303,15.4,14.902985074626866,14.0,1.7,0.0,0.0,89.0
21463,303,15.30597014925373,14.537878787878787,14.0,2.4,0.0,3.2,88.0
22363,303,15.3,14.5,14.0,2.5,0.0,1.6,87.0
23263,303,15.3,14.5,14.0,2.4,0.0,0.0,87.0
24163,303,15.26,14.5,13.982352941176469,2.7,0.0,3.2,85.0
25063,303,15.343283582089551,14.619402985074624,14.0044776119403,1.9,5.0,6.4,88.0
25963,303,15.734328358208955,14.55072463768116,13.831884057971015,2.1,9.0,4.8,87.0
26863,303,15.332857142857142,14.625,13.928125,2.6,11.0,4.8,85.0
27763,303,15.547826086956524,13.922535211267606,13.138028169014085,3.0,19.0,3.2,84.0
28663,303,15.49855072463768,14.5,13.581428571428573,3.6,26.0,1.6,81.0
29563,303,15.401492537313434,14.5,13.8,4.1,40.0,4.8,80.0
30463,303,15.306944444444444,14.5,13.8,4.2,49.0,4.8,80.0
31363,303,15.258208955223882,14.5,13.8,4.4,48.0,4.8,79.0
32263,303,15.2,14.5,13.8,5.5,58.0,6.4,75.0
33163,303,15.13731343283582,14.5,13.8,5.7,70.0,8.0,75.0
34063,303,15.1,14.5,13.8,5.6,67.0,4.8,77.0
34963,303,15.09855072463768,14.5,13.8,6.1,69.0,4.8,76.0
35863,303,15.007462686567164,14.5,13.8,6.3,60.0,3.2,76.0
36763,303,15.0,14.5,13.8,6.2,65.0,4.8,78.0
37663,303,15.0,14.5,13.8,6.6,90.0,6.4,77.0
38563,303,15.0,14.5,13.790625,7.2,93.0,11.3,74.0
39463,303,14.975806451612902,14.5,13.747826086956522,7.3,98.0,9.7,75.0
40363,303,14.9,14.5,13.604347826086956,7.1,114.0,3.2,77.0
41263,303,14.9,14.5,13.514285714285714,7.2,144.0,3.2,77.0
42163,303,14.9,14.5,13.508823529411766,7.8,124.0,12.9,79.0
43063,303,14.9,14.492857142857142,13.5,8.0,116.0,14.5,77.0
43963,303,14.90677966101695,27.41428571428572,21.00714285714286,8.1,91.0,17.7,78.0
44863,303,15.575,53.53676470588236,48.002941176470586,8.1,88.0,17.7,77.0
45763,303,16.71470588235294,55.02985074626865,51.65970149253732,8.1,107.0,17.7,78.0
46663,303,17.6887323943662,55.6268656716418,51.85970149253732,8.1,127.0,19.3,79.0
47563,303,18.41857142857143,55.97142857142857,52.0,8.4,197.0,17.7,78.0
48463,303,19.007692307692302,56.02985074626865,52.0,8.8,142.0,17.7,76.0
49363,303,19.471212121212123,56.17164179104477,52.01343283582089,8.9,156.0,19.3,75.0
50263,303,19.83728813559322,56.274193548387096,52.11129032258064,8.8,98.0,19.3,75.0
51163,303,20.07846153846154,41.940298507462686,38.17313432835821,8.6,84.0,20.9,75.0
52063,303,19.90909090909091,28.528169014084504,25.21408450704225,8.3,39.0,19.3,76.0
52963,303,19.52769230769231,23.2089552238806,21.17910447761194,7.9,30.0,14.5,82.0
53863,303,19.115714285714283,20.325,19.09,8.2,18.0,17.7,80.0
54763,303,18.69558823529412,18.764705882352946,17.88088235294118,8.3,16.0,17.7,80.0
55663,303,18.338571428571427,17.73913043478261,17.081159420289858,8.6,44.0,17.7,79.0
56563,303,18.0015873015873,17.112676056338028,16.549295774647888,8.7,23.0,17.7,78.0
57463,303,17.70625,16.62878787878788,16.15,8.6,9.0,17.7,80.0
58363,303,17.46875,16.446153846153845,15.88,8.6,9.0,17.7,80.0
59263,303,17.255384615384617,16.007462686567163,15.62089552238806,8.2,0.0,12.9,81.0
60163,303,17.051470588235293,16.0,15.473134328358208,8.3,0.0,16.1,82.0
61063,303,16.873529411764707,15.969696969696969,15.3,8.7,0.0,16.1,80.0
61963,303,16.736231884057972,15.507142857142858,15.257142857142858,8.9,0.0,19.3,80.0
62863,303,16.584057971014495,15.5,15.0,9.3,0.0,24.1,77.0
63763,303,16.48787878787879,15.5,15.0,9.3,0.0,22.5,79.0
64663,303,16.4,15.5,15.0,9.5,0.0,20.9,78.0
65563,303,16.337878787878786,15.5,15.0,9.4,0.0,19.3,79.0
66463,303,16.3,15.5,14.95,9.2,0.0,20.9,81.0
67363,303,16.2609375,15.5,14.8,8.9,0.0,19.3,83.0
68263,303,16.2,15.5,14.8,8.9,0.0,20.9,83.0
69163,303,16.2,16.195652173913043,14.962318840579709,9.1,0.0,24.1,82.0
70063,303,16.295384615384613,39.5,31.35438596491228,9.2,0.0,24.1,82.0
70963,303,17.307575757575755,52.04464285714285,47.846428571428575,9.2,0.0,22.5,81.0
71863,303,18.256,48.34313725490196,46.43921568627451,9.5,0.0,25.7,81.0
72763,303,18.787142857142857,50.130434782608695,47.32898550724637,9.8,0.0,30.6,80.0
73663,303,19.355882352941176,48.60606060606061,46.41969696969697,9.8,0.0,30.6,81.0
74563,303,19.6,32.19230769230769,27.912307692307696,9.9,0.0,32.2,81.0
75463,303,19.5046875,24.890625,21.8640625,9.7,0.0,30.6,83.0
76363,303,19.28,21.25409836065574,19.465573770491805,9.8,0.0,32.2,83.0
77263,303,18.997014925373133,19.204545454545453,18.21969696969697,9.7,0.0,32.2,84.0
78163,303,18.7,18.007246376811594,17.315942028985507,9.7,0.0,32.2,85.0
79063,303,18.415625,17.27941176470588,16.679411764705883,9.7,0.0,32.2,86.0
79963,303,18.18285714285714,16.992753623188406,16.3231884057971,9.7,0.0,27.4,87.0
80863,303,17.993333333333332,16.75,16.55,9.7,0.0,32.2,87.0
81763,303,19.05079365079365,17.0,16.887719298245614,9.9,0.0,29.0,87.0
82663,303,18.724137931034484,16.956896551724135,16.56551724137931,9.8,0.0,27.4,88.0
83563,303,18.2640625,16.507462686567163,16.255223880597015,10.3,0.0,27.4,87.0
84463,303,17.803571428571427,16.5,16.0,10.2,0.0,22.5,87.0
85363,303,17.53666666666667,16.46551724137931,15.844827586206897,10.1,0.0,22.5,88.0
86263,303,17.340845070422535,16.007246376811594,15.8,10.4,0.0,25.7,87.0
763,304,17.227118644067797,16.0,15.703389830508474,10.6,0.0,22.5,87.0
1663,304,17.17727272727273,16.0,15.5,10.6,0.0,24.1,88.0
2563,304,17.0,16.0,15.5,10.7,0.0,29.0,88.0
3463,304,16.982456140350877,16.0,15.38679245283019,10.4,0.0,27.4,91.0
4363,304,16.9,16.0,15.3,10.2,0.0,25.7,93.0
5263,304,16.870689655172413,16.0,15.3,10.0,0.0,25.7,94.0
6163,304,16.8,15.96875,15.3,10.0,0.0,27.4,94.0
7063,304,16.8,15.578125,15.3,10.3,0.0,25.7,94.0
7963,304,16.765079365079366,15.5,15.085074626865673,10.4,0.0,25.7,94.0
8863,304,16.7,15.5,15.0,10.3,0.0,25.7,94.0
9763,304,16.7,15.5,15.0,10.5,0.0,20.9,94.0
10663,304,16.62741935483871,15.5,15.0,10.6,0.0,19.3,94.0
11563,304,16.6,15.5,15.0,10.7,0.0,20.9,94.0
12463,304,16.6,15.5,15.0,10.8,0.0,22.5,93.0
13363,304,16.534426229508195,15.5,15.0,10.8,0.0,25.7,94.0
14263,304,16.5,15.5,15.0,10.4,0.0,27.4,94.0
15163,304,16.5,15.5,14.993939393939394,10.5,0.0,24.1,94.0
16063,304,16.49076923076923,15.5,14.871875,10.4,0.0,22.5,94.0
16963,304,16.4,15.5,14.805128205128204,10.4,0.0,20.9,94.0
17863,304,16.4,15.5,14.8,10.4,0.0,22.5,94.0
18763,304,16.4,15.5,14.913793103448276,10.6,0.0,24.1,93.0
19663,304,16.4,15.5,14.832835820895522,10.7,0.0,25.7,93.0
20563,304,16.379411764705882,15.5,14.8,10.9,0.0,25.7,92.0
21463,304,16.3,15.5,14.8,11.0,0.0,25.7,92.0
22363,304,16.3,15.5,14.8,11.0,0.0,25.7,92.0
23263,304,16.3,15.5,14.8,10.9,0.0,27.4,93.0
24163,304,16.225373134328358,15.5,14.8,10.9,0.0,20.9,93.0
25063,304,16.2,15.5,14.8,11.1,0.0,25.7,92.0
25963,304,17.486363636363638,15.625,15.079166666666666,11.3,0.0,27.4,92.0
26863,304,17.34264705882353,16.0,15.3,11.4,0.0,29.0,92.0
27763,304,17.107575757575756,16.0,15.3,11.4,5.0,25.7,92.0
28663,304,16.930882352941175,15.835820895522389,15.152238805970148,11.8,16.0,24.1,90.0
29563,304,16.740000000000002,15.5,15.0,11.9,25.0,29.0,90.0
30463,304,16.581690140845073,15.5,15.0,11.9,37.0,27.4,90.0
31363,304,16.484615384615385,15.5,15.0,12.0,46.0,27.4,91.0
32263,304,16.4,15.5,15.0,12.1,54.0,30.6,91.0
33163,304,16.341269841269842,15.5,15.0,12.2,44.0,27.4,91.0
34063,304,16.3,15.5,14.883018867924529,12.2,40.0,25.7,91.0
34963,304,16.258064516129032,15.5,14.803125,12.3,37.0,25.7,91.0
35863,304,16.2,15.5,14.8,12.4,77.0,24.1,91.0
36763,304,16.2,15.5,14.8,12.5,83.0,22.5,91.0
37663,304,16.2,15.5,14.8,12.8,146.0,25.7,90.0
38563,304,16.2,15.5,14.8,13.0,209.0,22.5,90.0
39463,304,16.2,15.5,14.8,13.5,255.0,24.1,88.0
40363,304,16.2,15.5,14.8,13.5,234.0,27.4,88.0
41263,304,16.2,15.5,14.8,13.3,211.0,30.6,89.0
42163,304,16.2,15.5,14.8,13.2,211.0,32.2,89.0
43063,304,16.2,15.5,14.8,13.3,176.0,32.2,88.0
43963,304,16.21029411764706,28.55882352941176,22.34558823529412,13.3,163.0,30.6,88.0
44863,304,16.87910447761194,54.59558823529412,48.423529411764704,14.1,394.0,32.2,86.0
45763,304,17.96,55.99305555555556,52.06666666666666,14.6,398.0,33.8,83.0
46663,304,18.835384615384616,56.289855072463766,52.41884057971015,14.3,383.0,29.0,85.0
47563,304,19.50735294117647,56.5,52.66818181818181,14.1,295.0,30.6,86.0
48463,304,20.03636363636364,56.5,52.80298507462686,13.7,104.0,25.7,87.0
49363,304,20.483823529411765,56.5,52.86666666666666,13.6,120.0,22.5,88.0
50263,304,20.8179104477612,56.375,52.96176470588235,13.3,125.0,22.5,89.0
51163,304,21.0,42.84558823529412,39.54264705882353,13.3,121.0,29.0,89.0
52063,304,20.888571428571428,29.727272727272727,26.68333333333333,13.3,121.0,22.5,90.0
52963,304,20.58529411764706,24.19696969696969,22.36515151515152,13.2,77.0,20.9,91.0
53863,304,20.225,21.424242424242426,20.303030303030305,13.1,97.0,24.1,91.0
54763,304,19.866666666666667,19.807692307692307,19.02923076923077,13.2,49.0,22.5,92.0
55663,304,19.54153846153846,18.80597014925373,18.253731343283583,13.1,40.0,20.9,93.0
56563,304,19.2625,18.2,17.731428571428573,12.9,41.0,22.5,92.0
57463,304,19.017391304347825,17.801470588235293,17.358823529411765,12.9,18.0,19.3,93.0
58363,304,18.81060606060606,17.5,17.023809523809526,12.8,11.0,19.3,93.0
59263,304,18.61449275362319,17.285714285714285,16.81904761904762,12.8,0.0,20.9,93.0
60163,304,18.44927536231884,17.0,16.618181818181817,12.9,0.0,20.9,94.0
61063,304,18.3,17.0,16.5,13.1,0.0,25.7,93.0
61963,304,18.1661971830986,17.0,16.358461538461537,13.1,0.0,24.1,93.0
62863,304,18.05072463768116,16.96923076923077,16.3,13.0,0.0,19.3,94.0
63763,304,17.941176470588236,16.52238805970149,16.277611940298506,12.9,0.0,16.1,94.0
64663,304,17.843478260869567,16.5234375,16.271875,13.0,0.0,22.5,94.0
65563,304,17.8,16.50735294117647,16.291176470588233,12.9,0.0,25.7,93.0
66463,304,17.73548387096774,16.5,16.013846153846153,12.9,0.0,27.4,92.0
67363,304,17.813432835820898,16.676923076923078,16.283076923076923,12.8,0.0,30.6,92.0
68263,304,17.956060606060607,17.0,16.333333333333336,12.7,0.0,25.7,91.0
69163,304,17.9078125,16.798507462686565,16.201492537313435,12.7,0.0,24.1,91.0
70063,304,17.861428571428572,16.5,16.0,12.9,0.0,25.7,90.0
70963,304,17.8,16.5,16.0,12.9,0.0,25.7,90.0
71863,304,17.73913043478261,16.5,16.0,12.9,0.0,25.7,89.0
72763,304,17.7,16.5,16.0,12.8,0.0,24.1,90.0
73663,304,17.64264705882353,16.5,15.93235294117647,12.7,0.0,22.5,91.0
74563,304,17.6,16.5,15.802985074626866,12.6,0.0,19.3,91.0
75463,304,17.595454545454547,16.5,15.8,12.7,0.0,24.1,91.0
76363,304,17.502985074626867,16.5,15.8,12.6,0.0,19.3,91.0
77263,304,17.5,16.5,15.8,12.6,0.0,29.0,91.0
78163,304,17.5,16.5,15.8,12.4,0.0,22.5,91.0
79063,304,17.425757575757576,16.5,15.8,12.6,0.0,27.4,90.0
79963,304,17.4,16.5,15.8,12.6,0.0,29.0,90.0
80863,304,17.4,16.5,15.8,12.6,0.0,27.4,90.0
81763,304,17.4,16.5,15.8,12.3,0.0,22.5,91.0
82663,304,17.42608695652174,16.5,15.8,12.1,0.0,24.1,91.0
83563,304,17.46,16.5,15.8,12.2,0.0,29.0,89.0
84463,304,17.4,16.5,15.675714285714289,12.2,0.0,25.7,89.0
85363,304,17.337878787878786,16.144927536231883,15.5,12.2,0.0,25.7,89.0
86263,304,17.3,16.0,15.5,11.9,0.0,24.1,91.0
763,305,17.247692307692308,16.0,15.5,12.1,0.0,25.7,90.0
1663,305,17.2,16.0,15.5,12.2,0.0,25.7,90.0
2563,305,17.2,16.0,15.358461538461537,12.3,0.0,22.5,89.0
3463,305,17.11111111111111,16.0,15.3,12.2,0.0,22.5,90.0
4363,305,17.1,16.0,15.3,12.3,0.0,24.1,90.0
5263,305,17.1,16.0,15.3,12.2,0.0,22.5,90.0
6163,305,17.0,16.0,15.3,12.2,0.0,22.5,90.0
7063,305,17.0,16.0,15.3,12.2,0.0,24.1,90.0
7963,305,17.0,16.0,15.3,12.2,0.0,22.5,91.0
8863,305,17.0,16.0,15.3,12.1,0.0,22.5,91.0
9763,305,,,,12.0,0.0,19.3,91.0
10663,305,,,,12.1,0.0,22.5,91.0
11563,305,,,,12.2,0.0,22.5,90.0
12463,305,,,,12.1,0.0,20.9,90.0
13363,305,,,,12.2,0.0,25.7,89.0
14263,305,,,,12.2,0.0,27.4,89.0
15163,305,,,,12.3,0.0,25.7,89.0
16063,305,,,,12.0,0.0,19.3,90.0
16963,305,,,,12.0,0.0,19.3,90.0
17863,305,,,,12.1,0.0,24.1,90.0
18763,305,,,,12.1,0.0,24.1,90.0
19663,305,,,,12.1,0.0,25.7,90.0
20563,305,,,,11.9,0.0,24.1,90.0
21463,305,,,,11.8,0.0,20.9,91.0
22363,305,,,,11.6,0.0,20.9,92.0
23263,305,16.7,15.807692307692308,15.0,11.5,0.0,20.9,92.0
24163,305,16.698507462686567,15.715277777777777,15.0,11.6,0.0,24.1,91.0
25063,305,16.6,,,11.7,0.0,29.0,91.0
25963,305,16.695454545454545,16.0,15.0,11.7,0.0,27.4,91.0
26863,305,16.716923076923077,16.0,15.133333333333336,11.7,0.0,32.2,91.0
27763,305,16.88507462686567,16.0,15.341176470588234,11.6,9.0,29.0,91.0
28663,305,16.9,16.0,15.3,11.6,25.0,27.4,90.0
29563,305,16.82089552238806,16.0,15.3,11.7,49.0,30.6,90.0
30463,305,16.8,16.0,15.3,11.7,49.0,32.2,90.0
31363,305,16.8,16.0,15.3,11.8,54.0,29.0,89.0
32263,305,16.771212121212123,16.0,15.3,11.6,49.0,33.8,90.0
33163,305,16.7,16.0,15.3,11.6,86.0,33.8,90.0
34063,305,16.7,16.0,15.3,11.8,86.0,32.2,89.0
34963,305,16.7,16.0,15.3,11.9,84.0,29.0,88.0
35863,305,16.757575757575758,36.1,27.89818181818182,12.2,135.0,25.7,88.0
36763,305,17.52857142857143,55.44444444444444,49.82063492063492,12.6,348.0,25.7,87.0
37663,305,18.540350877192985,56.41176470588236,51.87058823529412,12.2,125.0,25.7,88.0
38563,305,19.25076923076923,56.50877192982456,51.94035087719298,12.2,133.0,19.3,89.0
39463,305,19.871641791044777,50.7890625,47.3453125,12.0,185.0,22.5,90.0
40363,305,20.28125,33.34057971014492,29.6536231884058,12.1,144.0,22.5,89.0
41263,305,20.155882352941177,25.897058823529413,23.51323529411765,12.0,114.0,22.5,90.0
42163,305,19.74347826086957,22.21212121212121,20.6469696969697,11.8,100.0,24.1,91.0
43063,305,19.37121212121212,20.546875,19.525,11.6,60.0,30.6,91.0
43963,305,19.037254901960782,31.33018867924528,27.43962264150944,11.4,63.0,32.2,91.0
44863,305,19.15333333333333,54.91666666666666,50.42333333333333,11.4,49.0,30.6,91.0
45763,305,19.58235294117647,55.84507042253521,52.7169014084507,11.4,60.0,27.4,91.0
46663,305,19.959154929577466,56.01515151515152,52.08030303030303,11.4,77.0,27.4,91.0
47563,305,20.14,55.50806451612904,51.66451612903226,11.5,44.0,25.7,91.0
48463,305,20.22835820895522,54.798507462686565,51.22388059701492,11.5,65.0,19.3,92.0
49363,305,20.3,54.5,50.975,11.4,58.0,19.3,92.0
50263,305,,,,11.3,49.0,20.9,93.0
51163,305,,,,11.2,40.0,22.5,92.0
52063,305,,,,11.3,35.0,27.4,92.0
52963,305,,,,11.3,42.0,27.4,92.0
53863,305,,,,11.3,37.0,25.7,92.0
54763,305,,,,11.2,40.0,25.7,92.0
55663,305,,,,11.1,16.0,19.3,93.0
56563,305,,,,10.9,12.0,20.9,93.0
57463,305,,,,10.9,11.0,19.3,93.0
58363,305,,,,11.1,7.0,20.9,93.0
59263,305,,,,11.1,0.0,19.3,93.0
60163,305,18.833333333333336,17.838235294117645,17.3,11.1,0.0,19.3,92.0
61063,305,18.74,17.5,17.072,10.8,0.0,17.7,92.0
61963,305,,,,10.9,0.0,19.3,92.0
62863,305,18.46271186440677,17.5,16.8,10.8,0.0,16.1,92.0
63763,305,18.4,17.5,16.8,10.7,0.0,19.3,93.0
64663,305,18.4,17.5,16.8,10.7,0.0,17.7,93.0
65563,305,18.4,17.5,16.8,10.7,0.0,17.7,93.0
66463,305,18.4,17.5,16.756521739130434,10.8,0.0,17.7,92.0
67363,305,18.302985074626868,17.5,16.530434782608697,10.8,0.0,17.7,92.0
68263,305,18.3,17.328358208955223,16.5,10.6,0.0,16.1,91.0
69163,305,18.27462686567164,17.171641791044777,16.5,10.4,0.0,16.1,91.0
70063,305,18.2,17.0,16.5,10.4,0.0,14.5,91.0
70963,305,18.176470588235293,17.0,16.5,10.3,0.0,14.5,91.0
71863,305,18.1,17.0,16.36885245901639,10.2,0.0,16.1,92.0
72763,305,18.04285714285714,17.0,16.3,10.4,0.0,17.7,92.0
73663,305,18.0,17.0,16.3,10.4,0.0,19.3,92.0
74563,305,17.944285714285716,17.0,16.3,10.4,0.0,19.3,92.0
75463,305,17.9,17.0,16.3,10.3,0.0,17.7,92.0
76363,305,17.9,17.0,16.3,10.3,0.0,19.3,92.0
77263,305,17.9,17.0,16.3,10.3,0.0,17.7,91.0
78163,305,17.834848484848486,17.0,16.3,10.1,0.0,16.1,92.0
79063,305,17.83230769230769,17.0,16.3,9.9,0.0,16.1,93.0
79963,305,17.971641791044778,17.0,16.3,9.9,0.0,17.7,91.0
80863,305,18.036206896551725,17.0,16.3,9.9,0.0,12.9,92.0
81763,305,18.0796875,17.0,16.3,9.8,0.0,12.9,92.0
82663,305,17.99411764705882,17.0,16.3,9.7,0.0,12.9,92.0
83563,305,17.9,17.0,16.3,9.6,0.0,11.3,91.0
84463,305,17.82769230769231,17.0,16.282857142857143,9.2,0.0,14.5,91.0
85363,305,17.8,17.0,16.035820895522388,9.0,0.0,14.5,90.0
86263,305,17.731034482758623,17.0,16.0,8.7,0.0,14.5,91.0
763,306,17.7,16.815789473684212,16.0,8.7,0.0,11.3,91.0
1663,306,17.629411764705882,16.53030303030303,16.0,8.4,0.0,11.3,91.0
2563,306,17.6,16.5,16.0,8.1,0.0,11.3,92.0
3463,306,17.53529411764706,16.5,16.0,7.6,0.0,11.3,92.0
4363,306,17.5,16.5,16.0,7.4,0.0,11.3,92.0
5263,306,17.455072463768115,16.5,15.988235294117649,7.1,0.0,11.3,93.0
6163,306,17.4,16.5,15.83768115942029,7.3,0.0,12.9,92.0
7063,306,17.4,16.5,15.92537313432836,7.4,0.0,12.9,91.0
7963,306,17.330882352941178,16.5,15.80597014925373,7.2,0.0,9.7,92.0
8863,306,17.3,16.5,15.8,7.1,0.0,11.3,91.0
9763,306,17.264285714285712,16.5,15.8,7.0,0.0,9.7,91.0
10663,306,17.2,16.5,15.8,6.8,0.0,11.3,92.0
11563,306,,,,6.6,0.0,8.0,91.0
12463,306,,,,6.4,0.0,8.0,91.0
13363,306,17.1,16.5,15.676470588235292,6.4,0.0,3.2,91.0
14263,306,17.07,16.5,15.567164179104475,6.4,0.0,6.4,91.0
15163,306,17.0,16.5,15.5,6.5,0.0,6.4,90.0
16063,306,17.0,16.48507462686567,15.5,6.6,0.0,6.4,89.0
16963,306,16.959701492537313,16.2421875,15.5,6.5,0.0,4.8,88.0
17863,306,16.9,16.0,15.5,6.4,0.0,6.4,88.0
18763,306,16.9,16.0,15.5,6.6,0.0,6.4,88.0
19663,306,16.886567164179105,16.0,15.5,6.7,0.0,4.8,88.0
20563,306,16.8,16.0,15.5,6.7,0.0,4.8,88.0
21463,306,16.8,16.0,15.487878787878788,6.6,0.0,1.6,89.0
22363,306,16.8,16.0,15.328169014084503,6.3,0.0,3.2,90.0
23263,306,16.732258064516127,16.0,15.3,6.0,0.0,3.2,90.0
24163,306,16.7,16.0,15.3,5.8,0.0,3.2,90.0
25063,306,16.7,16.0,15.3,5.3,0.0,3.2,91.0
25963,306,17.231884057971016,16.00735294117647,15.37205882352941,5.0,0.0,3.2,92.0
26863,306,17.90625,16.56818181818182,16.006060606060608,4.8,5.0,1.6,92.0
27763,306,17.74375,16.07462686567164,15.335820895522389,4.6,11.0,3.2,93.0
28663,306,17.51194029850746,16.0,15.172727272727272,4.7,14.0,4.8,93.0
29563,306,17.292424242424243,16.0,15.3,4.8,16.0,3.2,92.0
30463,306,17.050704225352113,16.0,15.3,5.2,21.0,6.4,92.0
31363,306,16.884615384615383,16.0,15.3,5.3,23.0,4.8,91.0
32263,306,16.8,16.0,15.3,5.6,47.0,4.8,90.0
33163,306,16.74411764705882,16.0,15.3,6.0,79.0,4.8,88.0
34063,306,16.7,16.0,15.3,6.3,81.0,4.8,87.0
34963,306,16.649253731343286,16.0,15.3,6.6,88.0,3.2,85.0
35863,306,16.6,16.0,15.3,6.8,79.0,3.2,81.0
36763,306,16.6,16.0,15.3,7.0,118.0,1.6,82.0
37663,306,16.6,16.0,15.3,7.4,111.0,1.6,80.0
38563,306,16.6,16.0,15.3,7.6,153.0,0.0,77.0
39463,306,16.6,16.0,15.3,8.7,309.0,0.0,72.0
40363,306,16.6,16.0,15.3,8.8,299.0,4.8,74.0
41263,306,16.6,16.0,15.3,8.8,302.0,4.8,74.0
42163,306,16.6,16.0,15.3,9.3,297.0,3.2,73.0
43063,306,16.6,16.0,15.3,9.1,169.0,4.8,72.0
43963,306,16.607142857142858,28.871428571428574,22.658571428571427,9.0,216.0,3.2,73.0
44863,306,17.17076923076923,54.93283582089553,48.69402985074627,9.5,381.0,4.8,71.0
45763,306,18.21538461538461,56.43181818181819,52.1530303030303,8.7,97.0,1.6,75.0
46663,306,19.08550724637681,56.621212121212125,52.37272727272728,8.4,118.0,4.8,75.0
47563,306,19.738235294117647,56.68461538461538,52.45692307692308,8.5,98.0,1.6,76.0
48463,306,20.2768115942029,56.97857142857144,52.53857142857142,9.0,113.0,3.2,75.0
49363,306,20.673529411764708,56.9927536231884,52.66086956521739,8.9,105.0,3.2,76.0
50263,306,21.01159420289855,56.90769230769231,52.7276923076923,8.7,91.0,3.2,76.0
51163,306,21.2,43.04615384615384,39.318461538461534,8.7,40.0,4.8,76.0
52063,306,21.071428571428573,29.76119402985075,26.474626865671645,8.2,44.0,3.2,79.0
52963,306,20.72647058823529,24.38095238095238,22.34285714285714,8.2,52.0,3.2,78.0
53863,306,20.333823529411767,21.56060606060606,20.246969696969696,8.2,54.0,0.0,78.0
54763,306,19.958571428571428,19.97101449275362,19.08840579710145,8.2,39.0,0.0,79.0
55663,306,19.594117647058823,19.0625,18.3078125,8.1,33.0,0.0,78.0
56563,306,19.23181818181818,18.417910447761194,17.83134328358209,8.1,35.0,0.0,77.0
57463,306,18.917910447761194,18.0,17.425,8.2,21.0,0.0,78.0
58363,306,18.64179104477612,17.620967741935484,17.169354838709676,8.1,11.0,0.0,78.0
59263,306,18.44776119402985,17.5,16.93939393939394,7.7,5.0,0.0,80.0
60163,306,18.256060606060608,17.3671875,16.8,7.4,0.0,0.0,81.0
61063,306,18.13636363636364,17.0,16.549253731343285,6.4,0.0,0.0,83.0
61963,306,18.02173913043478,17.0,16.5,5.9,0.0,0.0,85.0
62863,306,17.912307692307692,17.0,16.321875,5.4,0.0,0.0,86.0
63763,306,17.8140625,17.0,16.3,4.9,0.0,0.0,87.0
64663,306,17.75,16.791044776119403,16.18358208955224,5.0,0.0,0.0,88.0
65563,306,17.691304347826087,16.5,16.0,4.7,0.0,0.0,88.0
66463,306,17.6,16.5,16.0,4.4,0.0,0.0,90.0
67363,306,17.558823529411764,16.5,15.996923076923077,4.4,0.0,3.2,90.0
68263,306,17.5,16.5,15.848387096774193,4.7,0.0,6.4,91.0
69163,306,17.439705882352943,16.5,15.8,5.2,0.0,4.8,90.0
70063,306,17.4,20.22058823529412,17.448529411764707,5.4,0.0,6.4,89.0
70963,306,17.60597014925373,50.67164179104478,42.50597014925373,5.6,0.0,6.4,88.0
71863,306,18.461194029850745,55.27536231884058,51.21449275362319,5.6,0.0,4.8,88.0
72763,306,19.211940298507464,56.25,51.88939393939394,5.4,0.0,3.2,88.0
73663,306,19.871428571428574,56.60294117647059,52.61911764705883,5.3,0.0,4.8,89.0
74563,306,20.21333333333333,56.6842105263158,52.68947368421053,5.3,0.0,4.8,88.0
75463,306,,,,5.1,0.0,4.8,89.0
76363,306,,,,4.9,0.0,4.8,90.0
77263,306,20.74571428571429,24.64864864864865,22.47027027027027,4.7,0.0,4.8,89.0
78163,306,20.557692307692307,22.07547169811321,20.45094339622641,4.6,0.0,4.8,90.0
79063,306,20.20377358490566,20.163265306122447,18.973469387755102,5.1,0.0,8.0,88.0
79963,306,19.84202898550725,19.05072463768116,18.12753623188405,6.1,0.0,11.3,84.0
80863,306,19.51320754716981,18.27272727272728,17.636363636363637,6.4,0.0,11.3,80.0
81763,306,19.195,17.879310344827587,17.22586206896552,6.6,0.0,11.3,79.0
82663,306,18.984848484848484,17.902985074626866,17.250746268656716,6.7,0.0,9.7,78.0
83563,306,18.86833333333333,17.5,17.13770491803279,6.7,0.0,9.7,79.0
84463,306,18.734328358208955,17.5,16.93972602739726,6.9,0.0,9.7,78.0
85363,306,18.61714285714286,17.492424242424242,16.8,6.8,0.0,6.4,78.0
86263,306,18.5072463768116,17.067164179104477,16.67462686567164,6.9,0.0,8.0,78.0
763,307,18.4046875,17.0,16.5,6.9,0.0,8.0,78.0
1663,307,18.325,17.0,16.5,7.2,0.0,9.7,78.0
2563,307,18.22131147540984,17.0,16.339344262295082,7.2,0.0,8.0,78.0
3463,307,18.16,17.0,16.3,7.2,0.0,8.0,79.0
4363,307,18.1,17.0,16.3,7.3,0.0,9.7,78.0
5263,307,18.004347826086956,16.92753623188406,16.208695652173912,7.3,0.0,9.7,79.0
6163,307,17.97352941176471,16.536231884057973,16.0,7.2,0.0,8.0,79.0
7063,307,17.9,16.5,16.0,7.1,0.0,8.0,81.0
7963,307,17.855714285714285,16.5,16.0,7.1,0.0,11.3,83.0
8863,307,17.8,16.5,15.993548387096777,7.0,0.0,9.7,84.0
9763,307,17.77230769230769,16.5,15.852173913043478,6.9,0.0,9.7,84.0
10663,307,17.7,16.5,15.8,6.9,0.0,9.7,85.0
11563,307,17.696969696969695,16.5,15.8,6.9,0.0,9.7,86.0
12463,307,17.6,16.5,15.8,6.9,0.0,9.7,85.0
13363,307,17.6,16.5,15.8,7.2,0.0,11.3,82.0
14263,307,17.533333333333335,16.5,15.8,7.3,0.0,11.3,84.0
15163,307,17.5,16.5,15.8,7.2,0.0,11.3,84.0
16063,307,17.496969696969696,16.5,15.643478260869566,7.1,0.0,11.3,85.0
16963,307,17.4,16.455882352941178,15.504411764705882,7.1,0.0,11.3,86.0
17863,307,17.4,16.441176470588236,15.513235294117646,7.1,0.0,11.3,86.0
18763,307,17.4,16.057142857142857,15.5,7.1,0.0,11.3,87.0
19663,307,17.317391304347826,16.0,15.5,7.2,0.0,12.9,87.0
20563,307,17.3,16.0,15.5,7.1,0.0,12.9,87.0
21463,307,17.292537313432838,16.0,15.5,7.1,0.0,11.3,87.0
22363,307,17.2,16.0,15.5,7.2,0.0,12.9,87.0
23263,307,,,,7.6,0.0,16.1,85.0
24163,307,,,,7.7,0.0,19.3,84.0
25063,307,,,,7.7,0.0,22.5,84.0
25963,307,,,,7.7,0.0,16.1,84.0
26863,307,,,,7.6,0.0,14.5,84.0
27763,307,18.039583333333333,16.108695652173914,15.58695652173913,7.6,0.0,16.1,84.0
28663,307,18.095454545454547,16.5,15.99705882352941,7.7,7.0,16.1,83.0
29563,307,17.794285714285714,16.430769230769233,15.536923076923078,7.8,14.0,14.5,83.0
30463,307,17.585507246376814,16.213235294117645,15.5,7.8,19.0,16.1,81.0
31363,307,17.362121212121213,16.0,15.5,7.9,26.0,19.3,80.0
32263,307,17.235820895522387,16.0,15.5,7.8,40.0,20.9,81.0
33163,307,17.127692307692307,16.0,15.5,7.8,46.0,20.9,81.0
34063,307,17.036065573770493,16.0,15.5,7.8,53.0,20.9,82.0
34963,307,16.962711864406778,16.0,15.401639344262296,7.8,37.0,12.9,82.0
35863,307,16.9,16.0,15.3,7.7,33.0,16.1,82.0
36763,307,16.861194029850743,16.0,15.3,7.7,36.0,16.1,82.0
37663,307,16.8,16.0,15.3,7.8,44.0,16.1,82.0
38563,307,16.8,16.0,15.3,7.8,53.0,17.7,82.0
39463,307,16.778688524590162,16.0,15.3,7.8,69.0,17.7,82.0
40363,307,16.7,16.0,15.3,7.9,90.0,19.3,80.0
41263,307,16.7,16.0,15.3,8.2,100.0,17.7,78.0
42163,307,,,,8.3,109.0,19.3,76.0
43063,307,16.7,15.9,15.3,8.3,100.0,19.3,75.0
43963,307,16.685964912280703,30.575471698113205,23.60188679245283,8.5,162.0,17.7,77.0
44863,307,17.471212121212123,54.88805970149254,48.66865671641792,8.9,199.0,16.1,77.0
45763,307,18.630188679245283,56.301886792452834,51.95283018867924,8.8,149.0,17.7,76.0
46663,307,19.548529411764708,56.5,52.3,8.8,146.0,19.3,77.0
47563,307,20.227941176470587,56.51587301587301,52.30317460317461,8.7,113.0,17.7,78.0
48463,307,20.73380281690141,56.54347826086956,52.482608695652175,8.9,144.0,19.3,77.0
49363,307,21.13478260869565,56.777777777777786,52.5,8.7,120.0,20.9,80.0
50263,307,21.45909090909091,56.75735294117648,52.63970588235294,8.4,76.0,20.9,81.0
51163,307,21.643283582089552,42.92647058823529,39.347058823529416,8.4,82.0,20.9,81.0
52063,307,21.4609375,29.77692307692308,26.61230769230769,8.1,53.0,22.5,85.0
52963,307,21.094285714285714,24.35384615384616,22.35076923076923,7.7,60.0,22.5,88.0
53863,307,20.66865671641791,21.47142857142857,20.24571428571429,7.8,35.0,19.3,86.0
54763,307,20.24776119402985,19.8768115942029,19.02753623188406,7.9,32.0,19.3,85.0
55663,307,19.913636363636364,19.041666666666664,18.366666666666667,8.1,33.0,22.5,84.0
56563,307,19.453333333333333,18.046875,17.653125,8.1,19.0,20.9,84.0
57463,307,19.23,17.903225806451612,17.370967741935484,8.0,11.0,17.7,85.0
58363,307,18.96333333333333,17.5,17.033962264150944,7.9,8.0,16.1,84.0
59263,307,18.72571428571429,17.419117647058822,16.841176470588234,8.0,0.0,19.3,84.0
60163,307,18.52898550724638,17.0,16.654545454545453,7.8,0.0,16.1,85.0
61063,307,18.36351351351352,17.0,16.5,7.7,0.0,16.1,85.0
61963,307,18.22272727272728,17.0,16.383870967741935,7.8,0.0,16.1,83.0
62863,307,18.10441176470588,17.0,16.3,7.9,0.0,17.7,84.0
63763,307,18.00735294117647,16.58450704225352,16.118309859154927,7.9,0.0,20.9,84.0
64663,307,17.919298245614037,16.5,15.9375,7.9,0.0,19.3,83.0
65563,307,17.813846153846153,16.5,15.8,7.9,0.0,17.7,84.0
66463,307,17.730882352941176,16.5,15.8,7.7,0.0,16.1,84.0
67363,307,17.65373134328358,16.5,15.58955223880597,7.6,0.0,19.3,84.0
68263,307,17.591044776119404,16.272727272727273,15.5,7.4,0.0,19.3,85.0
69163,307,17.5,16.0,15.5,7.3,0.0,17.7,85.0
70063,307,17.502898550724638,16.1044776119403,15.513432835820897,7.3,0.0,20.9,86.0
70963,307,17.6,16.5,15.8,7.2,0.0,17.7,86.0
71863,307,17.6,16.5,15.8,7.4,0.0,19.3,86.0
72763,307,17.6,16.5,15.8,7.4,0.0,19.3,86.0
73663,307,17.6,16.5,15.8,7.6,0.0,19.3,85.0
74563,307,17.569565217391304,16.5,15.8,7.7,0.0,20.9,84.0
75463,307,17.5,16.5,15.79558823529412,7.6,0.0,17.7,84.0
76363,307,17.5,16.5,15.719402985074629,7.6,0.0,19.3,84.0
77263,307,17.5,16.462686567164177,15.531343283582087,7.8,0.0,19.3,84.0
78163,307,17.43768115942029,16.205882352941178,15.5,7.8,0.0,17.7,84.0
79063,307,17.4,16.007246376811594,15.5,7.8,0.0,19.3,85.0
79963,307,17.4,16.007246376811594,15.5,7.8,0.0,19.3,85.0
80863,307,17.4,16.0,15.5,7.9,0.0,16.1,85.0
81763,307,17.338235294117645,16.0,15.5,8.1,0.0,17.7,85.0
82663,307,17.492307692307694,16.069230769230767,15.555384615384616,8.2,0.0,19.3,85.0
83563,307,19.41029411764706,16.5,15.87462686567164,8.3,0.0,24.1,85.0
84463,307,18.9515625,16.5,15.730434782608697,8.4,0.0,24.1,85.0
85363,307,18.49230769230769,16.253846153846155,15.5,8.6,0.0,25.7,86.0
86263,307,17.995454545454546,16.253731343283583,15.638805970149257,8.4,0.0,24.1,86.0
763,308,17.713432835820896,16.42361111111111,15.8,8.3,0.0,22.5,87.0
1663,308,17.439705882352943,16.028169014084504,15.592957746478874,8.3,0.0,22.5,87.0
2563,308,17.209722222222222,16.0,15.5,8.3,0.0,24.1,87.0
3463,308,17.02647058823529,16.0,15.5,8.4,0.0,29.0,87.0
4363,308,16.9,16.0,15.5,8.4,0.0,25.7,87.0
5263,308,16.9,16.0,15.5,8.3,0.0,24.1,87.0
6163,308,16.9,16.0,15.48918918918919,8.2,0.0,20.9,88.0
7063,308,16.9,16.0,15.315873015873017,8.3,0.0,27.4,87.0
7963,308,16.82089552238806,16.0,15.3,8.4,0.0,27.4,86.0
8863,308,16.8,16.0,15.3,8.2,0.0,22.5,87.0
9763,308,16.8,16.0,15.3,8.2,0.0,24.1,88.0
10663,308,16.8,16.0,15.3,8.3,0.0,22.5,88.0
11563,308,16.73787878787879,16.0,15.3,8.4,0.0,20.9,88.0
12463,308,16.7,16.0,15.3,8.4,0.0,17.7,88.0
13363,308,16.7,16.0,15.3,8.4,0.0,22.5,88.0
14263,308,16.7,16.0,15.3,8.6,0.0,20.9,88.0
15163,308,16.618181818181817,16.0,15.295652173913044,8.3,0.0,16.1,91.0
16063,308,16.6,15.830882352941178,15.20735294117647,8.3,0.0,16.1,90.0
16963,308,16.6,15.56060606060606,15.03181818181818,8.2,0.0,16.1,90.0
17863,308,16.6,15.5,15.0,8.2,0.0,16.1,90.0
18763,308,16.54285714285714,15.5,15.0,8.1,0.0,12.9,91.0
19663,308,16.5,15.5,15.0,8.1,0.0,16.1,91.0
20563,308,16.5,15.5,15.0,8.1,0.0,16.1,92.0
21463,308,16.5,15.5,15.0,7.8,0.0,16.1,93.0
22363,308,16.42753623188406,15.5,15.0,7.7,0.0,14.5,93.0
23263,308,16.4,15.5,15.0,7.4,0.0,14.5,93.0
24163,308,16.4,15.5,15.0,7.4,0.0,14.5,93.0
25063,308,16.4,15.5,15.0,7.3,0.0,12.9,92.0
25963,308,16.33235294117647,15.5,15.0,7.1,0.0,12.9,92.0
26863,308,16.3,15.5,15.0,6.8,0.0,12.9,92.0
27763,308,16.3,15.5,14.961764705882354,6.7,9.0,14.5,92.0
28663,308,16.3,15.5,14.987692307692308,6.6,14.0,12.9,91.0
29563,308,16.3,15.5,14.997101449275362,6.3,19.0,14.5,90.0
30463,308,16.3,15.5,15.0,6.3,28.0,12.9,90.0
31363,308,16.314705882352943,15.5,15.0,6.4,25.0,16.1,89.0
32263,308,16.47352941176471,15.514285714285714,15.025714285714288,6.5,21.0,14.5,89.0
33163,308,16.49811320754717,15.5,14.88,6.5,23.0,12.9,90.0
34063,308,16.377777777777776,15.5,14.8,6.4,30.0,14.5,89.0
34963,308,16.292307692307695,15.5,14.8,6.6,33.0,14.5,89.0
35863,308,16.2,15.5,14.8,7.1,33.0,12.9,88.0
36763,308,16.2,15.5,14.8,7.3,218.0,14.5,87.0
37663,308,16.105882352941176,15.5,14.8,8.1,241.0,14.5,83.0
38563,308,16.1,15.5,14.783098591549296,8.4,260.0,14.5,81.0
39463,308,16.1,15.47058823529412,14.522058823529411,8.6,271.0,16.1,81.0
40363,308,16.1,15.371428571428572,14.504285714285714,8.6,279.0,17.7,79.0
41263,308,16.1,15.37878787878788,14.540909090909093,8.9,288.0,20.9,78.0
42163,308,16.114285714285714,15.492424242424244,14.713636363636365,9.1,295.0,19.3,75.0
43063,308,16.07462686567164,15.448529411764708,14.65,9.1,267.0,16.1,75.0
43963,308,16.2,15.5,14.8,8.7,63.0,14.5,76.0
44863,308,16.2,15.36842105263158,14.605263157894736,8.8,290.0,17.7,74.0
45763,308,16.124074074074073,15.0,14.311320754716984,8.7,149.0,20.9,74.0
46663,308,16.01764705882353,14.696969696969695,13.918181818181818,8.3,258.0,16.1,73.0
47563,308,15.911940298507464,14.5,13.645454545454546,8.5,226.0,14.5,74.0
48463,308,15.80597014925373,14.5,13.55820895522388,8.1,162.0,14.5,77.0
49363,308,15.731343283582088,14.43939393939394,13.5,8.1,40.0,17.7,79.0
50263,308,15.7,14.431818181818182,13.513636363636362,6.8,83.0,17.7,83.0
51163,308,15.604545454545454,14.314285714285711,13.497142857142856,6.7,91.0,16.1,82.0
52063,308,15.6,14.5,13.775,6.7,63.0,20.9,80.0
52963,308,15.6,14.5,13.896296296296295,6.7,56.0,17.7,81.0
53863,308,15.6,14.5,14.0,6.8,62.0,11.3,81.0
54763,308,15.592063492063492,14.507462686567164,14.0,6.6,28.0,16.1,82.0
55663,308,15.5,14.51639344262295,14.0,6.2,16.0,17.7,84.0
56563,308,15.5,14.508771929824562,14.0,5.9,14.0,17.7,85.0
57463,308,15.5,14.508474576271189,14.0,5.7,12.0,16.1,86.0
58363,308,15.4046875,14.5,14.0,5.6,11.0,17.7,86.0
59263,308,15.4,14.653225806451612,14.0,5.6,5.0,19.3,86.0
60163,308,15.4,14.7109375,14.0,5.6,0.0,19.3,85.0
61063,308,15.4,14.938596491228072,14.0,5.4,0.0,20.9,86.0
61963,308,15.335593220338984,14.852459016393444,14.0,5.2,0.0,19.3,86.0
62863,308,15.3,14.648148148148149,14.0,5.1,0.0,17.7,86.0
63763,308,15.3,14.553846153846155,14.0,5.0,0.0,17.7,85.0
64663,308,15.284375,14.5,14.0,4.9,0.0,14.5,87.0
65563,308,15.24705882352941,14.59558823529412,14.0,4.9,0.0,16.1,87.0
66463,308,15.3,14.898550724637682,14.013043478260869,4.7,0.0,16.1,86.0
67363,308,15.3,14.821428571428571,14.0,4.6,0.0,14.5,86.0
68263,308,15.3,14.75,14.0,4.6,0.0,17.7,85.0
69163,308,15.3,14.85344827586207,14.0,4.4,0.0,14.5,86.0
70063,308,15.3,14.8768115942029,14.0,4.3,0.0,14.5,86.0
70963,308,15.3,14.796875,14.0,4.2,0.0,16.1,86.0
71863,308,15.3,14.686567164179104,14.0,4.0,0.0,16.1,86.0
72763,308,15.258823529411766,14.5,14.0,4.1,0.0,17.7,86.0
73663,308,15.2,14.5,14.0,4.0,0.0,19.3,85.0
74563,308,15.2,15.69047619047619,14.276190476190475,3.9,0.0,16.1,86.0
75463,308,15.288235294117646,36.4622641509434,27.96981132075472,3.8,0.0,16.1,87.0
76363,308,16.9,53.5,49.65,3.8,0.0,16.1,87.0
77263,308,17.302857142857142,55.2536231884058,50.221739130434784,3.9,0.0,19.3,88.0
78163,308,18.045714285714286,56.5,51.43731343283582,4.1,0.0,24.1,87.0
79063,308,18.62941176470588,56.5,51.5,3.9,0.0,19.3,88.0
79963,308,19.05294117647059,52.28169014084507,47.96197183098592,3.8,0.0,20.9,89.0
80863,308,19.30579710144928,55.60144927536233,49.98550724637681,3.8,0.0,24.1,88.0
81763,308,19.6044776119403,55.98529411764706,52.19117647058823,3.7,0.0,19.3,89.0
82663,308,19.86617647058824,55.26515151515152,52.11060606060606,3.7,0.0,19.3,89.0
83563,308,19.86029411764705,40.34057971014492,37.120289855072464,3.6,0.0,17.7,89.0
84463,308,19.58550724637681,28.01470588235294,25.13235294117647,3.7,0.0,19.3,89.0
85363,308,19.23636363636364,23.21014492753623,21.08985507246377,3.7,0.0,17.7,89.0
86263,308,18.84925373134329,20.5,19.204918032786885,3.7,0.0,19.3,89.0
763,309,18.47462686567164,18.73913043478261,17.92028985507246,3.7,0.0,17.7,89.0
1663,309,18.18115942028985,17.73846153846154,17.201538461538462,3.7,0.0,19.3,89.0
2563,309,17.943478260869565,17.48507462686567,17.21791044776119,3.7,0.0,19.3,89.0
3463,309,17.732835820895524,16.992753623188406,16.48840579710145,3.7,0.0,19.3,89.0
4363,309,17.522058823529413,16.52941176470588,16.07941176470588,3.6,0.0,20.9,90.0
5263,309,17.333823529411767,16.5,15.844117647058823,3.6,0.0,17.7,90.0
6163,309,17.1578125,16.053846153846155,15.656923076923077,3.7,0.0,17.7,90.0
7063,309,17.011428571428574,16.0,15.5,3.7,0.0,16.1,90.0
7963,309,16.880597014925375,16.0,15.35,3.6,0.0,16.1,90.0
8863,309,16.786956521739132,15.993150684931509,15.3,3.7,0.0,16.1,91.0
9763,309,16.685294117647057,15.583333333333334,15.120833333333334,3.7,0.0,17.7,91.0
10663,309,16.6,15.5,15.0,3.7,0.0,17.7,90.0
11563,309,16.5112676056338,15.5,15.0,3.8,0.0,14.5,89.0
12463,309,16.4546875,15.5,14.945945945945946,3.7,0.0,14.5,90.0
13363,309,16.4,15.5,14.80327868852459,3.7,0.0,16.1,90.0
14263,309,16.310144927536232,15.5,14.8,3.7,0.0,16.1,91.0
15163,309,16.26231884057971,15.5,14.8,3.8,0.0,16.1,90.0
16063,309,16.2,15.5,14.771428571428572,3.7,0.0,16.1,90.0
16963,309,16.178571428571427,15.328358208955224,14.517910447761192,3.7,0.0,14.5,90.0
17863,309,16.1,15.014705882352942,14.5,3.6,0.0,14.5,90.0
18763,309,16.088524590163935,15.0,14.5,3.6,0.0,14.5,90.0
19663,309,16.0,15.0,14.5,3.5,0.0,16.1,90.0
20563,309,15.998591549295776,15.0,14.5,3.5,0.0,16.1,90.0
21463,309,15.901470588235291,15.0,14.444117647058825,3.6,0.0,16.1,88.0
22363,309,15.9,15.0,14.305882352941175,3.6,0.0,14.5,88.0
23263,309,15.820289855072463,15.0,14.3,3.4,0.0,16.1,88.0
24163,309,15.8,15.0,14.3,3.4,0.0,17.7,88.0
25063,309,15.796969696969697,15.0,14.3,3.6,0.0,12.9,87.0
25963,309,15.707246376811591,15.0,14.3,3.6,0.0,14.5,87.0
26863,309,15.7,15.0,14.3,3.7,5.0,17.7,87.0
27763,309,15.66764705882353,15.0,14.3,3.5,9.0,16.1,87.0
28663,309,15.678571428571429,15.0,14.3,3.7,16.0,14.5,86.0
29563,309,15.771641791044775,14.947761194029852,14.38955223880597,3.7,18.0,14.5,86.0
30463,309,15.78840579710145,14.888059701492535,14.0,3.8,21.0,14.5,86.0
31363,309,15.7,15.0,14.038571428571426,3.9,21.0,14.5,86.0
32263,309,15.627272727272729,14.911764705882351,14.0,4.2,25.0,14.5,85.0
33163,309,15.6,14.578571428571427,14.0,4.4,25.0,14.5,84.0
34063,309,15.537681159420291,14.5,14.0,4.8,26.0,12.9,83.0
34963,309,15.5,14.5,14.0,5.2,28.0,12.9,82.0
35863,309,15.5,14.5,14.0,5.6,33.0,12.9,81.0
36763,309,15.455072463768117,14.5,14.0,5.8,227.0,11.3,80.0
37663,309,15.52,14.507462686567164,14.0044776119403,6.7,241.0,11.3,77.0
38563,309,17.1203125,15.0,14.2955223880597,6.9,255.0,11.3,76.0
39463,309,15.859420289855072,14.735714285714286,14.024285714285714,7.1,255.0,12.9,75.0
40363,309,15.676923076923078,14.507246376811594,13.97101449275362,7.1,278.0,14.5,75.0
41263,309,15.519402985074626,14.5,14.0,7.5,283.0,14.5,73.0
42163,309,15.426865671641792,14.5,14.0,7.7,294.0,14.5,70.0
43063,309,15.4,14.5,13.836363636363638,7.5,86.0,11.3,70.0
43963,309,15.4,14.5,13.8,8.2,385.0,11.3,70.0
44863,309,,,,7.9,302.0,14.5,69.0
45763,309,,,,7.9,355.0,16.1,68.0
46663,309,,,,8.1,253.0,14.5,67.0
47563,309,15.235294117647058,14.5,13.755882352941176,8.0,251.0,12.9,63.0
48463,309,15.2,14.5,13.5,8.5,220.0,11.3,66.0
49363,309,15.1875,14.468253968253968,13.5,8.3,156.0,11.3,64.0
50263,309,15.1,14.138461538461538,13.5,7.8,42.0,14.5,64.0
51163,309,15.09032258064516,14.0,13.5,7.6,107.0,14.5,65.0
52063,309,15.0,14.0,13.5,7.4,44.0,17.7,64.0
52963,309,15.0,14.0,13.5,6.9,33.0,14.5,65.0
53863,309,15.0,14.0,13.496923076923077,6.8,53.0,9.7,67.0
54763,309,15.0,14.0,13.373015873015872,6.8,30.0,9.7,67.0
55663,309,14.946774193548388,14.0,13.3,6.8,25.0,9.7,67.0
56563,309,14.9,14.0,13.3,6.6,14.0,4.8,69.0
57463,309,14.89016393442623,24.758064516129032,19.55483870967742,5.9,11.0,4.8,71.0
58363,309,15.135593220338984,27.223076923076924,26.087692307692304,5.7,9.0,6.4,71.0
59263,309,15.361538461538462,20.14406779661017,19.272881355932203,5.6,5.0,9.7,72.0
60163,309,15.48,17.3515625,16.6140625,5.4,0.0,8.0,73.0
61063,309,15.434615384615384,17.108333333333334,16.355,5.1,0.0,4.8,75.0
61963,309,15.472413793103447,43.33333333333333,37.025396825396825,4.5,0.0,6.4,76.0
62863,309,16.22,50.419117647058826,48.19264705882353,4.8,0.0,8.0,74.0
63763,309,16.968115942028984,52.92063492063492,48.804761904761904,4.6,0.0,3.2,75.0
64663,309,17.583333333333336,48.76086956521739,45.91159420289855,4.6,0.0,6.4,74.0
65563,309,18.068656716417912,52.46212121212121,47.60454545454546,4.4,0.0,4.8,75.0
66463,309,18.606666666666666,55.49107142857143,50.59464285714286,4.4,0.0,4.8,74.0
67363,309,19.033870967741937,51.007936507936506,47.26984126984127,4.3,0.0,4.8,74.0
68263,309,19.103125,33.140625,28.515625,3.9,0.0,1.6,75.0
69163,309,18.84915254237288,24.808333333333334,21.575,3.0,0.0,1.6,79.0
70063,309,18.405084745762714,20.852459016393443,18.84426229508197,3.4,0.0,6.4,77.0
70963,309,17.954237288135594,18.581967213114755,17.30655737704918,3.3,0.0,4.8,78.0
71863,309,17.53793103448276,17.31818181818182,16.43272727272727,3.1,0.0,3.2,80.0
72763,309,17.14,16.5,15.847540983606558,3.5,0.0,9.7,81.0
73663,309,16.809677419354838,15.968253968253968,15.314285714285711,3.3,0.0,6.4,81.0
74563,309,16.535,15.5078125,15.0,3.2,0.0,8.0,82.0
75463,309,16.305454545454545,15.5,14.808955223880597,3.4,0.0,8.0,82.0
76363,309,16.123214285714287,15.142857142857142,14.525714285714288,3.4,0.0,6.4,82.0
77263,309,15.950793650793653,15.0,14.467741935483872,3.1,0.0,1.6,83.0
78163,309,15.864615384615384,15.0,14.493846153846151,3.0,0.0,4.8,85.0
79063,309,15.76984126984127,15.0,14.30952380952381,2.7,0.0,4.8,86.0
79963,309,15.688888888888888,15.0,14.3,3.1,0.0,8.0,83.0
80863,309,15.597727272727273,14.992537313432836,14.165671641791045,3.1,0.0,4.8,83.0
81763,309,15.51060606060606,14.875,14.0421875,3.0,0.0,4.8,83.0
82663,309,15.5,14.689655172413794,14.005172413793105,2.6,0.0,4.8,84.0
83563,309,15.412698412698411,14.5,14.0,2.8,0.0,6.4,84.0
84463,309,15.551470588235292,14.735294117647058,14.119117647058824,2.7,0.0,6.4,84.0
85363,309,17.621875,15.303030303030305,14.709090909090907,2.8,0.0,4.8,83.0
86263,309,17.091428571428573,15.082089552238807,14.544776119402986,2.9,0.0,4.8,82.0
763,310,16.637142857142855,15.0,14.479411764705882,3.0,0.0,6.4,81.0
1663,310,16.236764705882354,15.0,14.3,2.9,0.0,6.4,80.0
2563,310,15.819402985074626,15.0,14.3,2.9,0.0,6.4,79.0
3463,310,15.498507462686566,14.917910447761193,14.170149253731344,2.9,0.0,4.8,79.0
4363,310,15.3078125,14.514705882352942,14.0,2.4,0.0,1.6,79.0
5263,310,15.3,14.5,14.0,2.1,0.0,1.6,80.0
6163,310,15.3,14.5,14.0,2.1,0.0,1.6,80.0
7063,310,15.3,14.5,13.94285714285714,1.7,0.0,0.0,81.0
7963,310,15.298529411764708,14.5,13.802898550724638,1.4,0.0,0.0,82.0
8863,310,15.208450704225353,14.5,13.8,1.5,0.0,1.6,82.0
9763,310,15.2,14.5,13.8,1.3,0.0,0.0,82.0
10663,310,15.2,14.5,13.8,1.4,0.0,1.6,81.0
11563,310,15.104347826086956,14.5,13.8,2.4,0.0,6.4,79.0
12463,310,15.1,14.5,13.725,2.7,0.0,3.2,80.0
13363,310,15.098507462686566,14.42753623188406,13.52608695652174,2.6,0.0,4.8,82.0
14263,310,15.004225352112677,14.137681159420293,13.5,3.1,0.0,3.2,83.0
15163,310,15.0,14.0,13.5,3.1,0.0,6.4,85.0
16063,310,15.0,14.0,13.5,3.6,0.0,8.0,85.0
16963,310,14.998507462686566,14.0,13.5,3.9,0.0,8.0,86.0
17863,310,14.901470588235291,14.0,13.5,4.5,0.0,11.3,86.0
18763,310,14.9,14.0,13.5,4.5,0.0,12.9,86.0
19663,310,14.9,14.0,13.5,4.4,0.0,14.5,87.0
20563,310,14.84927536231884,14.0,13.5,4.3,0.0,12.9,88.0
21463,310,14.8,14.0,13.436363636363636,4.4,0.0,14.5,88.0
22363,310,14.8,14.0,13.305555555555554,4.7,0.0,14.5,86.0
23263,310,14.7609375,14.0,13.3,4.8,0.0,14.5,84.0
24163,310,14.7,14.0,13.3,4.9,0.0,16.1,83.0
25063,310,14.7,14.0,13.3,5.2,0.0,14.5,83.0
25963,310,14.7,14.0,13.3,5.2,0.0,16.1,82.0
26863,310,14.7,14.0,13.3,5.2,9.0,17.7,83.0
27763,310,14.807575757575757,14.0,13.477142857142857,5.2,14.0,19.3,83.0
28663,310,14.813636363636364,14.0,13.5,5.2,25.0,17.7,84.0
29563,310,14.963235294117649,14.0,13.5,5.4,37.0,17.7,85.0
30463,310,14.945454545454549,14.0,13.5,6.1,42.0,22.5,84.0
31363,310,14.832835820895522,14.0,13.342424242424244,6.4,76.0,24.1,84.0
32263,310,14.743548387096777,14.0,13.3,6.5,77.0,25.7,83.0
33163,310,14.698529411764708,14.0,13.3,6.8,111.0,25.7,83.0
34063,310,14.60151515151515,14.0,13.195652173913045,7.2,90.0,27.4,81.0
34963,310,14.6,13.954545454545451,13.0,7.1,116.0,25.7,82.0
35863,310,14.54861111111111,13.546153846153846,13.0,7.4,128.0,25.7,82.0
36763,310,14.5,13.5,13.0,7.4,95.0,29.0,82.0
37663,310,14.5,13.5,13.0,7.6,132.0,29.0,82.0
38563,310,14.5,13.5,13.0,7.7,123.0,25.7,82.0
39463,310,14.5,13.5,13.0,7.7,162.0,24.1,83.0
40363,310,14.5,13.5,13.0,7.7,174.0,22.5,83.0
41263,310,14.5,13.5,13.0,8.2,63.0,24.1,83.0
42163,310,14.5,13.5,13.0,8.4,309.0,22.5,84.0
43063,310,14.5,13.5,13.0,8.9,199.0,25.7,82.0
43963,310,14.5109375,27.072463768115945,20.52753623188406,8.6,62.0,22.5,83.0
44863,310,15.102898550724635,53.72950819672131,47.02295081967213,8.4,44.0,19.3,85.0
45763,310,16.185294117647057,55.8030303030303,51.27121212121212,8.4,69.0,20.9,85.0
46663,310,17.052702702702703,56.0,51.620000000000005,8.4,63.0,22.5,85.0
47563,310,17.74142857142857,56.07575757575758,51.80909090909091,8.7,54.0,22.5,85.0
48463,310,18.29705882352941,56.40769230769231,51.96,8.7,76.0,20.9,86.0
49363,310,18.744262295081967,56.4927536231884,52.03478260869565,8.8,49.0,19.3,86.0
50263,310,19.09848484848485,56.38235294117648,52.16029411764706,8.7,39.0,27.4,87.0
51163,310,19.335384615384616,41.6044776119403,38.36865671641791,8.8,49.0,19.3,87.0
52063,310,19.21408450704225,27.73529411764706,25.855882352941176,9.1,49.0,19.3,87.0
52963,310,18.89076923076923,22.267605633802816,21.24788732394366,9.4,83.0,19.3,87.0
53863,310,18.53230769230769,19.580882352941178,18.80294117647059,9.7,46.0,22.5,87.0
54763,310,18.148529411764702,18.058823529411764,17.413235294117648,9.7,40.0,24.1,87.0
55663,310,17.813846153846153,17.15909090909091,16.578787878787878,9.8,35.0,20.9,87.0
56563,310,17.493333333333332,16.52777777777778,16.044444444444444,9.9,30.0,19.3,87.0
57463,310,17.215625,16.044117647058822,15.685294117647056,10.1,12.0,24.1,88.0
58363,310,16.96451612903226,15.813432835820896,15.401492537313434,10.1,0.0,22.5,89.0
59263,310,16.740625,15.5,15.129850746268655,10.2,0.0,22.5,88.0
60163,310,16.539682539682538,15.5,14.975384615384616,10.6,0.0,27.4,86.0
61063,310,16.377611940298507,15.195945945945946,14.8,10.7,0.0,24.1,85.0
61963,310,16.231147540983606,15.0,14.74090909090909,10.8,0.0,27.4,85.0
62863,310,16.14776119402985,15.0,14.5,10.7,0.0,24.1,87.0
63763,310,16.07076923076923,15.0,14.5,10.5,0.0,24.1,89.0
64663,310,16.0,15.0,14.437313432835822,10.6,0.0,22.5,88.0
65563,310,15.925,15.0,14.3,10.7,0.0,27.4,86.0
66463,310,15.9,15.0,14.3,10.7,0.0,30.6,86.0
67363,310,15.844927536231884,14.818840579710145,14.18695652173913,10.6,0.0,24.1,87.0
68263,310,15.7875,14.5,14.0,10.8,0.0,25.7,86.0
69163,310,15.698387096774193,14.869565217391305,14.07391304347826,10.9,0.0,22.5,86.0
70063,310,15.734328358208955,40.4179104477612,33.11044776119403,11.0,0.0,19.3,85.0
70963,310,16.413043478260867,52.06428571428571,50.32142857142857,11.1,0.0,22.5,85.0
71863,310,17.263076923076923,52.5,51.27464788732394,11.2,0.0,25.7,84.0
72763,310,17.981159420289856,50.0072463768116,49.150724637681165,11.3,0.0,35.4,84.0
73663,310,18.35507246376812,48.523809523809526,46.62222222222222,11.2,0.0,32.2,84.0
74563,310,18.721875,51.82142857142857,50.24,11.3,0.0,37.0,84.0
75463,310,19.08,51.84057971014492,50.584057971014495,11.1,0.0,27.4,85.0
76363,310,19.341538461538462,52.10869565217392,50.6231884057971,11.1,0.0,22.5,85.0
77263,310,19.585714285714285,52.5,51.3,11.0,0.0,19.3,86.0
78163,310,19.807575757575755,52.5,51.48769230769231,11.0,0.0,22.5,85.0
79063,310,19.98181818181818,45.96875,44.771875,11.1,0.0,22.5,85.0
79963,310,20.1,45.72727272727273,40.739393939393935,11.1,0.0,29.0,85.0
80863,310,20.25,46.64179104477612,42.47910447761194,11.2,0.0,32.2,86.0
81763,310,20.259420289855072,30.70289855072464,26.342028985507245,11.1,0.0,33.8,87.0
82663,310,20.095652173913045,23.948529411764707,21.35441176470588,11.1,0.0,25.7,85.0
83563,310,19.810769230769232,20.767605633802816,19.128169014084506,11.1,0.0,22.5,86.0
84463,310,19.507692307692302,19.035714285714285,17.88285714285714,11.0,0.0,19.3,85.0
85363,310,19.22205882352941,18.044776119402982,17.161194029850744,11.2,0.0,24.1,85.0
86263,310,18.965217391304343,17.441176470588236,16.663235294117648,11.2,0.0,22.5,86.0
763,311,18.71791044776119,17.246153846153845,16.68,10.9,0.0,22.5,87.0
1663,311,18.508333333333333,16.830882352941178,16.15735294117647,10.8,0.0,19.3,86.0
2563,311,18.307352941176468,16.5,15.852307692307694,10.9,0.0,19.3,86.0
3463,311,18.11269841269841,16.47101449275362,15.634782608695652,11.1,0.0,24.1,85.0
4363,311,17.934328358208955,16.0,15.5,11.0,0.0,25.7,85.0
5263,311,17.777142857142856,16.0,15.364705882352942,11.1,0.0,30.6,84.0
6163,311,17.653030303030302,16.0,15.3,11.2,0.0,24.1,84.0
7063,311,17.547761194029853,16.0,15.295774647887324,11.2,0.0,24.1,84.0
7963,311,17.459701492537313,16.0,15.026865671641792,11.3,0.0,29.0,84.0
8863,311,17.38307692307692,15.853846153846154,15.0,11.2,0.0,30.6,85.0
9763,311,17.3,15.5,15.0,11.2,0.0,29.0,85.0
10663,311,17.243283582089553,15.5,15.0,11.1,0.0,25.7,86.0
11563,311,17.2,15.5,14.8955223880597,11.2,0.0,29.0,85.0
12463,311,17.119999999999997,15.5,14.8,11.4,0.0,34.6,84.0
13363,311,17.091428571428573,15.5,14.8,11.4,0.0,33.8,85.0
14263,311,17.0,15.5,14.8,11.3,0.0,31.4,85.0
15163,311,17.0,15.5,14.8,11.2,0.0,29.0,86.0
16063,311,16.918840579710142,15.5,14.8,11.2,0.0,29.0,86.0
16963,311,16.9,15.5,14.8,11.3,0.0,30.6,86.0
17863,311,16.9,15.5,14.775,11.3,0.0,29.0,87.0
18763,311,16.825352112676057,15.5,14.61818181818182,11.3,0.0,29.0,87.0
19663,311,16.8,15.5,14.504411764705882,11.3,0.0,24.1,89.0
20563,311,16.8,15.5,14.5,9.3,0.0,17.7,93.0
21463,311,16.772058823529413,15.5,14.5,8.3,0.0,17.7,93.0
22363,311,16.7,15.5,14.5,7.9,0.0,17.7,95.0
23263,311,16.7,15.5,14.5,7.6,0.0,22.5,94.0
24163,311,16.60923076923077,15.41304347826087,14.5,7.4,0.0,22.5,94.0
25063,311,16.6,15.1984126984127,14.5,6.9,0.0,20.9,94.0
25963,311,16.575,15.014925373134329,14.5,6.5,0.0,19.3,94.0
26863,311,16.5,15.0,14.5,6.2,0.0,20.9,94.0
27763,311,16.5,15.23913043478261,14.5,6.2,0.0,19.3,94.0
28663,311,16.607692307692307,15.5,14.585074626865673,6.0,7.0,17.7,94.0
29563,311,17.60625,15.5,14.962857142857144,5.9,16.0,16.1,94.0
30463,311,16.953846153846154,15.5,14.856666666666666,5.9,18.0,12.9,94.0
31363,311,16.78,15.5,14.852941176470589,6.0,23.0,12.9,94.0
32263,311,16.646153846153844,15.5,14.806060606060608,6.1,56.0,12.9,93.0
33163,311,16.569117647058825,15.5,14.8,6.1,35.0,19.3,93.0
34063,311,16.5,15.5,14.8,6.1,35.0,17.7,93.0
34963,311,16.47536231884058,15.5,14.8,6.2,44.0,16.1,91.0
35863,311,16.4,15.5,14.8,6.3,39.0,12.9,89.0
36763,311,16.4,15.5,14.8,6.3,51.0,14.5,88.0
37663,311,16.35217391304348,15.5,14.79558823529412,6.4,63.0,16.1,87.0
38563,311,16.3,15.5,14.716176470588234,6.4,67.0,14.5,88.0
39463,311,16.3,15.5,14.530434782608696,6.5,84.0,16.1,88.0
40363,311,16.3,15.485294117647058,14.504411764705882,6.6,98.0,14.5,89.0
41263,311,16.3,15.40151515151515,14.5,6.6,98.0,12.9,90.0
42163,311,16.25,15.25,14.5,6.8,123.0,12.9,88.0
43063,311,16.2,15.046875,14.5,6.9,118.0,12.9,88.0
43963,311,16.222727272727273,28.56428571428572,22.18285714285714,7.0,104.0,9.7,87.0
44863,311,16.855072463768117,54.45774647887324,48.36338028169014,7.1,95.0,12.9,86.0
45763,311,17.929411764705883,56.05223880597015,52.08507462686568,7.1,117.0,12.9,86.0
46663,311,18.83235294117647,56.42028985507246,52.30579710144927,7.3,120.0,14.5,84.0
47563,311,19.498507462686568,56.5,52.42537313432835,7.3,113.0,14.5,83.0
48463,311,20.02647058823529,56.515625,52.51875,7.3,91.0,16.1,83.0
49363,311,20.44626865671642,56.65873015873016,52.75714285714285,7.3,81.0,16.1,82.0
50263,311,20.79014084507042,56.61764705882352,52.75441176470588,7.2,93.0,12.9,83.0
51163,311,20.995774647887323,42.52985074626866,38.99850746268657,7.3,86.0,11.3,83.0
52063,311,20.847457627118644,29.43076923076924,26.264615384615382,7.2,62.0,11.3,83.0
52963,311,20.5112676056338,23.932835820895523,21.98059701492537,7.2,62.0,12.9,83.0
53863,311,20.11451612903226,21.146153846153844,19.93846153846154,7.0,28.0,9.7,83.0
54763,311,19.74328358208956,19.50735294117647,18.682352941176468,6.9,19.0,9.7,83.0
55663,311,19.361538461538466,18.53076923076923,17.9,6.7,11.0,8.0,83.0
56563,311,18.97878787878788,17.87878787878788,17.35,6.5,11.0,8.0,84.0
57463,311,18.65797101449275,17.5,16.941176470588236,6.2,14.0,6.4,84.0
58363,311,18.402985074626866,17.10144927536232,16.669565217391302,6.3,11.0,6.4,84.0
59263,311,18.18260869565217,17.0,16.414754098360653,6.2,5.0,8.0,84.0
60163,311,18.01304347826087,16.7890625,16.3,6.2,0.0,6.4,84.0
61063,311,17.85,16.5,16.069230769230767,5.9,0.0,3.2,87.0
61963,311,17.738709677419354,16.5,16.0,5.6,0.0,4.8,87.0
62863,311,17.630303030303033,16.5,15.824242424242424,5.5,0.0,8.0,86.0
63763,311,17.540625,16.5,15.8,5.4,0.0,9.7,87.0
64663,311,17.464179104477612,16.3,15.786153846153846,5.3,0.0,9.7,87.0
65563,311,17.4,16.0,15.5,5.3,0.0,9.7,86.0
66463,311,17.307575757575755,16.0,15.5,5.2,0.0,9.7,85.0
67363,311,17.26818181818182,16.0,15.5,5.3,0.0,11.3,85.0
68263,311,17.2,16.0,15.5,5.2,0.0,9.7,87.0
69163,311,17.1463768115942,16.0,15.392753623188408,5.2,0.0,11.3,87.0
70063,311,17.1,16.0,15.3,5.0,0.0,8.0,88.0
70963,311,17.007462686567163,17.164285714285715,15.737142857142857,4.9,0.0,9.7,87.0
71863,311,17.07794117647059,41.392857142857146,33.315714285714286,4.8,0.0,9.7,88.0
72763,311,17.706666666666667,51.23333333333333,47.145,4.6,0.0,8.0,89.0
73663,311,18.506349206349206,53.734375,48.8484375,4.4,0.0,8.0,89.0
74563,311,19.18955223880597,56.07746478873239,51.5887323943662,4.4,0.0,8.0,89.0
75463,311,19.6296875,51.85714285714285,49.527142857142856,4.4,0.0,8.0,88.0
76363,311,19.9044776119403,54.267605633802816,52.08732394366198,4.3,0.0,6.4,87.0
77263,311,20.187878787878788,54.31343283582089,52.3,4.2,0.0,9.7,88.0
78163,311,20.4546875,54.55072463768117,52.3,4.1,0.0,8.0,88.0
79063,311,20.72222222222222,53.34126984126984,50.05873015873016,4.0,0.0,4.8,89.0
79963,311,20.95396825396825,56.8030303030303,52.18787878787879,3.9,0.0,6.4,90.0
80863,311,21.173972602739727,54.61029411764706,50.930882352941175,4.1,0.0,6.4,90.0
81763,311,21.24383561643836,36.31159420289855,32.59275362318841,4.1,0.0,6.4,90.0
82663,311,21.074603174603176,27.253968253968253,24.665079365079364,4.2,0.0,9.7,90.0
83563,311,20.695238095238096,22.74264705882353,21.141176470588235,4.1,0.0,9.7,89.0
84463,311,20.277941176470588,20.52857142857143,19.36142857142857,4.1,0.0,9.7,89.0
85363,311,19.89375,19.297101449275363,18.491304347826087,4.3,0.0,9.7,88.0
86263,311,19.55294117647059,18.61290322580645,17.933870967741935,4.3,0.0,8.0,88.0
763,312,19.266666666666666,18.073529411764707,17.49264705882353,4.3,0.0,11.3,87.0
1663,312,19.01515151515152,17.76086956521739,17.16086956521739,4.3,0.0,12.9,87.0
2563,312,18.81969696969697,17.5,16.895652173913042,4.2,0.0,11.3,87.0
3463,312,18.6421875,17.405405405405407,16.751351351351353,4.2,0.0,12.9,88.0
4363,312,18.49090909090909,17.0,16.5,4.2,0.0,12.9,88.0
5263,312,18.370149253731345,17.0,16.41076923076923,4.2,0.0,11.3,87.0
6163,312,18.25454545454545,17.0,16.3,4.0,0.0,9.7,88.0
7063,312,18.1625,16.89855072463768,16.152173913043477,3.9,0.0,6.4,90.0
7963,312,18.06376811594203,16.50735294117647,16.0,3.9,0.0,6.4,89.0
8863,312,17.9741935483871,16.5,15.98,3.8,0.0,6.4,90.0
9763,312,17.895890410958906,16.5,15.803076923076924,3.9,0.0,8.0,90.0
10663,312,17.8,16.5,15.8,4.1,0.0,9.7,91.0
11563,312,17.75151515151515,16.5,15.8,4.2,0.0,9.7,90.0
12463,312,17.7,16.5,15.713043478260868,4.2,0.0,9.7,90.0
13363,312,17.605797101449276,16.484615384615385,15.504615384615386,4.3,0.0,11.3,90.0
14263,312,17.57462686567164,16.183823529411764,15.5,4.4,0.0,9.7,89.0
15163,312,17.5,16.014492753623188,15.5,4.4,0.0,11.3,89.0
16063,312,17.441791044776117,16.0,15.5,4.4,0.0,14.5,89.0
16963,312,17.4,16.0,15.5,4.4,0.0,14.5,89.0
17863,312,17.31492537313433,16.0,15.5,4.5,0.0,12.9,89.0
18763,312,17.292753623188407,16.0,15.36764705882353,4.5,0.0,14.5,89.0
19663,312,17.2,16.0,15.3,4.6,0.0,12.9,89.0
20563,312,17.192647058823532,16.0,15.3,4.6,0.0,12.9,88.0
21463,312,17.1015625,16.0,15.3,4.7,0.0,11.3,88.0
22363,312,17.067164179104477,16.0,15.3,4.8,0.0,12.9,88.0
23263,312,17.0,16.0,15.207042253521127,4.8,0.0,11.3,90.0
24163,312,16.94776119402985,15.992537313432836,15.0044776119403,4.8,0.0,11.3,91.0
25063,312,16.9,15.701492537313433,15.0,5.0,0.0,14.5,90.0
25963,312,16.865671641791046,15.5,15.0,5.1,0.0,14.5,89.0
26863,312,16.8,15.5,15.0,5.2,0.0,14.5,89.0
27763,312,16.83939393939394,15.81060606060606,15.122727272727271,5.3,5.0,17.7,89.0
28663,312,17.024615384615384,16.0,15.395652173913044,5.2,11.0,14.5,89.0
29563,312,17.025757575757574,16.0,15.302941176470588,5.4,14.0,17.7,89.0
30463,312,16.913235294117648,16.0,15.18695652173913,5.9,18.0,16.1,86.0
31363,312,16.835211267605636,15.56060606060606,15.0,6.3,26.0,16.1,84.0
32263,312,16.795714285714286,15.5,15.0,6.2,28.0,19.3,89.0
33163,312,16.7,15.5,15.0,6.4,42.0,20.9,87.0
34063,312,16.665217391304346,15.5,14.841666666666663,6.6,60.0,20.9,88.0
34963,312,16.6,15.5,14.8,6.8,72.0,17.7,88.0
35863,312,16.6,15.5,14.8,7.1,91.0,20.9,86.0
36763,312,16.573134328358208,15.5,14.8,7.4,193.0,20.9,84.0
37663,312,16.5,15.5,14.8,7.5,181.0,22.5,84.0
38563,312,16.5,15.5,14.8,7.7,179.0,19.3,84.0
39463,312,16.5,15.5,14.8,7.4,163.0,17.7,83.0
40363,312,16.5,15.5,14.786764705882351,7.6,160.0,14.5,82.0
41263,312,16.466666666666665,15.5,14.656716417910449,7.6,105.0,19.3,78.0
42163,312,16.4,15.484615384615385,14.5,7.5,104.0,22.5,77.0
43063,312,16.4,15.280303030303031,14.5,7.4,109.0,22.5,78.0
43963,312,16.40869565217391,28.309859154929576,21.88450704225352,7.4,95.0,20.9,77.0
44863,312,17.12727272727273,54.09230769230769,48.36615384615384,7.4,114.0,22.5,76.0
45763,312,18.28,55.83571428571429,51.855714285714285,7.4,116.0,17.7,76.0
46663,312,19.1328125,56.392857142857146,52.07714285714286,7.3,118.0,16.1,78.0
47563,312,19.752238805970148,56.49264705882352,52.24264705882352,7.3,98.0,19.3,78.0
48463,312,20.270149253731343,56.536231884057976,52.3,7.3,84.0,20.9,78.0
49363,312,20.65833333333333,56.75,52.32285714285714,7.3,72.0,22.5,77.0
50263,312,20.977464788732394,56.656716417910445,52.44626865671641,7.3,46.0,22.5,77.0
51163,312,21.17887323943662,42.46376811594203,38.74492753623189,7.2,35.0,22.5,79.0
52063,312,20.97826086956522,29.22463768115941,25.87536231884058,7.1,54.0,22.5,80.0
52963,312,20.62394366197183,23.83582089552239,21.719402985074627,7.2,49.0,22.5,80.0
53863,312,20.198529411764707,20.91044776119403,19.5955223880597,7.1,40.0,22.5,81.0
54763,312,19.79142857142857,19.390625,18.4421875,7.1,31.0,22.5,80.0
55663,312,19.41029411764706,18.34375,17.6546875,7.1,16.0,24.1,81.0
56563,312,19.09701492537313,17.73134328358209,17.134328358208954,7.1,7.0,22.5,82.0
57463,312,18.807575757575755,17.33582089552239,16.788059701492536,6.9,0.0,24.1,86.0
58363,312,18.5327868852459,17.0,16.47391304347826,6.8,0.0,20.9,88.0
59263,312,18.301470588235293,16.8203125,16.3,6.8,0.0,22.5,88.0
60163,312,18.08235294117647,16.5,16.02647058823529,6.9,0.0,22.5,88.0
61063,312,17.91780821917808,16.5,15.93939393939394,7.3,0.0,33.8,86.0
61963,312,17.77058823529412,16.5,15.8,7.4,0.0,33.8,86.0
62863,312,17.65396825396825,16.246268656716417,15.791044776119405,7.5,0.0,32.2,86.0
63763,312,17.554545454545455,16.0,15.51846153846154,7.6,0.0,30.6,86.0
64663,312,17.45671641791045,16.0,15.5,7.8,0.0,33.8,87.0
65563,312,17.388059701492537,16.0,15.5,7.9,0.0,33.8,87.0
66463,312,17.3,16.0,15.397058823529411,8.1,0.0,32.2,87.0
67363,312,17.234782608695653,16.0,15.3,8.1,0.0,32.2,88.0
68263,312,17.246376811594203,34.84848484848485,27.46060606060606,8.3,0.0,33.8,89.0
69163,312,17.922535211267608,55.586956521739125,50.39565217391304,8.4,0.0,35.4,89.0
70063,312,18.813432835820898,56.3560606060606,52.16818181818181,8.6,0.0,38.6,89.0
70963,312,19.542424242424243,56.5,52.3,8.9,0.0,32.2,90.0
71863,312,20.10327868852459,56.36805555555556,52.42222222222222,9.3,0.0,32.2,89.0
72763,312,20.57118644067797,54.6796875,50.85,9.3,0.0,33.8,89.0
73663,312,20.82794117647059,52.88461538461538,49.14,9.3,0.0,35.4,90.0
74563,312,21.216417910447763,49.25735294117647,45.08970588235294,9.6,0.0,38.6,89.0
75463,312,21.407246376811592,52.5625,49.50833333333333,9.7,0.0,30.6,89.0
76363,312,21.571014492753623,38.89583333333333,34.94166666666667,9.6,0.0,27.4,90.0
77263,312,21.618181818181817,47.9,43.12769230769231,9.8,0.0,30.6,89.0
78163,312,21.8421875,44.54477611940298,40.93731343283582,9.9,0.0,32.2,89.0
79063,312,21.75507246376812,30.49230769230769,26.83384615384616,9.8,0.0,32.2,90.0
79963,312,21.45846153846154,24.735714285714288,22.54285714285714,9.8,0.0,30.6,90.0
80863,312,21.172727272727272,21.79230769230769,20.495384615384616,9.9,0.0,25.7,91.0
81763,312,20.86142857142857,20.15441176470588,19.314705882352943,10.1,0.0,29.0,91.0
82663,312,20.53,19.140845070422536,18.464788732394364,10.2,0.0,25.7,91.0
83563,312,20.15223880597015,18.27777777777778,17.594444444444445,10.7,0.0,30.6,91.0
84463,312,19.84852941176471,17.768115942028984,17.11304347826087,10.8,0.0,35.4,90.0
85363,312,19.6296875,17.5,17.09642857142857,10.8,0.0,33.8,91.0
86263,312,19.455714285714286,17.5,17.17910447761194,10.9,0.0,25.7,90.0
763,313,19.256716417910447,17.5,16.907246376811592,10.9,0.0,24.1,91.0
1663,313,19.063076923076924,17.368055555555554,16.766666666666666,11.1,0.0,35.4,90.0
2563,313,18.916417910447763,17.0,16.5,10.9,0.0,35.4,92.0
3463,313,18.75820895522388,17.0,16.401492537313434,10.8,0.0,37.0,93.0
4363,313,18.638028169014085,17.0,16.3,10.9,0.0,37.0,93.0
5263,313,18.53283582089552,17.0,16.236363636363638,11.0,0.0,32.2,93.0
6163,313,18.43768115942029,16.63768115942029,16.0,10.9,0.0,27.4,94.0
7063,313,18.361764705882354,16.5,16.0,11.1,0.0,29.0,94.0
7963,313,18.28235294117647,16.5,16.0,11.2,0.0,29.0,93.0
8863,313,18.2,16.5,15.892753623188408,11.2,0.0,25.7,93.0
9763,313,18.141176470588235,16.5,15.8,11.2,0.0,29.0,94.0
10663,313,18.1,16.5,15.8,11.2,0.0,29.0,93.0
11563,313,18.0,16.5,15.8,11.2,0.0,27.4,93.0
12463,313,17.97941176470588,16.5,15.8,11.4,0.0,27.4,91.0
13363,313,17.9,16.5,15.8,11.4,0.0,27.4,91.0
14263,313,17.871641791044777,16.5,15.76769230769231,11.4,0.0,29.0,90.0
15163,313,17.8,16.5,15.60909090909091,11.3,0.0,29.0,89.0
16063,313,17.8,16.455882352941178,15.5,11.1,0.0,27.4,90.0
16963,313,17.722058823529412,16.15,15.5,10.6,0.0,24.1,92.0
17863,313,17.7,16.0,15.5,10.4,0.0,25.7,89.0
18763,313,17.64179104477612,16.0,15.5,10.1,0.0,25.7,88.0
19663,313,17.6,16.0,15.5,9.8,0.0,24.1,87.0
20563,313,17.573529411764707,16.0,15.5,9.7,0.0,29.0,84.0
21463,313,17.5,16.0,15.5,9.3,0.0,24.1,84.0
22363,313,17.5,16.0,15.441935483870967,9.1,0.0,20.9,84.0
23263,313,17.407575757575756,16.0,15.302857142857144,8.8,0.0,16.1,83.0
24163,313,17.4,16.0,15.3,8.6,0.0,19.3,81.0
25063,313,17.34202898550725,16.0,15.3,8.3,0.0,20.9,82.0
25963,313,17.3,16.0,15.3,8.3,0.0,22.5,80.0
26863,313,17.78970588235294,16.058823529411764,15.411764705882351,8.2,0.0,20.9,81.0
27763,313,17.621739130434783,16.328358208955223,15.580597014925374,7.9,0.0,19.3,82.0
28663,313,17.566666666666666,16.415384615384617,15.684615384615384,7.7,11.0,16.1,84.0
29563,313,17.6,16.0,15.5,7.7,16.0,17.7,82.0
30463,313,17.528358208955222,16.0,15.5,7.7,33.0,17.7,82.0
31363,313,17.491304347826087,16.0,15.5,7.7,60.0,17.7,81.0
32263,313,17.4,16.0,15.5,8.0,69.0,16.1,79.0
33163,313,17.4,16.0,15.5,8.1,53.0,19.3,78.0
34063,313,17.303030303030305,16.0,15.48181818181818,8.1,42.0,24.1,76.0
34963,313,17.3,16.0,15.380597014925376,8.1,35.0,19.3,77.0
35863,313,17.27941176470588,16.0,15.3,8.1,51.0,16.1,79.0
36763,313,17.2,16.0,15.3,8.3,148.0,16.1,78.0
37663,313,17.2,16.0,15.3,8.8,113.0,20.9,75.0
38563,313,17.2,16.0,15.3,9.2,243.0,19.3,71.0
39463,313,17.19705882352941,16.0,15.3,9.6,274.0,22.5,70.0
40363,313,17.1030303030303,16.0,15.3,9.5,95.0,20.9,70.0
41263,313,17.1,16.0,15.3,9.4,258.0,20.9,70.0
42163,313,17.1,16.0,15.3,9.5,247.0,20.9,71.0
43063,313,17.1,16.0,15.3,9.8,272.0,22.5,70.0
43963,313,17.11764705882353,28.58955223880597,22.41343283582089,9.7,171.0,20.9,69.0
44863,313,17.716901408450703,54.80882352941177,48.78382352941176,10.0,221.0,19.3,69.0
45763,313,18.723076923076924,56.3688524590164,52.25901639344262,9.6,137.0,19.3,70.0
46663,313,19.516666666666666,56.76865671641791,52.5,9.5,155.0,19.3,72.0
47563,313,20.15072463768116,56.9776119402985,52.71940298507462,9.6,141.0,17.7,71.0
48463,313,20.656603773584905,57.0,52.8,9.9,160.0,19.3,69.0
49363,313,21.05,57.0,52.8,9.4,105.0,20.9,68.0
50263,313,21.36567164179105,56.8695652173913,52.7768115942029,9.4,70.0,20.9,67.0
51163,313,21.57575757575757,42.90909090909091,39.16666666666667,9.3,77.0,22.5,68.0
52063,313,21.45942028985507,29.727941176470587,26.394117647058824,9.3,49.0,17.7,71.0
52963,313,21.16818181818181,24.36567164179105,22.246268656716417,9.2,50.0,17.7,71.0
53863,313,20.81176470588236,21.51515151515152,20.20151515151515,8.9,32.0,17.7,71.0
54763,313,20.4672131147541,19.9765625,19.0578125,8.8,26.0,19.3,70.0
55663,313,20.09655172413793,19.0,18.25454545454545,8.5,18.0,14.5,72.0
56563,313,19.807575757575755,18.390625,17.7734375,8.3,17.0,16.1,73.0
57463,313,19.53636363636364,18.0,17.393939393939394,8.0,7.0,17.7,77.0
58363,313,19.307352941176468,17.60483870967742,17.130645161290325,7.9,5.0,16.1,76.0
59263,313,19.09523809523809,17.5,16.912121212121214,7.8,0.0,19.3,76.0
60163,313,18.891044776119404,17.407692307692308,16.8,7.6,0.0,14.5,78.0
61063,313,18.70597014925373,17.0,16.557352941176468,7.4,0.0,14.5,78.0
61963,313,18.5536231884058,17.0,16.5,7.9,0.0,17.7,76.0
62863,313,18.43692307692308,17.0,16.337142857142858,7.9,0.0,17.7,78.0
63763,313,18.34848484848485,17.0,16.3,7.7,0.0,16.1,79.0
64663,313,18.24153846153846,17.0,16.3,7.6,0.0,20.9,80.0
65563,313,18.172727272727272,16.865671641791046,16.15223880597015,7.7,0.0,24.1,78.0
66463,313,18.1,16.804347826086957,16.204347826086956,7.7,0.0,25.7,78.0
67363,313,18.06153846153846,16.52238805970149,16.008955223880598,7.6,0.0,24.1,79.0
68263,313,18.0,16.5,16.0,7.6,0.0,20.9,81.0
69163,313,17.935294117647057,16.5,16.0,7.6,0.0,24.1,80.0
70063,313,17.9,16.5,15.997101449275362,7.7,0.0,24.1,79.0
70963,313,17.817741935483873,16.5,15.84,7.7,0.0,22.5,79.0
71863,313,17.8,16.484848484848484,15.8,7.7,0.0,22.5,80.0
72763,313,17.742424242424242,16.330882352941178,15.5,7.7,0.0,20.9,82.0
73663,313,17.725,16.5,15.733898305084743,7.7,0.0,24.1,82.0
74563,313,17.8,16.5,15.8,7.8,0.0,19.3,83.0
75463,313,,,,7.8,0.0,20.9,84.0
76363,313,,,,7.8,0.0,19.3,85.0
77263,313,,,,7.9,0.0,19.3,85.0
78163,313,,,,7.7,0.0,24.1,85.0
79063,313,,,,7.8,0.0,33.8,84.0
79963,313,,,,7.7,0.0,30.6,82.0
80863,313,,,,7.4,0.0,24.1,79.0
81763,313,20.2,23.5,21.357142857142858,7.2,0.0,24.1,82.0
82663,313,19.83888888888889,19.696428571428573,18.482142857142858,7.0,0.0,30.6,85.0
83563,313,19.955072463768115,19.037313432835823,18.12985074626865,6.7,0.0,22.5,86.0
84463,313,20.46769230769231,18.794117647058822,18.444117647058825,6.8,0.0,30.6,86.0
85363,313,19.78970588235294,18.31159420289855,17.99855072463768,6.8,0.0,30.6,86.0
86263,313,19.39692307692308,17.90909090909091,17.419696969696968,6.8,0.0,25.7,87.0
763,314,19.09076923076924,17.5,17.07826086956522,6.9,0.0,25.7,88.0
1663,314,18.85151515151515,17.485294117647058,16.838235294117645,7.3,0.0,29.0,87.0
2563,314,18.64558823529412,17.007462686567163,16.78208955223881,7.4,0.0,32.2,87.0
3463,314,18.47164179104477,17.0,16.508823529411764,7.4,0.0,30.6,88.0
4363,314,18.357142857142858,17.0,16.438235294117646,7.6,0.0,29.0,88.0
5263,314,18.23768115942029,17.0,16.3,7.6,0.0,24.1,90.0
6163,314,18.143283582089552,16.727272727272727,16.2,7.4,0.0,22.5,93.0
7063,314,18.06478873239437,16.5,16.0,7.3,0.0,20.9,94.0
7963,314,18.0,16.5,16.0,7.2,0.0,20.9,93.0
8863,314,17.904545454545453,16.5,15.88923076923077,7.1,0.0,22.5,92.0
9763,314,17.85151515151515,16.5,15.8,6.9,0.0,20.9,92.0
10663,314,17.8,16.5,15.8,6.8,0.0,20.9,91.0
11563,314,17.73913043478261,16.5,15.8,6.9,0.0,20.9,90.0
12463,314,17.7,16.5,15.8,6.4,0.0,20.9,89.0
13363,314,17.633333333333333,16.5,15.78181818181818,6.3,0.0,24.1,88.0
14263,314,17.6,16.5,15.564615384615385,6.2,0.0,24.1,84.0
15163,314,17.552307692307693,16.304347826086957,15.5,6.2,0.0,24.1,83.0
16063,314,17.5,16.02941176470588,15.5,6.0,0.0,27.4,82.0
16963,314,17.475,16.0,15.5,5.8,0.0,24.1,81.0
17863,314,17.4,16.0,15.5,5.6,0.0,24.1,80.0
18763,314,17.397058823529413,16.0,15.5,5.4,0.0,20.9,80.0
19663,314,17.30144927536232,16.0,15.5,5.2,0.0,24.1,79.0
20563,314,17.3,16.0,15.397058823529411,5.2,0.0,24.1,79.0
21463,314,17.204347826086956,16.0,15.3,5.1,0.0,20.9,81.0
22363,314,17.2,16.0,15.3,4.9,0.0,19.3,80.0
23263,314,17.124590163934425,16.0,15.3,4.8,0.0,22.5,80.0
24163,314,17.1,16.0,15.3,4.7,0.0,22.5,80.0
25063,314,17.027142857142856,16.0,15.3,4.6,0.0,24.1,81.0
25963,314,17.0,16.0,15.3,4.5,0.0,24.1,82.0
26863,314,17.59375,16.0,15.373134328358208,4.3,0.0,22.5,83.0
27763,314,17.559420289855073,16.276119402985074,15.688059701492538,4.2,7.0,19.3,83.0
28663,314,17.60441176470588,16.01492537313433,15.45820895522388,4.3,11.0,20.9,82.0
29563,314,17.455223880597014,16.0,15.3,4.4,16.0,25.7,80.0
30463,314,17.30294117647059,16.0,15.3,4.4,21.0,20.9,81.0
31363,314,17.162857142857142,16.0,15.3,4.4,25.0,20.9,81.0
32263,314,17.0359375,16.0,15.3,4.7,30.0,20.9,81.0
33163,314,16.934328358208955,16.0,15.3,4.7,28.0,22.5,82.0
34063,314,16.870833333333334,16.0,15.244615384615384,4.7,30.0,24.1,82.0
34963,314,16.8,15.7,15.009230769230768,4.9,32.0,22.5,81.0
35863,314,16.76212121212121,15.5,15.0,5.1,33.0,25.7,82.0
36763,314,16.7,15.5,15.0,5.2,193.0,19.3,82.0
37663,314,16.649253731343286,15.5,15.0,5.8,214.0,19.3,79.0
38563,314,16.6,15.5,15.0,6.0,234.0,22.5,78.0
39463,314,16.6,15.5,15.0,6.2,243.0,20.9,78.0
40363,314,16.6,15.5,15.0,6.2,246.0,22.5,75.0
41263,314,16.519402985074628,15.5,15.0,6.4,255.0,22.5,75.0
42163,314,16.5,15.5,14.985915492957748,6.4,176.0,20.9,74.0
43063,314,16.5,15.5,14.915151515151516,6.6,213.0,20.9,74.0
43963,314,16.512857142857143,28.56756756756757,22.263513513513512,7.0,250.0,19.3,73.0
44863,314,17.186567164179102,54.78787878787879,48.45757575757575,7.3,397.0,20.9,72.0
45763,314,18.288235294117648,56.00714285714285,52.06142857142858,7.4,294.0,22.5,72.0
46663,314,19.11343283582089,56.173913043478265,52.30869565217391,6.9,90.0,22.5,74.0
47563,314,19.76212121212121,56.27272727272727,52.48181818181818,6.9,132.0,19.3,75.0
48463,314,20.22388059701493,56.40441176470588,52.544117647058826,6.5,30.0,17.7,77.0
49363,314,20.630769230769232,56.5,52.75147058823529,7.1,112.0,16.1,74.0
50263,314,20.92878787878788,56.39705882352941,52.76911764705883,7.1,58.0,22.5,70.0
51163,314,21.1,42.776119402985074,39.502985074626864,6.8,46.0,22.5,71.0
52063,314,20.97936507936508,29.29850746268657,26.32985074626865,6.7,42.0,22.5,74.0
52963,314,20.62205882352941,23.96969696969697,22.1,6.4,44.0,19.3,78.0
53863,314,20.21587301587301,21.20289855072464,20.03333333333333,6.0,26.0,19.3,80.0
54763,314,19.814705882352943,19.507042253521128,18.753521126760564,5.6,23.0,17.7,81.0
55663,314,19.44918032786885,18.583333333333336,17.983333333333334,5.4,21.0,16.1,81.0
56563,314,19.14782608695652,17.924242424242426,17.424242424242426,5.4,19.0,14.5,80.0
57463,314,18.85223880597015,17.485714285714288,17.002857142857145,5.2,5.0,17.7,81.0
58363,314,18.553125,17.0,16.6265625,5.2,0.0,19.3,81.0
59263,314,18.31060606060606,17.0,16.38955223880597,5.0,0.0,19.3,83.0
60163,314,18.12608695652174,16.786764705882355,16.3,4.9,0.0,19.3,84.0
61063,314,17.951470588235292,16.5,16.07826086956522,4.9,0.0,19.3,84.0
61963,314,17.82272727272727,16.5,16.0,4.8,0.0,20.9,83.0
62863,314,17.719117647058823,16.5,15.916417910447764,4.8,0.0,19.3,82.0
63763,314,17.60144927536232,16.5,15.8,4.8,0.0,19.3,81.0
64663,314,17.493939393939392,16.12280701754386,15.578947368421051,4.8,0.0,19.3,80.0
65563,314,17.4,16.0,15.5,4.9,0.0,17.7,80.0
66463,314,17.3,16.0,15.490625,4.5,0.0,17.7,83.0
67363,314,17.2265625,16.0,15.303125,4.4,0.0,16.1,83.0
68263,314,17.16190476190476,16.0,15.3,4.5,0.0,14.5,85.0
69163,314,17.08529411764706,16.0,15.3,4.4,0.0,16.1,85.0
70063,314,17.0,16.0,15.12089552238806,4.3,0.0,14.5,85.0
70963,314,16.94,15.93939393939394,15.0,4.3,0.0,16.1,85.0
71863,314,16.9,15.536231884057973,15.0,4.4,0.0,19.3,85.0
72763,314,16.8296875,15.5,15.0,4.4,0.0,17.7,85.0
73663,314,16.8,15.5,15.0,4.4,0.0,19.3,86.0
74563,314,16.759999999999998,18.321428571428573,16.024285714285714,4.4,0.0,16.1,86.0
75463,314,16.967796610169493,46.91346153846153,37.573076923076925,4.3,0.0,16.1,88.0
76363,314,18.07826086956522,55.72058823529412,51.62205882352941,4.3,0.0,16.1,88.0
77263,314,19.034848484848485,56.0,52.0,4.2,0.0,16.1,88.0
78163,314,19.68059701492537,55.46268656716418,51.74925373134329,4.1,0.0,16.1,87.0
79063,314,19.96060606060606,53.98550724637681,51.08115942028986,4.2,0.0,17.7,87.0
79963,314,20.17205882352941,46.73076923076923,43.995384615384616,4.3,0.0,17.7,86.0
80863,314,20.2,30.12903225806452,27.04193548387097,4.4,0.0,19.3,85.0
81763,314,20.030985915492955,24.201492537313435,22.02238805970149,4.5,0.0,17.7,84.0
82663,314,19.75967741935484,21.28125,19.89375,4.4,0.0,14.5,86.0
83563,314,19.33392857142857,19.383333333333333,18.50166666666667,4.3,0.0,16.1,87.0
84463,314,18.987692307692303,18.39130434782609,17.740579710144928,4.2,0.0,14.5,86.0
85363,314,18.675806451612903,17.746268656716417,17.21044776119403,4.2,0.0,11.3,85.0
86263,314,18.4875,17.446969696969695,16.86060606060606,4.1,0.0,12.9,86.0
763,315,18.34,17.0,16.736363636363638,4.2,0.0,16.1,86.0
1663,315,18.18088235294117,17.0,16.726984126984128,4.3,0.0,16.1,87.0
2563,315,18.044117647058822,16.926470588235293,16.376470588235293,4.3,0.0,14.5,88.0
3463,315,17.919696969696968,16.5,16.12608695652174,4.3,0.0,12.9,88.0
4363,315,17.803076923076922,16.5,16.0,4.3,0.0,12.9,88.0
5263,315,17.70294117647059,16.5,15.81159420289855,4.3,0.0,11.3,88.0
6163,315,17.607142857142858,16.419117647058822,15.8,4.4,0.0,14.5,88.0
7063,315,17.514705882352942,16.0,15.567164179104475,4.3,0.0,14.5,88.0
7963,315,17.46818181818182,16.0,15.5,4.3,0.0,16.1,87.0
8863,315,17.4,16.0,15.5,4.3,0.0,12.9,87.0
9763,315,17.3,16.0,15.394117647058824,4.2,0.0,12.9,87.0
10663,315,17.235820895522387,16.0,15.3,4.2,0.0,14.5,86.0
11563,315,17.192307692307693,16.0,15.3,4.1,0.0,14.5,87.0
12463,315,17.1,16.0,15.3,3.8,0.0,11.3,87.0
13363,315,17.036923076923078,16.0,15.141428571428571,3.7,0.0,11.3,87.0
14263,315,16.989830508474576,15.737704918032788,15.0,3.7,0.0,10.5,88.0
15163,315,16.9,15.5,15.0,3.6,0.0,14.5,88.0
16063,315,16.880597014925375,15.5,15.0,3.5,0.0,11.3,89.0
16963,315,16.8,15.5,15.0,3.4,0.0,11.3,89.0
17863,315,16.8,15.5,15.0,3.4,0.0,12.9,89.0
18763,315,16.707462686567162,15.5,15.0,3.4,0.0,11.3,88.0
19663,315,16.682352941176468,15.5,14.97910447761194,3.3,0.0,9.7,88.0
20563,315,16.6,15.5,14.80677966101695,3.3,0.0,11.3,88.0
21463,315,16.586764705882352,15.5,14.8,3.2,0.0,8.0,89.0
22363,315,16.5,15.5,14.8,3.2,0.0,8.0,89.0
23263,315,16.5,19.169117647058822,16.233823529411765,3.2,0.0,12.9,89.0
24163,315,16.5,19.63888888888889,18.253703703703703,3.2,0.0,11.3,89.0
25063,315,16.586567164179105,28.217391304347824,23.12463768115942,3.3,0.0,12.9,88.0
25963,315,17.008955223880598,52.36029411764706,45.79117647058824,3.2,0.0,12.9,88.0
26863,315,17.875714285714288,43.00757575757576,40.089393939393936,2.9,0.0,9.7,89.0
27763,315,18.26231884057971,27.979166666666668,25.23333333333333,2.9,0.0,8.0,90.0
28663,315,18.179710144927537,21.647058823529413,19.6,2.9,9.0,9.7,90.0
29563,315,18.01095890410959,19.35,18.172857142857143,2.9,14.0,9.7,89.0
30463,315,17.794117647058822,17.964285714285715,17.135714285714286,3.1,21.0,12.9,90.0
31363,315,17.594444444444445,17.169014084507044,16.505633802816902,3.2,25.0,11.3,89.0
32263,315,17.384615384615383,16.570422535211268,16.054929577464787,3.4,19.0,11.3,88.0
33163,315,17.2,16.43181818181818,15.912121212121212,3.7,23.0,12.9,87.0
34063,315,17.04848484848485,16.0,15.692537313432837,3.9,25.0,9.7,87.0
34963,315,16.930434782608696,15.942028985507246,15.47391304347826,4.1,26.0,11.3,87.0
35863,315,16.830882352941178,15.573529411764708,15.28235294117647,4.5,28.0,11.3,86.0
36763,315,16.743478260869566,15.5,15.004225352112677,4.7,30.0,11.3,85.0
37663,315,16.675384615384615,15.5,15.0,5.7,199.0,11.3,83.0
38563,315,16.6,15.5,15.0,5.8,212.0,9.7,82.0
39463,315,16.6,15.5,14.877142857142855,6.1,239.0,12.9,80.0
40363,315,16.6,15.5,14.8,6.4,250.0,16.1,80.0
41263,315,16.6,15.5,14.8,6.3,237.0,14.5,79.0
42163,315,16.669117647058822,15.5,14.964516129032258,6.7,230.0,12.9,79.0
43063,315,16.601470588235294,15.5,14.855172413793104,6.5,188.0,19.3,76.0
43963,315,16.544285714285714,15.5,14.8,6.9,234.0,12.9,76.0
44863,315,16.5,15.467391304347824,14.8,7.1,251.0,12.9,75.0
45763,315,16.5,15.462121212121213,14.8,7.1,244.0,12.9,74.0
46663,315,16.4,15.268115942028984,14.8,6.5,62.0,12.9,76.0
47563,315,16.4,15.086206896551724,14.8,6.4,102.0,12.9,76.0
48463,315,16.33809523809524,15.0,14.566666666666666,6.3,93.0,14.5,74.0
49363,315,16.3,15.0,14.5,6.3,97.0,12.9,75.0
50263,315,16.286567164179104,15.0,14.5,6.3,83.0,8.0,74.0
51163,315,16.2,15.0,14.5,6.2,84.0,8.0,71.0
52063,315,16.2,15.0,14.5,6.2,67.0,6.4,73.0
52963,315,16.161764705882355,15.0,14.5,6.1,63.0,4.8,74.0
53863,315,16.1,15.0,14.5,5.9,47.0,6.4,77.0
54763,315,16.072857142857142,15.0,14.4375,5.7,40.0,6.4,79.0
55663,315,16.0,15.0,14.302816901408452,5.5,25.0,12.9,80.0
56563,315,16.0,15.0,14.3,5.4,21.0,12.9,80.0
57463,315,15.910144927536232,15.0,14.3,4.9,7.0,14.5,80.0
58363,315,15.9,15.0,14.3,5.1,0.0,16.1,79.0
59263,315,15.832835820895522,15.0,14.3,4.8,0.0,12.9,81.0
60163,315,15.8,14.992424242424244,14.213636363636365,4.4,0.0,9.7,82.0
61063,315,15.75535714285714,14.710526315789474,14.0,4.1,0.0,11.3,83.0
61963,315,15.7,14.507575757575756,14.0,4.1,0.0,14.5,84.0
62863,315,15.7,14.5,14.0,3.9,0.0,12.9,84.0
63763,315,15.673529411764708,14.5,14.0,3.8,0.0,12.9,85.0
64663,315,15.6484375,14.585714285714284,14.0,3.8,0.0,14.5,86.0
65563,315,15.926153846153849,15.0,14.277272727272727,3.7,0.0,9.7,85.0
66463,315,15.966129032258063,15.0,14.3,3.5,0.0,12.9,86.0
67363,315,15.895384615384614,15.0,14.2859375,3.4,0.0,12.9,87.0
68263,315,15.8,14.977611940298509,14.09402985074627,3.6,0.0,12.9,87.0
69163,315,15.76769230769231,14.552238805970148,14.0,3.7,0.0,12.9,85.0
70063,315,15.7,14.5,14.0,3.5,0.0,11.3,86.0
70963,315,15.656521739130437,14.5,14.0,3.3,0.0,8.0,87.0
71863,315,15.6,14.5,14.0,3.2,0.0,11.3,89.0
72763,315,15.531343283582087,14.5,13.934426229508196,3.2,0.0,12.9,90.0
73663,315,15.446268656716418,14.371428571428572,13.71,3.2,0.0,12.9,89.0
74563,315,15.34788732394366,14.492424242424244,13.5,3.1,0.0,11.3,88.0
75463,315,16.27941176470588,14.646153846153846,13.990769230769232,3.0,0.0,16.1,88.0
76363,315,16.716923076923077,14.912698412698411,14.242857142857142,2.9,0.0,14.5,88.0
77263,315,16.253731343283583,14.5,14.0,2.9,0.0,14.5,86.0
78163,315,15.926666666666668,14.5,14.0,2.9,0.0,16.1,85.0
79063,315,15.593333333333334,14.5,13.923076923076923,2.8,0.0,8.0,85.0
79963,315,15.39,14.5,13.8,2.9,0.0,11.3,83.0
80863,315,15.286885245901638,14.5,13.8,2.9,0.0,14.5,85.0
81763,315,15.2,14.5,13.8,2.9,0.0,12.9,85.0
82663,315,15.248529411764707,14.5,13.8,2.9,0.0,12.9,87.0
83563,315,15.2,14.5,13.8,3.1,0.0,14.5,87.0
84463,315,15.130434782608695,14.5,13.8,3.3,0.0,17.7,86.0
85363,315,15.1,14.392857142857142,13.572857142857142,3.3,0.0,12.9,87.0
86263,315,15.03,14.044117647058822,13.5,3.3,0.0,12.9,86.0
763,316,15.0,14.0,13.5,3.3,0.0,14.5,86.0
1663,316,14.998507462686566,14.0,13.5,3.1,0.0,12.9,88.0
2563,316,14.905882352941177,14.0,13.5,3.0,0.0,14.5,89.0
3463,316,14.9,14.0,13.5,2.9,0.0,14.5,89.0
4363,316,14.86,14.0,13.397142857142857,2.8,0.0,12.9,89.0
5263,316,14.8,14.0,13.3,2.8,0.0,12.9,88.0
6163,316,14.8,14.0,13.3,2.7,0.0,16.1,89.0
7063,316,14.732857142857142,14.0,13.3,2.5,0.0,16.1,90.0
7963,316,14.7,14.0,13.3,2.4,0.0,16.1,90.0
8863,316,14.7,14.0,13.3,2.3,0.0,19.3,90.0
9763,316,14.627142857142855,14.0,13.3,2.4,0.0,19.3,89.0
10663,316,14.6,14.0,13.3,2.3,0.0,17.7,89.0
11563,316,14.6,14.0,13.3,2.4,0.0,19.3,89.0
12463,316,14.524615384615384,14.0,13.291176470588235,2.6,0.0,19.3,87.0
13363,316,14.5,14.0,13.12794117647059,2.5,0.0,17.7,87.0
14263,316,14.5,13.933823529411764,13.004411764705882,2.3,0.0,20.9,90.0
15163,316,14.465151515151517,13.612903225806452,13.0,2.3,0.0,19.3,89.0
16063,316,14.4,13.508928571428571,13.0,2.2,0.0,19.3,89.0
16963,316,14.4,13.5,13.0,2.1,0.0,14.5,89.0
17863,316,14.4,13.5,13.0,2.1,0.0,16.1,89.0
18763,316,14.347826086956522,13.5,13.0,2.0,0.0,16.1,88.0
19663,316,14.3,13.5,13.0,2.0,0.0,14.5,88.0
20563,316,14.3,13.5,13.0,2.0,0.0,12.9,87.0
21463,316,14.281428571428572,13.5,13.0,2.1,0.0,16.1,87.0
22363,316,14.2,13.5,12.993939393939394,2.2,0.0,14.5,86.0
23263,316,14.2,13.5,12.843333333333334,2.3,0.0,17.7,84.0
24163,316,14.2,13.5,12.805882352941175,2.3,0.0,16.1,84.0
25063,316,14.124242424242423,13.5,12.8,2.1,0.0,16.1,84.0
25963,316,14.1,13.5,12.8,2.0,0.0,14.5,84.0
26863,316,14.1,13.5,12.8,1.9,0.0,14.5,84.0
27763,316,14.09189189189189,13.5,12.8,1.9,0.0,16.1,83.0
28663,316,14.12153846153846,13.235714285714286,12.51142857142857,2.1,7.0,17.7,83.0
29563,316,14.15820895522388,13.0,12.392957746478874,2.0,12.0,17.7,82.0
30463,316,14.096666666666668,13.2578125,12.5,2.2,14.0,14.5,81.0
31363,316,14.001388888888888,13.47945205479452,12.5,2.6,19.0,12.9,80.0
32263,316,13.997101449275362,13.44927536231884,12.504347826086956,2.4,21.0,11.3,81.0
33163,316,13.901428571428571,13.321917808219178,12.5,2.4,23.0,9.7,81.0
34063,316,13.9,13.09558823529412,12.5,2.7,26.0,11.3,81.0
34963,316,13.88888888888889,13.007246376811594,12.5,3.0,26.0,12.9,81.0
35863,316,13.8015625,13.0,12.5,3.9,30.0,14.5,77.0
36763,316,13.8,13.0,12.5,4.1,32.0,12.9,76.0
37663,316,13.8,13.0,12.5,4.7,120.0,14.5,74.0
38563,316,13.8,13.0,12.5,5.2,225.0,17.7,73.0
39463,316,13.792063492063493,13.0,12.344444444444443,5.2,69.0,17.7,72.0
40363,316,13.7,13.0,12.3,5.6,239.0,14.5,70.0
41263,316,13.766666666666666,13.0,12.447222222222225,5.8,246.0,17.7,69.0
42163,316,13.8,13.0,12.5,5.9,239.0,16.1,67.0
43063,316,13.8,13.0,12.5,6.1,121.0,16.1,66.0
43963,316,13.847761194029852,13.0,12.5,6.1,203.0,17.7,66.0
44863,316,13.892537313432836,13.0,12.5,6.1,260.0,20.9,65.0
45763,316,13.77462686567164,12.774647887323944,12.112676056338028,6.4,246.0,19.3,63.0
46663,316,13.650704225352111,12.5,11.742647058823527,6.3,234.0,17.7,60.0
47563,316,13.6,12.5,11.861764705882354,6.4,209.0,17.7,60.0
48463,316,13.6,12.823076923076922,12.023076923076925,6.4,98.0,12.9,60.0
49363,316,13.6,13.0,12.278260869565218,6.3,141.0,14.5,61.0
50263,316,13.52753623188406,13.0,12.3,6.3,63.0,12.9,59.0
51163,316,13.5,13.0,12.3,6.3,83.0,14.5,61.0
52063,316,13.5,13.0,12.3,6.3,40.0,12.9,62.0
52963,316,13.5,13.0,12.3,6.1,46.0,16.1,63.0
53863,316,13.5,13.0,12.3,5.8,30.0,16.1,64.0
54763,316,13.44782608695652,13.0,12.3,5.6,23.0,16.1,65.0
55663,316,13.4,13.0,12.3,5.5,14.0,12.9,66.0
56563,316,13.4,14.828125,12.759375,5.4,14.0,12.9,66.0
57463,316,13.577966101694916,44.75454545454546,36.28545454545455,5.2,5.0,14.5,67.0
58363,316,14.3875,37.06349206349206,34.24920634920635,5.2,0.0,12.9,68.0
59263,316,14.806666666666668,24.45522388059701,22.19253731343284,4.9,0.0,14.5,69.0
60163,316,14.976666666666668,19.55797101449276,18.22608695652174,4.8,0.0,14.5,68.0
61063,316,14.91060606060606,17.549180327868854,16.873770491803278,5.0,0.0,16.1,68.0
61963,316,14.913793103448276,44.275,37.318333333333335,4.9,0.0,17.7,69.0
62863,316,15.4546875,54.90441176470588,50.66764705882353,4.8,0.0,16.1,70.0
63763,316,16.05862068965517,55.16153846153846,51.29538461538461,4.8,0.0,16.1,70.0
64663,316,16.589830508474577,55.18852459016394,51.454098360655735,4.4,0.0,17.7,70.0
65563,316,16.95671641791045,55.05,51.49666666666667,4.2,0.0,14.5,70.0
66463,316,17.298333333333332,55.17241379310345,51.5,4.1,0.0,14.5,71.0
67363,316,17.633333333333333,55.51694915254237,51.31186440677966,4.0,0.0,12.9,71.0
68263,316,17.91923076923077,56.314516129032256,51.053225806451614,4.0,0.0,12.9,71.0
69163,316,18.18840579710145,56.375,51.13235294117647,3.9,0.0,14.5,71.0
70063,316,18.43428571428572,55.1439393939394,50.81666666666667,4.0,0.0,14.5,72.0
70963,316,18.634848484848483,54.90298507462686,51.45074626865672,4.1,0.0,14.5,73.0
71863,316,18.81571428571429,55.469230769230776,52.0,3.8,0.0,12.9,74.0
72763,316,18.968115942028984,55.5,52.0,3.7,0.0,14.5,74.0
73663,316,19.13939393939394,55.5,52.04545454545455,3.4,0.0,12.9,76.0
74563,316,19.4765625,51.15573770491803,51.2327868852459,3.4,0.0,14.5,77.0
75463,316,19.959016393442624,50.54615384615384,51.14307692307692,3.5,0.0,17.7,77.0
76363,316,20.282539682539685,50.59722222222222,51.29166666666666,3.4,0.0,17.7,78.0
77263,316,20.58405797101449,51.02272727272727,51.06666666666667,3.2,0.0,14.5,79.0
78163,316,20.7,52.87878787878788,50.83333333333333,3.2,0.0,14.5,79.0
79063,316,20.7,53.26428571428571,50.99714285714286,3.2,0.0,12.9,78.0
79963,316,20.7,53.18382352941177,50.90441176470589,3.2,0.0,12.9,78.0
80863,316,20.65135135135135,39.121428571428574,37.32142857142857,3.2,0.0,12.9,77.0
81763,316,20.33661971830986,26.888888888888893,23.788888888888888,3.1,0.0,12.9,77.0
82663,316,19.90142857142857,22.057142857142857,19.827142857142857,3.1,0.0,9.7,76.0
83563,316,19.426865671641792,19.41549295774648,17.994366197183098,2.9,0.0,11.3,77.0
84463,316,18.96617647058824,17.84558823529412,16.873529411764707,2.7,0.0,8.0,77.0
85363,316,18.56984126984127,16.940298507462686,16.17313432835821,2.6,0.0,11.3,78.0
86263,316,18.284848484848485,16.98507462686567,16.21044776119403,2.1,0.0,6.4,79.0
763,317,17.98923076923077,16.5,16.03787878787879,2.0,0.0,8.0,79.0
1663,317,17.725373134328358,16.1875,15.7,2.4,0.0,9.7,77.0
2563,317,17.514705882352942,16.0,15.418840579710144,2.3,0.0,8.0,77.0
3463,317,17.32769230769231,15.93939393939394,15.227272727272728,2.4,0.0,8.0,76.0
4363,317,17.162121212121214,15.5,15.0,2.5,0.0,9.7,75.0
5263,317,17.02,15.5,14.894285714285717,2.7,0.0,12.9,74.0
6163,317,16.891044776119404,15.5,14.8,2.6,0.0,11.3,75.0
7063,317,16.8,15.5,14.695238095238096,2.3,0.0,12.9,76.0
7963,317,16.70138888888889,15.125,14.5,2.3,0.0,11.3,75.0
8863,317,16.6,15.0,14.485294117647058,1.9,0.0,11.3,76.0
9763,317,16.51212121212121,15.0,14.303030303030305,1.9,0.0,9.7,76.0
10663,317,16.438805970149254,15.0,14.3,1.9,0.0,9.7,75.0
11563,317,16.365151515151517,15.0,14.3,1.9,0.0,11.3,76.0
12463,317,16.285714285714285,15.0,14.115384615384617,1.8,0.0,11.3,76.0
13363,317,16.2,14.969230769230768,14.0,1.8,0.0,8.0,76.0
14263,317,16.14923076923077,14.551470588235292,14.0,1.7,0.0,8.0,76.0
15163,317,16.1,14.5,14.0,1.8,0.0,8.0,75.0
16063,317,16.005714285714284,14.5,14.0,1.7,0.0,9.7,76.0
16963,317,15.966666666666663,14.5,13.987692307692308,1.7,0.0,11.3,76.0
17863,317,15.9,14.5,13.824615384615385,1.6,0.0,11.3,76.0
18763,317,15.83939393939394,14.5,13.8,1.6,0.0,12.9,77.0
19663,317,15.8,14.5,13.8,1.7,0.0,11.3,77.0
20563,317,15.719696969696969,14.5,13.8,1.7,0.0,11.3,76.0
21463,317,15.7,14.5,13.8,1.8,0.0,9.7,77.0
22363,317,15.613235294117649,14.5,13.8,1.8,0.0,12.9,77.0
23263,317,15.598412698412698,14.5,13.786567164179104,1.9,0.0,11.3,77.0
24163,317,15.510144927536231,14.5,13.53529411764706,2.0,0.0,11.3,77.0
25063,317,15.5,14.4,13.5,2.2,0.0,11.3,76.0
25963,317,15.455072463768117,14.22058823529412,13.508823529411766,2.4,0.0,11.3,75.0
26863,317,15.901492537313434,13.856060606060606,13.106060606060606,2.7,0.0,9.7,73.0
27763,317,16.51044776119403,14.152173913043478,13.5,2.9,0.0,6.4,72.0
28663,317,16.0453125,14.09848484848485,13.496969696969696,3.2,5.0,9.7,71.0
29563,317,15.726865671641791,14.390625,13.5,3.3,7.0,9.7,70.0
30463,317,15.555882352941175,14.015625,13.5,3.7,12.0,8.0,69.0
31363,317,15.458823529411765,14.0,13.5,3.7,11.0,9.7,68.0
32263,317,15.368115942028984,14.0,13.42923076923077,3.7,18.0,3.2,69.0
33163,317,15.3,14.0,13.3,3.7,30.0,4.8,68.0
34063,317,15.227941176470589,14.0,13.3,3.9,58.0,4.8,70.0
34963,317,15.2,14.0,13.3,3.9,42.0,8.0,69.0
35863,317,15.125757575757577,14.0,13.26818181818182,4.1,39.0,12.9,68.0
36763,317,15.1,14.0,13.039705882352942,4.2,54.0,11.3,67.0
37663,317,15.0546875,14.0,13.0,4.8,91.0,14.5,64.0
38563,317,15.0,13.97058823529412,13.0,4.8,40.0,16.1,64.0
39463,317,15.0,13.917910447761193,13.0,5.0,102.0,17.7,62.0
40363,317,15.0,13.713235294117649,13.0,5.1,107.0,16.1,63.0
41263,317,14.927941176470588,13.573529411764708,13.0,5.1,79.0,17.7,66.0
42163,317,14.9,13.5234375,13.0,5.2,128.0,17.7,68.0
43063,317,14.9,13.5,13.0,5.7,102.0,16.1,63.0
43963,317,14.91076923076923,26.661764705882355,20.39264705882353,5.6,88.0,17.7,64.0
44863,317,15.50294117647059,52.78787878787879,47.68636363636364,5.3,91.0,17.7,70.0
45763,317,16.61911764705882,54.72307692307693,51.23384615384615,5.3,76.0,19.3,66.0
46663,317,17.524242424242424,55.22058823529412,51.46470588235294,5.3,67.0,20.9,65.0
47563,317,18.23098591549296,55.730769230769226,51.45384615384616,5.3,72.0,19.3,68.0
48463,317,18.78358208955224,55.969230769230776,51.49692307692308,5.6,77.0,17.7,75.0
49363,317,19.227941176470587,56.0,51.50882352941177,5.8,105.0,20.9,72.0
50263,317,19.6,56.13709677419355,51.54838709677419,6.1,91.0,19.3,72.0
51163,317,19.8,41.865671641791046,37.6089552238806,6.1,51.0,20.9,72.0
52063,317,19.64307692307693,28.1,24.31846153846154,5.8,46.0,24.1,73.0
52963,317,19.29264705882353,22.54615384615385,20.19076923076923,5.8,21.0,22.5,74.0
53863,317,18.906666666666663,19.7421875,18.2296875,5.7,28.0,20.9,76.0
54763,317,18.433333333333334,17.884615384615383,16.907692307692308,5.8,53.0,19.3,76.0
55663,317,18.09295774647888,17.058823529411764,16.239705882352943,5.9,21.0,19.3,76.0
56563,317,17.759375,16.39855072463768,15.7231884057971,5.8,19.0,20.9,76.0
57463,317,17.463076923076922,16.0,15.382857142857144,5.7,5.0,22.5,78.0
58363,317,17.18939393939394,15.565217391304348,15.08695652173913,5.7,0.0,27.4,78.0
59263,317,16.922222222222224,15.5,14.905084745762712,5.6,0.0,20.9,81.0
60163,317,16.726865671641793,15.246575342465752,14.763013698630138,5.9,0.0,22.5,81.0
61063,317,16.544776119402986,15.0,14.5,6.1,0.0,29.0,82.0
61963,317,16.4,15.0,14.48840579710145,6.2,0.0,29.0,83.0
62863,317,16.261194029850746,15.0,14.309375,6.3,0.0,30.6,85.0
63763,317,16.17205882352941,15.0,14.3,6.2,0.0,29.0,86.0
64663,317,16.14126984126984,32.87301587301587,26.122222222222224,6.5,0.0,29.0,86.0
65563,317,16.953846153846154,54.00769230769231,49.86923076923077,6.6,0.0,29.0,87.0
66463,317,18.02923076923077,55.25373134328358,51.53731343283582,6.7,0.0,32.2,88.0
67363,317,18.874242424242425,55.7463768115942,51.64347826086957,6.8,0.0,29.0,88.0
68263,317,19.46363636363636,53.8125,50.903125,7.2,0.0,29.0,88.0
69163,317,19.82537313432836,52.31343283582089,50.30746268656716,7.3,0.0,29.0,88.0
70063,317,20.413636363636364,56.0530303030303,52.10909090909091,7.8,0.0,29.0,87.0
70963,317,20.954166666666666,56.29710144927536,52.28695652173913,7.8,0.0,27.4,87.0
71863,317,21.322222222222223,56.04716981132076,52.237735849056605,8.1,0.0,29.0,87.0
72763,317,21.96,56.1875,51.59375,8.3,0.0,30.6,87.0
73663,317,22.03432835820896,52.29285714285714,50.38285714285714,8.4,0.0,30.6,87.0
74563,317,21.92794117647059,45.76119402985075,45.03134328358209,8.4,0.0,33.8,87.0
75463,317,21.76231884057971,30.78125,26.975,8.8,0.0,32.2,87.0
76363,317,21.253225806451614,24.784615384615385,21.79230769230769,8.8,0.0,33.8,87.0
77263,317,20.74109589041096,21.25757575757576,19.7,9.0,0.0,38.6,87.0
78163,317,20.25,19.34558823529412,18.32205882352941,8.9,0.0,37.0,88.0
79063,317,19.825,18.20634920634921,17.465079365079365,9.0,0.0,37.0,89.0
79963,317,19.43768115942029,17.553846153846155,16.904615384615386,9.1,0.0,35.4,89.0
80863,317,19.143283582089552,17.03076923076923,16.380000000000003,9.2,0.0,33.8,89.0
81763,317,18.875,16.594202898550726,15.963768115942027,9.2,0.0,35.4,90.0
82663,317,18.60757575757576,16.5,15.8,9.5,0.0,33.8,90.0
83563,317,18.403125,16.369230769230768,15.8,9.3,0.0,32.2,91.0
84463,317,18.714925373134328,16.46212121212121,15.954545454545451,9.4,0.0,33.8,91.0
85363,317,19.496774193548383,16.730158730158728,16.426984126984127,9.5,0.0,33.8,91.0
86263,317,18.918840579710142,16.5,15.99245283018868,9.6,0.0,37.0,91.0
763,318,18.389705882352946,16.242424242424242,15.65909090909091,9.6,0.0,33.8,91.0
1663,318,18.153125,16.0,15.477142857142857,9.6,0.0,32.2,92.0
2563,318,17.96056338028169,16.0,15.3,9.7,0.0,32.2,93.0
3463,318,17.795454545454547,16.0,15.3,9.9,0.0,32.2,93.0
4363,318,17.659701492537316,15.82394366197183,15.261971830985916,9.9,0.0,30.6,94.0
5263,318,17.548571428571428,15.5,15.0,10.1,0.0,27.4,93.0
6163,318,17.45294117647059,15.5,15.0,10.1,0.0,19.3,93.0
7063,318,17.36769230769231,15.5,14.982608695652177,10.2,0.0,19.3,95.0
7963,318,17.3,15.5,14.80923076923077,10.2,0.0,20.9,95.0
8863,318,17.20909090909091,15.5,14.8,10.1,0.0,17.7,96.0
9763,318,17.16086956521739,15.5,14.8,10.1,0.0,16.1,96.0
10663,318,17.1,15.5,14.8,10.1,0.0,16.1,96.0
11563,318,17.01846153846154,15.5,14.5375,10.1,0.0,14.5,96.0
12463,318,16.993939393939392,15.362068965517242,14.5,10.2,0.0,16.1,96.0
13363,318,16.9,15.10135135135135,14.5,10.1,0.0,14.5,96.0
14263,318,16.9,15.0,14.5,10.1,0.0,11.3,96.0
15163,318,16.81044776119403,15.0,14.5,10.0,0.0,12.9,95.0
16063,318,16.8,15.0,14.5,9.8,0.0,12.9,95.0
16963,318,16.754545454545454,15.0,14.5,9.7,0.0,11.3,94.0
17863,318,16.7,15.0,14.5,9.2,0.0,12.9,93.0
18763,318,16.655072463768114,15.0,14.45,8.9,0.0,12.9,92.0
19663,318,16.6,15.0,14.3375,8.4,0.0,14.5,92.0
20563,318,16.56060606060606,15.0,14.302941176470588,8.3,0.0,14.5,92.0
21463,318,16.5,15.0,14.3,8.1,0.0,12.9,93.0
22363,318,16.480597014925372,15.0,14.3,7.9,0.0,11.3,93.0
23263,318,16.4,15.0,14.3,7.9,0.0,12.9,92.0
24163,318,16.4,15.0,14.3,7.8,0.0,11.3,92.0
25063,318,16.305882352941175,15.0,14.3,7.6,0.0,12.9,93.0
25963,318,16.3,15.0,14.3,7.6,0.0,11.3,93.0
26863,318,16.213235294117645,15.0,14.3,7.4,0.0,11.3,93.0
27763,318,16.286567164179104,15.0,14.396969696969697,7.3,0.0,12.9,93.0
28663,318,16.534328358208956,15.08955223880597,14.516417910447762,7.3,11.0,11.3,93.0
29563,318,16.51764705882353,15.0,14.5,7.2,12.0,11.3,92.0
30463,318,16.495652173913044,15.0,14.5,7.3,26.0,12.9,91.0
31363,318,16.4,15.0,14.5,7.3,26.0,9.7,91.0
32263,318,16.4,15.0,14.5,7.4,28.0,9.7,88.0
33163,318,16.36338028169014,15.0,14.5,7.6,32.0,11.3,89.0
34063,318,16.3,15.0,14.5,7.7,60.0,14.5,90.0
34963,318,16.3,15.0,14.5,8.1,79.0,11.3,89.0
35863,318,16.25714285714286,15.0,14.5,8.4,69.0,11.3,89.0
36763,318,16.2,15.0,14.468115942028984,8.4,76.0,11.3,89.0
37663,318,16.2,15.0,14.411111111111111,8.6,104.0,9.7,89.0
38563,318,16.2,15.0,14.308450704225354,8.7,86.0,6.4,89.0
39463,318,16.2,15.0,14.303174603174602,8.6,132.0,9.7,89.0
40363,318,16.2,15.0,14.3,9.0,195.0,9.7,87.0
41263,318,16.2,15.0,14.3,9.1,132.0,11.3,87.0
42163,318,16.2,15.0,14.3,9.0,190.0,12.9,87.0
43063,318,16.161194029850744,15.0,14.3,9.1,93.0,14.5,86.0
43963,318,16.133333333333333,28.54615384615385,22.32769230769231,9.2,139.0,11.3,87.0
44863,318,16.783823529411766,54.43846153846154,48.42153846153846,9.1,142.0,11.3,85.0
45763,318,17.887323943661972,55.92307692307693,51.92153846153847,9.1,202.0,12.9,85.0
46663,318,18.74428571428572,56.0,52.21857142857143,9.4,155.0,11.3,84.0
47563,318,19.422727272727272,56.0,52.3463768115942,9.2,114.0,12.9,84.0
48463,318,19.94202898550725,56.08088235294117,52.5,9.0,72.0,9.7,84.0
49363,318,20.35135135135135,56.07462686567165,52.616417910447765,8.9,58.0,12.9,84.0
50263,318,20.683561643835617,56.3030303030303,52.57424242424243,8.8,70.0,12.9,84.0
51163,318,20.89178082191781,42.859375,39.4921875,8.9,67.0,8.0,85.0
52063,318,20.76388888888889,29.09701492537313,25.94328358208956,8.9,39.0,9.7,85.0
52963,318,20.46857142857143,23.69117647058824,21.69705882352941,8.8,37.0,8.0,86.0
53863,318,20.08169014084508,20.80597014925373,19.571641791044776,8.7,23.0,8.0,87.0
54763,318,19.708823529411767,19.17910447761194,18.36268656716418,8.7,21.0,9.7,86.0
55663,318,19.363235294117647,18.20714285714286,17.55857142857143,8.5,14.0,8.0,87.0
56563,318,19.042424242424243,17.571428571428573,17.035714285714285,8.3,9.0,9.7,88.0
57463,318,18.725,17.09027777777778,16.6375,8.1,0.0,11.3,88.0
58363,318,18.42727272727273,16.944444444444446,16.36984126984127,8.1,0.0,12.9,84.0
59263,318,18.19016393442623,16.5,16.114705882352943,8.2,0.0,12.9,81.0
60163,318,17.987142857142857,16.5,15.975757575757576,8.1,0.0,12.9,83.0
61063,318,17.828333333333333,16.5,15.8,7.9,0.0,12.9,85.0
61963,318,17.679032258064517,16.051470588235293,15.769117647058824,8.0,0.0,12.9,87.0
62863,318,17.57,16.0,15.5044776119403,8.1,0.0,12.9,88.0
63763,318,17.5,16.0,15.5,8.1,0.0,12.9,88.0
64663,318,17.446575342465753,16.0,15.5,7.9,0.0,14.5,87.0
65563,318,17.4,21.3955223880597,18.265671641791045,7.8,0.0,17.7,89.0
66463,318,17.74920634920635,51.97887323943662,44.54647887323944,7.7,0.0,12.9,91.0
67363,318,18.821428571428573,56.04477611940298,52.12238805970149,7.7,0.0,14.5,91.0
68263,318,19.69705882352941,56.4179104477612,52.47611940298508,7.7,0.0,11.3,90.0
69163,318,20.30625,54.30147058823529,50.71176470588235,7.6,0.0,11.3,89.0
70063,318,20.5,47.18840579710145,44.42028985507246,7.7,0.0,16.1,88.0
70963,318,20.591428571428573,44.31818181818182,41.654545454545456,7.6,0.0,12.9,87.0
71863,318,20.7,31.12878787878788,28.509090909090908,7.3,0.0,14.5,89.0
72763,318,20.545945945945945,23.94202898550725,22.047826086956523,7.2,0.0,12.9,89.0
73663,318,20.164285714285715,20.827868852459016,19.511475409836063,6.9,0.0,12.9,90.0
74563,318,19.84328358208955,19.213235294117645,18.12794117647059,6.9,0.0,14.5,91.0
75463,318,19.50597014925373,18.195652173913043,17.253623188405797,6.9,0.0,16.1,91.0
76363,318,19.165671641791043,17.558823529411764,16.75588235294118,6.8,0.0,14.5,91.0
77263,318,18.862121212121213,17.09027777777778,16.469444444444445,6.7,0.0,11.3,91.0
78163,318,18.6,17.0,16.32686567164179,6.7,0.0,11.3,90.0
79063,318,18.37794117647059,16.669354838709676,16.096774193548388,6.6,0.0,12.9,90.0
79963,318,18.204166666666666,16.5,16.0,6.7,0.0,14.5,89.0
80863,318,18.06268656716417,16.5,15.856716417910448,6.6,0.0,12.9,89.0
81763,318,17.94626865671642,16.5,15.8,6.5,0.0,12.9,89.0
82663,318,17.828358208955223,16.5,15.8,6.5,0.0,12.9,89.0
83563,318,17.895652173913042,16.5,15.808823529411764,6.4,0.0,16.1,88.0
84463,318,17.9,16.5,15.8,6.3,0.0,12.9,87.0
85363,318,17.9,16.485294117647058,15.530882352941177,6.4,0.0,14.5,87.0
86263,318,17.837681159420292,16.036764705882355,15.5,6.6,0.0,12.9,87.0
763,319,17.8,16.0,15.5,6.5,0.0,9.7,87.0
1663,319,17.76231884057971,16.0,15.419402985074626,6.4,0.0,14.5,87.0
2563,319,17.7,16.0,15.3,6.4,0.0,11.3,87.0
3463,319,17.643283582089552,16.0,15.3,6.2,0.0,9.7,87.0
4363,319,17.6,16.0,15.3,6.2,0.0,11.3,88.0
5263,319,17.52058823529412,16.0,15.3,6.3,0.0,11.3,88.0
6163,319,17.492537313432837,16.0,15.251470588235293,6.4,0.0,11.3,88.0
7063,319,17.4,16.0,15.023076923076925,6.4,0.0,12.9,87.0
7963,319,17.365671641791046,15.985714285714286,15.0,6.3,0.0,11.3,88.0
8863,319,17.3,15.70714285714286,15.0,6.4,0.0,9.7,88.0
9763,319,17.248529411764707,15.507142857142858,15.0,6.3,0.0,11.3,88.0
10663,319,17.2,15.5,15.0,6.2,0.0,11.3,88.0
11563,319,17.115151515151517,15.5,15.0,6.2,0.0,11.3,88.0
12463,319,17.082857142857144,15.5,15.0,6.1,0.0,9.7,89.0
13363,319,17.0,15.5,15.0,6.0,0.0,9.7,89.0
14263,319,16.962857142857143,15.5,14.869444444444444,6.1,0.0,9.7,90.0
15163,319,16.9,15.5,14.8,6.1,0.0,11.3,89.0
16063,319,16.871014492753623,15.5,14.8,6.1,0.0,11.3,89.0
16963,319,16.8,15.5,14.8,6.2,0.0,11.3,88.0
17863,319,16.8,15.5,14.8,6.2,0.0,9.7,87.0
18763,319,16.719402985074627,15.5,14.8,6.1,0.0,8.0,88.0
19663,319,16.7,15.5,14.8,6.2,0.0,9.7,88.0
20563,319,16.622388059701493,15.5,14.8,6.2,0.0,11.3,88.0
21463,319,16.6,15.5,14.79558823529412,6.1,0.0,9.7,88.0
22363,319,16.580000000000002,15.5,14.6734375,6.1,0.0,11.3,88.0
23263,319,16.5,15.5,14.50909090909091,6.2,0.0,6.4,88.0
24163,319,16.5,15.469230769230768,14.5,6.2,0.0,8.0,88.0
25063,319,16.438028169014082,15.143939393939394,14.5,6.2,0.0,9.7,87.0
25963,319,16.4,15.007692307692306,14.5,6.2,0.0,8.0,87.0
26863,319,16.359701492537315,15.0,14.5,6.2,0.0,8.0,87.0
27763,319,16.71969696969697,15.378571428571428,14.615714285714285,6.1,0.0,4.8,87.0
28663,319,17.631818181818183,15.76315789473684,15.22982456140351,6.1,7.0,6.4,88.0
29563,319,17.286956521739132,15.261194029850746,14.52089552238806,6.0,14.0,4.8,89.0
30463,319,16.975,15.5,14.68,5.9,28.0,3.2,88.0
31363,319,16.705714285714286,15.5,14.8,5.9,53.0,3.2,90.0
32263,319,16.556521739130435,15.420289855072465,14.73913043478261,6.3,63.0,3.2,89.0
33163,319,16.45671641791045,15.073529411764708,14.508823529411766,6.6,69.0,1.6,87.0
34063,319,16.370149253731345,15.014705882352942,14.5,7.2,63.0,4.8,84.0
34963,319,16.286956521739132,15.0,14.5,7.3,62.0,3.2,83.0
35863,319,16.2,15.0,14.5,7.4,83.0,1.6,81.0
36763,319,16.2,15.0,14.5,7.7,86.0,1.6,82.0
37663,319,16.104225352112675,15.0,14.5,8.0,93.0,0.0,81.0
38563,319,16.1,15.0,14.491176470588234,7.8,93.0,3.2,84.0
39463,319,16.1,15.0,14.334782608695653,7.9,102.0,1.6,83.0
40363,319,16.007462686567163,15.0,14.3,8.1,93.0,0.0,83.0
41263,319,16.0,15.0,14.3,8.5,84.0,6.4,80.0
42163,319,16.0,15.0,14.3,8.6,86.0,8.0,80.0
43063,319,16.0,15.0,14.3,8.4,100.0,4.8,83.0
43963,319,15.962686567164178,27.602941176470587,21.53235294117647,8.6,97.0,4.8,82.0
44863,319,16.513636363636362,53.95774647887324,48.32676056338028,8.9,95.0,6.4,81.0
45763,319,17.428985507246377,55.47142857142857,52.13714285714286,8.9,83.0,6.4,82.0
46663,319,18.22428571428572,55.5,52.41641791044776,8.8,67.0,9.7,79.0
47563,319,18.866666666666667,55.5,52.5,8.7,77.0,9.7,80.0
48463,319,19.374242424242425,55.521428571428565,52.675714285714285,8.6,77.0,11.3,81.0
49363,319,19.79402985074627,55.92142857142856,52.8,8.6,67.0,9.7,79.0
50263,319,20.13428571428572,55.8695652173913,52.76231884057971,8.7,47.0,9.7,76.0
51163,319,20.378260869565217,42.23529411764706,39.38823529411765,8.6,39.0,12.9,75.0
52063,319,20.264179104477613,29.166666666666668,26.4469696969697,8.4,46.0,12.9,78.0
52963,319,19.984848484848484,23.61029411764705,21.935294117647057,8.3,40.0,16.1,77.0
53863,319,19.648529411764702,20.77941176470588,19.764705882352946,8.3,32.0,11.3,78.0
54763,319,19.302985074626868,19.109375,18.459375,8.2,21.0,11.3,79.0
55663,319,18.978571428571428,18.176470588235293,17.620588235294118,8.1,14.0,11.3,80.0
56563,319,18.669014084507044,17.521428571428572,17.062857142857144,7.9,9.0,11.3,82.0
57463,319,18.40151515151515,17.029850746268657,16.64776119402985,7.8,0.0,16.1,82.0
58363,319,18.150746268656714,16.77941176470588,16.355882352941176,7.9,0.0,19.3,83.0
59263,319,17.901408450704224,16.5,16.066666666666666,7.8,0.0,19.3,85.0
60163,319,17.724242424242426,16.5,15.886956521739132,7.8,0.0,17.7,84.0
61063,319,17.551724137931036,16.095238095238095,15.8,7.9,0.0,17.7,82.0
61963,319,17.429411764705883,16.0,15.5,7.9,0.0,16.1,81.0
62863,319,17.314705882352943,16.0,15.5,7.7,0.0,19.3,80.0
63763,319,17.21363636363636,16.0,15.35373134328358,7.7,0.0,17.7,79.0
64663,319,17.140845070422536,16.0,15.3,7.7,0.0,16.1,79.0
65563,319,17.066153846153846,16.0,15.3,7.4,0.0,14.5,81.0
66463,319,17.0,15.992307692307694,15.295384615384616,6.9,0.0,14.5,84.0
67363,319,17.0,15.640625,15.0375,6.9,0.0,14.5,83.0
68263,319,16.917391304347824,15.507692307692306,15.0,7.3,0.0,19.3,80.0
69163,319,16.93582089552239,15.671875,15.1640625,7.4,0.0,20.9,81.0
70063,319,16.901449275362317,15.642857142857142,15.242857142857142,7.4,0.0,20.9,81.0
70963,319,16.9,15.5,15.0,7.3,0.0,19.3,82.0
71863,319,16.9,15.5,15.0,7.6,0.0,22.5,82.0
72763,319,16.9,15.5,15.0,7.5,0.0,24.1,82.0
73663,319,16.9,15.5,14.941538461538462,7.6,0.0,27.4,83.0
74563,319,16.880303030303033,15.5,14.8,7.7,0.0,25.7,83.0
75463,319,16.8,15.5,14.8,7.6,0.0,27.4,85.0
76363,319,16.8,15.78082191780822,14.864383561643836,7.8,0.0,25.7,86.0
77263,319,16.90147058823529,40.390410958904106,32.66438356164384,7.9,0.0,29.0,86.0
78163,319,17.675,54.50735294117648,51.03823529411765,7.7,0.0,25.7,87.0
79063,319,18.407462686567165,52.44285714285714,48.48428571428572,7.7,0.0,25.7,89.0
79963,319,19.111940298507463,56.007936507936506,51.37142857142857,7.8,0.0,25.7,90.0
80863,319,19.74428571428572,53.92537313432835,49.964179104477616,7.8,0.0,27.4,89.0
81763,319,20.058823529411764,35.96969696969697,31.6,7.8,0.0,24.1,87.0
82663,319,19.977941176470587,26.56521739130435,23.565217391304348,8.2,0.0,24.1,87.0
83563,319,20.28955223880597,22.81617647058824,21.27647058823529,8.2,0.0,16.1,88.0
84463,319,19.725757575757576,20.51538461538461,19.636923076923075,8.6,0.0,19.3,88.0
85363,319,19.21159420289855,19.02941176470588,18.41764705882353,8.7,0.0,16.1,88.0
86263,319,18.72173913043478,18.022058823529413,17.47941176470588,8.8,0.0,20.9,91.0
763,320,18.25857142857143,17.285714285714285,16.775714285714287,8.9,0.0,22.5,90.0
1663,320,17.813636363636363,16.847826086956523,16.28985507246377,9.1,0.0,20.9,90.0
2563,320,17.318840579710145,16.456521739130434,15.844927536231884,9.2,0.0,20.9,90.0
3463,320,17.101408450704223,16.0,15.491176470588234,9.3,0.0,29.0,88.0
4363,320,16.84328358208955,16.0,15.3,9.3,0.0,27.4,89.0
5263,320,16.702857142857145,16.0,15.264179104477613,9.6,0.0,29.0,87.0
6163,320,16.617460317460317,15.641891891891891,15.0,9.7,0.0,25.7,87.0
7063,320,16.6,15.5,15.0,9.8,0.0,27.4,86.0
7963,320,16.6,15.5,15.0,9.8,0.0,27.4,87.0
8863,320,16.57794117647059,15.5,14.846875,9.7,0.0,22.5,88.0
9763,320,16.558208955223883,15.5,14.8,9.7,0.0,22.5,87.0
10663,320,16.53787878787879,15.5,14.8,10.1,0.0,24.1,87.0
11563,320,16.588732394366197,15.5,14.8,10.1,0.0,20.9,87.0
12463,320,16.51159420289855,15.5,14.8,10.2,0.0,32.2,85.0
13363,320,16.5,15.5,14.783561643835617,10.1,0.0,29.0,85.0
14263,320,16.494202898550725,15.5,14.608,9.9,0.0,24.1,84.0
15163,320,16.4,15.5,14.5,9.8,0.0,25.7,84.0
16063,320,16.31304347826087,15.5,14.5,9.9,0.0,29.0,84.0
16963,320,16.21060606060606,15.459677419354838,14.5,9.9,0.0,30.6,84.0
17863,320,16.2,15.119718309859156,14.5,9.9,0.0,35.4,86.0
18763,320,16.2,15.0,14.5,9.7,0.0,32.2,89.0
19663,320,16.2,15.0,14.5,9.3,0.0,29.0,91.0
20563,320,16.181428571428572,15.0,14.5,9.3,0.0,27.4,91.0
21463,320,16.071830985915494,15.0,14.5,7.9,0.0,25.7,93.0
22363,320,16.0,15.0,14.485074626865671,7.6,0.0,25.7,93.0
23263,320,16.072131147540983,15.0,14.5,7.2,0.0,20.9,92.0
24163,320,17.13134328358209,15.44927536231884,14.83768115942029,7.1,0.0,24.1,93.0
25063,320,16.68507462686567,15.5,14.97846153846154,7.2,0.0,24.1,92.0
25963,320,16.4,15.5,14.8,7.1,0.0,24.1,92.0
26863,320,16.261764705882353,15.5,14.8,7.1,0.0,25.7,91.0
27763,320,16.108823529411765,15.5,14.8,7.1,0.0,25.7,91.0
28663,320,16.11875,15.5,14.8,7.1,0.0,27.4,91.0
29563,320,16.39264705882353,15.5,14.7203125,6.9,5.0,25.7,91.0
30463,320,16.3296875,15.369565217391305,14.5,6.4,18.0,22.5,90.0
31363,320,16.3,15.0,14.5,6.2,16.0,20.9,89.0
32263,320,16.269117647058824,15.0,14.5,5.9,21.0,22.5,86.0
33163,320,16.2,15.0,14.5,5.8,21.0,22.5,86.0
34063,320,16.2,15.0,14.5,5.7,26.0,20.9,86.0
34963,320,16.133823529411764,15.0,14.377611940298507,5.6,26.0,20.9,87.0
35863,320,16.1,15.0,14.3,5.8,32.0,22.5,85.0
36763,320,16.091176470588234,15.0,14.3,5.9,33.0,22.5,84.0
37663,320,16.0,15.0,14.3,6.3,171.0,20.9,83.0
38563,320,16.0,15.0,14.3,6.3,181.0,20.9,81.0
39463,320,16.0,15.0,14.3,6.3,209.0,24.1,80.0
40363,320,15.925352112676055,15.0,14.3,6.3,216.0,24.1,79.0
41263,320,15.9,15.0,14.3,6.4,229.0,17.7,78.0
42163,320,15.9,15.0,14.2953125,6.4,230.0,20.9,77.0
43063,320,15.9,15.0,14.210447761194027,6.6,232.0,20.9,77.0
43963,320,15.87391304347826,28.335820895522385,21.844776119402987,6.6,232.0,22.5,77.0
44863,320,16.361538461538462,54.26470588235294,48.379411764705885,6.7,225.0,20.9,75.0
45763,320,17.280597014925373,55.5,51.77,7.0,220.0,19.3,75.0
46663,320,18.008955223880598,55.507575757575765,52.0,7.1,206.0,20.9,71.0
47563,320,18.563636363636363,55.51449275362319,52.15217391304348,7.1,197.0,20.9,70.0
48463,320,19.01212121212121,55.5,52.3,7.0,81.0,19.3,70.0
49363,320,19.358823529411765,55.51587301587301,52.30317460317461,6.9,83.0,20.9,70.0
50263,320,19.645454545454548,55.60144927536233,52.33913043478261,6.9,67.0,20.9,69.0
51163,320,19.8,41.66176470588236,38.65882352941176,6.8,39.0,20.9,69.0
52063,320,19.682352941176468,28.35820895522388,25.549253731343285,6.8,35.0,17.7,69.0
52963,320,19.38358208955224,23.043478260869566,21.208695652173912,6.7,33.0,12.9,70.0
53863,320,19.070149253731344,20.256944444444446,19.051388888888887,6.1,26.0,12.9,74.0
54763,320,18.76060606060605,18.68181818181818,17.81969696969697,5.9,21.0,14.5,76.0
55663,320,18.45,17.708955223880597,17.03283582089552,5.3,14.0,14.5,80.0
56563,320,18.17,17.13235294117647,16.536764705882355,5.1,11.0,19.3,79.0
57463,320,17.89375,16.669354838709676,16.15,4.8,5.0,17.7,81.0
58363,320,17.65441176470588,16.5,15.868571428571428,4.8,0.0,17.7,80.0
59263,320,17.45671641791045,16.083333333333336,15.63181818181818,4.7,0.0,16.1,81.0
60163,320,17.301470588235293,16.0,15.47910447761194,4.7,0.0,17.7,81.0
61063,320,17.168181818181818,16.0,15.3,4.6,0.0,14.5,82.0
61963,320,17.0390625,15.875,15.269117647058824,4.7,0.0,17.7,82.0
62863,320,16.92727272727273,15.5,15.0,4.6,0.0,17.7,83.0
63763,320,16.84375,15.5,15.0,4.6,0.0,20.9,83.0
64663,320,16.794202898550726,15.5,14.945454545454549,4.6,0.0,17.7,84.0
65563,320,16.7,15.5,14.8,4.6,0.0,19.3,84.0
66463,320,16.629411764705882,15.5,14.8,4.6,0.0,16.1,82.0
67363,320,16.591044776119404,15.5,14.8,4.4,0.0,16.1,84.0
68263,320,16.5,15.5,14.770833333333334,4.6,0.0,22.5,84.0
69163,320,16.48,15.5,14.52608695652174,4.8,0.0,20.9,84.0
70063,320,16.4,15.092307692307694,14.5,4.6,0.0,20.9,84.0
70963,320,16.383823529411764,15.0,14.5,4.4,0.0,19.3,84.0
71863,320,16.3,15.0,14.5,4.2,0.0,17.7,84.0
72763,320,16.3,15.0,14.5,4.2,0.0,17.7,84.0
73663,320,16.276923076923076,15.0,14.5,4.1,0.0,17.7,85.0
74563,320,16.2,15.0,14.490769230769232,4.2,0.0,17.7,84.0
75463,320,16.2,15.0,14.444615384615384,4.1,0.0,14.5,84.0
76363,320,16.2,15.0,14.45,4.2,0.0,14.5,85.0
77263,320,16.17741935483871,15.0,14.3,4.3,0.0,17.7,84.0
78163,320,16.1,15.0,14.3,4.4,0.0,17.7,85.0
79063,320,16.1,15.0,14.295081967213116,4.3,0.0,16.1,85.0
79963,320,16.1,15.0,14.294915254237289,4.3,0.0,16.1,85.0
80863,320,16.023728813559323,15.0,14.174193548387098,4.3,0.0,16.1,85.0
81763,320,16.0,15.0,14.0,4.3,0.0,17.7,85.0
82663,320,15.938596491228072,15.0,14.0,4.3,0.0,17.7,86.0
83563,320,15.938095238095238,15.0,14.114285714285714,4.4,0.0,19.3,85.0
84463,320,16.0,15.0,14.3,4.4,0.0,20.9,84.0
85363,320,16.0,15.0,14.3,4.3,0.0,20.9,85.0
86263,320,15.968965517241378,15.0,14.3,4.4,0.0,17.7,86.0
763,321,15.9,15.0,14.3,4.4,0.0,17.7,86.0
1663,321,15.884482758620688,15.0,14.3,4.3,0.0,16.1,85.0
2563,321,15.8,15.0,14.19655172413793,4.2,0.0,16.1,86.0
3463,321,15.786885245901638,14.875,14.0,4.3,0.0,17.7,86.0
4363,321,15.7,14.58490566037736,14.0,4.2,0.0,17.7,86.0
5263,321,15.7,14.5,14.0,4.2,0.0,17.7,86.0
6163,321,15.61,14.5,14.0,4.4,0.0,20.9,85.0
7063,321,15.6,14.5,14.0,4.3,0.0,20.9,85.0
7963,321,15.556716417910447,14.5,14.0,4.5,0.0,22.5,86.0
8863,321,15.5,14.5,13.98840579710145,4.6,0.0,20.9,84.0
9763,321,15.5,14.5,13.925714285714289,4.5,0.0,20.9,84.0
10663,321,15.466666666666663,14.5,13.852941176470589,4.8,0.0,22.5,85.0
11563,321,15.4,14.5,13.8,4.8,0.0,24.1,84.0
12463,321,15.4,14.5,13.8,4.8,0.0,22.5,84.0
13363,321,15.4,14.5,13.8,4.8,0.0,22.5,84.0
14263,321,15.31492537313433,14.5,13.8,4.6,0.0,17.7,85.0
15163,321,15.3,14.5,13.8,4.8,0.0,24.1,85.0
16063,321,15.3,14.5,13.8,4.8,0.0,25.7,85.0
16963,321,15.3,14.5,13.8,4.8,0.0,22.5,85.0
17863,321,15.2359375,14.5,13.8,5.2,0.0,22.5,85.0
18763,321,15.2,14.5,13.8,5.2,0.0,27.4,84.0
19663,321,15.2,14.5,13.8,5.1,0.0,20.9,85.0
20563,321,15.194117647058825,14.5,13.8,5.2,0.0,20.9,85.0
21463,321,15.1,14.5,13.74705882352941,5.3,0.0,25.7,85.0
22363,321,15.1,14.3828125,13.5421875,5.3,0.0,24.1,86.0
23263,321,15.1,14.082089552238807,13.5,5.3,0.0,27.4,86.0
24163,321,15.033846153846152,14.022727272727272,13.5,5.4,0.0,27.4,86.0
25063,321,15.0,14.0,13.5,5.5,0.0,27.4,87.0
25963,321,15.0,14.301470588235292,13.548529411764708,5.5,0.0,27.4,87.0
26863,321,15.080000000000002,14.272727272727272,13.663636363636362,5.4,0.0,25.7,87.0
27763,321,15.331818181818182,14.5,13.87246376811594,5.4,0.0,24.1,87.0
28663,321,15.413432835820895,14.5,13.829508196721312,5.7,12.0,25.7,86.0
29563,321,15.294285714285715,14.490740740740742,13.8,5.7,14.0,27.4,86.0
30463,321,15.2,14.358208955223882,13.755223880597017,5.8,21.0,24.1,87.0
31363,321,15.107352941176469,14.0,13.5,5.8,23.0,25.7,87.0
32263,321,15.05820895522388,14.0,13.5,6.2,40.0,27.4,86.0
33163,321,15.0,14.0,13.5,6.2,49.0,24.1,86.0
34063,321,15.0,14.0,13.5,6.4,54.0,27.4,86.0
34963,321,14.92463768115942,14.0,13.5,6.4,65.0,25.7,85.0
35863,321,14.9,14.0,13.497014925373133,6.5,74.0,25.7,85.0
36763,321,14.9,14.0,13.383076923076922,6.5,79.0,25.7,86.0
37663,321,14.89,14.0,13.305797101449276,6.6,97.0,29.0,85.0
38563,321,14.801639344262297,14.0,13.3,6.7,93.0,29.0,85.0
39463,321,14.8,14.0,13.3,6.9,97.0,29.0,84.0
40363,321,14.8,14.0,13.3,6.9,74.0,30.6,85.0
41263,321,14.8,14.0,13.3,6.9,107.0,25.7,86.0
42163,321,14.77246376811594,14.0,13.3,6.9,128.0,27.4,86.0
43063,321,14.7,14.0,13.3,7.1,130.0,29.0,86.0
43963,321,14.737142857142857,27.080882352941178,20.73235294117647,7.1,141.0,29.0,86.0
44863,321,15.5265625,53.73770491803278,47.38196721311475,7.1,51.0,22.5,86.0
45763,321,16.641538461538463,55.48461538461538,51.472307692307695,7.0,54.0,19.3,88.0
46663,321,17.53529411764706,55.5223880597015,51.58955223880597,6.8,81.0,24.1,89.0
47563,321,18.23692307692308,55.8695652173913,51.78695652173913,6.9,84.0,24.1,88.0
48463,321,18.8,56.0,51.839393939393936,7.1,111.0,22.5,87.0
49363,321,19.235820895522387,56.0,51.99411764705883,7.2,33.0,27.4,86.0
50263,321,19.611940298507463,55.940298507462686,51.997014925373136,7.2,84.0,27.4,86.0
51163,321,19.844776119402987,41.7910447761194,38.19402985074627,7.4,79.0,27.4,85.0
52063,321,19.68676470588236,28.35507246376812,25.071014492753623,7.2,28.0,22.5,85.0
52963,321,19.308955223880595,22.80821917808219,20.756164383561647,7.1,23.0,25.7,86.0
53863,321,18.883823529411764,19.863636363636363,18.61515151515152,6.7,21.0,20.9,87.0
54763,321,18.4463768115942,18.201492537313435,17.35820895522388,6.7,18.0,24.1,87.0
55663,321,18.0484375,17.227272727272727,16.584848484848486,6.7,11.0,20.9,88.0
56563,321,17.695588235294117,16.57971014492754,16.044927536231885,6.7,9.0,20.9,89.0
57463,321,17.392537313432836,16.083333333333336,15.65909090909091,6.6,0.0,24.1,89.0
58363,321,17.10597014925373,15.924242424242426,15.375757575757577,6.5,0.0,22.5,89.0
59263,321,16.86911764705882,15.5,15.098571428571429,6.6,0.0,25.7,88.0
60163,321,16.67058823529412,15.5,14.938181818181818,6.4,0.0,24.1,87.0
61063,321,16.495652173913044,15.370689655172413,14.8,6.7,0.0,27.4,86.0
61963,321,16.35151515151515,15.0,14.64776119402985,6.7,0.0,27.4,86.0
62863,321,16.22835820895522,21.428571428571427,18.34,6.4,0.0,25.7,87.0
63763,321,16.51044776119403,49.68253968253968,42.32063492063492,6.5,0.0,24.1,87.0
64663,321,17.39076923076923,52.02985074626865,49.38656716417911,6.7,0.0,25.7,86.0
65563,321,17.9296875,45.83333333333333,43.93968253968254,6.7,0.0,25.7,86.0
66463,321,18.2515625,47.2972972972973,43.03648648648648,6.6,0.0,24.1,86.0
67363,321,18.607246376811595,53.12878787878788,49.16969696969697,6.6,0.0,27.4,86.0
68263,321,18.954545454545453,55.48529411764706,51.95294117647059,6.5,0.0,25.7,86.0
69163,321,19.24428571428572,54.08088235294117,50.64705882352941,6.5,0.0,25.7,87.0
70063,321,19.623880597014924,56.29838709677419,51.60967741935484,6.4,0.0,25.7,87.0
70963,321,20.116326530612245,56.217741935483865,51.8483870967742,6.3,0.0,25.7,87.0
71863,321,20.498214285714287,54.755102040816325,50.71632653061225,6.4,0.0,29.0,87.0
72763,321,20.791935483870965,56.49152542372881,52.35593220338983,6.5,0.0,32.2,86.0
73663,321,21.085714285714285,56.42424242424242,52.51515151515152,6.4,0.0,29.0,86.0
74563,321,21.19253731343284,43.869565217391305,41.28260869565217,6.4,0.0,29.0,85.0
75463,321,20.98059701492537,29.0,27.423880597014925,6.4,0.0,30.6,85.0
76363,321,20.62058823529412,23.28030303030303,21.419696969696968,6.4,0.0,30.6,85.0
77263,321,20.192424242424245,20.35507246376812,18.913043478260867,6.3,0.0,25.7,85.0
78163,321,19.813432835820898,18.79861111111111,17.676388888888887,6.3,0.0,25.7,86.0
79063,321,19.43088235294117,17.753731343283583,16.861194029850743,6.3,0.0,25.7,87.0
79963,321,19.095454545454547,17.25,16.454285714285714,6.3,0.0,27.4,85.0
80863,321,18.79692307692308,16.97761194029851,16.22835820895522,6.5,0.0,32.2,85.0
81763,321,18.51194029850746,16.507575757575758,15.954545454545451,6.4,0.0,29.0,86.0
82663,321,18.27826086956522,16.5,15.8,6.4,0.0,29.0,86.0
83563,321,18.08550724637681,16.463235294117645,15.685294117647056,6.4,0.0,29.0,85.0
84463,321,18.19264705882353,16.5,15.898550724637682,6.4,0.0,25.7,85.0
85363,321,19.07647058823529,16.5,16.291428571428572,6.4,0.0,27.4,86.0
86263,321,18.59402985074627,16.5,15.842857142857142,6.4,0.0,30.6,87.0
763,322,18.163768115942027,16.03787878787879,15.415151515151516,6.3,0.0,27.4,87.0
1663,322,17.84626865671642,16.0,15.195454545454549,6.2,0.0,29.0,88.0
2563,322,17.675,15.75735294117647,15.0,6.2,0.0,29.0,87.0
3463,322,17.525,15.5,14.83103448275862,6.3,0.0,29.0,85.0
4363,322,17.36521739130435,15.5,14.8,6.4,0.0,29.0,84.0
5263,322,17.243283582089553,15.5,14.512857142857143,6.4,0.0,29.0,85.0
6163,322,17.137142857142855,15.5,14.5,6.4,0.0,29.0,86.0
7063,322,17.029850746268657,15.217391304347824,14.5,6.1,0.0,24.1,88.0
7963,322,16.936764705882354,15.0,14.359649122807015,6.1,0.0,27.4,89.0
8863,322,16.8768115942029,15.0,14.3,5.8,0.0,22.5,88.0
9763,322,16.8,15.0,14.3,5.9,0.0,22.5,87.0
10663,322,16.741791044776118,15.0,14.3,6.0,0.0,19.3,87.0
11563,322,16.684615384615384,15.0,14.28732394366197,6.1,0.0,20.9,87.0
12463,322,16.6,15.0,14.068181818181818,6.0,0.0,22.5,87.0
13363,322,16.551470588235293,15.0,14.0,6.1,0.0,24.1,87.0
14263,322,16.5,15.0,14.0,5.8,0.0,20.9,87.0
15163,322,16.440298507462686,15.0,14.0,5.9,0.0,24.1,85.0
16063,322,16.4,14.86764705882353,14.0,5.7,0.0,19.3,84.0
16963,322,16.324285714285715,14.507462686567164,14.0,5.7,0.0,20.9,84.0
17863,322,16.296969696969697,14.5,13.993846153846151,5.5,0.0,16.1,82.0
18763,322,16.2,14.5,13.906060606060606,5.4,0.0,17.7,82.0
19663,322,16.2,14.5,13.802941176470588,5.3,0.0,17.7,82.0
20563,322,16.11911764705882,14.5,13.8,5.3,0.0,16.1,82.0
21463,322,16.1,14.5,13.8,5.1,0.0,16.1,82.0
22363,322,16.01969696969697,14.5,13.8,5.1,0.0,14.5,82.0
23263,322,16.0,14.5,13.8,5.1,0.0,9.7,82.0
24163,322,15.94782608695652,14.5,13.8,5.1,0.0,14.5,81.0
25063,322,15.9,14.5,13.8,4.7,0.0,12.9,82.0
25963,322,15.9,16.303030303030305,14.41060606060606,4.5,0.0,11.3,83.0
26863,322,16.120588235294118,46.91666666666667,38.22916666666667,4.3,0.0,12.9,84.0
27763,322,17.11714285714286,52.492537313432834,48.98955223880597,4.1,0.0,14.5,84.0
28663,322,17.928985507246377,52.594202898550726,49.062318840579714,4.0,5.0,14.5,83.0
29563,322,17.870149253731345,54.13970588235294,50.96617647058824,4.1,12.0,14.5,83.0
30463,322,17.92739726027397,54.409090909090914,51.268181818181816,4.2,18.0,16.1,81.0
31363,322,18.424615384615382,37.26086956521739,34.21159420289855,4.2,23.0,16.1,82.0
32263,322,18.92419354838709,27.02307692307692,24.58153846153846,4.2,18.0,14.5,83.0
33163,322,18.94328358208956,22.246031746031747,20.75238095238096,4.1,23.0,12.9,83.0
34063,322,18.717391304347824,19.72388059701493,18.773134328358207,4.2,35.0,9.7,83.0
34963,322,18.446478873239435,18.282608695652176,17.585507246376814,4.2,21.0,9.7,83.0
35863,322,18.17083333333333,17.442028985507246,16.94782608695652,4.4,33.0,12.9,81.0
36763,322,17.918181818181818,16.908450704225352,16.42112676056338,4.6,49.0,12.9,80.0
37663,322,17.70151515151515,16.5,16.056521739130435,5.1,149.0,16.1,78.0
38563,322,17.51194029850746,16.20714285714286,15.828571428571427,5.1,113.0,16.1,76.0
39463,322,17.322388059701492,15.795454545454549,15.35909090909091,5.2,206.0,14.5,77.0
40363,322,17.072307692307692,15.1875,14.5515625,6.0,248.0,12.9,75.0
41263,322,16.91029411764706,15.5,14.8,5.7,111.0,14.5,75.0
42163,322,16.807575757575755,15.5,14.8,5.6,127.0,12.9,75.0
43063,322,16.738805970149254,15.5,14.8,5.6,107.0,12.9,73.0
43963,322,16.7,15.458904109589042,14.767123287671234,5.5,93.0,11.3,73.0
44863,322,16.613114754098362,15.407142857142858,14.752857142857144,5.3,54.0,12.9,75.0
45763,322,16.512857142857143,14.775862068965518,14.122413793103448,5.3,63.0,12.9,75.0
46663,322,16.364705882352943,14.5,13.919999999999998,5.3,54.0,14.5,75.0
47563,322,16.245238095238097,14.238636363636363,13.575,5.4,53.0,16.1,74.0
48463,322,16.109615384615385,14.460784313725489,13.57843137254902,5.7,118.0,16.1,73.0
49363,322,16.02923076923077,14.5,13.8,5.8,65.0,14.5,72.0
50263,322,15.98955223880597,14.5,13.92753623188406,5.9,86.0,17.7,74.0
51163,322,15.9,14.5,13.901492537313434,5.8,47.0,20.9,72.0
52063,322,15.844117647058823,14.5,13.832835820895522,5.4,23.0,16.1,75.0
52963,322,15.8,14.5,13.96,5.1,25.0,14.5,78.0
53863,322,15.7390625,14.5,13.96060606060606,4.8,14.0,12.9,79.0
54763,322,15.7,14.5,13.966666666666663,4.7,12.0,12.9,79.0
55663,322,15.7,14.5,13.990769230769232,4.6,11.0,17.7,79.0
56563,322,15.7,14.5,13.988059701492537,4.6,9.0,20.9,78.0
57463,322,15.7,14.5,13.953623188405796,4.5,0.0,16.1,77.0
58363,322,15.661764705882351,14.5,13.961194029850745,4.4,0.0,16.1,77.0
59263,322,15.6,14.5,13.95483870967742,4.1,0.0,12.9,80.0
60163,322,15.6,14.5,13.87462686567164,4.0,0.0,9.7,79.0
61063,322,15.5203125,14.5,13.806153846153848,3.8,0.0,9.7,79.0
61963,322,15.495454545454546,14.5,13.8,3.8,0.0,14.5,79.0
62863,322,15.4,14.5,13.8,3.6,0.0,16.1,81.0
63763,322,15.4,14.932835820895525,13.716417910447763,3.5,0.0,19.3,81.0
64663,322,15.486764705882354,42.63432835820896,34.21641791044776,3.4,0.0,17.7,81.0
65563,322,16.394202898550724,54.719696969696976,51.00454545454546,3.3,0.0,17.7,81.0
66463,322,17.212698412698412,52.217741935483865,49.67258064516129,3.3,0.0,17.7,79.0
67363,322,17.69811320754717,51.323076923076925,48.82769230769231,3.3,0.0,17.7,79.0
68263,322,18.17419354838709,52.87837837837837,50.83513513513513,3.3,0.0,17.7,77.0
69163,322,18.296875,54.37068965517242,51.42586206896552,3.3,0.0,17.7,76.0
70063,322,18.133898305084745,54.104838709677416,51.229032258064514,2.9,0.0,17.7,78.0
70963,322,18.0,55.081818181818186,52.28909090909091,2.8,0.0,19.3,78.0
71863,322,17.95862068965517,55.0,52.3,3.0,0.0,17.7,77.0
72763,322,17.997014925373133,53.72033898305085,51.19661016949153,2.9,0.0,17.7,77.0
73663,322,18.775384615384617,53.435483870967744,50.49032258064516,2.9,0.0,19.3,77.0
74563,322,19.41060606060606,53.06818181818181,51.20909090909091,2.9,0.0,19.3,77.0
75463,322,19.872463768115946,52.31884057971015,50.837681159420285,3.1,0.0,17.7,76.0
76363,322,20.1,36.57692307692308,33.464615384615385,3.2,0.0,19.3,75.0
77263,322,19.946031746031743,26.42028985507246,23.02898550724638,3.1,0.0,19.3,75.0
78163,322,19.71538461538461,22.56716417910448,19.84179104477612,3.1,0.0,17.7,75.0
79063,322,19.412068965517243,19.985915492957748,18.385915492957743,3.1,0.0,16.1,74.0
79963,322,19.04705882352941,18.55,17.548571428571428,3.1,0.0,16.1,74.0
80863,322,18.71363636363636,17.727941176470587,16.969117647058823,3.1,0.0,16.1,74.0
81763,322,18.423880597014925,17.174242424242426,16.528787878787877,3.0,0.0,16.1,73.0
82663,322,18.2,16.835616438356162,16.2013698630137,2.8,0.0,14.5,74.0
83563,322,18.01875,16.5,15.979710144927536,2.9,0.0,16.1,73.0
84463,322,17.79285714285714,16.341269841269842,15.785714285714286,3.0,0.0,16.1,73.0
85363,322,17.582539682539682,16.143939393939394,15.677272727272728,3.0,0.0,16.1,72.0
86263,322,17.433333333333334,16.0,15.428125,2.9,0.0,16.1,73.0
763,323,17.259999999999998,15.847826086956522,15.08695652173913,2.8,0.0,16.1,74.0
1663,323,17.128985507246377,15.5,14.912676056338029,2.7,0.0,16.1,74.0
2563,323,16.98507462686567,15.5,14.8,2.7,0.0,16.1,75.0
3463,323,16.889705882352942,15.5,14.703076923076924,2.7,0.0,16.1,74.0
4363,323,16.8,15.493150684931509,14.5,2.7,0.0,16.1,75.0
5263,323,16.71212121212121,15.06164383561644,14.5,2.7,0.0,17.7,76.0
6163,323,16.613235294117647,15.0,14.384931506849316,2.6,0.0,16.1,76.0
7063,323,16.54848484848485,15.0,14.3,2.6,0.0,16.1,77.0
7963,323,16.494202898550725,15.0,14.3,2.5,0.0,14.5,78.0
8863,323,16.4,15.0,14.222857142857142,2.5,0.0,16.1,78.0
9763,323,16.363636363636363,15.0,14.0,2.4,0.0,16.1,79.0
10663,323,16.3,15.0,14.0,2.4,0.0,12.9,79.0
11563,323,16.2140625,15.0,14.0,2.3,0.0,14.5,80.0
12463,323,16.2,14.794117647058822,14.0,2.3,0.0,12.9,80.0
13363,323,16.10144927536232,14.5,14.0,2.4,0.0,12.9,80.0
14263,323,16.06231884057971,14.5,13.895652173913044,2.4,0.0,14.5,80.0
15163,323,16.0,14.5,13.8,2.4,0.0,14.5,80.0
16063,323,15.921739130434782,14.5,13.8,2.4,0.0,16.1,81.0
16963,323,15.892753623188408,14.5,13.8,2.4,0.0,14.5,81.0
17863,323,15.8,14.5,13.8,2.4,0.0,12.9,81.0
18763,323,15.771641791044775,14.5,13.79558823529412,2.6,0.0,14.5,81.0
19663,323,15.7,14.5,13.661194029850744,2.4,0.0,14.5,82.0
20563,323,15.654285714285717,14.5,13.5,2.3,0.0,12.9,82.0
21463,323,15.6,14.5,13.5,2.3,0.0,12.9,83.0
22363,323,15.550746268656717,14.477272727272728,13.5,2.3,0.0,11.3,83.0
23263,323,15.5,14.1044776119403,13.5,2.4,0.0,14.5,83.0
24163,323,15.447761194029852,14.0,13.5,2.3,0.0,11.3,84.0
25063,323,15.4,14.0,13.48,2.6,0.0,11.3,83.0
25963,323,15.32463768115942,14.0,13.4,2.5,0.0,9.7,83.0
26863,323,15.3,14.0,13.3,2.4,0.0,11.3,83.0
27763,323,15.262686567164176,14.0,13.3,2.4,0.0,11.3,83.0
28663,323,15.3,14.0,13.435384615384615,2.2,5.0,8.0,84.0
29563,323,15.415714285714284,14.30392156862745,13.658823529411766,2.2,9.0,11.3,84.0
30463,323,15.476923076923075,13.897058823529411,13.110294117647058,2.2,14.0,8.0,84.0
31363,323,15.37246376811594,14.0,13.30857142857143,2.4,16.0,11.3,84.0
32263,323,15.3,14.0,13.497014925373133,2.5,19.0,11.3,84.0
33163,323,15.256521739130434,14.0,13.5,2.7,25.0,9.7,84.0
34063,323,15.2,14.0,13.438235294117646,2.8,26.0,9.7,84.0
34963,323,15.157971014492754,14.0,13.305882352941175,3.0,28.0,8.0,84.0
35863,323,15.1,14.0,13.3,3.2,35.0,8.0,83.0
36763,323,15.09855072463768,14.0,13.3,3.4,35.0,6.4,83.0
37663,323,15.00735294117647,14.0,13.3,4.1,169.0,9.7,80.0
38563,323,15.0,14.0,13.3,4.7,181.0,11.3,78.0
39463,323,15.0,14.0,13.3,4.8,171.0,11.3,78.0
40363,323,15.0,14.0,13.3,4.9,197.0,12.9,75.0
41263,323,15.0,14.0,13.3,5.1,97.0,9.7,75.0
42163,323,15.20735294117647,14.0,13.454545454545451,4.8,100.0,9.7,75.0
43063,323,15.230769230769232,14.0,13.295081967213116,4.8,111.0,9.7,76.0
43963,323,15.117391304347825,13.696969696969695,13.09090909090909,5.0,125.0,8.0,76.0
44863,323,15.031428571428572,13.5,13.0,5.2,142.0,6.4,75.0
45763,323,15.0,21.3671875,16.7984375,5.3,111.0,4.8,76.0
46663,323,15.333333333333334,51.56382978723404,45.0595744680851,5.4,139.0,6.4,76.0
47563,323,16.361818181818183,53.72222222222221,50.68888888888889,5.8,128.0,4.8,74.0
48463,323,17.136507936507936,54.69491525423729,51.4728813559322,5.5,91.0,6.4,74.0
49363,323,18.04754098360656,54.9453125,51.7625,5.3,70.0,6.4,75.0
50263,323,18.622222222222224,54.725,51.72833333333333,5.0,62.0,4.8,78.0
51163,323,19.07377049180328,40.16129032258065,37.39032258064516,4.8,62.0,6.4,76.0
52063,323,19.016176470588235,30.268115942028988,28.189855072463768,4.8,62.0,6.4,76.0
52963,323,18.995384615384616,52.63432835820895,47.32537313432836,4.7,33.0,11.3,76.0
53863,323,19.46060606060606,55.36153846153847,52.02153846153847,4.6,25.0,11.3,77.0
54763,323,19.9089552238806,55.5,52.3,4.6,18.0,9.7,75.0
55663,323,20.26363636363636,55.5,52.3,4.6,9.0,8.0,74.0
56563,323,20.57605633802817,55.50769230769231,52.42307692307693,4.7,7.0,8.0,74.0
57463,323,20.823809523809523,55.2463768115942,52.333333333333336,4.5,0.0,4.8,75.0
58363,323,20.78923076923077,40.27857142857143,37.59857142857143,4.5,0.0,4.8,75.0
59263,323,20.385135135135137,27.852941176470587,25.680392156862744,4.6,0.0,6.4,74.0
60163,323,19.84202898550725,27.85507246376812,25.904347826086955,4.8,0.0,8.0,75.0
61063,323,19.655223880597013,52.96268656716418,47.332835820895525,4.9,0.0,8.0,76.0
61963,323,20.075,55.5072463768116,52.37391304347826,4.8,0.0,4.8,77.0
62863,323,20.43478260869565,55.85714285714285,52.5,4.8,0.0,4.8,78.0
63763,323,20.71527777777778,52.56818181818181,50.912121212121214,4.9,0.0,6.4,77.0
64663,323,20.95614035087719,52.11363636363636,50.79545454545455,4.5,0.0,1.6,81.0
65563,323,21.125396825396827,52.6328125,51.2953125,4.3,0.0,3.2,82.0
66463,323,21.3,55.266666666666666,52.015,4.2,0.0,1.6,81.0
67363,323,21.3,55.5,52.29508196721312,4.2,0.0,1.6,82.0
68263,323,21.343636363636364,55.5,52.2578125,4.6,0.0,3.2,79.0
69163,323,21.37258064516129,55.5,52.28064516129032,4.7,0.0,4.8,80.0
70063,323,21.503225806451614,55.5,52.31746031746032,4.8,0.0,9.7,82.0
70963,323,21.68939393939394,48.30508474576271,45.56610169491525,4.6,0.0,9.7,84.0
71863,323,21.631034482758626,31.580645161290324,28.3983870967742,4.4,0.0,6.4,85.0
72763,323,21.319117647058825,24.8515625,22.4828125,4.5,0.0,8.0,85.0
73663,323,20.84426229508197,21.7089552238806,19.928358208955224,4.6,0.0,8.0,87.0
74563,323,20.35909090909091,19.61029411764705,18.49411764705882,4.4,0.0,6.4,89.0
75463,323,19.9,18.446153846153845,17.60923076923077,4.4,0.0,6.4,89.0
76363,323,19.47692307692308,17.71875,17.0078125,4.2,0.0,9.7,90.0
77263,323,19.17121212121212,17.201492537313435,16.568656716417912,4.1,0.0,14.5,91.0
78163,323,18.901408450704224,16.76056338028169,16.114084507042254,3.8,0.0,11.3,92.0
79063,323,18.65820895522388,16.5,15.82058823529412,3.8,0.0,11.3,93.0
79963,323,18.463235294117645,16.304347826086957,15.508695652173913,3.8,0.0,11.3,94.0
80863,323,18.3179104477612,16.0,15.365625,3.7,0.0,12.9,94.0
81763,323,18.162857142857145,16.0,15.3,3.8,0.0,12.9,95.0
82663,323,18.055223880597016,16.0,15.038028169014083,3.9,0.0,14.5,95.0
83563,323,17.943283582089553,15.6953125,15.0,3.8,0.0,12.9,95.0
84463,323,17.84202898550725,15.5,14.922388059701492,3.7,0.0,8.0,95.0
85363,323,17.86714285714286,15.833333333333334,15.11969696969697,4.2,0.0,4.8,95.0
86263,323,19.16,16.37313432835821,15.801492537313433,4.4,0.0,12.9,95.0
763,324,18.765671641791045,16.06153846153846,15.513846153846156,4.5,0.0,20.9,94.0
1663,324,18.18059701492537,16.0,15.5,4.5,0.0,14.5,95.0
2563,324,17.82923076923077,16.0,15.308695652173911,4.6,0.0,6.4,95.0
3463,324,17.75857142857143,16.0,15.245454545454546,4.5,0.0,4.8,95.0
4363,324,17.686153846153847,15.768115942028984,15.0,3.9,0.0,6.4,95.0
5263,324,17.6,15.5,15.0,3.7,0.0,4.8,96.0
6163,324,17.533333333333335,15.5,14.90909090909091,3.7,0.0,9.7,97.0
7063,324,17.497014925373133,15.5,14.8,3.8,0.0,8.0,97.0
7963,324,17.4,15.5,14.8,3.8,0.0,6.4,97.0
8863,324,17.373529411764707,15.5,14.697014925373134,4.2,0.0,4.8,97.0
9763,324,17.3,15.5,14.5,4.2,0.0,4.8,97.0
10663,324,17.25,15.316176470588236,14.5,3.9,0.0,6.4,97.0
11563,324,17.2,15.015151515151516,14.5,3.9,0.0,8.0,97.0
12463,324,17.136764705882353,15.0,14.5,4.1,0.0,8.0,97.0
13363,324,17.1,15.0,14.497014925373133,4.2,0.0,4.8,97.0
14263,324,17.00588235294118,15.0,14.352777777777778,3.9,0.0,4.8,97.0
15163,324,16.97058823529412,15.0,14.3,3.7,0.0,9.7,97.0
16063,324,16.9,15.0,14.3,3.6,0.0,11.3,97.0
16963,324,16.886363636363637,15.0,14.3,3.6,0.0,9.7,97.0
17863,324,16.8,15.0,14.3,3.6,0.0,11.3,98.0
18763,324,16.8,15.0,14.3,3.9,0.0,9.7,98.0
19663,324,16.754545454545454,15.0,14.3,3.9,0.0,9.7,98.0
20563,324,16.7,15.0,14.3,4.2,0.0,4.8,98.0
21463,324,16.672727272727272,15.0,14.3,4.3,0.0,8.0,98.0
22363,324,16.6,15.0,14.20655737704918,4.9,0.0,3.2,98.0
23263,324,16.6,15.0,14.017142857142858,5.6,0.0,1.6,98.0
24163,324,16.513432835820897,15.0,14.0,5.8,0.0,0.0,98.0
25063,324,16.5,14.992537313432836,14.0,5.9,0.0,0.0,98.0
25963,324,16.5,14.943548387096774,14.0,5.6,0.0,3.2,98.0
26863,324,16.411764705882355,14.956521739130434,14.043478260869566,4.9,0.0,3.2,98.0
27763,324,16.681159420289855,15.0,14.3125,4.7,0.0,3.2,98.0
28663,324,16.663768115942027,14.794117647058822,14.27843137254902,4.7,0.0,1.6,98.0
29563,324,16.577611940298507,14.790909090909093,14.127272727272729,4.7,0.0,1.6,98.0
30463,324,16.565151515151516,14.5,13.924242424242426,4.8,5.0,0.0,98.0
31363,324,16.46212121212121,14.5,14.0,4.9,7.0,0.0,98.0
32263,324,16.375,14.5,14.0,5.2,7.0,0.0,98.0
33163,324,16.3,14.5,14.0,5.2,14.0,0.0,98.0
34063,324,16.21076923076923,14.5,14.0,5.2,40.0,0.0,98.0
34963,324,16.2,14.5,14.0,5.2,19.0,3.2,98.0
35863,324,16.1578125,14.5,14.0,5.1,28.0,3.2,98.0
36763,324,16.1,14.5,14.0,5.1,40.0,3.2,98.0
37663,324,16.1,14.5,14.0,5.2,42.0,3.2,98.0
38563,324,16.1,14.5,14.0,5.3,60.0,3.2,98.0
39463,324,16.001470588235293,14.5,14.0,5.7,162.0,6.4,98.0
40363,324,16.0,14.5,14.0,5.8,65.0,6.4,98.0
41263,324,16.0,14.5,14.0,5.7,69.0,8.0,98.0
42163,324,16.0,14.5,13.966153846153848,5.7,69.0,8.0,98.0
43063,324,15.907692307692306,14.5,13.83939393939394,5.8,79.0,8.0,98.0
43963,324,15.919696969696968,27.970149253731343,21.7955223880597,5.9,69.0,6.4,98.0
44863,324,16.72,53.48571428571429,48.14142857142857,6.1,77.0,6.4,98.0
45763,324,17.94705882352941,54.98412698412699,51.86984126984127,6.0,84.0,6.4,98.0
46663,324,18.85147058823529,55.48529411764706,52.03088235294117,6.2,63.0,6.4,98.0
47563,324,19.55072463768116,55.875,52.22058823529412,6.1,70.0,6.4,98.0
48463,324,20.108823529411765,56.015625,52.3,6.2,35.0,8.0,98.0
49363,324,20.559154929577467,56.00769230769231,52.35846153846154,6.1,90.0,8.0,98.0
50263,324,20.892753623188405,55.92753623188406,52.41014492753624,6.1,44.0,6.4,98.0
51163,324,21.1,42.08219178082192,39.32602739726028,6.1,44.0,6.4,98.0
52063,324,20.92419354838709,28.33333333333333,26.51428571428572,6.1,23.0,6.4,98.0
52963,324,20.520833333333336,23.10869565217392,21.940579710144927,6.0,12.0,6.4,98.0
53863,324,20.030434782608697,20.308823529411764,19.47352941176471,6.0,28.0,6.4,98.0
54763,324,19.594117647058823,18.713235294117645,18.05588235294117,6.1,16.0,6.4,98.0
55663,324,19.12,17.73913043478261,17.217391304347824,6.2,7.0,4.8,98.0
56563,324,18.68676470588236,17.121428571428574,16.645714285714284,6.2,5.0,4.8,99.0
57463,324,18.32941176470588,16.642857142857142,16.2,6.2,0.0,4.8,98.0
58363,324,18.037142857142857,16.42028985507246,15.886956521739132,6.2,0.0,4.8,99.0
59263,324,17.813432835820898,16.0,15.670149253731344,6.1,0.0,4.8,99.0
60163,324,17.638028169014085,16.0,15.482608695652177,6.1,0.0,3.2,99.0
61063,324,17.47826086956522,15.91304347826087,15.3,6.0,0.0,3.2,98.0
61963,324,17.361764705882354,15.5,15.194366197183095,6.0,0.0,3.2,98.0
62863,324,17.256060606060608,15.5,15.0,6.1,0.0,0.0,98.0
63763,324,17.17536231884058,15.5,15.0,6.1,0.0,0.0,99.0
64663,324,17.08730158730159,21.51538461538461,17.89076923076923,6.1,0.0,0.0,99.0
65563,324,17.15714285714286,36.74626865671642,30.153731343283585,6.2,0.0,3.2,99.0
66463,324,17.684126984126983,47.88059701492537,42.74179104477612,6.1,0.0,3.2,99.0
67363,324,18.686153846153847,44.44117647058824,42.688235294117646,6.2,0.0,1.6,99.0
68263,324,19.14126984126984,29.335820895522385,26.753731343283583,6.1,0.0,3.2,98.0
69163,324,19.16,23.674242424242426,21.3969696969697,6.1,0.0,3.2,98.0
70063,324,18.956060606060607,20.413043478260867,18.9231884057971,5.9,0.0,0.0,99.0
70963,324,18.68805970149253,18.62878787878788,17.687878787878788,5.8,0.0,0.0,99.0
71863,324,18.422388059701493,17.683823529411764,17.030882352941177,5.8,0.0,0.0,99.0
72763,324,18.163235294117648,17.046153846153846,16.54,5.8,0.0,0.0,99.0
73663,324,17.922727272727272,16.576923076923077,16.143076923076926,5.9,0.0,0.0,99.0
74563,324,17.744444444444447,16.386363636363637,15.872727272727271,5.9,0.0,0.0,98.0
75463,324,17.576470588235292,16.0,15.652238805970148,5.9,0.0,3.2,99.0
76363,324,17.45245901639344,16.0,15.454285714285714,6.1,0.0,4.8,99.0
77263,324,17.36056338028169,18.875,16.8515625,6.2,0.0,6.4,99.0
78163,324,17.593939393939394,49.365671641791046,41.70746268656716,6.2,0.0,6.4,99.0
79063,324,18.606349206349208,55.44354838709677,51.314516129032256,6.2,0.0,6.4,99.0
79963,324,19.2984375,54.74626865671642,50.71641791044776,6.2,0.0,6.4,99.0
80863,324,19.58636363636364,51.546875,47.984375,6.2,0.0,4.8,99.0
81763,324,19.795384615384613,33.69672131147541,30.31311475409836,6.2,0.0,4.8,99.0
82663,324,19.701492537313435,25.025,22.616666666666667,6.2,0.0,4.8,99.0
83563,324,19.57540983606557,21.59259259259259,20.103703703703705,6.2,0.0,3.2,99.0
84463,324,19.34126984126984,19.63492063492064,18.58095238095238,6.2,0.0,0.0,99.0
85363,324,19.0421875,18.33620689655172,17.50344827586207,6.3,0.0,0.0,99.0
86263,324,18.71698113207547,17.43548387096774,16.75161290322581,6.3,0.0,0.0,99.0
763,325,18.450704225352112,16.9765625,16.353125,6.3,0.0,0.0,99.0
1663,325,18.2734375,16.5,16.004411764705882,6.3,0.0,0.0,99.0
2563,325,18.166666666666664,16.5,15.958823529411765,6.3,0.0,0.0,99.0
3463,325,18.03970588235294,16.49285714285714,15.857142857142858,6.4,0.0,3.2,99.0
4363,325,17.923809523809524,16.058823529411764,15.8,6.4,0.0,3.2,99.0
5263,325,17.811940298507462,16.0,15.526865671641792,6.4,0.0,6.4,99.0
6163,325,17.7231884057971,16.0,15.5,6.4,0.0,4.8,99.0
7063,325,17.641176470588235,16.0,15.414754098360657,6.5,0.0,4.8,99.0
7963,325,17.574242424242424,16.0,15.3,6.5,0.0,4.8,99.0
8863,325,17.5,16.0,15.3,6.5,0.0,0.0,99.0
9763,325,17.417910447761194,15.830882352941178,15.3,6.5,0.0,0.0,99.0
10663,325,17.3921875,15.507462686567164,15.138805970149257,6.4,0.0,1.6,99.0
11563,325,17.3,15.5,15.0,6.3,0.0,0.0,99.0
12463,325,17.286567164179104,15.5,15.0,6.3,0.0,0.0,99.0
13363,325,17.2,15.5,15.0,6.4,0.0,0.0,99.0
14263,325,17.2,15.5,15.0,6.5,0.0,0.0,99.0
15163,325,17.10142857142857,15.5,15.0,6.5,0.0,0.0,99.0
16063,325,17.1,15.5,14.916417910447764,6.3,0.0,1.6,99.0
16963,325,17.007575757575758,15.5,14.8,6.3,0.0,1.6,99.0
17863,325,17.0,15.5,14.8,6.2,0.0,1.6,99.0
18763,325,16.934328358208955,15.5,14.8,6.2,0.0,0.0,99.0
19663,325,16.9,15.5,14.8,6.3,0.0,0.0,99.0
20563,325,16.9,15.5,14.8,6.3,0.0,0.0,99.0
21463,325,16.810294117647057,15.5,14.8,6.3,0.0,0.0,99.0
22363,325,16.8,15.5,14.8,6.4,0.0,0.0,99.0
23263,325,16.8,15.5,14.773529411764708,6.5,0.0,0.0,99.0
24163,325,16.71076923076923,15.3125,14.625,6.6,0.0,0.0,99.0
25063,325,16.7,15.1,14.5,6.6,0.0,0.0,99.0
25963,325,16.69857142857143,15.014492753623188,14.504347826086956,6.7,0.0,1.6,99.0
26863,325,16.7,15.428571428571429,14.714285714285714,6.7,0.0,3.2,99.0
27763,325,17.545454545454547,15.60483870967742,14.962903225806452,6.7,0.0,3.2,99.0
28663,325,17.90655737704918,16.0,15.440277777777776,6.9,0.0,3.2,99.0
29563,325,17.613432835820895,15.733333333333334,15.11,7.1,0.0,0.0,99.0
30463,325,17.317910447761193,15.5,15.0,7.0,0.0,0.0,99.0
31363,325,16.986153846153847,15.5,14.855882352941176,7.0,7.0,0.0,99.0
32263,325,16.79848484848485,15.5,14.8,7.7,14.0,6.4,99.0
33163,325,16.67230769230769,15.5,14.8,7.8,18.0,6.4,99.0
34063,325,16.6,15.386363636363637,14.690909090909091,7.9,25.0,3.2,99.0
34963,325,16.52285714285714,15.007462686567164,14.5,8.0,35.0,6.4,99.0
35863,325,16.5,15.0,14.5,8.6,54.0,4.8,99.0
36763,325,16.47,15.0,14.5,9.1,69.0,8.0,99.0
37663,325,16.4,15.0,14.5,9.6,40.0,14.5,99.0
38563,325,16.4,15.0,14.5,9.6,77.0,12.9,99.0
39463,325,16.4,15.0,14.5,9.8,88.0,12.9,99.0
40363,325,16.37121212121212,15.0,14.5,9.9,67.0,12.9,99.0
41263,325,16.3,15.0,14.473529411764709,10.0,70.0,17.7,98.0
42163,325,16.3,15.0,14.328985507246378,10.1,58.0,16.1,97.0
43063,325,16.3,15.0,14.3,10.3,49.0,16.1,97.0
43963,325,16.312121212121212,27.746153846153845,21.64307692307693,10.4,39.0,14.5,96.0
44863,325,17.055384615384618,54.50769230769231,48.47076923076923,10.6,33.0,16.1,96.0
45763,325,18.26056338028169,55.969230769230776,51.90461538461538,10.7,26.0,16.1,96.0
46663,325,19.16617647058824,56.0,52.173913043478265,10.7,26.0,16.1,96.0
47563,325,19.84328358208955,56.0,52.3,10.9,19.0,16.1,96.0
48463,325,20.365079365079364,56.028985507246375,52.41304347826088,10.9,19.0,16.1,96.0
49363,325,20.764406779661016,56.21538461538462,52.5,11.3,33.0,17.7,96.0
50263,325,21.09402985074627,56.17164179104477,52.471641791044775,11.3,32.0,16.1,96.0
51163,325,21.29420289855073,42.25735294117647,39.16764705882353,11.4,25.0,17.7,95.0
52063,325,21.153125,29.15942028985508,26.49855072463768,11.6,39.0,16.1,94.0
52963,325,20.80655737704918,23.72058823529412,22.022058823529413,11.7,32.0,25.7,92.0
53863,325,20.41971830985916,20.833333333333336,19.806060606060605,11.8,28.0,32.2,91.0
54763,325,19.995384615384616,19.27272727272728,18.55,11.5,18.0,33.8,90.0
55663,325,19.62,18.25,17.722727272727273,11.4,7.0,29.0,91.0
56563,325,19.28529411764706,17.63235294117647,17.16764705882353,11.4,0.0,25.7,91.0
57463,325,19.003030303030304,17.19047619047619,16.769841269841272,11.4,0.0,25.7,91.0
58363,325,18.773846153846154,17.0,16.45,11.4,0.0,30.6,91.0
59263,325,18.54375,16.57462686567164,16.286567164179104,11.4,0.0,30.6,91.0
60163,325,18.355555555555554,16.5,16.0,11.4,0.0,32.2,92.0
61063,325,18.1625,16.5,15.904761904761903,11.6,0.0,30.6,92.0
61963,325,18.0268656716418,16.362903225806452,15.8,11.6,0.0,30.6,92.0
62863,325,17.8875,16.0,15.713043478260868,11.5,0.0,27.4,93.0
63763,325,17.7955223880597,16.0,15.5,11.7,0.0,30.6,93.0
64663,325,17.7,16.0,15.5,11.8,0.0,25.7,92.0
65563,325,17.636764705882353,16.0,15.5,11.9,0.0,27.4,92.0
66463,325,17.6,16.0,15.5,12.1,0.0,25.7,92.0
67363,325,17.59264705882353,16.0,15.5,12.1,0.0,29.0,92.0
68263,325,17.5,16.0,15.329508196721312,12.3,0.0,37.0,90.0
69163,325,17.5,16.0,15.166666666666666,12.4,0.0,35.4,89.0
70063,325,17.5,15.75,15.0,12.3,0.0,38.6,88.0
70963,325,17.5,15.553846153846155,15.02,12.2,0.0,35.4,88.0
71863,325,17.568656716417912,39.7258064516129,31.27903225806452,12.2,0.0,40.2,86.0
72763,325,18.09230769230769,54.75,50.34848484848485,12.1,0.0,38.6,87.0
73663,325,18.6953125,54.992537313432834,51.06716417910447,11.9,0.0,38.6,87.0
74563,325,19.0,56.0,52.3,11.8,0.0,37.0,87.0
75463,325,,,,11.9,0.0,38.6,86.0
76363,325,,,,11.5,0.0,43.5,87.0
77263,325,,,,11.5,0.0,43.5,87.0
78163,325,19.88157894736842,20.10465116279069,19.090697674418603,11.4,0.0,41.8,87.0
79063,325,19.695454545454545,19.0,18.22941176470588,11.3,0.0,41.8,87.0
79963,325,19.42089552238805,18.169117647058822,17.52058823529412,11.2,0.0,37.0,87.0
80863,325,19.204615384615387,17.5390625,17.084375,11.1,0.0,38.6,87.0
81763,325,18.981428571428573,17.169354838709676,16.732258064516127,10.9,0.0,35.4,88.0
82663,325,18.819444444444446,17.1044776119403,16.676119402985073,10.6,0.0,27.4,91.0
83563,325,19.4910447761194,17.5,17.19838709677419,10.6,0.0,27.4,91.0
84463,325,19.55223880597015,17.3046875,16.95,10.6,0.0,37.0,88.0
85363,325,19.07605633802817,17.0,16.38307692307692,10.7,0.0,40.2,87.0
86263,325,18.67826086956521,16.735294117647058,16.07941176470588,10.5,0.0,38.6,88.0
763,326,18.454545454545453,16.5,15.9,10.6,0.0,38.6,89.0
1663,326,18.336764705882352,16.5,15.8,10.5,0.0,40.2,88.0
2563,326,18.22173913043478,16.5,15.77826086956522,10.3,0.0,38.6,89.0
3463,326,18.12,16.5,15.529577464788732,10.2,0.0,35.4,90.0
4363,326,18.03382352941177,16.16417910447761,15.5,10.2,0.0,35.4,90.0
5263,326,17.96865671641791,16.0,15.5,9.8,0.0,22.5,93.0
6163,326,17.9,16.0,15.5,9.7,0.0,19.3,94.0
7063,326,17.828169014084505,16.0,15.485074626865671,9.6,0.0,17.7,95.0
7963,326,17.8,16.0,15.323880597014924,9.5,0.0,17.7,96.0
8863,326,17.736764705882354,16.0,15.3,9.3,0.0,19.3,95.0
9763,326,17.7,16.0,15.3,9.1,0.0,20.9,94.0
10663,326,17.668333333333333,16.0,15.3,8.9,0.0,22.5,94.0
11563,326,17.6,16.0,15.3,8.8,0.0,20.9,94.0
12463,326,17.6,16.0,15.278571428571428,8.6,0.0,17.7,94.0
13363,326,17.511428571428574,16.0,15.05217391304348,8.4,0.0,17.7,94.0
14263,326,17.5,16.0,15.0,8.3,0.0,17.7,94.0
15163,326,17.445070422535213,16.0,15.0,8.2,0.0,16.1,95.0
16063,326,17.4,15.992857142857142,15.0,7.6,0.0,14.5,96.0
16963,326,17.4,15.9375,15.0,7.3,0.0,14.5,96.0
17863,326,17.34225352112676,15.705882352941178,15.0,7.1,0.0,19.3,96.0
18763,326,17.3,15.537313432835822,15.0,7.1,0.0,16.1,95.0
19663,326,17.3,15.5,15.0,7.1,0.0,20.9,93.0
20563,326,17.23768115942029,15.5,15.0,7.1,0.0,19.3,93.0
21463,326,17.2,15.5,15.0,7.0,0.0,16.1,93.0
22363,326,17.2,15.5,15.0,6.9,0.0,17.7,94.0
23263,326,17.15223880597015,15.5,15.0,6.8,0.0,16.1,95.0
24163,326,17.1,15.5,15.0,6.8,0.0,16.1,95.0
25063,326,17.1,15.5,14.937313432835822,6.8,0.0,16.1,95.0
25963,326,17.075384615384614,15.5,14.84927536231884,6.8,0.0,16.1,95.0
26863,326,17.09402985074627,15.5,15.0,6.7,0.0,9.7,95.0
27763,326,17.046478873239437,15.771428571428572,15.137142857142855,6.6,0.0,9.7,95.0
28663,326,17.173913043478258,16.0,15.409375,6.6,0.0,6.4,96.0
29563,326,17.259999999999998,16.0,15.347761194029852,6.4,0.0,8.0,96.0
30463,326,17.182608695652174,16.0,15.3,6.2,0.0,8.0,96.0
31363,326,17.096969696969698,16.0,15.3,6.2,0.0,8.0,96.0
32263,326,17.0,15.920289855072465,15.056521739130435,6.1,5.0,3.2,96.0
33163,326,16.939705882352943,15.515151515151516,15.0,6.1,9.0,4.8,96.0
34063,326,16.9,15.5,15.0,6.1,9.0,4.8,97.0
34963,326,16.85,15.5,15.0,6.0,7.0,6.4,96.0
35863,326,16.8,15.5,15.0,6.0,16.0,3.2,96.0
36763,326,16.8,15.5,15.0,5.9,21.0,1.6,96.0
37663,326,16.727941176470587,15.5,14.94920634920635,5.9,18.0,1.6,96.0
38563,326,16.7,15.5,14.808823529411764,5.9,16.0,0.0,96.0
39463,326,16.67313432835821,15.5,14.8,5.9,28.0,0.0,96.0
40363,326,16.6,15.5,14.8,5.9,21.0,0.0,96.0
41263,326,16.6,15.5,14.8,5.9,28.0,0.0,96.0
42163,326,16.55857142857143,15.5,14.8,5.9,23.0,3.2,96.0
43063,326,16.5,15.5,14.8,5.9,14.0,1.6,97.0
43963,326,16.51159420289855,28.625,22.3171875,5.9,12.0,0.0,97.0
44863,326,17.01492537313433,54.68382352941177,48.42941176470588,5.9,11.0,1.6,97.0
45763,326,17.939705882352943,56.340909090909086,52.375757575757575,5.9,11.0,1.6,97.0
46663,326,18.675714285714285,56.52112676056338,52.6943661971831,5.8,35.0,3.2,97.0
47563,326,19.30597014925373,56.67164179104477,52.8,5.8,35.0,3.2,97.0
48463,326,19.87910447761194,56.514925373134325,52.87462686567165,5.8,16.0,3.2,98.0
49363,326,20.32089552238806,56.73529411764706,52.99411764705883,5.7,21.0,4.8,97.0
50263,326,20.68030303030303,56.8955223880597,53.06567164179105,5.6,25.0,1.6,97.0
51163,326,20.894202898550724,43.52238805970149,40.26716417910448,5.7,12.0,1.6,98.0
52063,326,20.79855072463768,29.60714285714285,26.658571428571427,5.7,11.0,4.8,98.0
52963,326,20.52537313432836,24.19117647058824,22.25441176470588,5.5,12.0,4.8,97.0
53863,326,20.15757575757576,21.323529411764707,20.06764705882353,5.5,11.0,4.8,97.0
54763,326,19.827272727272728,19.65942028985507,18.807246376811595,5.4,7.0,3.2,98.0
55663,326,19.478571428571428,18.669117647058822,17.998529411764707,5.4,0.0,1.6,98.0
56563,326,19.119696969696967,18.022058823529413,17.425,5.4,0.0,0.0,98.0
57463,326,18.79,17.53787878787879,17.043939393939393,5.4,0.0,3.2,98.0
58363,326,18.522058823529413,17.315384615384616,16.77230769230769,5.3,0.0,1.6,98.0
59263,326,18.31230769230769,17.0,16.5,5.3,0.0,1.6,98.0
60163,326,18.13636363636364,17.0,16.320588235294117,5.2,0.0,1.6,98.0
61063,326,17.985294117647058,16.634328358208954,16.170149253731346,5.3,0.0,1.6,98.0
61963,326,17.864615384615384,16.5,16.0,5.3,0.0,3.2,98.0
62863,326,17.778787878787877,16.5,15.979411764705882,5.3,0.0,1.6,98.0
63763,326,17.69710144927536,16.5,15.8,5.2,0.0,3.2,98.0
64663,326,17.6,16.477941176470587,15.8,5.2,0.0,3.2,98.0
65563,326,17.6,16.5,15.8,5.2,0.0,1.6,98.0
66463,326,17.553030303030305,16.173913043478258,15.617391304347825,5.2,0.0,3.2,98.0
67363,326,17.5,16.0,15.5,5.2,0.0,3.2,98.0
68263,326,17.5,16.0,15.5,5.1,0.0,3.2,98.0
69163,326,17.5,16.0,15.5,5.1,0.0,3.2,98.0
70063,326,17.40909090909091,27.4,22.115714285714283,5.1,0.0,1.6,98.0
70963,326,17.829310344827586,53.526315789473685,46.810526315789474,5.1,0.0,3.2,98.0
71863,326,18.552857142857142,56.0,52.68064516129032,5.2,0.0,4.8,98.0
72763,326,19.10757575757576,51.53125,48.99375,5.2,0.0,3.2,98.0
73663,326,19.387878787878787,43.373134328358205,40.156716417910445,5.2,0.0,4.8,98.0
74563,326,19.56615384615385,41.421875,39.1109375,5.2,0.0,4.8,98.0
75463,326,19.6,28.10483870967742,25.911290322580648,5.2,0.0,3.2,98.0
76363,326,19.46969696969697,23.07462686567164,21.535820895522388,5.1,0.0,6.4,98.0
77263,326,19.244444444444447,20.507462686567163,19.49402985074627,5.1,0.0,3.2,99.0
78163,326,18.955072463768115,19.02857142857143,18.30857142857143,5.1,0.0,6.4,99.0
79063,326,18.773134328358207,18.2265625,17.6890625,5.0,0.0,8.0,98.0
79963,326,18.62153846153846,30.68181818181818,26.810606060606062,4.8,0.0,6.4,99.0
80863,326,19.044615384615383,44.6875,42.1,4.8,0.0,6.4,99.0
81763,326,19.43636363636364,30.11764705882353,27.144117647058824,4.7,0.0,6.4,98.0
82663,326,19.5,24.02380952380953,21.37619047619048,4.6,0.0,4.8,98.0
83563,326,19.406060606060606,20.769841269841272,19.047619047619047,4.5,0.0,3.2,98.0
84463,326,19.25970149253732,19.146153846153844,17.93846153846154,4.2,0.0,3.2,98.0
85363,326,19.040298507462687,18.282608695652176,17.392753623188405,4.0,0.0,3.2,98.0
86263,326,18.819117647058825,17.634328358208954,16.8955223880597,3.9,0.0,3.2,98.0
763,327,18.59850746268657,17.22222222222222,16.558333333333334,3.7,0.0,3.2,98.0
1663,327,18.43676470588236,17.0,16.308695652173913,3.7,0.0,1.6,98.0
2563,327,18.28630136986301,16.84090909090909,16.104545454545452,3.7,0.0,1.6,98.0
3463,327,18.2,16.99074074074074,16.33703703703704,3.7,0.0,3.2,98.0
4363,327,18.17910447761194,16.582089552238806,16.2955223880597,3.7,0.0,0.0,98.0
5263,327,18.1,16.5,16.004411764705882,3.7,0.0,1.6,98.0
6163,327,18.01969696969697,16.5,16.0,3.7,0.0,3.2,98.0
7063,327,17.952112676056338,16.5,15.855882352941176,3.5,0.0,4.8,98.0
7963,327,17.891304347826086,16.5,15.8,3.5,0.0,6.4,98.0
8863,327,17.8,16.5,15.8,3.4,0.0,4.8,98.0
9763,327,17.769117647058824,16.297101449275363,15.7,3.3,0.0,11.3,98.0
10663,327,17.7,16.007246376811594,15.5,3.3,0.0,8.0,98.0
11563,327,17.631818181818183,16.0,15.5,3.3,0.0,9.7,98.0
12463,327,17.6,16.0,15.5,3.2,0.0,14.5,98.0
13363,327,17.52173913043478,16.0,15.497014925373133,3.0,0.0,14.5,98.0
14263,327,17.5,16.0,15.381159420289856,3.0,0.0,16.1,97.0
15163,327,17.428985507246377,16.0,15.302857142857144,3.1,0.0,19.3,96.0
16063,327,17.4,16.0,15.3,3.1,0.0,17.7,96.0
16963,327,17.33134328358209,16.0,15.3,2.9,0.0,19.3,95.0
17863,327,17.3,16.0,15.3,2.8,0.0,19.3,95.0
18763,327,17.238235294117647,16.0,15.3,2.7,0.0,16.1,95.0
19663,327,17.2,16.0,15.22394366197183,2.2,0.0,16.1,95.0
20563,327,17.158823529411766,16.0,15.023076923076925,2.2,0.0,16.1,95.0
21463,327,17.1,15.807692307692308,15.0,2.1,0.0,12.9,95.0
22363,327,17.037142857142857,15.566176470588236,15.0,2.1,0.0,12.9,95.0
23263,327,17.0,15.5,15.0,2.5,0.0,16.1,95.0
24163,327,16.934285714285714,15.5,15.0,2.3,0.0,19.3,95.0
25063,327,16.9,15.5,15.0,2.5,0.0,20.9,94.0
25963,327,16.877611940298507,15.5,15.0,2.5,0.0,20.9,95.0
26863,327,16.8,15.5,15.0,2.8,0.0,22.5,94.0
27763,327,16.8,15.5,14.968,2.8,0.0,12.9,94.0
28663,327,16.75294117647059,15.5,14.931506849315069,2.9,0.0,11.3,95.0
29563,327,17.233333333333334,15.56451612903226,15.035483870967742,3.1,7.0,20.9,94.0
30463,327,17.1,15.5390625,14.871875,3.1,12.0,24.1,91.0
31363,327,17.0,15.5,14.877611940298507,3.2,14.0,22.5,90.0
32263,327,16.892537313432836,15.5,14.8,3.2,21.0,24.1,90.0
33163,327,16.8,15.5,14.8,3.4,40.0,24.1,88.0
34063,327,16.70294117647059,15.5,14.8,3.7,70.0,20.9,88.0
34963,327,16.62153846153846,15.5,14.8,3.7,70.0,20.9,88.0
35863,327,16.57826086956522,15.5,14.8,3.7,60.0,11.3,94.0
36763,327,16.5,15.5,14.683582089552235,3.6,104.0,11.3,94.0
37663,327,16.45909090909091,15.335820895522389,14.5,4.1,132.0,8.0,94.0
38563,327,16.4,15.030303030303031,14.5,3.7,28.0,9.7,94.0
39463,327,16.33970588235294,15.0,14.5,3.2,16.0,11.3,95.0
40363,327,16.3,15.0,14.5,2.6,32.0,8.0,95.0
41263,327,16.22923076923077,15.0,14.5,2.8,155.0,4.8,96.0
42163,327,16.2,15.0,14.494285714285716,3.2,156.0,4.8,96.0
43063,327,16.2,15.0,14.346376811594205,3.5,51.0,6.4,95.0
43963,327,16.14923076923077,28.0,21.833802816901407,3.4,79.0,9.7,93.0
44863,327,16.58955223880597,54.77272727272727,48.86818181818182,3.7,209.0,12.9,93.0
45763,327,17.5125,55.98529411764706,52.26029411764706,3.7,72.0,11.3,91.0
46663,327,18.261194029850746,56.0,52.496875,4.2,192.0,9.7,91.0
47563,327,18.870149253731345,56.0,52.68805970149253,4.3,46.0,11.3,88.0
48463,327,19.328358208955223,56.03125,52.8,3.7,56.0,12.9,89.0
49363,327,19.716417910447763,56.23913043478261,52.8,3.6,74.0,14.5,89.0
50263,327,20.02058823529412,56.014084507042256,52.84507042253521,3.7,35.0,16.1,88.0
51163,327,20.2,42.33802816901409,39.28873239436619,3.6,25.0,14.5,90.0
52063,327,20.092424242424244,29.21830985915493,26.195774647887323,3.3,23.0,14.5,91.0
52963,327,19.801538461538463,23.613636363636363,21.706060606060607,3.2,18.0,16.1,91.0
53863,327,19.45441176470588,20.775362318840585,19.582608695652176,3.1,12.0,16.1,91.0
54763,327,19.121739130434783,19.121428571428574,18.335714285714285,2.8,11.0,14.5,91.0
55663,327,18.808955223880595,18.13432835820896,17.51044776119403,2.7,7.0,16.1,91.0
56563,327,18.498507462686568,17.455882352941178,16.935294117647057,2.6,5.0,16.1,91.0
57463,327,18.203030303030303,17.0,16.51159420289855,2.5,0.0,12.9,91.0
58363,327,17.93939393939394,16.63235294117647,16.225,2.4,0.0,14.5,91.0
59263,327,17.73235294117647,16.5,15.95072463768116,2.3,0.0,14.5,91.0
60163,327,17.551470588235293,16.295454545454547,15.8,2.4,0.0,17.7,90.0
61063,327,17.4078125,16.0,15.55,2.4,0.0,17.7,89.0
61963,327,17.27058823529412,16.0,15.482352941176469,2.5,0.0,16.1,89.0
62863,327,17.171212121212122,16.0,15.3,2.5,0.0,16.1,89.0
63763,327,17.0640625,15.977272727272728,15.3,2.5,0.0,14.5,89.0
64663,327,16.97352941176471,15.552238805970148,15.08955223880597,2.3,0.0,14.5,89.0
65563,327,16.9,15.5,15.0,2.4,0.0,14.5,89.0
66463,327,16.818571428571428,15.5,15.0,2.4,0.0,12.9,89.0
67363,327,16.788059701492536,15.5,14.888571428571428,2.8,0.0,19.3,86.0
68263,327,16.7,15.5,14.8,2.8,0.0,17.7,87.0
69163,327,16.64090909090909,15.5,14.8,2.8,0.0,16.1,88.0
70063,327,16.648529411764706,34.36231884057971,26.97826086956522,2.8,0.0,19.3,87.0
70963,327,17.259375,53.43382352941177,47.75,2.8,0.0,20.9,86.0
71863,327,18.15428571428572,50.06617647058824,47.33088235294117,2.7,0.0,20.9,84.0
72763,327,18.6,46.935483870967744,44.21290322580645,2.6,0.0,19.3,85.0
73663,327,18.870149253731345,49.88970588235294,46.16617647058824,2.4,0.0,17.7,85.0
74563,327,19.313432835820898,55.57575757575758,52.11666666666666,2.4,0.0,17.7,85.0
75463,327,19.81044776119403,56.0,52.8,2.3,0.0,17.7,86.0
76363,327,20.11714285714286,55.53125,52.8,2.1,0.0,17.7,87.0
77263,327,20.259375,55.37857142857143,52.63142857142857,2.1,0.0,20.9,89.0
78163,327,20.55076923076923,54.30769230769231,50.05846153846154,2.3,0.0,20.9,89.0
79063,327,20.8875,55.5,51.27794117647058,2.4,0.0,22.5,90.0
79963,327,21.1546875,55.48507462686568,51.3,2.4,0.0,19.3,90.0
80863,327,21.333898305084745,53.458333333333336,49.755,2.3,0.0,20.9,90.0
81763,327,21.35211267605634,36.18461538461538,30.927692307692308,1.9,0.0,17.7,91.0
82663,327,21.10363636363636,26.58333333333333,22.85833333333333,2.0,0.0,20.9,90.0
83563,327,20.808823529411764,22.53076923076923,20.07692307692308,2.0,0.0,20.9,91.0
84463,327,20.474242424242423,20.484848484848484,19.03636363636364,1.9,0.0,22.5,91.0
85363,327,20.898507462686567,19.80821917808219,19.3027397260274,2.1,0.0,22.5,91.0
86263,327,20.21029411764706,19.02898550724638,18.53913043478261,1.9,0.0,16.1,92.0
763,328,19.683823529411764,18.25714285714286,17.802857142857142,1.9,0.0,16.1,92.0
1663,328,19.322857142857146,17.60144927536232,17.055072463768116,1.7,0.0,17.7,91.0
2563,328,18.995652173913044,17.147058823529413,16.62794117647059,1.6,0.0,14.5,90.0
3463,328,18.698507462686567,17.0,16.363636363636363,1.5,0.0,14.5,91.0
4363,328,18.46231884057971,16.57246376811594,16.104347826086958,1.7,0.0,20.9,91.0
5263,328,18.254166666666663,16.5,15.941538461538462,1.3,0.0,16.1,92.0
6163,328,18.07076923076923,16.5,15.8,1.2,0.0,14.5,93.0
7063,328,17.933333333333334,16.207692307692305,15.596923076923076,1.3,0.0,19.3,92.0
7963,328,17.790769230769232,16.0,15.5,1.4,0.0,14.5,91.0
8863,328,17.679411764705883,16.0,15.355882352941176,1.4,0.0,16.1,91.0
9763,328,17.568115942028985,16.0,15.3,1.3,0.0,14.5,91.0
10663,328,17.469565217391303,16.0,15.205714285714285,1.3,0.0,12.9,91.0
11563,328,17.373529411764707,15.803030303030305,15.0,1.2,0.0,12.9,91.0
12463,328,17.286153846153844,15.5,15.0,1.3,0.0,14.5,92.0
13363,328,17.19855072463768,15.5,14.910144927536232,1.4,0.0,12.9,91.0
14263,328,17.1,15.5,14.8,1.4,0.0,12.9,92.0
15163,328,17.01304347826087,15.5,14.8,1.3,0.0,12.9,92.0
16063,328,16.945588235294117,15.5,14.8,1.3,0.0,14.5,91.0
16963,328,16.894202898550724,15.5,14.647826086956522,1.3,0.0,16.1,90.0
17863,328,16.8,15.49264705882353,14.5,1.3,0.0,11.3,90.0
18763,328,16.75,15.136363636363637,14.5,1.1,0.0,11.3,90.0
19663,328,16.676119402985073,15.0,14.494202898550723,1.2,0.0,14.5,91.0
20563,328,16.6,15.0,14.32941176470588,1.3,0.0,14.5,92.0
21463,328,16.52647058823529,15.0,14.3,1.2,0.0,16.1,92.0
22363,328,16.5,15.0,14.3,1.3,0.0,14.5,93.0
23263,328,16.40909090909091,15.0,14.3,1.1,0.0,14.5,93.0
24163,328,16.391176470588235,15.0,14.3,0.9,0.0,14.5,94.0
25063,328,16.3,15.0,14.3,0.8,0.0,16.1,94.0
25963,328,16.255223880597015,15.0,14.3,0.8,0.0,16.1,93.0
26863,328,16.2,15.0,14.268656716417912,0.8,0.0,17.7,92.0
27763,328,16.2,15.0,14.193548387096774,0.8,0.0,17.7,92.0
28663,328,16.1265625,15.0,14.12794117647059,0.8,0.0,16.1,91.0
29563,328,17.36060606060606,15.323529411764708,14.635294117647058,0.9,4.0,16.1,90.0
30463,328,17.086153846153845,15.0,14.405714285714286,1.3,13.0,19.3,87.0
31363,328,16.60909090909091,15.0,14.3,1.3,22.0,20.9,88.0
32263,328,16.354285714285716,15.0,14.3,1.3,24.0,20.9,88.0
33163,328,16.226865671641793,15.0,14.3,1.7,38.0,24.1,86.0
34063,328,16.136764705882353,15.0,14.223880597014926,2.2,51.0,20.9,83.0
34963,328,16.053846153846155,14.916666666666666,14.0,2.2,35.0,20.9,83.0
35863,328,16.0,14.544776119402986,14.0,2.4,53.0,22.5,84.0
36763,328,15.901492537313434,14.5,14.0,2.4,63.0,20.9,84.0
37663,328,15.892857142857142,14.5,14.0,2.8,116.0,20.9,85.0
38563,328,15.8,14.5,14.0,3.2,105.0,19.3,84.0
39463,328,15.8,14.5,13.996969696969696,3.3,59.0,24.1,78.0
40363,328,15.72112676056338,14.5,13.933333333333334,3.1,63.0,29.0,83.0
41263,328,15.7,14.5,13.808955223880597,2.7,167.0,29.0,88.0
42163,328,15.7,14.5,13.8,2.7,116.0,22.5,90.0
43063,328,15.628358208955223,14.5,13.8,2.5,40.0,20.9,90.0
43963,328,15.6,14.5,13.8,2.4,40.0,19.3,91.0
44863,328,15.5768115942029,14.5,13.8,2.6,39.0,27.4,90.0
45763,328,15.5,14.5,13.8,2.5,23.0,24.1,91.0
46663,328,15.5,14.5,13.8,2.0,30.0,17.7,94.0
47563,328,15.43134328358209,14.5,13.8,2.0,28.0,22.5,93.0
48463,328,15.4,14.492424242424244,13.78181818181818,1.9,35.0,22.5,93.0
49363,328,15.34558823529412,14.287878787878787,13.563636363636364,1.9,44.0,24.1,93.0
50263,328,15.3,14.038461538461538,13.5,2.0,32.0,19.3,93.0
51163,328,15.3,14.0,13.5,1.9,30.0,20.9,92.0
52063,328,15.23030303030303,14.0,13.5,1.7,53.0,19.3,92.0
52963,328,15.2,14.0,13.5,1.9,46.0,20.9,90.0
53863,328,15.171666666666669,14.0,13.5,1.9,30.0,22.5,88.0
54763,328,15.1,14.0,13.5,1.9,37.0,24.1,87.0
55663,328,15.097014925373134,14.0,13.497014925373133,1.8,11.0,17.7,87.0
56563,328,15.0,14.0,13.347058823529412,1.9,5.0,20.9,86.0
57463,328,15.0,14.0,13.3,1.9,0.0,22.5,86.0
58363,328,14.965079365079363,14.0,13.3,1.9,0.0,20.9,86.0
59263,328,14.9,14.0,13.3,1.9,0.0,17.7,87.0
60163,328,14.887272727272729,14.0,13.3,1.8,0.0,17.7,88.0
61063,328,14.8,14.0,13.3,1.7,0.0,16.1,90.0
61963,328,14.80408163265306,26.63846153846153,20.521538461538466,1.6,0.0,19.3,90.0
62863,328,15.34920634920635,53.81343283582089,48.11492537313433,1.5,0.0,19.3,90.0
63763,328,16.408571428571427,54.92424242424242,51.85151515151515,1.3,0.0,19.3,90.0
64663,328,17.247692307692308,54.969230769230776,51.85384615384616,1.3,0.0,24.1,90.0
65563,328,17.919999999999998,55.46825396825396,52.22857142857144,1.3,0.0,19.3,90.0
66463,328,18.388059701492537,55.5,52.39117647058824,1.4,0.0,17.7,91.0
67363,328,18.584126984126986,53.84328358208956,50.80298507462687,1.3,0.0,16.1,91.0
68263,328,18.68709677419355,55.5,52.278260869565216,1.3,0.0,17.7,91.0
69163,328,18.82686567164179,55.5,52.5,1.2,0.0,19.3,91.0
70063,328,18.947142857142858,55.5,52.5,1.2,0.0,19.3,91.0
70963,328,19.05151515151515,55.5,52.5,1.2,0.0,19.3,90.0
71863,328,19.19855072463768,55.326086956521735,52.372463768115935,1.1,0.0,16.1,90.0
72763,328,19.4046875,55.046875,51.2265625,1.1,0.0,14.5,89.0
73663,328,19.62,56.01639344262295,52.0983606557377,1.0,0.0,17.7,89.0
74563,328,19.84285714285714,55.06896551724138,51.61551724137932,1.0,0.0,19.3,89.0
75463,328,19.944776119402984,55.26428571428571,52.03857142857142,1.1,0.0,17.7,89.0
76363,328,20.01044776119403,55.5,52.5,1.1,0.0,19.3,90.0
77263,328,20.09846153846154,45.68840579710145,42.94347826086956,1.2,0.0,19.3,90.0
78163,328,19.91159420289855,30.18309859154929,26.838028169014088,1.4,0.0,22.5,90.0
79063,328,19.56142857142857,23.7421875,21.5703125,1.4,0.0,24.1,89.0
79963,328,19.17391304347825,20.613636363636363,19.21969696969697,1.4,0.0,22.5,89.0
80863,328,18.81764705882353,18.875,17.8640625,1.2,0.0,16.1,89.0
81763,328,18.504615384615384,17.817460317460316,17.07936507936508,1.1,0.0,14.5,89.0
82663,328,18.215151515151515,17.18939393939394,16.56969696969697,1.2,0.0,16.1,88.0
83563,328,17.95625,16.63768115942029,15.97536231884058,1.3,0.0,19.3,89.0
84463,328,17.727941176470587,16.34057971014493,15.617391304347825,1.3,0.0,17.7,90.0
85363,328,17.538095238095238,16.0,15.365671641791044,1.3,0.0,16.1,91.0
86263,328,17.3530303030303,16.0,15.147692307692306,1.4,0.0,25.7,91.0
763,329,17.230434782608697,15.53125,14.996875,1.6,0.0,24.1,90.0
1663,329,17.09130434782609,15.5,14.812121212121212,1.4,0.0,22.5,91.0
2563,329,16.968115942028984,15.5,14.79558823529412,1.3,0.0,19.3,92.0
3463,329,16.873846153846152,15.5,14.526470588235291,1.2,0.0,19.3,92.0
4363,329,16.777611940298506,15.136363636363637,14.5,1.1,0.0,14.5,93.0
5263,329,16.683823529411764,15.0,14.44848484848485,1.0,0.0,16.1,93.0
6163,329,16.596969696969698,15.0,14.3,1.1,0.0,16.1,93.0
7063,329,16.5,15.0,14.3,1.2,0.0,17.7,93.0
7963,329,16.438983050847458,15.0,14.3,1.2,0.0,19.3,93.0
8863,329,16.374242424242425,15.0,14.102985074626869,1.2,0.0,19.3,92.0
9763,329,16.29705882352941,15.0,14.0,1.2,0.0,19.3,92.0
10663,329,16.201428571428572,14.8515625,14.0,1.1,0.0,16.1,92.0
11563,329,16.17536231884058,14.507575757575756,14.0,1.1,0.0,14.5,92.0
12463,329,16.1,14.5,13.997142857142856,1.1,0.0,16.1,93.0
13363,329,16.03846153846154,14.5,13.83235294117647,1.1,0.0,17.7,92.0
14263,329,15.996875,14.5,13.8,1.2,0.0,16.1,92.0
15163,329,15.902941176470588,14.5,13.8,1.2,0.0,16.1,92.0
16063,329,15.86086956521739,14.5,13.8,1.2,0.0,16.1,92.0
16963,329,15.8,14.5,13.8,1.3,0.0,17.7,92.0
17863,329,15.729411764705882,14.5,13.59375,1.3,0.0,17.7,92.0
18763,329,15.7,14.5,13.5,1.3,0.0,16.1,93.0
19663,329,15.605714285714283,14.5,13.5,1.2,0.0,17.7,93.0
20563,329,15.596969696969698,14.353846153846154,13.5,1.3,0.0,17.7,92.0
21463,329,15.501470588235293,14.0,13.5,1.2,0.0,16.1,92.0
22363,329,15.497142857142856,14.0,13.5,1.2,0.0,19.3,92.0
23263,329,15.4,14.024193548387098,13.496774193548386,1.1,0.0,14.5,92.0
24163,329,15.463235294117649,36.47794117647059,27.99705882352941,1.0,0.0,12.9,92.0
25063,329,16.340845070422535,54.708955223880594,49.31492537313433,0.9,0.0,14.5,90.0
25963,329,17.370149253731345,55.6328125,50.4859375,1.1,0.0,17.7,90.0
26863,329,18.13283582089552,55.92424242424242,50.72272727272728,1.1,0.0,17.7,89.0
27763,329,18.71076923076923,56.12857142857143,50.84571428571429,1.1,0.0,17.7,88.0
28663,329,19.170149253731346,55.01470588235294,50.65735294117647,1.1,0.0,19.3,89.0
29563,329,19.52058823529412,56.34375,51.821875,0.9,5.0,17.7,89.0
30463,329,19.857971014492755,55.5,51.78181818181819,0.9,11.0,19.3,89.0
31363,329,20.162318840579708,52.52380952380952,48.52857142857143,0.9,14.0,20.9,89.0
32263,329,20.558461538461536,56.02941176470588,51.919117647058826,1.2,25.0,20.9,88.0
33163,329,20.79558823529412,40.96268656716418,36.84626865671642,1.3,26.0,20.9,88.0
34063,329,20.62753623188405,28.053846153846155,24.26153846153846,1.5,40.0,20.9,88.0
34963,329,20.18939393939394,22.7089552238806,20.36865671641791,1.7,53.0,20.9,87.0
35863,329,19.6953125,19.91780821917808,18.38219178082192,2.1,118.0,22.5,86.0
36763,329,19.2044776119403,18.3,17.17846153846154,2.4,97.0,20.9,85.0
37663,329,18.7734375,17.276119402985074,16.449253731343283,2.3,46.0,22.5,86.0
38563,329,18.366197183098592,16.640625,15.896875,2.1,42.0,24.1,87.0
39463,329,18.0078125,16.217391304347824,15.542028985507248,2.1,51.0,25.7,88.0
40363,329,17.704166666666666,16.0,15.295454545454549,2.2,51.0,24.1,88.0
41263,329,17.45072463768116,15.625,15.0,2.2,62.0,24.1,87.0
42163,329,17.239393939393942,15.5,14.850704225352112,2.4,44.0,27.4,86.0
43063,329,17.046153846153846,15.5,14.756521739130434,2.3,62.0,24.1,87.0
43963,329,16.9,15.241071428571429,14.5,2.4,69.0,22.5,86.0
44863,329,16.786764705882355,15.0,14.4875,2.5,79.0,24.1,86.0
45763,329,16.670149253731346,15.0,14.3,2.7,77.0,25.7,85.0
46663,329,16.58142857142857,15.0,14.3,2.7,100.0,22.5,86.0
47563,329,16.566153846153846,36.63076923076923,28.984615384615388,2.7,77.0,22.5,87.0
48463,329,17.417910447761194,55.338235294117645,50.525,2.9,88.0,24.1,87.0
49363,329,18.486764705882354,55.323076923076925,51.82923076923076,2.9,84.0,24.1,87.0
50263,329,19.237313432835823,55.61111111111111,52.16527777777778,2.9,74.0,20.9,88.0
51163,329,19.69696969696969,40.375,36.86323529411764,2.9,58.0,22.5,87.0
52063,329,19.635294117647057,27.79577464788732,24.75774647887324,2.8,44.0,22.5,88.0
52963,329,19.381818181818183,22.7578125,20.721875,2.7,40.0,20.9,88.0
53863,329,19.186153846153847,20.06716417910448,18.78358208955224,2.7,33.0,22.5,88.0
54763,329,18.836231884057973,18.24647887323944,17.316901408450704,2.7,30.0,20.9,88.0
55663,329,18.46363636363636,17.20714285714286,16.484285714285715,2.7,19.0,22.5,88.0
56563,329,18.122388059701493,16.55223880597015,15.91044776119403,2.7,12.0,17.7,88.0
57463,329,17.801470588235293,16.08955223880597,15.567164179104475,2.6,0.0,22.5,88.0
58363,329,17.548529411764708,15.90441176470588,15.294117647058822,2.6,0.0,22.5,88.0
59263,329,17.316666666666666,20.424242424242426,18.09848484848485,2.4,0.0,24.1,88.0
60163,329,17.4703125,51.00757575757576,44.20454545454545,2.5,0.0,24.1,87.0
61063,329,18.307142857142857,55.333333333333336,52.22028985507247,2.4,0.0,22.5,88.0
61963,329,19.049230769230768,55.5,52.51343283582089,2.4,0.0,20.9,88.0
62863,329,19.5828125,55.5,52.73823529411764,2.4,0.0,24.1,88.0
63763,329,19.845454545454547,55.5,52.8,2.4,0.0,20.9,88.0
64663,329,20.014285714285712,55.5655737704918,52.8,2.4,0.0,22.5,87.0
65563,329,20.167241379310347,55.7936507936508,52.8,2.5,0.0,24.1,87.0
66463,329,20.31290322580645,55.93333333333334,52.836666666666666,2.6,0.0,24.1,86.0
67363,329,20.46290322580645,56.0,52.98412698412699,2.8,0.0,24.1,86.0
68263,329,20.59193548387097,56.0,52.98214285714285,2.6,0.0,24.1,87.0
69163,329,20.722641509433963,56.0,52.986666666666665,2.7,0.0,25.7,87.0
70063,329,20.9,56.0,53.0,2.5,0.0,24.1,88.0
70963,329,21.0,56.0,53.0,2.6,0.0,22.5,88.0
71863,329,21.057142857142857,56.0,53.024590163934434,2.6,0.0,22.5,87.0
72763,329,21.138983050847457,56.0,53.06101694915255,2.6,0.0,22.5,88.0
73663,329,21.21803278688525,55.93650793650794,53.046031746031744,2.5,0.0,22.5,88.0
74563,329,21.305,55.925,52.99666666666667,2.5,0.0,22.5,88.0
75463,329,21.4,56.0,53.25522388059702,2.5,0.0,22.5,87.0
76363,329,21.48793103448276,56.024193548387096,53.3,2.3,0.0,19.3,87.0
77263,329,21.56949152542373,50.55833333333333,48.11833333333333,2.3,0.0,20.9,88.0
78163,329,21.455737704918032,33.007936507936506,29.795238095238098,2.4,0.0,20.9,88.0
79063,329,21.1421875,25.839285714285715,23.603571428571428,2.3,0.0,20.9,88.0
79963,329,20.754838709677426,22.05555555555556,20.701587301587303,2.3,0.0,20.9,88.0
80863,329,20.374137931034483,20.10185185185185,19.175925925925927,2.2,0.0,19.3,87.0
81763,329,19.991666666666667,18.8125,18.133928571428573,2.2,0.0,19.3,87.0
82663,329,19.67333333333333,18.115384615384617,17.498076923076923,2.3,0.0,22.5,87.0
83563,329,19.385294117647057,17.5390625,16.9703125,2.4,0.0,20.9,86.0
84463,329,19.109375,17.14788732394366,16.618309859154927,2.1,0.0,19.3,88.0
85363,329,18.871428571428574,17.0,16.359701492537315,2.1,0.0,19.3,89.0
86263,329,18.644927536231883,16.59375,16.0984375,2.1,0.0,20.9,89.0
763,330,18.51818181818182,16.5,16.0,2.1,0.0,20.9,89.0
1663,330,18.363235294117647,16.5,15.859701492537315,1.9,0.0,22.5,89.0
2563,330,18.219117647058823,16.462686567164177,15.661194029850744,1.9,0.0,20.9,89.0
3463,330,18.070149253731344,16.0,15.5,1.9,0.0,16.1,89.0
4363,330,17.95230769230769,16.0,15.392537313432836,1.8,0.0,14.5,89.0
5263,330,17.834848484848486,16.0,15.3,1.7,0.0,14.5,90.0
6163,330,17.741176470588236,16.0,15.277941176470588,1.7,0.0,17.7,90.0
7063,330,17.63972602739726,16.0,15.0,1.8,0.0,17.7,90.0
7963,330,17.554285714285715,15.63235294117647,15.0,1.8,0.0,20.9,90.0
8863,330,17.47352941176471,15.5,14.994285714285716,1.8,0.0,17.7,90.0
9763,330,17.395454545454548,15.5,14.823529411764708,1.8,0.0,17.7,90.0
10663,330,17.3,15.5,14.8,1.9,0.0,17.7,89.0
11563,330,17.230769230769234,15.5,14.8,2.0,0.0,20.9,89.0
12463,330,17.161194029850744,15.5,14.8,1.9,0.0,20.9,89.0
13363,330,17.088732394366197,15.5,14.548529411764708,1.9,0.0,19.3,89.0
14263,330,17.0,15.5,14.5,2.1,0.0,19.3,89.0
15163,330,16.926865671641792,15.20714285714286,14.5,2.0,0.0,19.3,89.0
16063,330,16.884057971014492,15.0,14.5,1.9,0.0,19.3,89.0
16963,330,16.8,15.0,14.461111111111112,1.8,0.0,20.9,89.0
17863,330,16.753731343283583,15.0,14.30857142857143,1.8,0.0,17.7,89.0
18763,330,16.696923076923078,15.0,14.3,1.8,0.0,20.9,89.0
19663,330,16.6,15.0,14.3,1.9,0.0,20.9,89.0
20563,330,16.546969696969697,15.0,14.3,1.8,0.0,22.5,90.0
21463,330,16.5,15.0,14.3,1.8,0.0,22.5,89.0
22363,330,16.419999999999998,15.0,14.17323943661972,2.0,0.0,25.7,87.0
23263,330,16.38088235294118,15.01388888888889,14.016666666666666,1.8,0.0,22.5,87.0
24163,330,16.376470588235293,39.175438596491226,30.82280701754386,1.9,0.0,20.9,87.0
25063,330,17.110144927536233,54.97826086956521,50.79855072463768,1.7,0.0,19.3,88.0
25963,330,17.91846153846154,55.5,52.11408450704225,1.8,0.0,19.3,88.0
26863,330,18.58208955223881,55.5,52.3,1.7,0.0,16.1,89.0
27763,330,19.086956521739133,55.5,52.30597014925373,1.6,0.0,17.7,89.0
28663,330,19.461428571428574,55.5,52.4,1.7,0.0,17.7,89.0
29563,330,19.77941176470588,55.5,52.46764705882352,1.7,5.0,17.7,89.0
30463,330,20.04558823529412,55.57638888888889,52.37638888888889,1.7,9.0,20.9,89.0
31363,330,20.48550724637681,43.815384615384616,40.61846153846154,1.7,12.0,20.9,89.0
32263,330,20.516417910447764,29.423076923076923,25.97846153846153,1.9,16.0,19.3,88.0
33163,330,20.23333333333333,23.76865671641791,21.58059701492537,1.9,18.0,17.7,89.0
34063,330,19.864615384615384,20.690140845070424,19.385915492957743,2.3,19.0,17.7,87.0
34963,330,19.465079365079365,18.98550724637681,18.133333333333333,2.3,21.0,19.3,87.0
35863,330,19.097101449275364,17.94927536231884,17.298550724637682,2.5,25.0,20.9,87.0
36763,330,18.74411764705882,17.304347826086957,16.843478260869567,2.7,25.0,20.9,87.0
37663,330,18.43188405797101,16.964285714285715,16.46857142857143,3.0,123.0,20.9,85.0
38563,330,18.16417910447761,16.5,16.1078125,3.2,148.0,19.3,85.0
39463,330,17.948529411764707,16.476190476190474,15.895238095238096,3.4,169.0,17.7,84.0
40363,330,17.815625,16.0,15.707692307692309,3.7,176.0,17.7,82.0
41263,330,17.73846153846154,16.0,15.5,3.8,183.0,20.9,83.0
42163,330,17.7,16.0,15.38,3.7,188.0,20.9,84.0
43063,330,17.619402985074625,16.0,15.3,3.9,188.0,19.3,84.0
43963,330,17.580597014925374,15.634328358208956,15.3,4.0,186.0,17.7,84.0
44863,330,17.50144927536232,15.529850746268655,15.273134328358209,4.4,185.0,17.7,81.0
45763,330,17.402898550724636,15.674242424242426,15.1,4.4,185.0,22.5,81.0
46663,330,17.191304347826087,15.5,14.87878787878788,4.2,65.0,17.7,82.0
47563,330,17.00735294117647,15.5,14.5609375,4.2,37.0,17.7,82.0
48463,330,17.0,15.33846153846154,14.5,4.2,155.0,16.1,83.0
49363,330,17.0,15.037313432835822,14.5,4.3,93.0,17.7,83.0
50263,330,16.936363636363637,15.055555555555554,14.5,4.2,104.0,16.1,83.0
51163,330,17.09852941176471,15.468253968253968,14.552380952380952,4.2,62.0,14.5,83.0
52063,330,17.374242424242425,15.5,14.786153846153846,3.9,30.0,17.7,83.0
52963,330,17.252307692307692,15.5,14.735,3.8,25.0,17.7,83.0
53863,330,17.10289855072464,15.246031746031749,14.5,3.6,14.0,16.1,84.0
54763,330,16.960714285714285,15.0,14.5,3.5,16.0,12.9,85.0
55663,330,16.83913043478261,15.0,14.5,3.5,11.0,12.9,85.0
56563,330,16.745454545454546,15.0,14.5,3.6,0.0,12.9,85.0
57463,330,16.71014492753623,27.545454545454543,21.91818181818181,3.6,0.0,14.5,85.0
58363,330,17.04848484848485,31.5625,29.765625,3.6,0.0,16.1,86.0
59263,330,17.34776119402985,22.66923076923077,21.369230769230768,3.6,0.0,14.5,87.0
60163,330,17.4,19.570422535211268,18.501408450704226,3.5,0.0,14.5,88.0
61063,330,17.37846153846154,17.704545454545453,17.093939393939394,3.7,0.0,12.9,88.0
61963,330,17.240983606557375,16.674603174603174,16.177777777777777,3.8,0.0,11.3,89.0
62863,330,17.06875,18.2265625,17.134375,4.3,0.0,19.3,87.0
63763,330,17.083823529411767,45.74285714285715,38.22,4.4,0.0,17.7,87.0
64663,330,17.95735294117647,55.24242424242424,51.7060606060606,4.7,0.0,19.3,88.0
65563,330,18.880000000000003,55.5,52.33076923076923,4.8,0.0,20.9,88.0
66463,330,19.52272727272728,55.5,52.497014925373136,4.6,0.0,17.7,90.0
67363,330,20.002985074626867,55.50735294117648,52.56617647058823,4.5,0.0,17.7,91.0
68263,330,20.403076923076924,55.61764705882352,52.8,4.7,0.0,20.9,91.0
69163,330,20.70597014925373,55.9921875,52.8,4.8,0.0,24.1,90.0
70063,330,20.95692307692308,55.864285714285714,52.80571428571428,4.9,0.0,24.1,88.0
70963,330,21.16268656716418,56.0,52.838235294117645,5.1,0.0,24.1,88.0
71863,330,21.34852941176471,56.0,52.98857142857143,5.0,0.0,29.0,88.0
72763,330,21.51111111111112,56.0,53.0,5.0,0.0,29.0,89.0
73663,330,21.65076923076923,56.0,53.0,5.2,0.0,29.0,91.0
74563,330,21.807575757575755,53.90298507462686,51.331343283582086,5.4,0.0,32.2,92.0
75463,330,22.074242424242424,36.74626865671642,33.3955223880597,5.8,0.0,30.6,93.0
76363,330,22.07857142857143,27.13043478260869,24.88550724637681,5.9,0.0,32.2,92.0
77263,330,21.498461538461537,22.916666666666664,21.524242424242424,6.4,0.0,32.2,91.0
78163,330,20.937704918032782,20.62121212121212,19.68636363636364,6.5,0.0,30.6,91.0
79063,330,20.448529411764707,19.107142857142858,18.47142857142857,6.7,0.0,30.6,91.0
79963,330,19.979166666666664,18.25714285714286,17.715714285714284,6.8,0.0,27.4,90.0
80863,330,19.611764705882354,17.74264705882353,17.258823529411764,7.2,0.0,32.2,91.0
81763,330,19.33478260869565,17.47058823529412,16.935294117647057,7.3,0.0,32.2,91.0
82663,330,19.08955223880597,17.0,16.643478260869564,7.3,0.0,27.4,91.0
83563,330,18.869444444444447,16.984615384615385,16.36769230769231,7.4,0.0,27.4,91.0
84463,330,18.654545454545453,16.5,16.13125,7.4,0.0,24.1,91.0
85363,330,18.49117647058824,16.5,15.94285714285714,7.4,0.0,22.5,91.0
86263,330,18.34927536231884,16.5,15.8,7.3,0.0,20.9,91.0
763,331,18.223076923076924,16.276119402985074,15.697014925373134,7.3,0.0,19.3,91.0
1663,331,18.113636363636363,16.0,15.5,7.2,0.0,19.3,91.0
2563,331,18.014492753623188,16.0,15.5,7.2,0.0,19.3,90.0
3463,331,17.926865671641792,16.0,15.42463768115942,7.0,0.0,19.3,90.0
4363,331,17.834782608695654,16.0,15.3,6.9,0.0,22.5,89.0
5263,331,17.770422535211267,16.0,15.3,6.8,0.0,24.1,87.0
6163,331,17.7,16.0,15.3,6.7,0.0,22.5,88.0
7063,331,17.608450704225355,16.0,15.269117647058824,6.5,0.0,20.9,86.0
7963,331,17.564285714285713,15.7,15.017142857142858,6.4,0.0,24.1,84.0
8863,331,17.5,15.5,15.0,6.2,0.0,20.9,83.0
9763,331,17.4203125,15.5,15.0,6.1,0.0,19.3,83.0
10663,331,17.37741935483871,15.5,15.0,6.1,0.0,22.5,83.0
11563,331,17.3,15.5,14.997142857142856,5.9,0.0,19.3,84.0
12463,331,17.240579710144928,15.5,14.850746268656716,5.7,0.0,20.9,84.0
13363,331,17.2,15.5,14.8,5.5,0.0,17.7,85.0
14263,331,17.128571428571426,15.5,14.8,5.3,0.0,19.3,86.0
15163,331,17.08888888888889,15.5,14.8,5.1,0.0,17.7,86.0
16063,331,17.0,15.5,14.8,5.0,0.0,14.5,87.0
16963,331,16.964615384615385,15.5,14.8,5.0,0.0,16.1,87.0
17863,331,16.9,15.5,14.790769230769232,4.9,0.0,17.7,86.0
18763,331,16.881818181818183,15.477611940298509,14.513432835820897,4.8,0.0,17.7,87.0
19663,331,16.8,15.238095238095235,14.5,4.5,0.0,16.1,87.0
20563,331,16.795652173913044,15.014492753623188,14.5,4.4,0.0,17.7,88.0
21463,331,16.7,15.485507246376812,14.62463768115942,4.2,0.0,19.3,89.0
22363,331,16.865671641791046,43.37903225806452,34.56774193548387,4.2,0.0,17.7,89.0
23263,331,18.00923076923077,55.79166666666666,51.363888888888894,4.1,0.0,16.1,89.0
24163,331,19.07846153846154,55.13492063492064,51.18888888888889,4.1,0.0,16.1,89.0
25063,331,19.68636363636364,56.35384615384616,51.90153846153847,3.9,0.0,17.7,90.0
25963,331,20.25757575757576,56.58870967741935,52.44193548387096,3.8,0.0,19.3,90.0
26863,331,20.65652173913044,53.18181818181819,50.25151515151515,3.8,0.0,20.9,89.0
27763,331,20.986764705882354,53.635714285714286,49.81,3.7,0.0,19.3,89.0
28663,331,21.18888888888889,37.37323943661972,33.80845070422535,3.6,0.0,20.9,89.0
29563,331,20.972857142857144,27.07971014492754,24.39710144927536,3.5,0.0,20.9,88.0
30463,331,20.60606060606061,22.6044776119403,20.919402985074623,3.4,5.0,22.5,88.0
31363,331,20.1578125,20.174242424242426,19.09090909090909,3.4,11.0,22.5,87.0
32263,331,19.7296875,18.808823529411764,18.001470588235293,3.3,19.0,20.9,89.0
33163,331,19.346153846153847,17.88235294117647,17.27647058823529,3.4,18.0,22.5,88.0
34063,331,19.013432835820897,17.355072463768117,16.795652173913044,3.7,19.0,22.5,87.0
34963,331,18.70428571428572,17.0,16.433333333333334,3.7,23.0,20.9,87.0
35863,331,18.45,16.59722222222222,16.179166666666667,4.0,151.0,24.1,87.0
36763,331,18.225,16.5,15.97878787878788,4.2,77.0,24.1,86.0
37663,331,18.04285714285714,16.42537313432836,15.8,3.8,98.0,24.1,88.0
38563,331,17.866666666666667,16.0,15.663636363636362,3.8,142.0,22.5,87.0
39463,331,17.741176470588236,16.0,15.5,4.2,144.0,24.1,85.0
40363,331,17.62537313432836,16.0,15.45820895522388,4.1,151.0,25.7,86.0
41263,331,17.534782608695654,16.0,15.3,4.1,181.0,25.7,85.0
42163,331,17.45441176470588,16.0,15.3,4.4,181.0,22.5,85.0
43063,331,17.3984375,15.62121212121212,15.23181818181818,4.5,185.0,25.7,82.0
43963,331,17.3,15.5,15.0,4.6,185.0,22.5,82.0
44863,331,17.263768115942028,15.5,15.0,4.9,251.0,25.7,83.0
45763,331,17.2,15.5,15.0,4.9,65.0,25.7,82.0
46663,331,17.121428571428574,15.5,14.912121212121212,4.4,86.0,29.0,83.0
47563,331,17.067692307692308,15.5,14.8,4.4,81.0,27.4,83.0
48463,331,17.0,15.5,14.8,4.4,100.0,29.0,84.0
49363,331,16.931343283582088,15.5,14.8,4.4,93.0,27.4,84.0
50263,331,16.9,15.5,14.787142857142856,4.5,95.0,24.1,85.0
51163,331,16.820588235294117,15.492857142857142,14.534285714285716,4.5,69.0,22.5,84.0
52063,331,16.8,15.12121212121212,14.5,4.6,26.0,22.5,83.0
52963,331,16.715942028985506,15.0,14.5,4.4,32.0,19.3,84.0
53863,331,16.6796875,15.0,14.5,4.4,21.0,20.9,84.0
54763,331,16.6,15.0,14.5,4.3,16.0,17.7,85.0
55663,331,16.55076923076923,15.0,14.4768115942029,4.4,9.0,20.9,85.0
56563,331,16.511764705882353,25.75,20.077272727272728,4.3,0.0,19.3,86.0
57463,331,17.129850746268655,54.1044776119403,47.37164179104478,4.3,0.0,19.3,86.0
58363,331,18.366197183098592,56.19285714285714,52.05285714285715,4.3,0.0,19.3,86.0
59263,331,19.32575757575757,56.38888888888889,52.29047619047619,4.3,0.0,19.3,86.0
60163,331,20.0484375,56.492537313432834,52.39253731343283,4.3,0.0,20.9,87.0
61063,331,20.609722222222224,56.69852941176471,52.5,4.2,0.0,16.1,88.0
61963,331,21.093055555555555,56.96666666666666,52.75,4.1,0.0,16.1,89.0
62863,331,21.45384615384616,55.440298507462686,51.63880597014926,4.1,0.0,17.7,87.0
63763,331,21.581818181818186,55.98484848484848,51.01515151515152,4.1,0.0,17.7,87.0
64663,331,21.74262295081968,56.44615384615385,51.52307692307693,4.0,0.0,19.3,87.0
65563,331,21.883823529411764,56.48461538461538,51.535384615384615,3.9,0.0,19.3,87.0
66463,331,22.04117647058824,56.5,51.50714285714285,3.9,0.0,20.9,86.0
67363,331,22.173529411764708,56.5,51.56818181818181,3.9,0.0,17.7,85.0
68263,331,22.31449275362319,56.51538461538462,51.52769230769231,3.7,0.0,12.9,87.0
69163,331,22.4089552238806,56.492537313432834,51.54776119402985,3.8,0.0,14.5,85.0
70063,331,22.534782608695654,56.52173913043479,51.639130434782615,3.9,0.0,19.3,84.0
70963,331,22.634848484848483,56.51587301587301,51.78730158730159,3.9,0.0,16.1,84.0
71863,331,22.736764705882354,54.53676470588236,51.14117647058824,3.7,0.0,12.9,85.0
72763,331,22.87941176470588,55.48529411764706,51.93382352941177,3.6,0.0,14.5,86.0
73663,331,23.161538461538463,57.07142857142857,53.21,3.7,0.0,12.9,85.0
74563,331,23.40597014925373,57.23880597014926,53.3,3.8,0.0,12.9,84.0
75463,331,23.5,55.70769230769231,52.35230769230769,3.8,0.0,12.9,84.0
76363,331,23.5,56.30147058823529,53.11029411764706,3.8,0.0,14.5,83.0
77263,331,23.40882352941177,41.44776119402985,38.34477611940299,3.8,0.0,14.5,83.0
78163,331,22.931343283582088,29.102941176470587,26.26323529411765,3.8,0.0,12.9,82.0
79063,331,22.368181818181817,24.036231884057973,22.24782608695652,3.9,0.0,12.9,82.0
79963,331,21.83768115942029,21.45,20.22714285714286,3.8,0.0,12.9,82.0
80863,331,21.37794117647059,20.02307692307692,19.052307692307693,3.6,0.0,9.7,82.0
81763,331,21.028358208955225,19.21014492753623,18.414492753623183,3.4,0.0,9.7,83.0
82663,331,20.70983606557377,18.6328125,17.9140625,3.4,0.0,9.7,80.0
83563,331,20.39402985074627,18.16923076923077,17.53846153846154,3.2,0.0,8.0,82.0
84463,331,20.12,18.0,17.286956521739132,2.8,0.0,14.5,80.0
85363,331,19.894202898550724,17.557142857142857,17.0,3.0,0.0,16.1,81.0
86263,331,19.68857142857143,17.5,16.879411764705882,2.9,0.0,12.9,81.0
763,332,19.488235294117647,17.5,16.719402985074627,2.7,0.0,12.9,82.0
1663,332,19.32941176470588,17.035714285714285,16.5,2.5,0.0,16.1,83.0
2563,332,19.17794117647059,17.0,16.35373134328358,2.3,0.0,16.1,84.0
3463,332,19.04,17.0,16.3,2.2,0.0,17.7,85.0
4363,332,18.92794117647059,16.992424242424242,16.03181818181818,2.2,0.0,16.1,85.0
5263,332,18.82238805970149,16.558823529411764,16.0,2.3,0.0,19.3,84.0
6163,332,18.698529411764707,16.5,15.837142857142856,2.3,0.0,19.3,83.0
7063,332,18.6,16.5,15.8,2.2,0.0,12.9,83.0
7963,332,18.5,16.5,15.782857142857145,2.1,0.0,14.5,83.0
8863,332,18.40909090909091,16.5,15.517391304347823,2.0,0.0,16.1,82.0
9763,332,18.33582089552239,16.485507246376812,15.5,1.9,0.0,16.1,82.0
10663,332,18.24411764705882,16.110294117647058,15.5,1.9,0.0,16.1,81.0
11563,332,18.1768115942029,16.0,15.5,1.8,0.0,16.1,81.0
12463,332,18.1,16.0,15.36969696969697,1.7,0.0,16.1,80.0
13363,332,18.01304347826087,16.0,15.3,1.8,0.0,17.7,79.0
14263,332,17.958571428571428,16.0,15.3,2.0,0.0,20.9,78.0
15163,332,17.895714285714284,16.0,15.3,2.0,0.0,19.3,79.0
16063,332,17.8,16.0,15.3,1.7,0.0,17.7,81.0
16963,332,17.763636363636362,16.0,15.3,1.6,0.0,17.7,82.0
17863,332,17.7,16.0,15.3,1.6,0.0,16.1,82.0
18763,332,17.617460317460317,16.0,15.085714285714284,1.6,0.0,14.5,82.0
19663,332,17.569117647058825,15.99264705882353,15.0,1.7,0.0,14.5,82.0
20563,332,17.5,15.682539682539684,15.0,1.7,0.0,16.1,82.0
21463,332,17.43939393939394,16.0,15.115714285714285,1.5,0.0,14.5,83.0
22363,332,17.54920634920635,44.58333333333333,35.56969696969697,1.6,0.0,11.3,83.0
23263,332,18.537313432835823,55.91538461538462,51.60769230769231,1.9,0.0,14.5,83.0
24163,332,19.51764705882353,56.5,52.34857142857143,2.1,0.0,12.9,83.0
25063,332,20.25294117647059,56.84285714285714,52.46571428571429,2.3,0.0,14.5,83.0
25963,332,20.81639344262295,57.0,52.548529411764704,2.3,0.0,12.9,83.0
26863,332,21.232835820895524,57.0,52.71818181818181,2.4,0.0,12.9,84.0
27763,332,21.586764705882352,55.919117647058826,52.15882352941177,2.3,0.0,12.9,85.0
28663,332,21.764705882352946,39.02857142857143,35.010000000000005,2.5,0.0,12.9,87.0
29563,332,21.57692307692308,28.174242424242426,24.954545454545453,2.6,5.0,11.3,87.0
30463,332,21.306153846153848,23.114754098360656,21.391803278688524,2.9,14.0,11.3,88.0
31363,332,20.93428571428572,20.31060606060606,19.26515151515152,2.8,14.0,11.3,88.0
32263,332,20.439705882352943,18.685714285714287,17.61857142857143,2.9,26.0,14.5,87.0
33163,332,20.03333333333333,17.85820895522388,17.028358208955222,3.0,21.0,14.5,86.0
34063,332,19.65909090909091,17.316176470588236,16.548529411764708,3.2,44.0,14.5,86.0
34963,332,19.35,17.0,16.20294117647059,3.4,47.0,12.9,85.0
35863,332,19.09846153846154,16.558823529411764,15.938235294117646,3.7,44.0,11.3,84.0
36763,332,18.8768115942029,16.5,15.8,3.8,32.0,11.3,83.0
37663,332,18.67101449275362,16.32089552238806,15.508955223880596,4.0,46.0,12.9,80.0
38563,332,18.49857142857143,16.0,15.44285714285714,4.3,128.0,14.5,79.0
39463,332,18.349206349206348,16.0,15.3,4.7,135.0,14.5,76.0
40363,332,18.205797101449274,16.0,15.3,4.8,167.0,14.5,75.0
41263,332,18.08208955223881,16.0,15.076119402985077,5.1,176.0,16.1,74.0
42163,332,17.98507462686567,15.984848484848484,15.0,5.3,178.0,16.1,74.0
43063,332,17.892957746478874,15.640625,15.0,5.4,179.0,16.1,74.0
43963,332,17.8,15.5,15.0,5.6,192.0,17.7,72.0
44863,332,17.746875,15.5,14.9,5.6,176.0,14.5,73.0
45763,332,17.695774647887326,15.5,14.8,5.4,172.0,14.5,73.0
46663,332,17.6,15.5,14.8,5.4,169.0,14.5,73.0
47563,332,17.55238095238095,15.5,14.8,5.2,127.0,17.7,74.0
48463,332,17.5,15.5,14.8,5.2,65.0,12.9,74.0
49363,332,17.404545454545453,15.5,14.777611940298508,4.9,44.0,12.9,76.0
50263,332,17.362857142857145,15.5,14.522388059701491,4.9,44.0,12.9,76.0
51163,332,17.3,15.5,14.5,4.8,40.0,14.5,77.0
52063,332,17.233333333333334,15.492857142857142,14.5,4.8,98.0,11.3,78.0
52963,332,17.2,15.291044776119405,14.5,4.9,62.0,12.9,77.0
53863,332,17.101388888888888,15.007142857142858,14.5,4.8,35.0,14.5,78.0
54763,332,17.057352941176468,15.0,14.49705882352941,4.7,16.0,14.5,79.0
55663,332,17.0,15.0,14.41044776119403,4.3,7.0,11.3,80.0
56563,332,16.916901408450705,15.0,14.3,4.2,0.0,11.3,81.0
57463,332,16.89558823529412,15.0,14.3,4.1,0.0,12.9,82.0
58363,332,16.80151515151515,15.0,14.3,3.9,0.0,11.3,84.0
59263,332,16.8,15.0,14.3,3.8,0.0,12.9,85.0
60163,332,16.74857142857143,15.0,14.3,3.9,0.0,14.5,85.0
61063,332,16.7,15.0,14.3,3.8,0.0,11.3,86.0
61963,332,16.704545454545453,26.59523809523809,21.17936507936508,3.7,0.0,11.3,86.0
62863,332,17.181666666666665,51.54255319148937,46.95106382978723,3.6,0.0,9.7,86.0
63763,332,18.069565217391304,51.52272727272727,50.43484848484849,3.4,0.0,12.9,86.0
64663,332,18.840298507462684,50.492753623188406,49.8231884057971,3.4,0.0,11.3,87.0
65563,332,19.801470588235293,50.79710144927536,50.7072463768116,3.5,0.0,12.9,86.0
66463,332,20.52058823529412,51.0,51.13181818181818,3.3,0.0,12.9,87.0
67363,332,20.9910447761194,51.0078125,51.2484375,3.1,0.0,12.9,87.0
68263,332,21.336231884057973,51.521428571428565,51.05142857142857,2.9,0.0,12.9,87.0
69163,332,21.5,46.95774647887324,44.11408450704225,2.8,0.0,9.7,87.0
70063,332,21.45714285714286,30.70149253731343,28.25522388059701,2.7,0.0,9.7,87.0
70963,332,21.17878787878788,24.52941176470588,22.189705882352943,2.4,0.0,9.7,89.0
71863,332,20.736764705882354,21.174242424242426,19.48787878787879,2.3,0.0,9.7,89.0
72763,332,20.2768115942029,19.25714285714286,18.005714285714284,2.3,0.0,11.3,88.0
73663,332,19.868181818181817,18.18939393939394,17.18030303030303,2.4,0.0,12.9,88.0
74563,332,19.498507462686568,17.42142857142857,16.61714285714286,2.3,0.0,9.7,88.0
75463,332,19.15223880597015,17.0,16.20294117647059,2.4,0.0,11.3,87.0
76363,332,18.819402985074625,16.53787878787879,15.915151515151516,2.4,0.0,12.9,87.0
77263,332,18.523880597014927,22.428571428571427,19.59,2.3,0.0,11.3,87.0
78163,332,18.69253731343284,52.90151515151515,45.4969696969697,2.3,0.0,11.3,87.0
79063,332,19.51935483870968,56.19285714285714,52.11571428571428,2.1,0.0,9.7,88.0
79963,332,20.19154929577465,56.460317460317455,52.30317460317461,1.8,0.0,11.3,89.0
80863,332,20.656944444444445,56.48529411764706,52.39117647058824,1.7,0.0,12.9,89.0
81763,332,21.027272727272727,52.8,49.83846153846154,2.0,0.0,16.1,89.0
82663,332,21.2,35.03076923076923,31.60615384615385,2.2,0.0,16.1,88.0
83563,332,21.21527777777778,26.7536231884058,24.43768115942029,2.2,0.0,17.7,88.0
84463,332,21.295384615384613,23.42537313432836,21.94328358208956,2.2,0.0,14.5,88.0
85363,332,20.82205882352941,20.791044776119403,19.937313432835825,2.1,0.0,12.9,88.0
86263,332,20.4463768115942,19.44029850746269,18.813432835820898,1.9,0.0,11.3,88.0
763,333,20.07230769230769,18.64788732394366,18.091549295774648,1.9,0.0,12.9,88.0
1663,333,19.74411764705882,17.992424242424242,17.516666666666666,1.9,0.0,14.5,88.0
2563,333,19.39857142857143,17.5,17.02285714285714,2.1,0.0,12.9,88.0
3463,333,19.1089552238806,17.108695652173914,16.62608695652174,2.3,0.0,16.1,86.0
4363,333,18.87462686567164,17.0,16.352941176470587,2.2,0.0,16.1,87.0
5263,333,18.650746268656714,16.55223880597015,16.058208955223883,2.2,0.0,16.1,86.0
6163,333,18.48235294117647,16.5,15.911764705882351,2.3,0.0,16.1,86.0
7063,333,18.35507246376812,16.5,15.8,2.2,0.0,14.5,86.0
7963,333,18.22571428571429,16.492753623188406,15.656521739130437,2.2,0.0,14.5,86.0
8863,333,18.115384615384617,16.058823529411764,15.5,2.2,0.0,14.5,86.0
9763,333,18.005714285714284,16.0,15.5,2.3,0.0,16.1,86.0
10663,333,17.904615384615386,16.0,15.45151515151515,2.6,0.0,12.9,85.0
11563,333,17.813636363636363,16.0,15.3,2.7,0.0,12.9,84.0
12463,333,17.754411764705882,16.0,15.3,2.6,0.0,11.3,84.0
13363,333,17.69047619047619,16.0,15.3,2.6,0.0,11.3,85.0
14263,333,17.6,16.0,15.286956521739132,2.6,0.0,11.3,84.0
15163,333,17.541428571428572,15.828571428571427,15.04285714285714,2.6,0.0,12.9,84.0
16063,333,17.492537313432837,15.5,15.0,2.7,0.0,12.9,83.0
16963,333,17.4,15.5,15.0,2.7,0.0,9.7,84.0
17863,333,17.355223880597016,15.5,15.0,2.7,0.0,12.9,83.0
18763,333,17.3,15.5,14.97846153846154,2.7,0.0,12.9,83.0
19663,333,17.232857142857142,15.5,14.811764705882354,2.7,0.0,14.5,83.0
20563,333,17.2,15.5,14.8,2.7,0.0,16.1,82.0
21463,333,17.111267605633802,16.05072463768116,14.979710144927536,2.6,0.0,11.3,83.0
22363,333,17.212162162162162,44.44117647058824,35.47941176470589,2.6,0.0,11.3,83.0
23263,333,18.07941176470588,55.75373134328358,51.52388059701492,2.6,0.0,12.9,83.0
24163,333,19.0,56.40769230769231,52.38,2.6,0.0,14.5,82.0
25063,333,19.738235294117647,56.5,52.5328125,2.6,0.0,14.5,82.0
25963,333,20.29142857142857,56.5,52.603125,2.5,0.0,12.9,82.0
26863,333,20.81714285714286,54.57971014492754,51.360869565217385,2.4,0.0,11.3,82.0
27763,333,21.30857142857143,53.07352941176471,50.108823529411765,2.4,0.0,12.9,82.0
28663,333,21.501408450704226,37.8768115942029,35.30434782608695,2.3,0.0,12.9,82.0
29563,333,21.32586206896552,27.79661016949153,24.910169491525423,2.1,0.0,12.9,81.0
30463,333,20.93913043478261,22.98529411764705,21.057352941176468,1.8,11.0,11.3,81.0
31363,333,20.47323943661972,20.48550724637681,19.333333333333336,1.8,9.0,11.3,80.0
32263,333,20.02142857142857,19.0234375,18.20625,1.6,14.0,12.9,80.0
33163,333,19.611764705882354,18.10606060606061,17.366666666666667,1.7,16.0,12.9,80.0
34063,333,19.243939393939392,17.442857142857143,16.80857142857143,1.8,26.0,12.9,80.0
34963,333,18.93,17.0,16.394117647058824,1.9,21.0,12.9,80.0
35863,333,18.640298507462685,16.671875,16.05625,2.1,26.0,11.3,80.0
36763,333,18.4,16.5,15.82941176470588,2.1,26.0,11.3,80.0
37663,333,18.19117647058824,16.34285714285714,15.611428571428572,2.6,26.0,12.9,78.0
38563,333,18.03538461538461,16.0,15.497142857142856,2.9,148.0,11.3,75.0
39463,333,17.875,16.0,15.303076923076924,3.3,149.0,12.9,75.0
40363,333,17.776119402985074,16.0,15.3,3.3,163.0,9.7,75.0
41263,333,17.692753623188405,16.0,15.07941176470588,3.6,172.0,11.3,74.0
42163,333,17.6,15.798507462686567,15.0,3.6,183.0,11.3,73.0
43063,333,17.52941176470588,15.5,15.0,3.6,179.0,12.9,72.0
43963,333,17.475675675675674,15.5,14.97910447761194,4.1,211.0,9.7,72.0
44863,333,17.4,15.5,14.805714285714284,3.7,174.0,9.7,71.0
45763,333,17.331884057971017,15.5,14.8,3.7,169.0,11.3,71.0
46663,333,17.29,15.5,14.8,3.5,162.0,12.9,70.0
47563,333,17.2,15.5,14.8,3.6,91.0,11.3,69.0
48463,333,17.1463768115942,15.5,14.606153846153848,3.3,95.0,12.9,70.0
49363,333,17.093939393939394,15.5,14.5,3.2,39.0,14.5,71.0
50263,333,17.0,15.41304347826087,14.5,3.1,53.0,9.7,72.0
51163,333,16.953125,15.036231884057973,14.5,3.1,32.0,11.3,72.0
52063,333,16.9,15.0,14.5,3.0,30.0,12.9,72.0
52963,333,16.82121212121212,15.0,14.468571428571428,2.6,14.0,11.3,72.0
53863,333,16.795384615384613,15.0,14.303125,2.5,14.0,12.9,73.0
54763,333,16.7,15.0,14.3,2.4,14.0,12.9,74.0
55663,333,16.62727272727273,15.0,14.3,2.3,7.0,12.9,74.0
56563,333,16.577611940298507,15.0,14.3,2.4,0.0,9.7,73.0
57463,333,16.5,15.0,14.3,2.2,0.0,9.7,74.0
58363,333,16.4484375,15.0,14.3,2.0,0.0,9.7,75.0
59263,333,16.4,15.0,14.263793103448275,1.9,0.0,11.3,74.0
60163,333,16.31304347826087,15.0,14.0625,1.8,0.0,12.9,75.0
61063,333,16.276923076923076,15.0,14.0,1.7,0.0,14.5,74.0
61963,333,16.21451612903226,28.06666666666667,21.8,1.6,0.0,12.9,75.0
62863,333,16.98695652173913,53.838235294117645,48.26764705882353,1.6,0.0,14.5,74.0
63763,333,18.19692307692308,55.5,51.71617647058823,1.5,0.0,14.5,74.0
64663,333,19.06176470588236,55.9179104477612,51.85671641791045,1.2,0.0,11.3,76.0
65563,333,19.75076923076923,54.67164179104477,50.76119402985075,1.1,0.0,11.3,76.0
66463,333,20.25090909090909,54.149253731343286,50.33731343283582,1.0,0.0,12.9,76.0
67363,333,20.49285714285714,55.125,51.72941176470588,0.9,0.0,11.3,77.0
68263,333,20.642028985507245,55.70588235294117,52.52205882352941,0.6,0.0,11.3,78.0
69163,333,21.06268656716417,55.58653846153847,52.41538461538462,0.6,0.0,12.9,79.0
70063,333,21.04328358208955,53.34,51.238,0.6,0.0,12.9,79.0
70963,333,21.0109375,,,0.9,0.0,16.1,77.0
71863,333,20.915384615384617,,,0.9,0.0,14.5,77.0
72763,333,20.9,,,0.7,0.0,12.9,78.0
73663,333,20.809859154929576,54.5,52.0,0.6,0.0,14.5,79.0
74563,333,20.912857142857145,54.80434782608696,51.62173913043479,0.6,0.0,14.5,79.0
75463,333,21.121739130434783,56.0,52.70579710144928,0.6,0.0,14.5,79.0
76363,333,21.338235294117645,56.0,52.8,0.6,0.0,14.5,79.0
77263,333,21.48787878787879,46.1969696969697,43.3969696969697,0.6,0.0,14.5,79.0
78163,333,21.37,30.640845070422536,27.29295774647888,0.3,0.0,12.9,80.0
79063,333,21.107462686567164,24.478571428571428,22.332857142857144,0.3,0.0,12.9,80.0
79963,333,20.84603174603175,21.558823529411764,20.25294117647059,0.4,0.0,14.5,78.0
80863,333,20.53636363636364,19.764705882352946,18.891176470588235,0.9,0.0,16.1,75.0
81763,333,20.1234375,18.61764705882353,17.807352941176468,0.9,0.0,14.5,74.0
82663,333,19.731884057971016,17.62878787878788,16.971212121212123,0.7,0.0,16.1,75.0
83563,333,19.382089552238806,17.333333333333336,16.669565217391302,0.9,0.0,16.1,73.0
84463,333,19.088059701492536,17.0,16.436363636363637,0.9,0.0,14.5,73.0
85363,333,18.875,17.0,16.417460317460318,0.8,0.0,14.5,74.0
86263,333,18.677611940298508,16.633802816901408,16.198591549295777,0.7,0.0,17.7,74.0
763,334,18.521212121212123,16.5,16.0,0.9,0.0,14.5,73.0
1663,334,18.366666666666667,16.5,15.886956521739132,0.7,0.0,14.5,73.0
2563,334,18.232835820895524,16.5,15.8,0.6,0.0,12.9,73.0
3463,334,18.09692307692308,16.171641791044777,15.607462686567164,0.7,0.0,12.9,73.0
4363,334,17.97246376811594,16.0,15.5,0.5,0.0,9.7,75.0
5263,334,17.866176470588236,16.0,15.4,0.4,0.0,11.3,75.0
6163,334,17.766666666666666,16.0,15.3,0.8,0.0,12.9,75.0
7063,334,17.674193548387098,16.0,15.2955223880597,0.9,0.0,14.5,74.0
7963,334,17.595890410958905,15.90909090909091,15.045454545454549,1.1,0.0,12.9,74.0
8863,334,17.5,15.5,15.0,1.2,0.0,14.5,73.0
9763,334,17.419696969696968,15.5,15.0,1.1,0.0,14.5,74.0
10663,334,17.35441176470588,15.5,14.942028985507246,1.1,0.0,14.5,75.0
11563,334,17.291176470588233,15.5,14.8,0.9,0.0,14.5,75.0
12463,334,17.2,15.5,14.8,0.8,0.0,12.9,75.0
13363,334,17.130000000000003,15.5,14.8,0.8,0.0,12.9,75.0
14263,334,17.063636363636363,15.5,14.740845070422534,0.5,0.0,12.9,76.0
15163,334,17.0,15.4453125,14.5046875,0.6,0.0,14.5,76.0
16063,334,16.901639344262296,15.022058823529411,14.5,0.6,0.0,12.9,76.0
16963,334,16.863888888888887,15.0,14.5,0.6,0.0,11.3,77.0
17863,334,16.8,15.0,14.5,0.6,0.0,12.9,76.0
18763,334,16.72923076923077,15.0,14.373529411764707,0.6,0.0,14.5,75.0
19663,334,16.674242424242426,15.0,14.3,0.8,0.0,17.7,74.0
20563,334,16.6,15.0,14.3,0.7,0.0,14.5,74.0
21463,334,16.52537313432836,15.471428571428572,14.422857142857143,0.5,0.0,12.9,75.0
22363,334,16.611940298507463,42.594202898550726,33.68260869565218,0.4,0.0,12.9,76.0
23263,334,17.54179104477612,55.54545454545455,51.36363636363636,0.5,0.0,16.1,75.0
24163,334,18.4859375,54.80147058823529,51.44117647058823,0.5,0.0,17.7,75.0
25063,334,19.34848484848485,54.909090909090914,51.48181818181818,0.6,0.0,16.1,75.0
25963,334,19.889855072463767,54.86764705882352,51.39705882352941,0.7,0.0,19.3,73.0
26863,334,20.0439393939394,54.93846153846154,51.45384615384616,0.6,0.0,17.7,73.0
27763,334,20.11492537313433,53.23484848484848,50.43333333333333,0.4,0.0,12.9,75.0
28663,334,20.473333333333333,37.338235294117645,34.23088235294118,0.4,0.0,12.9,75.0
29563,334,20.45714285714286,26.97761194029851,24.182089552238807,0.3,0.0,14.5,74.0
30463,334,20.176470588235293,22.32089552238806,20.64179104477612,0.3,0.0,16.1,74.0
31363,334,19.813235294117646,19.847826086956523,18.75072463768116,0.3,9.0,16.1,74.0
32263,334,19.41971830985916,18.40714285714286,17.612857142857145,0.3,11.0,14.5,74.0
33163,334,19.061194029850743,17.52898550724638,16.85217391304348,0.4,23.0,14.5,74.0
34063,334,18.69402985074627,16.94927536231884,16.368115942028986,0.6,21.0,14.5,74.0
34963,334,18.32857142857143,16.5,15.950877192982457,0.7,25.0,16.1,74.0
35863,334,18.073134328358208,16.223076923076924,15.693846153846152,1.2,62.0,14.5,74.0
36763,334,17.844117647058823,16.0,15.469230769230768,1.3,54.0,14.5,73.0
37663,334,17.652307692307694,16.0,15.3,1.6,79.0,16.1,73.0
38563,334,17.5,15.567164179104475,15.111940298507465,1.9,156.0,14.5,72.0
39463,334,17.363888888888887,15.5,15.0,2.7,236.0,14.5,70.0
40363,334,17.253623188405797,15.5,14.87536231884058,2.8,236.0,16.1,69.0
41263,334,17.15,15.5,14.8,3.0,236.0,16.1,69.0
42163,334,17.04705882352941,15.5,14.8,3.3,230.0,16.1,68.0
43063,334,16.961194029850745,15.257142857142858,14.512857142857143,2.6,67.0,12.9,71.0
43963,334,16.9,15.0,14.5,2.8,190.0,12.9,72.0
44863,334,16.808955223880595,15.0,14.5,3.5,202.0,16.1,70.0
45763,334,16.780882352941177,15.0,14.394444444444446,3.3,197.0,14.5,70.0
46663,334,16.7,15.0,14.3,3.6,271.0,14.5,70.0
47563,334,16.61692307692308,15.0,14.3,2.8,53.0,14.5,72.0
48463,334,16.569117647058825,15.0,14.3,2.7,37.0,14.5,73.0
49363,334,16.5,15.0,14.286956521739132,2.7,37.0,14.5,73.0
50263,334,16.441538461538464,15.0,14.017910447761192,2.6,18.0,12.9,74.0
51163,334,16.38955223880597,14.833333333333334,14.0,2.5,39.0,11.3,74.0
52063,334,16.3,14.5,14.0,2.6,63.0,12.9,73.0
52963,334,16.241791044776118,14.5,14.0,2.5,21.0,12.9,72.0
53863,334,16.2,14.5,14.0,2.3,42.0,16.1,73.0
54763,334,16.129850746268655,14.5,14.0,2.3,19.0,14.5,74.0
55663,334,16.09848484848485,14.5,13.993939393939394,1.9,7.0,16.1,76.0
56563,334,16.00142857142857,14.5,13.831428571428573,1.8,7.0,14.5,76.0
57463,334,15.971641791044778,14.5,13.8,1.7,0.0,12.9,77.0
58363,334,15.9,14.5,13.8,1.6,0.0,14.5,78.0
59263,334,15.856060606060606,14.5,13.8,1.4,0.0,14.5,79.0
60163,334,15.8,14.5,13.8,1.4,0.0,14.5,79.0
61063,334,15.751470588235293,14.5,13.8,1.3,0.0,12.9,80.0
61963,334,15.717741935483872,27.924242424242426,21.37878787878788,1.4,0.0,12.9,81.0
62863,334,16.55625,54.16153846153846,47.783076923076926,1.4,0.0,11.3,81.0
63763,334,17.81230769230769,55.67647058823529,51.48235294117647,1.1,0.0,12.9,81.0
64663,334,18.68769230769231,55.97727272727273,51.74545454545455,1.2,0.0,12.9,81.0
65563,334,19.395454545454548,56.0,51.81470588235294,1.1,0.0,12.9,81.0
66463,334,19.93676470588236,56.015625,51.95625,0.9,0.0,12.9,82.0
67363,334,20.389041095890413,56.42857142857143,51.97428571428571,0.9,0.0,12.9,83.0
68263,334,20.711940298507464,55.0,51.35588235294117,1.1,0.0,12.9,82.0
69163,334,20.944927536231884,55.72388059701492,51.22089552238806,1.0,0.0,11.3,81.0
70063,334,21.25142857142857,56.5,52.1734375,1.0,0.0,12.9,81.0
70963,334,21.5439393939394,56.5,52.3,1.1,0.0,11.3,80.0
71863,334,21.81044776119403,56.47014925373135,52.311940298507466,1.2,0.0,12.9,81.0
72763,334,22.016417910447764,56.5,52.35079365079365,1.3,0.0,12.1,80.0
73663,334,22.231428571428573,56.52307692307693,52.47538461538461,1.2,0.0,12.9,81.0
74563,334,22.48153846153846,56.61111111111111,52.48730158730159,1.3,0.0,12.9,80.0
75463,334,22.70357142857143,56.6,52.409090909090914,1.5,0.0,16.1,79.0
76363,334,22.69482758620689,56.18518518518518,52.68333333333334,1.7,0.0,16.1,78.0
77263,334,22.57413793103448,46.52459016393443,43.51803278688525,1.5,0.0,11.3,78.0
78163,334,22.311864406779662,31.1864406779661,27.47796610169492,1.3,0.0,11.3,79.0
79063,334,21.987301587301587,24.516129032258064,22.14032258064516,1.3,0.0,12.9,79.0
79963,334,21.440677966101696,21.258333333333333,19.776666666666667,1.3,0.0,11.3,80.0
80863,334,20.874603174603173,19.42622950819672,18.36065573770492,1.3,0.0,9.7,80.0
81763,334,20.37368421052632,18.24242424242424,17.454545454545453,1.3,0.0,11.3,80.0
82663,334,19.93928571428572,17.614035087719298,16.87017543859649,1.1,0.0,9.7,81.0
83563,334,19.536206896551725,17.040983606557376,16.496721311475408,1.1,0.0,9.7,81.0
84463,334,19.211290322580645,17.0,16.46451612903226,0.9,0.0,9.7,81.0
85363,334,19.99859154929577,17.0,16.685294117647057,1.1,0.0,9.7,82.0
86263,334,19.577611940298507,16.8515625,16.3765625,1.1,0.0,9.7,82.0
763,335,19.02777777777778,16.5,15.973529411764709,1.2,0.0,11.3,81.0
1663,335,18.762686567164177,16.5,15.896969696969697,1.2,0.0,11.3,81.0
2563,335,18.504838709677426,16.330882352941178,15.8,1.2,0.0,9.7,81.0
3463,335,18.29846153846153,16.0,15.535820895522388,1.1,0.0,9.7,81.0
4363,335,18.107462686567164,16.0,15.436231884057973,1.1,0.0,9.7,82.0
5263,335,17.94626865671642,16.0,15.3,0.9,0.0,9.7,82.0
6163,335,17.798507462686565,15.685714285714289,15.04285714285714,0.7,0.0,8.0,83.0
7063,335,17.6734375,15.5,14.982352941176469,0.7,0.0,11.3,84.0
7963,335,17.562686567164178,15.5,14.802898550724638,0.7,0.0,8.0,84.0
8863,335,17.47,15.5,14.8,0.4,0.0,8.0,85.0
9763,335,17.372857142857143,15.5,14.65211267605634,0.4,0.0,9.7,85.0
10663,335,17.285507246376813,15.453846153846154,14.5,0.6,0.0,9.7,84.0
11563,335,17.2,15.021428571428572,14.5,0.8,0.0,9.7,83.0
12463,335,17.108823529411765,15.0,14.5,0.8,0.0,11.3,84.0
13363,335,17.030882352941177,15.0,14.496969696969696,0.8,0.0,12.9,83.0
14263,335,16.954545454545453,15.0,14.336363636363638,0.8,0.0,12.9,83.0
15163,335,16.891304347826086,15.0,14.3,0.8,0.0,12.9,82.0
16063,335,16.8,15.0,14.3,0.8,0.0,13.7,82.0
16963,335,16.73384615384615,15.0,14.3,0.7,0.0,12.9,82.0
17863,335,16.67076923076923,15.0,14.271621621621623,0.7,0.0,14.5,82.0
18763,335,16.6,15.0,14.008695652173913,0.7,0.0,14.5,82.0
19663,335,16.519402985074628,14.891304347826088,14.0,0.9,0.0,12.9,80.0
20563,335,16.472727272727273,14.514705882352942,14.0,0.9,0.0,12.9,79.0
21463,335,16.4,15.097014925373134,14.143283582089552,1.3,0.0,12.9,77.0
22363,335,16.502857142857145,42.19166666666667,33.46333333333333,1.3,0.0,11.3,77.0
23263,335,17.37313432835821,55.00735294117648,50.98823529411764,1.3,0.0,11.3,78.0
24163,335,18.24776119402985,55.85507246376811,51.791304347826085,1.2,0.0,9.7,78.0
25063,335,18.93181818181818,56.0,51.71428571428571,1.2,0.0,11.3,78.0
25963,335,19.422388059701493,54.62857142857143,50.87,1.3,0.0,11.3,78.0
26863,335,19.765671641791045,55.46212121212121,52.162121212121214,1.4,0.0,9.7,77.0
27763,335,20.336231884057973,52.338235294117645,49.91029411764706,1.2,0.0,8.0,78.0
28663,335,20.484615384615385,36.1640625,32.3390625,0.9,0.0,9.7,79.0
29563,335,20.21846153846154,26.43382352941176,23.22058823529412,0.9,9.0,9.7,79.0
30463,335,19.810769230769232,21.97826086956522,20.05942028985508,0.9,12.0,11.3,78.0
31363,335,19.36268656716418,19.52142857142857,18.31714285714286,1.1,18.0,12.9,78.0
32263,335,18.91904761904762,18.07258064516129,17.182258064516127,1.3,21.0,12.9,78.0
33163,335,18.50588235294118,17.204225352112676,16.461971830985917,1.6,30.0,11.3,79.0
34063,335,18.16470588235294,16.58955223880597,15.911940298507464,1.9,39.0,11.3,77.0
34963,335,17.888709677419353,16.14179104477612,15.517910447761192,1.9,32.0,11.3,77.0
35863,335,17.665671641791043,15.977941176470589,15.233823529411763,2.1,30.0,8.0,77.0
36763,335,17.488235294117647,15.515384615384615,14.990769230769232,2.0,32.0,9.7,77.0
37663,335,17.34848484848485,15.5,14.803030303030305,2.3,26.0,9.7,77.0
38563,335,17.228169014084507,15.5,14.72058823529412,2.7,113.0,9.7,74.0
39463,335,17.121126760563378,15.198529411764708,14.5,3.4,125.0,11.3,72.0
40363,335,17.007575757575758,15.0,14.5,3.4,163.0,12.9,70.0
41263,335,16.938028169014082,15.0,14.334782608695653,4.3,216.0,12.9,69.0
42163,335,16.9,15.0,14.3,4.5,185.0,11.3,68.0
43063,335,16.81492537313433,15.0,14.3,4.9,176.0,11.3,66.0
43963,335,16.8,15.0,14.272307692307692,4.3,95.0,11.3,69.0
44863,335,16.72142857142857,15.0,14.01846153846154,4.1,81.0,9.7,70.0
45763,335,16.674285714285713,14.963768115942027,14.0,3.9,86.0,11.3,71.0
46663,335,16.6,14.52898550724638,14.0,3.9,86.0,11.3,71.0
47563,335,16.554545454545455,14.5,14.0,3.8,81.0,11.3,72.0
48463,335,16.5,14.5,13.994117647058824,3.6,50.0,8.0,74.0
49363,335,16.44090909090909,14.5,13.838805970149256,3.5,42.0,11.3,74.0
50263,335,16.4,14.5,13.8,3.6,25.0,9.7,73.0
51163,335,16.31449275362319,14.5,13.8,3.6,25.0,9.7,73.0
52063,335,16.270149253731343,14.5,13.8,3.6,26.0,11.3,73.0
52963,335,16.2,14.5,13.8,3.7,25.0,11.3,73.0
53863,335,16.157575757575756,14.5,13.8,3.7,18.0,12.9,72.0
54763,335,16.1,14.5,13.666153846153849,3.6,12.0,12.9,73.0
55663,335,16.03030303030303,14.5,13.5,3.4,7.0,12.9,74.0
56563,335,16.0,14.483050847457628,13.5,3.4,0.0,14.5,74.0
57463,335,15.91044776119403,14.105633802816902,13.5,3.2,0.0,11.3,75.0
58363,335,15.897058823529411,14.0,13.5,3.1,0.0,11.3,75.0
59263,335,15.8,14.0,13.5,3.3,0.0,11.3,76.0
60163,335,15.8,14.0,13.5,3.4,0.0,16.1,75.0
61063,335,15.709677419354838,14.0,13.447692307692307,3.6,0.0,14.5,76.0
61963,335,15.713636363636365,26.6969696969697,20.66818181818181,3.6,0.0,14.5,76.0
62863,335,16.35,51.9758064516129,46.61612903225807,4.0,0.0,16.1,76.0
63763,335,17.68450704225352,54.97014925373135,50.88955223880597,4.1,0.0,14.5,77.0
64663,335,18.832857142857144,55.37878787878788,51.80909090909091,4.1,0.0,14.5,78.0
65563,335,19.47083333333333,55.5,52.0,4.1,0.0,12.9,79.0
66463,335,,,,4.2,0.0,16.1,80.0
67363,335,20.4,54.92727272727272,51.190909090909095,4.2,0.0,12.9,82.0
68263,335,20.644117647058824,55.66417910447761,52.277611940298506,4.2,0.0,14.5,83.0
69163,335,20.9,55.73880597014926,52.42835820895523,4.2,0.0,14.5,83.0
70063,335,21.16440677966101,55.85344827586207,52.5,3.9,0.0,14.5,85.0
70963,335,21.40142857142857,55.93478260869565,52.5,4.0,0.0,11.3,86.0
71863,335,21.405882352941177,54.8768115942029,51.582608695652176,4.1,0.0,12.9,87.0
72763,335,21.307246376811595,55.52205882352941,52.445588235294125,3.9,0.0,11.3,89.0
73663,335,21.2,55.55882352941177,52.5,3.9,0.0,11.3,89.0
74563,335,21.2,55.21739130434783,52.25072463768116,4.1,0.0,14.5,91.0
75463,335,21.10142857142857,39.09558823529412,36.048529411764704,4.2,0.0,17.7,91.0
76363,335,20.802985074626868,27.689393939393938,25.05151515151515,4.2,0.0,16.1,91.0
77263,335,20.40441176470588,22.78985507246377,21.10289855072464,4.2,0.0,14.5,93.0
78163,335,20.007042253521128,20.169117647058822,19.08235294117647,4.2,0.0,14.5,93.0
79063,335,19.65384615384616,18.714285714285715,17.893650793650792,4.3,0.0,12.9,94.0
79963,335,19.307462686567163,17.734848484848484,17.027272727272727,4.4,0.0,14.5,94.0
80863,335,18.94626865671642,17.106060606060606,16.477272727272727,4.5,0.0,11.3,94.0
81763,335,18.607246376811595,16.65151515151515,16.1,4.8,0.0,14.5,94.0
82663,335,18.36190476190476,16.5,15.805882352941175,4.8,0.0,12.9,94.0
83563,335,18.28208955223881,16.106060606060606,15.8,4.9,0.0,14.5,94.0
84463,335,18.15151515151515,16.0,15.544117647058822,4.9,0.0,12.9,94.0
85363,335,18.03283582089552,16.0,15.410144927536232,4.8,0.0,9.7,94.0
86263,335,17.874285714285712,15.963235294117649,15.172058823529412,4.8,0.0,9.7,94.0
763,336,17.76086956521739,15.507246376811594,15.0,4.9,0.0,12.9,94.0
1663,336,17.7,15.772058823529411,15.141176470588237,4.8,0.0,14.5,95.0
2563,336,17.668115942028983,15.5,14.898591549295777,4.8,0.0,17.7,95.0
3463,336,17.6,15.5,14.8,4.8,0.0,14.5,94.0
4363,336,17.51492537313433,15.5,14.664788732394364,4.8,0.0,14.5,94.0
5263,336,17.445070422535213,15.5,14.5,4.9,0.0,14.5,94.0
6163,336,17.38918918918919,15.246376811594205,14.5,5.2,0.0,14.5,93.0
7063,336,17.3,15.0,14.5,5.6,0.0,14.5,91.0
7963,336,17.25245901639344,15.0,14.426470588235292,5.7,0.0,14.5,90.0
8863,336,17.2,15.0,14.3,5.6,0.0,14.5,91.0
9763,336,17.124242424242425,15.0,14.3,5.4,0.0,16.1,91.0
10663,336,17.0943661971831,15.0,14.3,5.3,0.0,12.9,92.0
11563,336,17.0,15.0,14.3,5.3,0.0,14.5,93.0
12463,336,16.952112676056338,15.0,14.295774647887324,5.4,0.0,16.1,93.0
13363,336,16.9,15.0,14.0875,5.8,0.0,14.5,92.0
14263,336,16.855072463768117,15.0,14.0,5.8,0.0,16.1,92.0
15163,336,16.8,15.0,14.0,5.9,0.0,14.5,92.0
16063,336,16.775384615384617,14.985507246376812,14.0,5.9,0.0,14.5,92.0
16963,336,16.7,14.71014492753623,14.0,6.1,0.0,14.5,93.0
17863,336,16.68360655737705,14.507575757575756,14.0,6.4,0.0,16.1,92.0
18763,336,16.6,14.5,14.0,6.3,0.0,16.1,93.0
19663,336,16.6,14.5,14.0,6.4,0.0,16.1,93.0
20563,336,16.508823529411764,14.5,13.994285714285716,6.4,0.0,14.5,93.0
21463,336,16.5,14.5,13.966666666666663,6.4,0.0,19.3,93.0
22363,336,16.47058823529412,14.5,13.819718309859155,6.4,0.0,17.7,93.0
23263,336,16.4,14.528571428571428,13.815714285714284,6.4,0.0,17.7,93.0
24163,336,16.49855072463768,37.642857142857146,29.877142857142854,6.2,0.0,19.3,93.0
25063,336,17.46,53.56521739130435,49.81304347826087,5.9,0.0,17.7,94.0
25963,336,18.527272727272727,54.86153846153847,51.00923076923077,5.8,0.0,16.1,94.0
26863,336,19.26176470588236,55.24264705882352,51.12058823529412,5.7,0.0,16.1,94.0
27763,336,19.71764705882353,54.20769230769231,50.49692307692308,5.7,0.0,17.7,94.0
28663,336,20.09692307692308,50.713235294117645,47.061764705882354,5.7,0.0,16.1,94.0
29563,336,20.437142857142856,51.67213114754098,47.90983606557377,5.5,0.0,14.5,94.0
30463,336,20.647692307692303,52.54285714285714,48.885714285714286,5.7,14.0,14.5,95.0
31363,336,20.876470588235293,53.65,50.95,5.7,18.0,12.9,94.0
32263,336,21.088235294117645,53.280303030303024,51.06363636363636,5.7,21.0,11.3,94.0
33163,336,21.182089552238807,38.732394366197184,35.54507042253521,5.9,39.0,12.9,94.0
34063,336,20.952238805970147,26.93382352941176,23.30294117647059,6.0,42.0,9.7,93.0
34963,336,20.60149253731344,22.0,19.55,6.0,51.0,12.9,93.0
35863,336,20.18285714285714,19.41891891891892,17.79189189189189,6.0,51.0,12.9,93.0
36763,336,19.759420289855072,17.97058823529412,16.77941176470588,6.3,72.0,11.3,92.0
37663,336,19.344615384615384,17.146153846153844,16.133846153846154,6.5,83.0,12.9,91.0
38563,336,18.966666666666665,16.54285714285714,15.688571428571429,6.6,100.0,12.9,91.0
39463,336,18.656923076923075,16.082089552238806,15.368656716417911,6.8,97.0,14.5,91.0
40363,336,18.39846153846154,16.0,15.113636363636363,6.9,105.0,12.9,90.0
41263,336,18.163235294117648,15.55072463768116,15.0,6.9,70.0,16.1,89.0
42163,336,18.044776119402982,15.776119402985074,15.107462686567164,6.9,70.0,16.1,89.0
43063,336,17.94705882352941,15.666666666666666,15.13181818181818,6.8,88.0,14.5,90.0
43963,336,17.81492537313433,15.5,14.991304347826087,6.8,91.0,16.1,90.0
44863,336,17.708695652173912,15.5,14.805797101449276,6.9,89.0,14.5,90.0
45763,336,17.605882352941176,15.5,14.8,6.8,69.0,14.5,90.0
46663,336,17.517391304347825,15.5,14.8,6.9,76.0,16.1,89.0
47563,336,17.446969696969695,15.5,14.773529411764708,7.1,76.0,17.7,88.0
48463,336,17.380281690140844,15.490740740740742,14.522222222222222,7.0,58.0,16.1,89.0
49363,336,17.315942028985507,26.453703703703702,21.024074074074072,6.9,54.0,14.5,89.0
50263,336,17.885915492957746,53.72727272727273,47.83030303030303,6.9,46.0,16.1,90.0
51163,336,18.90615384615385,40.25,37.03529411764706,6.9,46.0,17.7,90.0
52063,336,19.381818181818183,27.45522388059701,24.716417910447763,6.8,42.0,19.3,90.0
52963,336,19.489705882352943,22.35820895522388,20.7089552238806,6.8,32.0,19.3,89.0
53863,336,19.358823529411765,19.76153846153846,18.76153846153846,6.8,25.0,20.9,89.0
54763,336,19.12753623188405,18.31159420289855,17.615942028985508,6.8,19.0,20.9,89.0
55663,336,18.84,17.43181818181818,16.925757575757576,6.9,7.0,20.9,89.0
56563,336,18.575362318840583,16.860294117647058,16.402941176470588,6.8,0.0,19.3,90.0
57463,336,18.32238805970149,16.5,16.040625,6.7,0.0,17.7,90.0
58363,336,18.077142857142857,16.043478260869566,15.704347826086956,6.7,0.0,20.9,90.0
59263,336,17.873529411764707,16.0,15.461764705882354,6.8,0.0,20.9,90.0
60163,336,17.75,15.992537313432836,15.3,6.8,0.0,19.3,91.0
61063,336,17.7,15.8,15.3,7.1,0.0,22.5,91.0
61963,336,17.7,22.807142857142857,19.24714285714285,7.1,0.0,22.5,91.0
62863,336,18.02537313432836,53.0,46.07352941176471,7.5,0.0,20.9,91.0
63763,336,19.02753623188406,55.69565217391304,52.03478260869565,7.6,0.0,20.9,91.0
64663,336,19.88571428571429,55.52307692307693,52.24307692307692,7.6,0.0,22.5,93.0
65563,336,20.51186440677966,41.8768115942029,39.26521739130435,7.6,0.0,20.9,94.0
66463,336,20.66716417910448,43.06428571428572,40.22571428571429,7.6,0.0,20.9,94.0
67363,336,20.66417910447761,29.28358208955224,26.68507462686568,7.6,0.0,22.5,94.0
68263,336,20.43928571428572,22.649253731343286,20.86716417910448,7.6,0.0,20.9,94.0
69163,336,20.13148148148148,30.542857142857144,28.73142857142857,7.7,0.0,20.9,94.0
70063,336,19.975,26.46969696969697,25.55454545454545,7.8,0.0,20.9,93.0
70963,336,19.785714285714285,28.94776119402985,26.06716417910448,7.9,0.0,19.3,93.0
71863,336,19.943939393939395,46.99285714285715,44.504285714285714,7.9,0.0,19.3,92.0
72763,336,20.2609375,30.794117647058822,28.36029411764706,7.9,0.0,20.9,92.0
73663,336,20.27460317460317,38.65,34.53857142857143,8.2,0.0,22.5,92.0
74563,336,20.627692307692307,37.11363636363636,34.53333333333333,8.2,0.0,20.9,92.0
75463,336,20.68,26.11428571428572,23.32,8.1,0.0,20.9,92.0
76363,336,20.493939393939392,21.664285714285715,19.65428571428572,8.0,0.0,20.9,92.0
77263,336,20.1955223880597,19.417910447761194,17.986567164179103,7.9,0.0,20.9,93.0
78163,336,19.88358208955224,18.17142857142857,17.102857142857143,8.0,0.0,17.7,93.0
79063,336,19.53333333333333,17.446969696969695,16.8,7.9,0.0,17.7,93.0
79963,336,19.23636363636364,20.807692307692307,19.636923076923075,7.9,0.0,19.3,93.0
80863,336,19.20289855072464,38.13970588235294,33.239705882352936,7.9,0.0,17.7,94.0
81763,336,19.55151515151515,28.397058823529413,26.977941176470587,7.9,0.0,17.7,94.0
82663,336,19.683823529411764,22.34090909090909,21.333333333333336,7.9,0.0,16.1,94.0
83563,336,19.565217391304348,19.791044776119403,19.09402985074627,7.9,0.0,16.1,94.0
84463,336,19.404347826086955,18.477941176470587,17.939705882352943,7.9,0.0,14.5,94.0
85363,336,19.25072463768116,17.798507462686565,17.27164179104478,7.9,0.0,16.1,94.0
86263,336,19.05625,17.26086956521739,16.71014492753623,7.8,0.0,16.1,94.0
763,337,18.88550724637681,17.0,16.37272727272727,7.9,0.0,19.3,94.0
1663,337,18.72898550724637,16.611940298507463,16.14776119402985,7.8,0.0,16.1,94.0
2563,337,18.60579710144928,16.5,16.0,7.8,0.0,17.7,94.0
3463,337,18.49861111111111,16.5,15.84,7.9,0.0,17.7,94.0
4363,337,18.4,16.5,15.8,7.9,0.0,16.1,93.0
5263,337,18.313235294117646,16.08730158730159,15.547619047619047,8.0,0.0,17.7,93.0
6163,337,18.22173913043478,16.0,15.5,8.0,0.0,17.7,93.0
7063,337,18.16818181818181,16.0,15.5,8.1,0.0,17.7,93.0
7963,337,18.1,16.0,15.36764705882353,8.1,0.0,16.1,93.0
8863,337,18.0125,16.0,15.3,8.1,0.0,16.1,93.0
9763,337,17.989705882352943,16.0,15.3,8.1,0.0,17.7,93.0
10663,337,17.9,16.0,15.3,7.9,0.0,14.5,93.0
11563,337,17.87313432835821,16.0,15.29558823529412,7.9,0.0,12.9,93.0
12463,337,17.8,16.0,15.033870967741937,7.8,0.0,14.5,93.0
13363,337,17.787142857142857,15.865671641791044,15.0,7.6,0.0,11.3,93.0
14263,337,17.7,15.544776119402986,15.0,7.5,0.0,12.9,93.0
15163,337,17.7,15.5,15.0,7.4,0.0,14.5,93.0
16063,337,17.61756756756757,15.5,15.0,7.3,0.0,9.7,92.0
16963,337,17.6,15.5,15.0,7.2,0.0,11.3,92.0
17863,337,17.544776119402986,15.5,14.985074626865671,6.9,0.0,9.7,91.0
18763,337,17.5,15.5,14.84927536231884,6.6,0.0,9.7,91.0
19663,337,17.48805970149254,15.5,14.8,6.6,0.0,9.7,91.0
20563,337,17.4,15.5,14.8,6.5,0.0,9.7,90.0
21463,337,17.4,15.5,14.8,6.3,0.0,8.0,89.0
22363,337,17.326984126984126,15.5,14.8,6.3,0.0,9.7,89.0
23263,337,17.3,15.514925373134329,14.80597014925373,6.0,0.0,6.4,89.0
24163,337,17.34848484848485,37.638461538461534,29.96923076923077,5.9,0.0,9.7,89.0
25063,337,18.111940298507463,53.62878787878788,50.47272727272728,6.1,0.0,9.7,88.0
25963,337,19.11857142857143,54.770270270270274,51.62972972972973,6.1,0.0,6.4,88.0
26863,337,19.87391304347826,54.90151515151515,51.43333333333334,5.9,0.0,8.0,88.0
27763,337,20.43611111111111,54.99264705882352,51.40294117647058,5.8,0.0,6.4,88.0
28663,337,20.90579710144928,54.40972222222221,51.47361111111111,5.4,0.0,6.4,88.0
29563,337,20.76056338028169,54.88235294117648,51.76029411764706,5.4,0.0,9.7,88.0
30463,337,21.12205882352941,56.26865671641791,52.3820895522388,5.4,0.0,8.0,88.0
31363,337,21.52769230769231,56.68939393939394,52.98181818181818,5.0,7.0,4.8,88.0
32263,337,21.82753623188406,56.56617647058823,52.78235294117648,4.9,11.0,8.0,88.0
33163,337,21.9768115942029,41.53787878787879,38.0530303030303,5.2,21.0,8.0,87.0
34063,337,21.753731343283583,28.917910447761194,25.79850746268657,5.2,25.0,11.3,87.0
34963,337,21.38615384615385,23.919117647058822,21.94558823529412,5.2,26.0,9.7,87.0
35863,337,20.9661971830986,21.275362318840585,20.017391304347825,5.6,47.0,14.5,85.0
36763,337,20.561194029850743,19.746153846153845,18.843076923076925,5.8,77.0,14.5,85.0
37663,337,20.183823529411764,18.764705882352946,18.05,6.2,88.0,14.5,83.0
38563,337,19.86268656716418,18.15909090909091,17.55,6.6,120.0,11.3,83.0
39463,337,19.58095238095238,17.721311475409838,17.162295081967212,6.6,132.0,11.3,82.0
40363,337,19.374193548387098,17.5,16.907462686567165,6.7,142.0,12.9,81.0
41263,337,19.2268656716418,17.26086956521739,16.8,7.2,151.0,11.3,79.0
42163,337,19.056060606060605,17.0,16.5328125,7.1,123.0,11.3,79.0
43063,337,18.941538461538464,17.303030303030305,16.707575757575757,7.0,155.0,8.0,81.0
43963,337,18.835483870967742,17.0,16.435384615384613,6.9,134.0,9.7,80.0
44863,337,18.83142857142857,17.0,16.330303030303032,7.2,183.0,11.3,81.0
45763,337,18.81384615384616,16.907692307692308,16.267692307692307,7.4,188.0,11.3,81.0
46663,337,18.688235294117646,16.5,16.0,7.2,107.0,9.7,82.0
47563,337,18.6,16.5,15.903030303030302,7.2,111.0,11.3,82.0
48463,337,18.525,16.272058823529413,15.523529411764708,7.1,86.0,11.3,82.0
49363,337,18.428571428571427,16.31818181818182,15.5,7.0,84.0,12.9,83.0
50263,337,18.4,24.61029411764705,20.91764705882353,6.8,33.0,14.5,83.0
51163,337,18.537704918032787,24.828358208955223,24.13283582089552,6.6,28.0,12.9,83.0
52063,337,18.69701492537313,19.830882352941178,18.836764705882352,6.5,21.0,12.9,84.0
52963,337,18.689705882352943,18.25757575757576,17.306060606060605,6.4,28.0,14.5,84.0
53863,337,18.6,31.169117647058822,26.104411764705883,6.3,21.0,14.5,84.0
54763,337,18.991549295774647,49.927536231884055,45.84927536231884,6.2,18.0,12.9,85.0
55663,337,19.69701492537313,51.3203125,47.371875,6.1,7.0,12.9,85.0
56563,337,20.246666666666663,41.30597014925373,37.535820895522384,6.0,0.0,14.5,85.0
57463,337,20.67083333333333,51.07462686567165,46.797014925373134,6.0,0.0,16.1,85.0
58363,337,20.97076923076923,32.91666666666667,29.587878787878783,5.9,0.0,14.5,85.0
59263,337,20.90149253731344,25.61029411764706,23.36764705882353,5.8,0.0,12.9,85.0
60163,337,20.7,21.93076923076924,20.52769230769231,5.7,0.0,14.5,86.0
61063,337,20.354166666666664,19.823529411764707,18.81176470588236,5.7,0.0,14.5,86.0
61963,337,19.961764705882352,18.507692307692302,17.68769230769231,5.7,0.0,14.5,86.0
62863,337,19.62272727272727,17.695652173913043,16.997101449275362,5.7,0.0,12.9,86.0
63763,337,19.32647058823529,17.15671641791045,16.549253731343285,5.9,0.0,11.3,86.0
64663,337,19.11492537313433,16.87878787878788,16.245454545454546,5.9,0.0,14.5,85.0
65563,337,18.94090909090909,16.5,16.0,5.9,0.0,12.9,85.0
66463,337,18.813636363636363,16.5,16.096923076923076,5.8,0.0,12.9,86.0
67363,337,18.7,16.5,16.0,5.9,0.0,12.9,86.0
68263,337,18.60597014925373,16.5,15.843076923076923,5.9,0.0,12.9,86.0
69163,337,18.52285714285714,16.5,15.8,5.8,0.0,12.9,86.0
70063,337,18.475,16.5,15.73181818181818,5.8,0.0,16.1,87.0
70963,337,18.4,16.191176470588236,15.5,5.9,0.0,17.7,86.0
71863,337,18.33283582089552,16.0,15.5,5.9,0.0,17.7,86.0
72763,337,18.28923076923077,16.0,15.473134328358208,5.8,0.0,16.1,86.0
73663,337,18.2,16.0,15.30857142857143,5.9,0.0,16.1,85.0
74563,337,18.133823529411764,16.0,15.3,6.0,0.0,17.7,85.0
75463,337,18.04090909090909,16.0,15.3,5.9,0.0,16.1,85.0
76363,337,17.965671641791044,16.0,15.3,5.9,0.0,16.1,85.0
77263,337,17.8953125,16.0,15.3,5.7,0.0,14.5,86.0
78163,337,17.8,16.0,15.3,5.8,0.0,16.1,85.0
79063,337,17.8,16.0,15.3,5.8,0.0,19.3,86.0
79963,337,17.71818181818182,16.0,15.3,5.8,0.0,16.1,86.0
80863,337,17.7,16.0,15.25909090909091,5.8,0.0,14.5,86.0
81763,337,17.682089552238807,16.0,15.24090909090909,5.9,0.0,11.3,85.0
82663,337,18.58125,16.1328125,15.609375,6.0,0.0,12.9,85.0
83563,337,19.054411764705883,16.492537313432837,15.8044776119403,6.0,0.0,16.1,85.0
84463,337,18.40441176470588,16.45714285714286,15.774285714285714,6.1,0.0,14.5,84.0
85363,337,18.19142857142857,16.360294117647058,15.8,6.2,0.0,12.9,84.0
86263,337,17.99705882352941,16.0,15.670149253731344,6.2,0.0,12.9,84.0
763,338,17.853125,16.0,15.5,6.2,0.0,14.5,84.0
1663,338,17.75079365079365,16.0,15.5,6.2,0.0,14.5,85.0
2563,338,17.663333333333334,16.0,15.379411764705882,6.3,0.0,17.7,85.0
3463,338,17.6,16.0,15.3,6.6,0.0,17.7,86.0
4363,338,17.51267605633803,16.0,15.3,6.4,0.0,14.5,88.0
5263,338,17.491176470588236,15.977272727272728,15.286363636363635,6.6,0.0,19.3,91.0
6163,338,17.4,15.671428571428573,15.04285714285714,6.7,0.0,16.1,91.0
7063,338,17.4,15.5,15.0,6.8,0.0,16.1,92.0
7963,338,17.322388059701492,15.5,15.0,6.9,0.0,14.5,93.0
8863,338,17.3,15.5,15.0,6.7,0.0,17.7,93.0
9763,338,17.280597014925373,15.5,15.0,6.6,0.0,17.7,93.0
10663,338,17.2,15.5,15.0,6.7,0.0,17.7,94.0
11563,338,17.2,15.5,15.0,6.7,0.0,17.7,94.0
12463,338,17.17058823529412,15.5,15.0,6.8,0.0,17.7,94.0
13363,338,17.1,15.5,15.0,6.8,0.0,19.3,95.0
14263,338,17.1,15.5,14.99705882352941,6.9,0.0,17.7,94.0
15163,338,17.03235294117647,15.5,14.934426229508196,6.9,0.0,14.5,94.0
16063,338,17.0,15.5,14.814705882352944,7.1,0.0,16.1,94.0
16963,338,16.99705882352941,15.5,14.8,6.9,0.0,17.7,93.0
17863,338,16.906060606060606,15.5,14.8,6.8,0.0,16.1,93.0
18763,338,16.9,15.5,14.8,6.7,0.0,16.1,93.0
19663,338,16.9,15.5,14.8,6.6,0.0,16.1,94.0
20563,338,16.802985074626868,15.5,14.8,6.5,0.0,17.7,94.0
21463,338,16.8,16.0,14.894666666666666,6.5,0.0,17.7,94.0
22363,338,16.909230769230767,43.130136986301366,34.295890410958904,6.5,0.0,19.3,94.0
23263,338,17.8536231884058,55.63709677419355,51.40645161290323,6.4,0.0,17.7,94.0
24163,338,18.902941176470588,56.352112676056336,52.1943661971831,6.3,0.0,16.1,94.0
25063,338,19.70597014925373,56.5,52.325,6.3,0.0,17.7,94.0
25963,338,20.31617647058824,56.5,52.45072463768116,6.3,0.0,17.7,94.0
26863,338,20.772222222222226,55.815384615384616,52.03384615384615,6.2,0.0,19.3,95.0
27763,338,21.128358208955223,53.515625,50.6296875,6.2,0.0,19.3,95.0
28663,338,21.41076923076923,37.392857142857146,34.80714285714286,6.1,0.0,16.1,95.0
29563,338,21.216417910447763,27.63013698630137,25.135616438356163,6.1,0.0,14.5,95.0
30463,338,20.745205479452054,22.674242424242426,21.25151515151515,6.2,5.0,14.5,96.0
31363,338,20.3,20.313432835820898,19.402985074626866,6.2,9.0,16.1,95.0
32263,338,19.88115942028985,18.93181818181818,18.28787878787879,6.3,14.0,16.1,95.0
33163,338,19.524193548387096,18.147058823529413,17.570588235294117,6.3,16.0,17.7,95.0
34063,338,19.2268656716418,17.558823529411764,17.1,6.4,21.0,17.7,95.0
34963,338,18.91549295774648,17.1031746031746,16.695238095238096,6.6,21.0,20.9,94.0
35863,338,18.652941176470588,16.99264705882353,16.411764705882355,6.7,21.0,19.3,93.0
36763,338,18.441935483870967,16.523809523809526,16.19047619047619,6.7,23.0,19.3,93.0
37663,338,18.27462686567164,16.5,15.99402985074627,6.8,30.0,19.3,93.0
38563,338,18.137878787878787,16.5,15.808823529411764,6.9,118.0,20.9,92.0
39463,338,18.01764705882353,16.15441176470588,15.755882352941176,7.4,141.0,17.7,90.0
40363,338,17.913432835820895,16.0,15.5,7.3,32.0,17.7,90.0
41263,338,17.82089552238806,16.0,15.5,6.9,33.0,20.9,92.0
42163,338,17.766176470588235,16.0,15.376470588235293,7.2,132.0,19.3,92.0
43063,338,17.7,16.0,15.3,7.8,91.0,17.7,90.0
43963,338,17.619696969696967,16.0,15.3,7.8,127.0,17.7,90.0
44863,338,17.6,16.0,15.3,8.2,128.0,19.3,89.0
45763,338,17.558208955223883,16.0,15.246774193548386,8.2,186.0,17.7,88.0
46663,338,17.5,15.95,15.024,8.1,153.0,16.1,87.0
47563,338,17.5,15.59016393442623,15.0,8.4,130.0,17.7,86.0
48463,338,17.43768115942029,15.510204081632654,15.0,8.3,90.0,20.9,85.0
49363,338,17.4,15.5,15.0,8.2,58.0,19.3,85.0
50263,338,17.366666666666667,15.5,15.0,8.2,42.0,20.9,85.0
51163,338,17.3,15.5,15.0,8.1,33.0,20.9,86.0
52063,338,17.275,15.5,14.988888888888887,7.8,19.0,20.9,87.0
52963,338,17.2,15.5,14.825,7.7,19.0,17.7,87.0
53863,338,17.19855072463768,15.5,14.8,7.5,19.0,16.1,87.0
54763,338,17.1,15.5,14.8,7.6,19.0,17.7,87.0
55663,338,17.094545454545454,15.5,14.8,7.8,9.0,16.1,87.0
56563,338,17.0,15.5,14.8,7.8,5.0,19.3,87.0
57463,338,17.0,15.5,14.8,7.6,0.0,16.1,88.0
58363,338,16.92727272727273,15.5,14.8,7.6,0.0,14.5,88.0
59263,338,16.9,15.5,14.8,7.4,0.0,20.9,89.0
60163,338,16.9,15.5,14.8,7.3,0.0,20.9,89.0
61063,338,16.813333333333333,15.472602739726028,14.7013698630137,7.2,0.0,22.5,90.0
61963,338,16.813636363636363,27.939189189189182,21.936486486486487,7.2,0.0,19.3,90.0
62863,338,17.41159420289855,54.3,48.88428571428572,7.1,0.0,20.9,92.0
63763,338,18.391044776119404,55.58955223880597,52.3955223880597,7.1,0.0,22.5,91.0
64663,338,19.238235294117647,55.18181818181819,52.1060606060606,7.0,0.0,24.1,91.0
65563,338,20.19577464788733,54.93650793650794,50.54444444444445,7.0,0.0,25.7,91.0
66463,338,20.94202898550725,56.09285714285714,51.68714285714286,6.9,0.0,22.5,91.0
67363,338,21.2,52.852459016393446,49.52950819672131,6.8,0.0,24.1,92.0
68263,338,21.3015873015873,55.7936507936508,52.373015873015866,6.8,0.0,24.1,92.0
69163,338,21.53548387096774,56.0,53.0,6.9,0.0,22.5,92.0
70063,338,21.77462686567164,56.0,53.070588235294125,7.1,0.0,24.1,92.0
70963,338,21.970491803278687,55.03571428571429,52.24428571428572,7.0,0.0,20.9,92.0
71863,338,22.0,52.007936507936506,49.2015873015873,6.9,0.0,19.3,93.0
72763,338,21.93088235294117,51.45454545454545,47.9030303030303,6.8,0.0,14.5,93.0
73663,338,21.99375,55.6304347826087,52.64782608695653,6.9,0.0,19.3,93.0
74563,338,22.11014492753624,41.41379310344827,38.69655172413793,6.9,0.0,16.1,93.0
75463,338,21.92142857142857,28.29850746268657,25.8,7.0,0.0,19.3,93.0
76363,338,21.613235294117647,23.56716417910448,21.98059701492537,6.9,0.0,19.3,94.0
77263,338,21.24285714285714,21.051470588235293,19.929411764705883,6.9,0.0,19.3,93.0
78163,338,20.892307692307693,19.49275362318841,18.47536231884058,6.9,0.0,20.9,93.0
79063,338,20.6015625,18.57971014492754,17.652173913043477,6.9,0.0,19.3,92.0
79963,338,20.315942028985507,17.985507246376812,17.14782608695652,6.8,0.0,19.3,92.0
80863,338,20.056716417910447,17.455223880597014,16.801492537313433,6.8,0.0,20.9,93.0
81763,338,19.79692307692308,17.2265625,16.46875,6.9,0.0,17.7,92.0
82663,338,19.558208955223883,17.0,16.3,7.0,0.0,16.1,93.0
83563,338,19.35652173913044,17.0,16.43913043478261,7.1,0.0,17.7,93.0
84463,338,19.228571428571428,17.0,16.3,7.1,0.0,17.7,94.0
85363,338,19.140625,17.0,16.46716417910448,7.2,0.0,16.1,95.0
86263,338,19.02463768115942,17.0,16.3,7.3,0.0,20.9,94.0
763,339,18.923880597014925,17.0,16.197142857142858,7.4,0.0,22.5,94.0
1663,339,18.81764705882353,16.6984126984127,16.0,7.4,0.0,24.1,94.0
2563,339,18.70746268656716,16.5,16.0,7.4,0.0,24.1,93.0
3463,339,18.61428571428572,16.5,15.993846153846151,7.4,0.0,27.4,93.0
4363,339,18.54179104477612,16.5,15.8231884057971,7.3,0.0,29.0,92.0
5263,339,18.47536231884058,16.5,15.8,7.2,0.0,22.5,92.0
6163,339,18.4,16.5,15.8,7.2,0.0,25.7,91.0
7063,339,18.33432835820896,16.5,15.8,7.1,0.0,25.7,92.0
7963,339,18.27142857142857,16.5,15.704545454545451,7.2,0.0,27.4,91.0
8863,339,18.2,16.5,15.72741935483871,7.3,0.0,25.7,91.0
9763,339,18.165714285714284,16.464788732394364,15.5,7.3,0.0,25.7,91.0
10663,339,18.1,16.053030303030305,15.5,7.2,0.0,22.5,92.0
11563,339,18.02622950819672,16.0,15.5,7.2,0.0,24.1,93.0
12463,339,18.0,16.0,15.5,7.0,0.0,24.1,92.0
13363,339,17.913636363636364,16.0,15.5,6.9,0.0,24.1,92.0
14263,339,17.891935483870967,16.0,15.461194029850745,6.8,0.0,20.9,92.0
15163,339,17.8,16.0,15.302898550724638,6.8,0.0,20.9,92.0
16063,339,17.8,16.0,15.3,6.9,0.0,19.3,91.0
16963,339,17.71029411764706,16.0,15.3,6.9,0.0,17.7,92.0
17863,339,17.7,16.0,15.3,6.8,0.0,19.3,92.0
18763,339,17.616417910447762,16.0,15.3,6.8,0.0,22.5,92.0
19663,339,17.6,16.0,15.3,6.9,0.0,24.1,91.0
20563,339,17.553521126760565,16.0,15.229411764705882,6.9,0.0,22.5,90.0
21463,339,17.5,16.40909090909091,15.166666666666666,6.6,0.0,25.7,89.0
22363,339,17.582608695652176,43.77857142857143,34.97714285714285,6.6,0.0,29.0,88.0
23263,339,18.444117647058825,55.69444444444444,51.73472222222222,6.5,0.0,22.5,87.0
24163,339,19.373529411764707,56.28873239436619,52.55070422535211,6.6,0.0,27.4,87.0
25063,339,20.086153846153845,55.130769230769225,51.31384615384616,6.6,0.0,30.6,88.0
25963,339,20.58125,54.92537313432835,50.89253731343284,6.4,0.0,25.7,89.0
26863,339,21.17313432835821,51.940298507462686,49.55671641791045,6.3,0.0,24.1,91.0
27763,339,21.45079365079365,38.93939393939394,36.77727272727272,6.3,0.0,24.1,92.0
28663,339,21.21643835616438,29.02173913043478,26.84057971014493,6.4,0.0,24.1,93.0
29563,339,20.90833333333333,23.275362318840585,21.85652173913044,6.4,5.0,22.5,93.0
30463,339,20.58,20.69402985074627,19.623880597014924,6.6,5.0,20.9,93.0
31363,339,20.21363636363636,19.214285714285715,18.38142857142857,6.6,11.0,22.5,92.0
32263,339,19.902941176470588,18.318840579710145,17.67101449275362,6.7,25.0,22.5,92.0
33163,339,19.62608695652174,17.757575757575758,17.15909090909091,6.8,26.0,25.7,92.0
34063,339,19.376470588235293,17.49264705882353,16.852941176470587,7.0,30.0,27.4,91.0
34963,339,19.13478260869565,17.014492753623188,16.534782608695654,7.1,32.0,25.7,91.0
35863,339,18.92028985507246,17.0,16.33142857142857,7.3,32.0,29.0,89.0
36763,339,18.734848484848484,16.808823529411764,16.20294117647059,7.3,46.0,29.0,89.0
37663,339,18.57205882352941,16.5,16.0,7.3,58.0,25.7,90.0
38563,339,18.452238805970147,16.5,15.957575757575755,7.4,72.0,24.1,90.0
39463,339,18.35735294117647,16.5,15.805633802816905,7.4,86.0,27.4,90.0
40363,339,18.265625,16.5,15.8,7.5,91.0,25.7,90.0
41263,339,18.2,16.5,15.765714285714283,7.4,91.0,27.4,90.0
42163,339,18.106944444444444,16.391304347826086,15.513043478260869,7.4,93.0,25.7,90.0
43063,339,18.05797101449276,16.022727272727273,15.5,7.5,81.0,30.6,90.0
43963,339,18.0,16.0,15.5,7.4,79.0,30.6,90.0
44863,339,17.92753623188406,16.0,15.5,7.5,83.0,25.7,89.0
45763,339,17.9,16.0,15.491176470588234,7.6,74.0,27.4,89.0
46663,339,17.806060606060605,16.0,15.340579710144928,7.7,77.0,29.0,87.0
47563,339,17.8,16.0,15.3,7.7,69.0,27.4,87.0
48463,339,17.731428571428573,16.0,15.3,7.5,58.0,29.0,87.0
49363,339,17.7,16.0,15.3,7.4,49.0,27.4,88.0
50263,339,17.633333333333333,16.0,15.3,7.3,30.0,30.6,88.0
51163,339,17.6,16.0,15.3,7.2,39.0,29.0,88.0
52063,339,17.555882352941175,16.0,15.20735294117647,7.1,28.0,29.0,88.0
52963,339,17.5,16.0,15.017142857142858,7.1,26.0,24.1,88.0
53863,339,17.461764705882352,16.0,15.0,6.9,23.0,22.5,88.0
54763,339,17.4,15.79285714285714,15.0,6.9,19.0,22.5,89.0
55663,339,17.388235294117646,15.514084507042252,15.0,7.1,12.0,29.0,88.0
56563,339,17.3,15.5,15.0,7.1,19.0,32.2,87.0
57463,339,17.3,15.5,15.0,7.2,9.0,33.8,87.0
58363,339,17.236065573770492,15.5,15.0,7.2,0.0,33.8,86.0
59263,339,17.2,15.5,15.0,7.1,0.0,33.8,87.0
60163,339,17.17878787878788,15.5,14.982352941176469,7.1,0.0,32.2,87.0
61063,339,17.1,15.5,14.828571428571427,6.9,0.0,24.1,88.0
61963,339,17.11230769230769,29.05970149253731,22.75522388059701,6.9,0.0,24.1,88.0
62863,339,17.71363636363636,54.559701492537314,48.88656716417911,6.9,0.0,20.9,89.0
63763,339,18.766176470588235,56.07857142857144,52.18857142857142,6.8,0.0,19.3,89.0
64663,339,19.523529411764702,55.120000000000005,51.474,7.1,0.0,33.8,87.0
65563,339,19.966666666666665,55.11904761904761,51.903174603174605,7.2,0.0,33.8,87.0
66463,339,20.32575757575757,55.984375,52.371875,7.6,0.0,35.4,85.0
67363,339,20.626984126984127,52.70454545454545,49.904545454545456,7.7,0.0,35.4,84.0
68263,339,20.85322580645161,53.93076923076923,50.84307692307692,8.1,0.0,35.4,83.0
69163,339,21.31692307692308,54.42307692307693,50.85230769230769,8.1,0.0,38.6,82.0
70063,339,21.696610169491528,40.58064516129032,38.3016129032258,8.1,0.0,38.6,83.0
70963,339,21.446774193548386,27.28125,24.96875,8.0,0.0,38.6,83.0
71863,339,21.095081967213115,22.827868852459016,21.07049180327869,7.8,0.0,38.6,85.0
72763,339,20.758333333333333,20.67460317460317,19.37619047619048,7.8,0.0,37.0,85.0
73663,339,20.42,19.171641791044777,18.10149253731344,7.9,0.0,37.0,86.0
74563,339,20.07719298245614,18.229508196721312,17.334426229508196,7.9,0.0,38.6,87.0
75463,339,19.77878787878788,17.696969696969695,16.903030303030302,7.9,0.0,35.4,87.0
76363,339,19.509375,17.404761904761905,16.585714285714285,7.9,0.0,33.8,87.0
77263,339,19.26034482758621,17.0,16.5,8.0,0.0,33.8,87.0
78163,339,19.039682539682538,17.0,16.345901639344262,8.0,0.0,32.2,87.0
79063,339,18.85373134328358,16.977272727272727,16.3,8.1,0.0,37.0,87.0
79963,339,18.71044776119403,16.86764705882353,16.275,8.1,0.0,35.4,88.0
80863,339,18.682089552238807,16.916666666666664,16.259090909090908,8.0,0.0,20.9,88.0
81763,339,18.83934426229508,17.0,16.453125,8.0,0.0,24.1,88.0
82663,339,19.811940298507466,17.195652173913043,16.826086956521742,8.0,0.0,27.4,89.0
83563,339,19.34776119402985,17.0,16.3578125,8.0,0.0,25.7,89.0
84463,339,18.942424242424245,16.62280701754386,15.908771929824562,8.0,0.0,17.7,89.0
85363,339,18.664615384615384,16.5,15.67910447761194,8.0,0.0,19.3,89.0
86263,339,18.48507462686567,16.36764705882353,15.5,8.1,0.0,20.9,89.0
763,340,18.3483870967742,16.0,15.315384615384616,8.1,0.0,24.1,89.0
1663,340,18.20746268656716,16.0,15.3,8.1,0.0,30.6,89.0
2563,340,18.096969696969698,16.0,15.080597014925374,8.1,0.0,22.5,89.0
3463,340,18.0,16.0,15.0,8.1,0.0,17.7,90.0
4363,340,17.9078125,16.0,15.0,8.1,0.0,16.1,90.0
5263,340,17.83970588235294,15.928571428571429,15.0,8.2,0.0,14.5,89.0
6163,340,17.8,15.553846153846155,14.966153846153848,8.2,0.0,19.3,89.0
7063,340,17.71967213114754,15.5,14.806451612903226,8.2,0.0,22.5,88.0
7963,340,17.7,15.5,14.8,8.2,0.0,22.5,88.0
8863,340,17.613636363636363,15.5,14.8,8.3,0.0,33.8,87.0
9763,340,17.6,15.5,14.8,8.3,0.0,37.0,86.0
10663,340,17.522222222222222,15.5,14.8,8.3,0.0,33.8,86.0
11563,340,17.5,15.5,14.8,8.3,0.0,35.4,86.0
12463,340,17.453125,15.5,14.795384615384616,8.4,0.0,37.0,86.0
13363,340,17.4,15.5,14.6265625,8.4,0.0,35.4,86.0
14263,340,17.398275862068964,15.5,14.5,8.3,0.0,33.8,85.0
15163,340,17.3,15.5,14.5,8.4,0.0,32.2,85.0
16063,340,17.3,15.5,14.5,8.6,0.0,35.4,84.0
16963,340,17.259677419354837,15.5,14.5,8.6,0.0,32.2,84.0
17863,340,17.2,15.5,14.5,8.6,0.0,37.0,84.0
18763,340,17.2,15.5,14.5,8.6,0.0,35.4,84.0
19663,340,17.14032258064516,15.5,14.5,8.7,0.0,37.0,84.0
20563,340,17.1,15.490196078431373,14.5,8.8,0.0,35.4,84.0
21463,340,17.1,15.79591836734694,14.60204081632653,8.9,0.0,35.4,83.0
22363,340,17.22352941176471,41.02142857142857,33.660000000000004,9.0,0.0,33.8,83.0
23263,340,18.218840579710143,51.798507462686565,50.331343283582086,8.9,0.0,32.2,84.0
24163,340,19.16190476190476,52.60769230769231,51.0,8.8,0.0,32.2,85.0
25063,340,19.804615384615385,53.25,51.07272727272728,8.8,0.0,33.8,86.0
25963,340,20.27741935483871,52.60769230769231,50.66769230769231,8.6,0.0,33.8,88.0
26863,340,20.55,39.55223880597015,36.70746268656716,8.9,0.0,33.8,84.0
27763,340,20.55806451612904,48.12903225806452,44.80806451612903,9.1,0.0,33.8,84.0
28663,340,20.6390625,34.8,32.086666666666666,9.1,0.0,32.2,83.0
29563,340,20.5268656716418,25.977941176470587,23.89558823529412,9.2,0.0,33.8,82.0
30463,340,20.35538461538461,22.545454545454547,20.775757575757574,9.2,0.0,25.7,82.0
31363,340,20.125,20.464788732394364,19.34929577464789,9.2,0.0,24.1,81.0
32263,340,19.8536231884058,19.015625,18.1984375,9.3,5.0,25.7,80.0
33163,340,19.567692307692308,18.15909090909091,17.466666666666665,9.3,11.0,24.1,81.0
34063,340,19.313432835820898,17.557377049180328,16.991803278688526,9.6,21.0,35.4,79.0
34963,340,19.08939393939394,17.2,16.675384615384615,9.6,25.0,32.2,81.0
35863,340,18.89354838709677,17.0,16.423076923076923,9.5,33.0,30.6,83.0
36763,340,18.686153846153847,16.888059701492537,16.291044776119403,9.6,35.0,32.2,83.0
37663,340,18.53230769230769,16.5,16.009090909090908,9.6,35.0,35.4,83.0
38563,340,18.384848484848483,16.5,15.963076923076922,9.6,39.0,33.8,83.0
39463,340,18.26363636363636,16.5,15.8,9.7,42.0,32.2,82.0
40363,340,18.18088235294117,16.5,15.8,9.8,44.0,32.2,82.0
41263,340,18.1,16.5,15.78095238095238,10.0,58.0,40.2,80.0
42163,340,18.01578947368421,16.291044776119403,15.517910447761192,10.1,54.0,43.5,81.0
43063,340,17.984615384615385,16.0,15.5,10.1,62.0,41.8,82.0
43963,340,17.9,16.0,15.5,10.1,65.0,46.7,82.0
44863,340,17.877777777777776,16.0,15.5,10.1,76.0,43.5,83.0
45763,340,17.8,16.0,15.5,10.0,60.0,37.0,84.0
46663,340,17.8,16.0,15.407692307692306,10.2,102.0,32.2,85.0
47563,340,17.75079365079365,16.0,15.3,10.2,76.0,30.6,85.0
48463,340,17.7,16.0,15.3,10.2,47.0,35.4,86.0
49363,340,17.7,16.0,15.3,10.0,42.0,40.2,87.0
50263,340,17.65147058823529,16.0,15.3,9.7,25.0,37.0,90.0
51163,340,17.6,16.0,15.3,9.8,28.0,33.8,89.0
52063,340,17.6,16.0,15.3,10.3,21.0,37.0,87.0
52963,340,17.529508196721313,16.0,15.3,10.2,33.0,37.0,88.0
53863,340,17.5,16.0,15.3,10.0,12.0,40.2,89.0
54763,340,17.5,16.0,15.2578125,9.9,7.0,41.8,90.0
55663,340,17.403030303030302,16.0,15.043548387096774,10.1,5.0,41.8,89.0
56563,340,17.4,15.991935483870966,15.0,10.3,0.0,41.8,89.0
57463,340,17.392537313432836,15.968253968253968,15.0,10.2,0.0,37.0,90.0
58363,340,17.3,15.707692307692309,15.0,10.3,0.0,38.6,90.0
59263,340,17.3,15.524193548387098,15.0,10.4,0.0,40.2,89.0
60163,340,17.3,15.5,15.0,10.6,0.0,40.2,88.0
61063,340,17.2234375,15.5,15.0,10.6,0.0,35.4,89.0
61963,340,17.21846153846154,29.13636363636364,22.8439393939394,10.5,0.0,35.4,89.0
62863,340,17.774193548387096,54.91379310344828,48.720689655172414,10.5,0.0,40.2,90.0
63763,340,18.714925373134328,55.516666666666666,51.66,10.4,0.0,35.4,90.0
64663,340,19.467741935483872,55.859375,51.5359375,10.7,0.0,46.7,90.0
65563,340,20.1453125,54.9051724137931,51.320689655172416,10.7,0.0,38.6,90.0
66463,340,20.69838709677419,43.84090909090909,40.768181818181816,10.8,0.0,38.6,90.0
67363,340,20.84655172413793,47.671875,44.13125,10.9,0.0,35.4,89.0
68263,340,20.871641791044777,38.30769230769231,35.42153846153846,11.2,0.0,40.2,88.0
69163,340,20.865573770491803,27.17910447761194,24.82985074626865,11.2,0.0,37.0,88.0
70063,340,20.628985507246377,22.628571428571423,21.07,11.1,0.0,40.2,90.0
70963,340,20.316901408450704,20.28125,19.20625,11.2,0.0,38.6,89.0
71863,340,20.0171875,18.98360655737705,18.14754098360656,11.2,0.0,33.8,89.0
72763,340,19.769230769230766,18.216417910447763,17.508955223880598,11.2,0.0,37.0,88.0
73663,340,19.516417910447764,17.7,17.058461538461536,11.4,0.0,45.1,88.0
74563,340,19.315625,17.432835820895523,16.746268656716417,11.6,0.0,41.8,88.0
75463,340,19.124242424242425,17.0,16.475384615384616,11.4,0.0,40.2,90.0
76363,340,18.95522388059701,17.0,16.3,11.3,0.0,41.8,91.0
77263,340,18.80454545454545,16.798507462686565,16.080597014925374,11.4,0.0,40.2,90.0
78163,340,18.650819672131146,16.5,16.0,11.4,0.0,41.8,91.0
79063,340,18.531666666666663,16.5,15.861538461538462,11.2,0.0,37.0,92.0
79963,340,18.426865671641792,16.5,15.8,11.2,0.0,35.4,92.0
80863,340,18.34754098360656,16.5,15.656521739130437,11.4,0.0,35.4,91.0
81763,340,18.26507936507937,16.5,15.513636363636362,11.6,0.0,38.6,91.0
82663,340,18.24242424242424,16.5,15.662121212121212,11.8,0.0,37.0,90.0
83563,340,19.028358208955225,16.51639344262295,16.18688524590164,11.9,0.0,40.2,90.0
84463,340,18.72238805970149,16.5,15.959375,11.9,0.0,40.2,90.0
85363,340,18.42173913043478,16.5,15.8,12.1,0.0,40.2,89.0
86263,340,18.2578125,16.5,15.752380952380951,12.1,0.0,38.6,90.0
763,341,18.2,16.5,15.838805970149256,12.1,0.0,45.1,91.0
1663,341,18.17205882352941,16.5,15.933333333333334,12.3,0.0,40.2,90.0
2563,341,18.1,16.5,15.819354838709677,12.3,0.0,40.2,91.0
3463,341,18.06875,16.5,15.8,12.2,0.0,33.8,91.0
4363,341,18.0,16.5,15.8,12.2,0.0,33.8,92.0
5263,341,17.96769230769231,16.5,15.8,12.2,0.0,33.8,92.0
6163,341,17.9,16.5,15.8,12.2,0.0,37.0,92.0
7063,341,17.886764705882353,16.5,15.779310344827588,12.2,0.0,35.4,93.0
7963,341,17.8,16.333333333333336,15.54285714285714,12.2,0.0,32.2,92.0
8863,341,17.8,16.040983606557376,15.5,12.4,0.0,37.0,92.0
9763,341,17.798461538461538,16.0,15.5,12.4,0.0,35.4,91.0
10663,341,17.70625,16.0,15.5,12.4,0.0,43.5,91.0
11563,341,17.7,16.0,15.5,12.4,0.0,38.6,92.0
12463,341,17.7,16.0,15.5,10.2,0.0,32.2,93.0
13363,341,17.6453125,16.0,15.48709677419355,9.7,0.0,33.8,94.0
14263,341,17.6,16.0,15.334920634920636,8.2,0.0,32.2,95.0
15163,341,17.6,16.0,15.3,7.9,0.0,33.8,93.0
16063,341,17.504838709677422,16.0,15.3,7.0,0.0,40.2,91.0
16963,341,17.5,16.0,15.3,6.5,0.0,38.6,87.0
17863,341,17.43768115942029,16.0,15.3,6.1,0.0,40.2,83.0
18763,341,17.4,16.0,15.3,6.0,0.0,35.4,85.0
19663,341,17.349206349206348,16.0,15.3,5.7,0.0,45.1,81.0
20563,341,17.3,16.0,15.3,5.6,0.0,37.0,81.0
21463,341,17.269841269841272,16.484615384615385,15.41076923076923,5.7,0.0,37.0,80.0
22363,341,17.32923076923077,43.32089552238806,34.88507462686567,5.9,0.0,35.4,79.0
23263,341,18.06615384615385,55.74603174603175,51.8063492063492,6.4,0.0,35.4,79.0
24163,341,18.90615384615385,56.02173913043479,52.7695652173913,6.6,0.0,38.6,78.0
25063,341,19.574603174603176,56.046875,52.6859375,6.5,0.0,38.6,79.0
25963,341,20.16617647058824,55.277777777777786,51.37619047619048,6.5,0.0,33.8,80.0
26863,341,20.7,42.42142857142857,39.76428571428572,6.4,0.0,38.6,80.0
27763,341,21.056060606060605,44.02678571428572,41.49464285714286,6.3,0.0,38.6,80.0
28663,341,21.0280701754386,33.609589041095894,31.4027397260274,6.3,0.0,37.0,81.0
29563,341,20.761194029850746,25.3046875,23.7796875,6.1,0.0,40.2,83.0
30463,341,20.43582089552239,21.797101449275363,20.714492753623187,5.5,0.0,33.8,88.0
31363,341,20.069230769230767,19.954545454545453,19.156060606060606,5.2,5.0,33.8,87.0
32263,341,19.76290322580645,18.8768115942029,18.194202898550724,5.0,16.0,30.6,89.0
33163,341,19.453030303030303,18.16935483870968,17.570967741935483,5.3,18.0,32.2,86.0
34063,341,19.20714285714286,17.72222222222222,17.166666666666664,5.3,28.0,30.6,86.0
34963,341,18.975757575757576,17.5,16.858823529411765,5.3,16.0,33.8,83.0
35863,341,18.783076923076923,17.066176470588236,16.605882352941176,5.1,42.0,30.6,85.0
36763,341,18.6089552238806,17.0,16.468421052631577,5.1,70.0,27.4,87.0
37663,341,18.46764705882353,17.0,16.3,5.7,63.0,27.4,83.0
38563,341,18.361290322580647,16.753968253968253,16.195238095238096,5.8,90.0,27.4,82.0
39463,341,18.243548387096773,16.5,16.0,5.9,56.0,25.7,79.0
40363,341,18.15820895522388,16.5,16.0,5.8,70.0,25.7,79.0
41263,341,18.075,16.5,15.865625,5.6,46.0,27.4,79.0
42163,341,18.0,16.5,15.8,5.4,40.0,30.6,77.0
43063,341,17.916129032258063,16.5,15.8,4.6,30.0,27.4,79.0
43963,341,17.8484375,16.5,15.72153846153846,4.2,46.0,22.5,81.0
44863,341,17.8,16.416666666666664,15.504545454545454,4.3,102.0,27.4,81.0
45763,341,17.744776119402985,16.037313432835823,15.5,4.4,77.0,29.0,81.0
46663,341,17.7,16.0,15.5,4.4,35.0,27.4,82.0
47563,341,17.633823529411764,16.0,15.5,4.2,86.0,29.0,82.0
48463,341,17.6,16.0,15.443283582089553,4.2,67.0,30.6,80.0
49363,341,17.54264705882353,16.0,15.30597014925373,4.4,72.0,29.0,78.0
50263,341,17.5,16.0,15.3,4.2,26.0,30.6,79.0
51163,341,17.430882352941175,16.0,15.3,3.8,19.0,27.4,82.0
52063,341,17.4,16.0,15.3,3.8,14.0,27.4,81.0
52963,341,17.317910447761193,16.0,15.3,3.8,14.0,25.7,81.0
53863,341,17.3,16.0,15.29516129032258,4.1,11.0,29.0,79.0
54763,341,17.2203125,16.0,15.13125,4.2,11.0,27.4,78.0
55663,341,17.2,16.0,15.0,4.2,5.0,29.0,78.0
56563,341,17.119354838709675,15.869230769230768,15.0,4.0,0.0,24.1,80.0
57463,341,17.096969696969698,15.545454545454549,15.0,3.1,0.0,22.5,85.0
58363,341,17.0,15.5,15.0,3.1,0.0,20.9,84.0
59263,341,16.993846153846153,15.5,15.0,3.1,0.0,20.9,86.0
60163,341,16.9,15.5,15.0,3.1,0.0,22.5,85.0
61063,341,16.9,15.5,14.985507246376812,2.7,0.0,20.9,89.0
61963,341,16.851612903225806,28.24242424242424,22.42878787878788,2.6,0.0,22.5,89.0
62863,341,17.3969696969697,54.409090909090914,48.74848484848485,2.3,0.0,22.5,91.0
63763,341,18.38636363636364,55.673913043478265,52.18985507246376,2.1,0.0,19.3,92.0
64663,341,19.1421875,55.15,51.57166666666667,2.1,0.0,17.7,91.0
65563,341,19.72615384615385,55.64179104477612,51.788059701492536,2.2,0.0,20.9,89.0
66463,341,20.16190476190476,51.71428571428571,47.81428571428572,2.1,0.0,20.9,90.0
67363,341,20.50597014925373,51.94202898550725,48.56811594202899,2.1,0.0,19.3,89.0
68263,341,20.6,43.14615384615384,39.36923076923077,2.2,0.0,16.1,88.0
69163,341,20.67183098591549,49.8203125,46.440625,2.1,0.0,19.3,89.0
70063,341,20.72608695652174,32.78787878787879,30.29848484848485,2.1,0.0,19.3,88.0
70963,341,20.55873015873016,25.36231884057971,23.61304347826087,2.2,0.0,17.7,88.0
71863,341,20.2672131147541,22.03174603174603,20.74285714285714,2.2,0.0,19.3,87.0
72763,341,19.946428571428573,19.725806451612904,18.798387096774192,2.1,0.0,17.7,88.0
73663,341,19.727941176470587,35.720338983050844,31.589830508474574,1.8,0.0,19.3,89.0
74563,341,19.880701754385964,33.5546875,31.65625,1.7,0.0,19.3,89.0
75463,341,19.843333333333334,24.51538461538461,22.81846153846154,1.4,0.0,16.1,90.0
76363,341,19.698461538461537,21.008064516129032,19.870967741935484,1.5,0.0,17.7,90.0
77263,341,19.5328125,19.23148148148148,18.38703703703704,1.5,0.0,19.3,89.0
78163,341,19.291304347826088,18.15625,17.421875,1.5,0.0,17.7,89.0
79063,341,19.01076923076923,17.57258064516129,16.90967741935484,1.6,0.0,17.7,87.0
79963,341,18.77833333333333,28.68032786885246,24.427868852459017,1.6,0.0,19.3,87.0
80863,341,19.10923076923077,52.71153846153847,47.76923076923077,1.5,0.0,16.1,88.0
81763,341,19.77058823529412,36.5,33.4,1.6,0.0,16.1,88.0
82663,341,19.9,,,1.6,0.0,19.3,87.0
83563,341,19.762686567164177,21.142857142857142,19.878571428571423,1.4,0.0,16.1,87.0
84463,341,19.59076923076924,20.35833333333333,19.425,1.4,0.0,17.7,87.0
85363,341,19.395454545454548,18.71551724137931,18.056896551724137,1.2,0.0,16.1,88.0
86263,341,19.18088235294117,17.733333333333334,17.086666666666666,1.3,0.0,16.1,85.0
763,342,18.96935483870968,17.1484375,16.5484375,1.3,0.0,17.7,84.0
1663,342,18.777272727272727,16.791666666666664,16.195,1.2,0.0,19.3,82.0
2563,342,18.60757575757576,16.5,15.908196721311477,1.1,0.0,19.3,82.0
3463,342,18.45,16.441666666666666,15.725,1.1,0.0,17.7,81.0
4363,342,18.33283582089552,16.008196721311474,15.5,0.8,0.0,16.1,81.0
5263,342,18.1921875,16.0,15.389655172413793,0.6,0.0,12.9,81.0
6163,342,18.07575757575757,16.0,15.34262295081967,0.6,0.0,16.1,80.0
7063,342,17.979365079365078,17.509090909090908,16.23090909090909,0.7,0.0,14.5,81.0
7963,342,18.06885245901639,45.625,38.59285714285714,0.5,0.0,12.9,82.0
8863,342,18.650746268656714,36.0625,34.06875,0.2,0.0,16.1,84.0
9763,342,18.944444444444446,25.637931034482754,23.96206896551724,0.2,0.0,16.1,83.0
10663,342,19.0,21.52884615384616,20.346153846153847,0.1,0.0,17.7,82.0
11563,342,18.911764705882355,19.352941176470587,18.601960784313725,0.1,0.0,17.7,81.0
12463,342,18.764615384615382,18.59259259259259,18.024074074074072,-0.2,0.0,16.1,82.0
13363,342,18.683333333333334,42.99122807017544,37.14561403508772,-0.3,0.0,16.1,83.0
14263,342,19.146153846153844,37.13725490196079,35.09803921568628,-0.4,0.0,17.7,84.0
15163,342,19.37846153846154,26.142857142857142,24.3,-0.4,0.0,19.3,83.0
16063,342,19.391044776119404,21.903508771929825,20.657894736842103,-0.6,0.0,17.7,83.0
16963,342,19.22923076923077,19.7,18.877777777777776,-0.6,0.0,17.7,83.0
17863,342,18.97164179104477,20.40566037735849,19.56981132075472,-0.7,0.0,20.9,83.0
18763,342,18.940625,46.71276595744681,41.1063829787234,-0.8,0.0,19.3,84.0
19663,342,19.40483870967742,34.52586206896552,32.29137931034482,-1.0,0.0,17.7,85.0
20563,342,19.59384615384615,25.098214285714285,23.35535714285714,-0.9,0.0,19.3,84.0
21463,342,19.47230769230769,22.571428571428573,21.512244897959185,-0.8,0.0,22.5,82.0
22363,342,19.39253731343284,46.67647058823529,40.64705882352941,-0.8,0.0,20.9,82.0
23263,342,19.91272727272728,52.91,50.078,-0.9,0.0,22.5,82.0
24163,342,20.27,41.473214285714285,38.2125,-0.9,0.0,22.5,82.0
25063,342,20.584615384615383,49.82758620689656,46.59137931034483,-1.0,0.0,19.3,83.0
25963,342,20.7,34.31372549019608,31.6921568627451,-0.8,0.0,22.5,81.0
26863,342,20.75573770491804,47.83928571428572,43.34464285714286,-0.7,0.0,25.7,80.0
27763,342,20.9578125,31.28070175438597,31.8561403508772,-0.8,0.0,22.5,80.0
28663,342,20.987692307692303,24.97058823529412,23.988235294117647,-0.6,0.0,22.5,77.0
29563,342,20.616901408450705,20.769230769230766,19.759615384615383,-0.7,0.0,19.3,77.0
30463,342,20.18088235294117,19.35185185185185,18.453703703703702,-0.6,5.0,19.3,75.0
31363,342,19.77910447761194,18.34848484848485,17.666666666666664,-0.5,5.0,19.3,74.0
32263,342,19.424242424242426,17.714285714285715,17.08730158730159,-0.6,12.0,19.3,75.0
33163,342,19.107692307692307,17.274193548387096,16.64032258064516,-0.6,14.0,17.7,75.0
34063,342,18.823809523809523,17.0,16.35,-0.5,19.0,16.1,74.0
34963,342,18.57826086956522,16.580882352941178,16.03529411764706,-0.5,19.0,16.1,75.0
35863,342,18.37794117647059,16.5,15.836666666666668,0.1,23.0,22.5,71.0
36763,342,18.19696969696969,16.443548387096776,15.669354838709676,0.3,23.0,24.1,70.0
37663,342,18.053125,16.015151515151516,15.5,0.2,25.0,24.1,73.0
38563,342,17.933846153846154,16.0,15.430158730158729,0.2,56.0,22.5,74.0
39463,342,17.81818181818182,16.0,15.3,0.7,125.0,20.9,72.0
40363,342,17.72753623188406,16.0,15.3,0.8,123.0,24.1,71.0
41263,342,17.6463768115942,16.0,15.227272727272728,1.0,142.0,22.5,71.0
42163,342,17.583076923076923,15.984848484848484,15.0,1.1,149.0,20.9,70.0
43063,342,17.5,15.630769230769232,15.0,1.3,151.0,17.7,69.0
43963,342,17.413043478260867,15.5,15.0,1.4,153.0,20.9,68.0
44863,342,17.356060606060606,15.5,14.993939393939394,1.6,148.0,19.3,65.0
45763,342,17.3,15.5,14.806451612903226,1.7,144.0,19.3,65.0
46663,342,17.213235294117645,15.5,14.8,1.7,134.0,19.3,65.0
47563,342,17.16769230769231,15.5,14.8,1.6,83.0,19.3,66.0
48463,342,17.1,15.5,14.8,1.4,56.0,24.1,67.0
49363,342,17.007462686567163,15.5,14.777272727272727,1.4,42.0,22.5,67.0
50263,342,16.951612903225808,15.5,14.50952380952381,1.3,35.0,19.3,68.0
51163,342,16.9,15.45138888888889,14.5,1.2,25.0,19.3,69.0
52063,342,16.813636363636363,15.027777777777777,14.5,0.8,18.0,17.7,71.0
52963,342,16.793939393939393,15.0,14.5,0.7,16.0,19.3,71.0
53863,342,16.7,15.0,14.496969696969696,0.6,16.0,19.3,71.0
54763,342,16.629411764705882,15.0,14.355384615384615,0.6,14.0,20.9,70.0
55663,342,16.578787878787878,15.0,14.3,0.4,7.0,20.9,70.0
56563,342,16.5,15.0,14.3,0.4,5.0,22.5,70.0
57463,342,16.4375,15.0,14.3,0.1,0.0,20.9,73.0
58363,342,16.394117647058824,15.0,14.3,-0.1,0.0,20.9,75.0
59263,342,16.3,15.0,14.197014925373134,-0.2,0.0,19.3,75.0
60163,342,16.226865671641793,15.0,14.0,-0.2,0.0,17.7,75.0
61063,342,16.2,14.864583333333334,14.0,-0.3,0.0,20.9,76.0
61963,342,16.19516129032258,39.2,29.386666666666667,-0.2,0.0,24.1,75.0
62863,342,16.893650793650792,54.23913043478261,48.51739130434783,-0.2,0.0,22.5,75.0
63763,342,18.048387096774192,55.75,51.9375,-0.2,0.0,22.5,74.0
64663,342,18.96060606060606,56.0,52.15882352941177,-0.3,0.0,22.5,75.0
65563,342,19.62878787878788,50.57692307692308,47.72692307692308,-0.2,0.0,24.1,74.0
66463,342,19.82769230769231,52.26190476190476,49.08730158730158,-0.2,0.0,22.5,74.0
67363,342,20.014285714285712,53.98717948717949,52.11538461538462,-0.3,0.0,22.5,74.0
68263,342,20.304918032786883,55.0,51.0,-0.5,0.0,19.3,75.0
69163,342,20.45820895522388,,,-0.6,0.0,19.3,75.0
70063,342,20.572131147540983,,,-0.3,0.0,16.1,74.0
70963,342,20.69508196721312,,,-0.4,0.0,16.1,74.0
71863,342,20.79848484848485,,,-0.3,0.0,19.3,75.0
72763,342,20.9,,,-0.3,0.0,19.3,76.0
73663,342,20.966129032258063,,,-0.3,0.0,20.9,77.0
74563,342,21.0,,,-0.2,0.0,19.3,77.0
75463,342,21.056896551724137,54.67857142857143,51.47142857142857,0.0,0.0,20.9,76.0
76363,342,21.24264705882353,55.44354838709677,52.09193548387096,0.1,0.0,20.9,76.0
77263,342,21.4625,45.609375,42.621875,0.2,0.0,20.9,75.0
78163,342,21.32686567164179,30.06716417910448,26.95074626865672,0.2,0.0,19.3,75.0
79063,342,20.886567164179105,24.088235294117645,21.98235294117647,0.2,0.0,19.3,75.0
79963,342,20.41343283582089,21.0,19.640625,0.2,0.0,22.5,75.0
80863,342,19.984615384615385,19.008928571428573,18.05178571428572,0.1,0.0,19.3,76.0
81763,342,19.54117647058824,17.98360655737705,17.09016393442623,0.2,0.0,20.9,76.0
82663,342,19.15735294117647,17.40983606557377,16.681967213114753,0.1,0.0,17.7,76.0
83563,342,18.82794117647059,17.0,16.35151515151515,0.1,0.0,19.3,76.0
84463,342,18.54615384615385,16.6015625,16.0078125,0.2,0.0,20.9,77.0
85363,342,18.30540540540541,16.5,15.8,0.2,0.0,19.3,77.0
86263,342,18.097101449275364,16.03,15.48,0.3,0.0,20.9,77.0
763,343,17.88235294117647,16.0,15.21,0.2,0.0,19.3,77.0
1663,343,17.8,16.0,15.113513513513514,0.0,0.0,20.9,79.0
2563,343,17.72,16.0,15.3,0.0,0.0,20.9,79.0
3463,343,17.65,16.0,15.3,0.1,0.0,17.7,78.0
4363,343,17.562295081967214,15.84375,15.05625,-0.2,0.0,16.1,78.0
5263,343,17.46818181818182,15.5,15.0,0.0,0.0,17.7,78.0
6163,343,17.378125,15.5,15.0,-0.1,0.0,17.7,78.0
7063,343,17.293846153846154,15.5,14.816666666666666,-0.2,0.0,17.7,78.0
7963,343,17.2,15.5,14.8,-0.2,0.0,17.7,78.0
8863,343,17.11857142857143,16.0,14.975,0.0,0.0,17.7,78.0
9763,343,17.201470588235292,39.892857142857146,32.6,-0.1,0.0,17.7,78.0
10663,343,17.894202898550724,37.523809523809526,35.51428571428572,-0.3,0.0,14.5,79.0
11563,343,18.18709677419355,24.884615384615383,23.16923076923077,-0.2,0.0,16.1,78.0
12463,343,18.2,20.807692307692307,19.684615384615384,-0.2,0.0,16.1,78.0
13363,343,18.09,18.625,17.78,-0.2,0.0,16.1,78.0
14263,343,17.9,17.56818181818182,16.895454545454548,-0.3,0.0,16.1,78.0
15163,343,17.714492753623187,22.475,20.56,-0.4,0.0,17.7,80.0
16063,343,17.9390625,46.75,42.766666666666666,-0.4,0.0,16.1,80.0
16963,343,18.47142857142857,30.147058823529413,27.80588235294117,-0.3,0.0,17.7,79.0
17863,343,18.59692307692308,23.666666666666664,21.885185185185183,-0.2,0.0,17.7,79.0
18763,343,18.453125,20.26315789473684,19.105263157894736,-0.2,0.0,17.7,79.0
19663,343,18.23692307692308,18.394736842105264,17.66315789473684,-0.4,0.0,17.7,81.0
20563,343,17.99076923076923,22.265625,20.696875,-0.4,0.0,17.7,81.0
21463,343,18.063076923076924,46.77777777777778,40.62222222222222,-0.4,0.0,19.3,81.0
22363,343,18.51774193548388,31.605263157894733,29.15263157894737,-0.6,0.0,17.7,82.0
23263,343,18.6,24.0,22.28181818181818,-0.7,0.0,16.1,84.0
24163,343,18.59846153846154,43.0,37.72352941176471,-0.6,0.0,19.3,83.0
25063,343,19.16268656716418,55.78571428571429,52.017857142857146,-0.5,0.0,16.1,83.0
25963,343,19.85873015873016,56.20588235294117,52.48823529411764,-0.6,0.0,16.1,84.0
26863,343,20.335384615384616,45.36,42.096,-0.6,0.0,17.7,84.0
27763,343,20.46727272727273,46.92857142857143,43.42142857142857,-0.7,0.0,17.7,85.0
28663,343,20.67758620689656,43.55882352941176,40.91176470588236,-0.5,0.0,16.1,83.0
29563,343,20.73768115942029,51.310344827586206,47.98620689655173,-0.4,0.0,12.9,83.0
30463,343,20.9,36.49242424242424,33.09848484848485,-0.4,5.0,16.1,84.0
31363,343,20.714285714285715,26.794117647058822,23.764705882352946,-0.5,9.0,16.1,85.0
32263,343,20.40625,27.68181818181818,25.48636363636364,-0.3,16.0,16.1,85.0
33163,343,20.02537313432836,26.734848484848488,25.74090909090909,-0.1,19.0,14.5,84.0
34063,343,19.50757575757576,20.75,19.534848484848485,-0.1,26.0,14.5,84.0
34963,343,18.91060606060606,18.88636363636364,17.906060606060606,-0.1,33.0,12.9,84.0
35863,343,18.16818181818181,17.63095238095238,16.811904761904763,0.1,39.0,17.7,83.0
36763,343,18.264705882352946,16.533333333333335,15.635,0.1,39.0,17.7,83.0
37663,343,19.46865671641791,16.275862068965516,15.594827586206897,0.3,62.0,17.7,83.0
38563,343,17.284375,15.547619047619047,14.763492063492064,0.4,51.0,16.1,82.0
39463,343,16.03283582089552,14.333333333333334,13.37536231884058,0.6,83.0,14.5,82.0
40363,343,15.092424242424244,13.860294117647058,12.82058823529412,0.8,72.0,16.1,80.0
41263,343,14.183333333333334,13.5,12.347692307692308,0.9,81.0,16.1,80.0
42163,343,14.386153846153846,13.776923076923078,12.678461538461535,1.2,171.0,16.1,80.0
43063,343,15.114285714285714,14.0,13.253125,1.4,156.0,12.9,78.0
43963,343,15.52089552238806,14.3828125,13.5,1.7,141.0,14.5,78.0
44863,343,15.766153846153848,14.5,13.713636363636365,2.1,162.0,11.3,77.0
45763,343,15.94179104477612,14.5,13.8,2.1,160.0,11.3,77.0
46663,343,16.047619047619047,14.5,13.823880597014924,2.2,134.0,12.9,77.0
47563,343,16.1,14.5,13.924242424242426,2.1,91.0,12.9,78.0
48463,343,16.1,14.5,13.803076923076924,1.6,62.0,14.5,79.0
49363,343,16.10289855072464,14.5,13.8,1.6,46.0,12.9,80.0
50263,343,16.1,14.5,13.8,1.4,32.0,12.9,80.0
51163,343,16.1,14.5,13.8,1.2,23.0,12.9,80.0
52063,343,16.094117647058823,14.5,13.8,0.9,19.0,11.3,81.0
52963,343,16.0,14.5,13.8,0.9,16.0,11.3,82.0
53863,343,16.0,14.5,13.8,0.6,12.0,11.3,83.0
54763,343,16.0,14.5,13.8,0.5,11.0,11.3,84.0
55663,343,15.98125,14.5,13.743103448275864,0.3,7.0,11.3,85.0
56563,343,15.9,14.5,13.5,0.2,0.0,9.7,85.0
57463,343,15.9,14.484126984126984,13.5,-0.1,0.0,9.7,87.0
58363,343,15.9,14.131147540983608,13.5,-0.1,0.0,11.3,87.0
59263,343,15.903125,25.43181818181818,20.137878787878787,-0.3,0.0,8.0,88.0
60163,343,16.171641791044777,34.9296875,33.484375,-0.3,0.0,11.3,88.0
61063,343,16.695238095238096,46.0,43.96363636363636,-0.6,0.0,8.0,88.0
61963,343,17.28421052631579,46.22727272727273,45.304545454545455,-0.6,0.0,9.7,89.0
62863,343,17.729850746268657,47.86507936507937,46.920634920634924,-0.6,0.0,12.9,88.0
63763,343,18.136923076923075,46.31896551724138,46.12241379310345,-0.6,0.0,11.3,89.0
64663,343,18.38507462686567,43.47727272727273,43.22272727272728,-0.6,0.0,11.3,90.0
65563,343,18.584745762711865,47.5774647887324,46.71408450704225,-0.6,0.0,11.3,90.0
66463,343,18.79375,46.453125,46.1203125,-0.4,0.0,12.9,89.0
67363,343,18.96363636363636,48.13636363636364,46.05,-0.4,0.0,11.3,89.0
68263,343,19.178125,51.02459016393443,47.52950819672131,-0.4,0.0,11.3,88.0
69163,343,19.29117647058824,48.00757575757576,45.45,-0.5,0.0,11.3,87.0
70063,343,19.34354838709677,48.1796875,45.5171875,-0.8,0.0,9.7,88.0
70963,343,19.38888888888889,42.97014925373134,40.12089552238806,-0.8,0.0,9.7,88.0
71863,343,19.28125,39.67692307692308,37.74153846153846,-0.9,0.0,9.7,88.0
72763,343,19.12,36.7421875,35.184375,-0.9,0.0,11.3,88.0
73663,343,18.83492063492064,29.62328767123288,27.234246575342468,-0.8,0.0,12.9,89.0
74563,343,18.5234375,44.16176470588236,39.92941176470588,-0.8,0.0,11.3,90.0
75463,343,18.471875,40.51449275362319,38.35652173913044,-0.7,0.0,11.3,90.0
76363,343,18.362121212121213,39.67164179104478,37.38208955223881,-0.6,0.0,9.7,89.0
77263,343,18.3,30.943548387096776,31.13870967741936,-0.5,0.0,11.3,88.0
78163,343,18.152380952380952,24.402985074626866,24.234328358208955,-0.4,0.0,9.7,88.0
79063,343,18.003846153846155,22.41525423728813,21.86949152542373,-0.4,0.0,12.9,88.0
79963,343,17.71186440677966,26.176470588235293,23.57254901960784,-0.3,0.0,9.7,86.0
80863,343,17.7890625,43.53174603174603,40.75555555555555,-0.3,0.0,8.0,86.0
81763,343,18.108823529411765,38.15151515151515,38.08030303030303,-0.4,0.0,8.0,87.0
82663,343,18.12686567164179,28.99253731343284,27.27014925373134,-0.6,0.0,6.4,86.0
83563,343,17.9515625,22.72222222222222,20.89206349206349,-0.6,0.0,6.4,86.0
84463,343,17.80483870967742,27.67391304347826,25.1231884057971,-0.9,0.0,6.4,86.0
85363,343,18.52923076923077,42.36923076923077,40.53076923076923,-1.0,0.0,9.7,87.0
86263,343,18.056060606060605,31.29850746268657,28.63432835820896,-0.9,0.0,11.3,86.0
763,344,17.87313432835821,24.086956521739133,22.24927536231884,-0.9,0.0,11.3,86.0
1663,344,17.639705882352942,20.411290322580648,19.070967741935483,-1.1,0.0,9.7,87.0
2563,344,17.433870967741935,18.4609375,17.3765625,-1.1,0.0,9.7,87.0
3463,344,17.215151515151515,17.223076923076924,16.436923076923076,-1.3,0.0,6.4,87.0
4363,344,17.004545454545454,16.424242424242426,15.787878787878787,-1.3,0.0,9.7,87.0
5263,344,16.841538461538462,15.946153846153845,15.343076923076923,-1.3,0.0,9.7,87.0
6163,344,16.6890625,15.5,14.937313432835822,-1.3,0.0,8.0,87.0
7063,344,16.546666666666667,15.34920634920635,14.685714285714289,-1.4,0.0,6.4,86.0
7963,344,16.429310344827588,15.0,14.469491525423727,-1.5,0.0,8.0,86.0
8863,344,16.31969696969697,15.0,14.3,-1.6,0.0,6.4,86.0
9763,344,16.2046875,14.879032258064516,14.120967741935484,-1.8,0.0,4.8,87.0
10663,344,16.121311475409836,14.5,14.0,-1.9,0.0,8.0,87.0
11563,344,16.026153846153846,14.5,13.88,-1.9,0.0,6.4,87.0
12463,344,15.94285714285714,14.5,13.8,-2.1,0.0,6.4,88.0
13363,344,15.864615384615384,14.5,13.8,-2.2,0.0,4.8,88.0
14263,344,15.7921875,14.5,13.668181818181818,-2.1,0.0,6.4,88.0
15163,344,15.7,14.330882352941178,13.5,-2.1,0.0,6.4,87.0
16063,344,15.627692307692309,14.0,13.5,-2.2,0.0,3.2,87.0
16963,344,15.57058823529412,14.0,13.491044776119404,-2.4,0.0,1.6,86.0
17863,344,15.5,14.0,13.332835820895522,-2.7,0.0,1.6,88.0
18763,344,15.419402985074626,14.0,13.3,-3.3,0.0,0.0,88.0
19663,344,15.355737704918033,14.0,13.3,-3.8,0.0,3.2,90.0
20563,344,15.3,14.0,13.3,-3.9,0.0,1.6,90.0
21463,344,15.22089552238806,14.0,13.24626865671642,-4.2,0.0,0.0,90.0
22363,344,15.17704918032787,14.0,13.0,-4.3,0.0,1.6,91.0
23263,344,15.1,13.794117647058822,13.0,-3.8,0.0,3.2,91.0
24163,344,15.036065573770491,13.5,13.0,-3.7,0.0,3.2,91.0
25063,344,15.0,13.5,13.0,-3.8,0.0,3.2,91.0
25963,344,14.912307692307692,13.5,12.85483870967742,-4.1,0.0,0.0,91.0
26863,344,14.87121212121212,13.5,12.8,-4.6,0.0,0.0,91.0
27763,344,14.8,13.5,12.8,-4.8,0.0,1.6,92.0
28663,344,14.728985507246378,13.5,12.8,-4.3,0.0,3.2,94.0
29563,344,14.7,13.5,12.8,-4.2,0.0,1.6,92.0
30463,344,14.715873015873017,23.963768115942027,18.77391304347826,-4.2,0.0,0.0,92.0
31363,344,15.14375,49.41538461538461,44.79230769230769,-4.4,0.0,0.0,91.0
32263,344,15.702985074626866,44.03030303030303,42.34090909090909,-4.8,7.0,0.0,92.0
33163,344,16.09852941176471,40.20769230769231,38.72923076923077,-4.6,7.0,0.0,93.0
34063,344,16.1,43.02985074626866,40.41940298507463,-4.2,11.0,4.8,93.0
34963,344,16.186363636363637,46.6328125,44.478125,-4.2,12.0,3.2,92.0
35863,344,16.225,42.84375,40.1984375,-4.3,18.0,1.6,92.0
36763,344,16.291935483870965,42.095238095238095,39.93333333333333,-4.4,23.0,1.6,92.0
37663,344,16.233333333333334,38.65441176470589,36.436764705882354,-4.0,30.0,0.0,94.0
38563,344,16.2,36.13492063492063,34.266666666666666,-3.6,28.0,1.6,94.0
39463,344,16.107692307692307,32.78787878787879,30.939393939393938,-2.8,86.0,3.2,93.0
40363,344,16.003030303030304,32.12307692307692,30.61692307692308,-2.6,132.0,3.2,92.0
41263,344,15.907692307692306,31.246268656716417,29.525373134328355,-1.6,135.0,3.2,89.0
42163,344,15.840298507462686,30.94927536231884,29.3231884057971,-1.5,142.0,4.8,88.0
43063,344,15.80735294117647,40.79838709677419,36.461290322580645,-1.1,146.0,3.2,86.0
43963,344,15.991071428571429,45.1044776119403,43.32238805970149,-1.4,141.0,6.4,87.0
44863,344,16.1,33.8125,31.4984375,-1.1,139.0,4.8,86.0
45763,344,16.1,37.0,35.089393939393936,-1.0,141.0,6.4,85.0
46663,344,16.1,37.09375,34.884375,-1.2,139.0,6.4,85.0
47563,344,16.119696969696967,37.51587301587302,35.9015873015873,-1.2,90.0,6.4,85.0
48463,344,16.24838709677419,39.38636363636364,36.86666666666667,-1.4,63.0,6.4,86.0
49363,344,16.445454545454545,44.59701492537313,42.06716417910447,-1.5,40.0,6.4,85.0
50263,344,16.542424242424243,45.91538461538461,43.61538461538461,-1.5,25.0,8.0,86.0
51163,344,16.6,43.01538461538461,40.11076923076924,-1.7,21.0,8.0,86.0
52063,344,16.6,43.34782608695652,40.61739130434783,-1.9,16.0,6.4,86.0
52963,344,16.57272727272727,40.63076923076923,38.70923076923077,-2.1,16.0,6.4,87.0
53863,344,16.7,47.3828125,44.6109375,-2.3,14.0,6.4,87.0
54763,344,17.09848484848485,48.22727272727273,46.73787878787879,-2.3,11.0,6.4,84.0
55663,344,17.472727272727273,49.3,47.99846153846154,-2.4,7.0,4.8,83.0
56563,344,17.796825396825398,49.77333333333333,48.68266666666666,-2.6,5.0,3.2,83.0
57463,344,17.993846153846153,48.69444444444444,46.75833333333333,-2.6,0.0,4.8,82.0
58363,344,18.0,51.30952380952381,48.03968253968255,-3.0,0.0,1.6,82.0
59263,344,17.95909090909091,49.49152542372882,46.6864406779661,-3.6,0.0,0.0,84.0
60163,344,17.904615384615386,51.86363636363636,48.5439393939394,-3.9,0.0,1.6,84.0
61063,344,17.998461538461537,52.15322580645161,49.04193548387097,-4.5,0.0,0.0,85.0
61963,344,18.0,49.746153846153845,47.175384615384615,-4.8,0.0,0.0,86.0
62863,344,17.901587301587302,48.25,45.17727272727272,-3.5,0.0,4.8,82.0
63763,344,17.936923076923076,47.78358208955224,45.286567164179104,-3.3,0.0,6.4,82.0
64663,344,18.0,45.5859375,42.9625,-3.0,0.0,6.4,80.0
65563,344,18.0,44.29850746268657,42.2955223880597,-2.8,0.0,6.4,80.0
66463,344,18.0,45.04545454545455,42.512121212121215,-2.7,0.0,9.7,79.0
67363,344,18.0,44.06818181818182,42.25757575757576,-2.6,0.0,11.3,79.0
68263,344,17.98235294117647,44.72881355932204,42.51525423728813,-2.6,0.0,9.7,79.0
69163,344,18.0,44.095238095238095,42.37460317460317,-2.5,0.0,9.7,79.0
70063,344,18.0,45.314516129032256,42.84193548387097,-2.5,0.0,11.3,79.0
70963,344,18.026153846153846,43.99152542372882,42.5542372881356,-2.3,0.0,12.9,79.0
71863,344,18.156923076923075,43.45833333333333,42.585,-2.3,0.0,12.9,79.0
72763,344,18.26818181818182,42.53968253968255,42.22857142857143,-2.2,0.0,12.9,78.0
73663,344,18.39076923076923,44.03030303030303,43.089393939393936,-2.1,0.0,12.9,78.0
74563,344,18.466666666666665,41.24242424242424,41.42727272727272,-2.2,0.0,12.9,78.0
75463,344,18.53538461538461,40.25384615384616,39.121538461538464,-2.1,0.0,12.9,76.0
76363,344,18.542424242424243,39.85820895522388,37.97910447761194,-2.1,0.0,12.9,76.0
77263,344,18.4140625,40.5,37.85230769230769,-2.1,0.0,12.9,76.0
78163,344,18.327272727272728,38.703125,36.859375,-1.8,0.0,12.9,75.0
79063,344,18.16818181818181,38.528985507246375,36.437681159420286,-1.9,0.0,14.5,76.0
79963,344,18.004761904761903,35.01449275362319,34.29420289855072,-1.9,0.0,12.9,76.0
80863,344,17.87258064516129,35.61538461538461,32.37384615384615,-1.9,0.0,12.9,75.0
81763,344,17.7,27.0530303030303,23.99242424242424,-1.7,0.0,12.9,75.0
82663,344,17.419117647058822,21.7,19.484615384615385,-2.2,0.0,3.2,77.0
83563,344,17.118181818181817,18.72388059701493,17.035820895522388,-2.3,0.0,4.8,77.0
84463,344,16.841176470588234,16.97692307692308,15.675384615384615,-1.6,0.0,12.9,74.0
85363,344,16.592307692307692,16.014705882352942,14.94264705882353,-1.5,0.0,12.9,73.0
86263,344,16.381818181818183,15.373134328358208,14.417910447761193,-1.6,0.0,9.7,74.0
763,345,16.19047619047619,15.0,14.071641791044778,-1.5,0.0,11.3,74.0
1663,345,16.03787878787879,14.596491228070176,13.842105263157896,-1.4,0.0,9.7,74.0
2563,345,15.88125,14.5,13.6,-1.3,0.0,9.7,74.0
3463,345,15.755932203389827,14.3125,13.4875,-1.4,0.0,9.7,74.0
4363,345,15.63548387096774,14.0,13.305797101449276,-1.3,0.0,9.7,74.0
5263,345,15.51967213114754,14.0,13.15,-1.1,0.0,9.7,76.0
6163,345,15.407936507936508,14.0,13.0,-1.2,0.0,11.3,78.0
7063,345,15.3015873015873,13.719696969696969,12.893939393939394,-1.1,0.0,11.3,79.0
7963,345,15.220634920634922,13.5,12.8,-1.1,0.0,9.7,80.0
8863,345,15.128358208955223,13.5,12.8,-1.2,0.0,12.9,80.0
9763,345,15.0421875,13.5,12.8,-1.2,0.0,12.9,81.0
10663,345,14.98181818181818,13.5,12.52686567164179,-1.3,0.0,12.9,83.0
11563,345,14.9,13.5,12.5,-1.3,0.0,11.3,83.0
12463,345,14.803076923076924,13.477611940298509,12.5,-1.2,0.0,11.3,85.0
13363,345,14.733333333333334,15.609375,13.5375,-1.3,0.0,12.9,86.0
14263,345,,,,-0.9,0.0,14.5,87.0
15163,345,,,,-0.8,0.0,14.5,87.0
16063,345,,,,-0.9,0.0,12.9,87.0
16963,345,,,,-1.1,0.0,12.9,88.0
17863,345,,,,-1.1,0.0,14.5,89.0
18763,345,,,,-1.0,0.0,12.9,89.0
19663,345,,,,-0.6,0.0,14.5,89.0
20563,345,,,,-0.8,0.0,12.9,89.0
21463,345,,,,-0.9,0.0,14.5,90.0
22363,345,17.4,49.75,45.4,-0.8,0.0,11.3,91.0
23263,345,17.506060606060608,50.15873015873016,46.39206349206349,-0.8,0.0,12.9,91.0
24163,345,17.6,50.01538461538461,45.93846153846154,-0.8,0.0,11.3,92.0
25063,345,,,,-0.8,0.0,11.3,92.0
25963,345,,,,-0.9,0.0,11.3,92.0
26863,345,,,,-0.9,0.0,11.3,92.0
27763,345,,,,-1.0,0.0,11.3,92.0
28663,345,,,,-1.0,0.0,9.7,92.0
29563,345,,,,-1.0,0.0,9.7,92.0
30463,345,,,,-0.7,0.0,9.7,91.0
31363,345,,,,-0.8,5.0,6.4,91.0
32263,345,,,,-0.7,11.0,8.0,90.0
33163,345,,,,-0.6,12.0,8.0,90.0
34063,345,16.6,17.282608695652176,16.143478260869564,-0.5,18.0,8.0,89.0
34963,345,16.47027027027027,16.7,15.711428571428574,-0.4,25.0,8.0,90.0
35863,345,16.206122448979592,15.68,14.888,-0.1,30.0,8.0,89.0
36763,345,15.967241379310346,15.0,14.232258064516127,0.2,28.0,8.0,88.0
37663,345,15.81846153846154,14.579710144927535,13.904347826086957,0.3,65.0,9.7,87.0
38563,345,15.659701492537314,14.5,13.652238805970148,0.4,74.0,8.0,87.0
39463,345,15.54179104477612,14.031746031746032,13.477777777777778,1.2,65.0,9.7,85.0
40363,345,15.430303030303032,14.0,13.3,1.4,90.0,8.0,84.0
41263,345,15.321739130434782,14.0,13.2109375,1.7,88.0,8.0,83.0
42163,345,15.246875,13.8984375,13.0,1.8,80.0,6.4,83.0
43063,345,15.171641791044776,13.5,13.0,1.8,70.0,6.4,83.0
43963,345,15.1,13.5,12.829850746268656,1.9,87.0,6.4,83.0
44863,345,15.013636363636362,13.5,12.8,2.2,110.0,8.0,82.0
45763,345,15.0,13.5,12.8,2.2,71.0,8.0,82.0
46663,345,14.901587301587302,13.5,12.78732394366197,2.1,53.0,8.0,82.0
47563,345,14.8640625,13.5,12.522388059701491,2.1,55.0,8.0,82.0
48463,345,14.8,13.469696969696969,12.5,2.2,53.0,9.7,82.0
49363,345,14.725,13.07936507936508,12.5,2.3,39.0,8.0,81.0
50263,345,14.698387096774193,13.0,12.5,2.1,60.0,9.7,82.0
51163,345,14.6,13.0,12.465217391304348,2.1,44.0,8.0,83.0
52063,345,14.597058823529412,26.753731343283583,21.19253731343284,2.1,28.0,8.0,83.0
52963,345,15.12537313432836,49.18181818181818,45.61212121212121,2.1,18.0,8.0,83.0
53863,345,15.872131147540983,48.97014925373134,45.51194029850746,1.9,23.0,6.4,84.0
54763,345,16.475,49.14492753623188,45.76376811594203,1.9,16.0,6.4,84.0
55663,345,16.935384615384613,48.96825396825397,45.89206349206349,2.0,5.0,6.4,85.0
56563,345,17.26875,50.1,46.62769230769231,2.0,0.0,4.8,85.0
57463,345,17.53230769230769,49.43283582089553,45.8910447761194,2.2,0.0,6.4,85.0
58363,345,17.756060606060608,47.540983606557376,44.7672131147541,2.1,0.0,8.0,85.0
59263,345,17.86521739130435,50.0655737704918,46.58360655737705,2.0,0.0,6.4,85.0
60163,345,18.026984126984125,49.10144927536232,45.80579710144927,1.9,0.0,8.0,86.0
61063,345,18.17076923076923,49.17910447761194,46.0,1.9,0.0,9.7,86.0
61963,345,18.2640625,49.07352941176471,46.09117647058824,1.8,0.0,6.4,86.0
62863,345,18.372463768115946,50.325,46.875,1.9,0.0,6.4,87.0
63763,345,18.450769230769232,49.37878787878788,46.03030303030303,1.9,0.0,8.0,86.0
64663,345,18.561904761904763,48.638461538461534,45.51076923076924,1.9,0.0,6.4,86.0
65563,345,18.5955223880597,49.25373134328358,46.3955223880597,1.9,0.0,8.0,86.0
66463,345,18.6265625,49.7265625,46.171875,1.9,0.0,8.0,87.0
67363,345,18.903076923076924,45.29230769230769,42.378461538461536,1.9,0.0,8.0,87.0
68263,345,19.195652173913043,51.5078125,47.4671875,1.9,0.0,8.0,87.0
69163,345,19.583333333333336,51.80597014925373,48.2,1.8,0.0,6.4,87.0
70063,345,19.821875,51.23484848484848,47.53333333333333,1.8,0.0,6.4,87.0
70963,345,20.00625,50.594202898550726,46.642028985507245,1.8,0.0,6.4,87.0
71863,345,19.96212121212121,48.65217391304349,46.20579710144928,1.8,0.0,6.4,88.0
72763,345,19.6953125,49.71774193548387,47.40806451612903,1.8,0.0,8.0,88.0
73663,345,19.678688524590164,50.0703125,48.33125,1.7,0.0,8.0,88.0
74563,345,19.72058823529412,50.77049180327869,49.136065573770495,1.8,0.0,9.7,88.0
75463,345,19.863076923076925,48.776119402985074,48.0179104477612,1.8,0.0,8.0,88.0
76363,345,20.105,45.82352941176471,46.67058823529412,1.7,0.0,8.0,88.0
77263,345,20.333333333333336,46.346774193548384,46.70967741935484,1.8,0.0,8.0,88.0
78163,345,20.52833333333333,46.0859375,46.9390625,1.8,0.0,8.0,88.0
79063,345,20.71384615384616,46.95,47.53857142857143,1.8,0.0,6.4,87.0
79963,345,20.8968253968254,47.73484848484848,48.45454545454545,1.8,0.0,6.4,88.0
80863,345,21.069117647058825,46.95967741935484,48.061290322580646,1.9,0.0,4.8,87.0
81763,345,21.0703125,47.459016393442624,48.157377049180326,1.8,0.0,6.4,87.0
82663,345,20.95441176470588,45.284615384615385,43.77846153846154,1.8,0.0,6.4,86.0
83563,345,20.611290322580647,47.22307692307693,45.14923076923077,1.8,0.0,6.4,86.0
84463,345,20.258064516129032,47.0078125,43.459375,1.6,0.0,8.0,86.0
85363,345,20.63142857142857,36.9609375,36.10625,1.4,0.0,8.0,87.0
86263,345,20.272131147540986,27.62878787878788,26.98939393939394,1.4,0.0,6.4,87.0
763,346,19.7421875,22.942622950819672,21.14754098360656,1.6,0.0,8.0,86.0
1663,346,19.2015625,19.92622950819672,18.311475409836067,1.5,0.0,8.0,86.0
2563,346,18.7,18.18115942028985,16.982608695652175,1.4,0.0,11.3,86.0
3463,346,18.27230769230769,17.169117647058822,16.22058823529412,1.3,0.0,11.3,85.0
4363,346,17.904615384615386,16.426470588235293,15.663235294117646,1.3,0.0,9.7,85.0
5263,346,17.614285714285714,16.0,15.234375,1.3,0.0,9.7,84.0
6163,346,17.384615384615383,15.57258064516129,14.883870967741936,1.2,0.0,11.3,84.0
7063,346,17.17846153846154,15.5,14.597058823529412,1.2,0.0,12.9,83.0
7963,346,16.980882352941176,15.029850746268655,14.3955223880597,1.2,0.0,11.3,82.0
8863,346,16.834848484848486,15.0,14.259701492537314,1.1,0.0,8.0,83.0
9763,346,16.6768115942029,15.0,14.0,1.2,0.0,9.7,82.0
10663,346,16.543939393939393,14.581967213114757,13.931147540983607,1.1,0.0,8.0,82.0
11563,346,16.4234375,14.5,13.8,1.2,0.0,8.0,82.0
12463,346,16.286153846153844,14.5,13.735384615384614,1.1,0.0,8.0,82.0
13363,346,16.18,14.5,13.5,1.2,0.0,11.3,81.0
14263,346,16.0671875,14.454545454545451,13.5,1.2,0.0,9.7,81.0
15163,346,15.966666666666663,14.063492063492063,13.452380952380953,1.2,0.0,8.0,80.0
16063,346,15.869230769230768,14.0,13.3,1.2,0.0,8.0,80.0
16963,346,15.78,14.0,13.3,1.2,0.0,8.0,80.0
17863,346,15.705797101449274,30.01538461538461,24.33384615384616,1.0,0.0,8.0,80.0
18763,346,15.970149253731345,45.97692307692308,43.323076923076925,0.9,0.0,8.0,81.0
19663,346,16.38088235294118,47.60169491525424,44.91864406779661,1.0,0.0,8.0,80.0
20563,346,16.755555555555553,45.6015625,42.9359375,0.8,0.0,6.4,80.0
21463,346,17.027941176470588,45.33088235294117,42.17941176470588,1.1,0.0,8.0,80.0
22363,346,17.2,40.3688524590164,38.19836065573771,0.9,0.0,8.0,80.0
23263,346,17.19375,31.8984375,30.2328125,0.7,0.0,6.4,81.0
24163,346,17.186567164179102,47.3515625,42.296875,0.7,0.0,6.4,81.0
25063,346,17.576923076923077,49.516129032258064,46.0983870967742,0.9,0.0,6.4,79.0
25963,346,17.89677419354839,50.02857142857143,46.29285714285714,1.1,0.0,9.7,79.0
26863,346,18.046875,49.971014492753625,46.87826086956522,1.6,0.0,9.7,76.0
27763,346,18.20508474576271,46.672413793103445,43.49655172413793,1.7,0.0,12.9,76.0
28663,346,,,,1.7,0.0,12.9,77.0
29563,346,,,,1.9,0.0,14.5,76.0
30463,346,,,,2.2,9.0,14.5,74.0
31363,346,,,,2.2,11.0,12.9,74.0
32263,346,,,,2.4,18.0,14.5,84.0
33163,346,,,,2.2,26.0,12.9,87.0
34063,346,18.4,47.76315789473684,44.50526315789473,2.1,32.0,11.3,88.0
34963,346,,,,2.2,39.0,12.9,89.0
35863,346,,,,2.4,51.0,9.7,89.0
36763,346,18.4,47.20238095238095,44.79285714285714,2.6,54.0,9.7,89.0
37663,346,18.4,46.823076923076925,44.8,3.0,54.0,11.3,86.0
38563,346,18.4,47.26470588235294,44.72352941176471,3.2,54.0,14.5,86.0
39463,346,18.4,46.83333333333333,44.82857142857143,3.7,97.0,17.7,84.0
40363,346,18.42794117647059,47.30147058823529,44.64558823529411,3.7,102.0,20.9,83.0
41263,346,18.5,46.86923076923077,44.744615384615386,3.9,98.0,20.9,83.0
42163,346,18.5,47.016666666666666,44.48333333333333,4.0,127.0,20.9,83.0
43063,346,18.50175438596491,46.83018867924528,44.83773584905661,4.1,151.0,22.5,83.0
43963,346,18.557627118644067,47.16666666666667,44.655,4.1,105.0,22.5,83.0
44863,346,18.596875,46.59848484848485,44.66818181818182,4.2,79.0,20.9,84.0
45763,346,18.59852941176471,47.27941176470589,44.70294117647059,4.2,74.0,19.3,84.0
46663,346,18.6,46.642857142857146,44.69571428571429,4.3,72.0,20.9,82.0
47563,346,18.573529411764707,47.23529411764706,44.78970588235294,4.4,65.0,22.5,83.0
48463,346,18.5921875,46.6231884057971,44.7,4.1,65.0,16.1,82.0
49363,346,18.6,47.31818181818182,44.76515151515152,4.1,62.0,17.7,82.0
50263,346,18.6,46.58461538461539,44.66153846153846,4.0,47.0,19.3,83.0
51163,346,18.6,47.35,44.815714285714286,3.9,35.0,17.7,83.0
52063,346,18.6,46.98461538461539,44.23076923076923,4.1,19.0,20.9,82.0
52963,346,18.67313432835821,49.14925373134328,46.14179104477612,4.1,19.0,16.1,81.0
53863,346,18.819117647058825,50.11111111111111,46.53968253968255,4.1,14.0,20.9,80.0
54763,346,18.923076923076923,48.8688524590164,45.64918032786885,4.0,12.0,19.3,81.0
55663,346,19.03636363636364,50.62121212121212,46.94545454545455,4.2,0.0,22.5,82.0
56563,346,19.3,51.56818181818181,48.02727272727272,4.3,0.0,24.1,82.0
57463,346,19.57118644067797,51.63636363636364,48.09848484848485,4.2,0.0,24.1,83.0
58363,346,19.80144927536232,50.55555555555556,47.12539682539683,4.1,0.0,24.1,84.0
59263,346,19.969117647058823,51.76428571428571,48.13,4.2,0.0,25.7,84.0
60163,346,20.156060606060606,51.92307692307693,48.34,4.2,0.0,22.5,84.0
61063,346,20.29714285714285,52.007575757575765,48.38333333333333,3.9,0.0,20.9,86.0
61963,346,20.447692307692307,51.6969696969697,48.33636363636364,3.6,0.0,20.9,89.0
62863,346,20.5375,51.69354838709677,48.20322580645161,3.4,0.0,17.7,90.0
63763,346,20.6,51.91129032258065,48.49677419354838,3.1,0.0,11.3,90.0
64663,346,20.683823529411764,51.77966101694915,48.25084745762712,2.9,0.0,14.5,92.0
65563,346,20.7,51.33571428571429,48.02285714285715,2.7,0.0,17.7,92.0
66463,346,20.791304347826088,51.207142857142856,47.82714285714285,2.4,0.0,19.3,93.0
67363,346,20.83692307692308,51.4375,48.1796875,2.4,0.0,25.7,94.0
68263,346,20.9,51.38636363636364,47.9,3.0,0.0,29.0,91.0
69163,346,20.924637681159417,50.77205882352941,47.49852941176471,3.1,0.0,30.6,91.0
70063,346,21.025396825396825,50.96969696969697,47.82424242424243,3.0,0.0,29.0,92.0
70963,346,21.1,51.93076923076923,48.22307692307693,3.0,0.0,32.2,92.0
71863,346,21.12121212121212,50.18939393939394,47.190909090909095,3.1,0.0,27.4,92.0
72763,346,21.2,50.5,47.12380952380953,3.2,0.0,29.0,93.0
73663,346,21.2,50.50769230769231,47.4676923076923,3.7,0.0,29.0,91.0
74563,346,21.2,51.213235294117645,47.66029411764706,3.9,0.0,29.0,90.0
75463,346,21.2,48.2578125,45.1546875,4.7,0.0,32.2,90.0
76363,346,21.1089552238806,51.76811594202898,48.10434782608696,4.7,0.0,35.4,90.0
77263,346,21.05,52.96376811594202,49.12753623188406,4.4,0.0,24.1,91.0
78163,346,21.05806451612904,53.71428571428571,49.76031746031746,4.2,0.0,19.3,92.0
79063,346,21.1,52.88805970149254,49.36119402985075,4.3,0.0,22.5,93.0
79963,346,21.1,52.07352941176471,48.37352941176471,4.4,0.0,22.5,93.0
80863,346,21.11076923076923,52.2734375,48.609375,4.3,0.0,20.9,93.0
81763,346,21.225,50.74626865671642,47.61492537313433,4.2,0.0,20.9,91.0
82663,346,21.47846153846153,49.18181818181818,46.056060606060605,4.0,0.0,19.3,92.0
83563,346,21.6,48.109375,44.7421875,3.8,0.0,14.5,92.0
84463,346,21.6,48.23134328358209,44.35074626865672,4.0,0.0,17.7,91.0
85363,346,21.484615384615385,41.784615384615385,39.02923076923077,4.0,0.0,14.5,90.0
86263,346,21.2,32.88709677419355,31.85322580645161,4.1,0.0,17.7,89.0
763,347,20.95483870967742,26.018518518518515,24.107407407407408,3.9,0.0,14.5,89.0
1663,347,20.670422535211262,21.705882352941178,19.644117647058824,3.9,0.0,17.7,90.0
2563,347,20.34328358208955,19.507692307692302,18.01076923076923,3.9,0.0,19.3,90.0
3463,347,20.02647058823529,18.378571428571423,17.215714285714284,4.0,0.0,20.9,89.0
4363,347,19.71969696969697,17.664285714285715,16.654285714285713,4.1,0.0,24.1,88.0
5263,347,19.40882352941177,17.18939393939394,16.333333333333336,4.1,0.0,20.9,89.0
6163,347,19.153030303030302,17.0,16.009375,4.2,0.0,20.9,89.0
7063,347,18.933823529411764,16.546875,15.83125,3.6,0.0,14.5,91.0
7963,347,18.73636363636364,16.5,15.663235294117646,3.4,0.0,14.5,92.0
8863,347,18.556716417910447,16.5,15.5,3.9,0.0,22.5,90.0
9763,347,18.428571428571427,16.138461538461538,15.37076923076923,3.9,0.0,17.7,90.0
10663,347,18.296875,16.0,15.3,4.2,0.0,20.9,91.0
11563,347,18.17910447761194,16.0,15.242857142857142,4.3,0.0,22.5,91.0
12463,347,18.07272727272727,16.0,15.004411764705882,4.4,0.0,22.5,90.0
13363,347,17.97258064516129,16.0,15.0,4.7,0.0,27.4,89.0
14263,347,17.8768115942029,16.0,15.0,4.6,0.0,22.5,89.0
15163,347,17.796875,15.850746268656716,14.997014925373133,4.4,0.0,19.3,90.0
16063,347,17.7,15.5,14.84,4.2,0.0,19.3,90.0
16963,347,17.62727272727273,24.15384615384616,20.07692307692308,4.3,0.0,19.3,91.0
17863,347,18.012857142857143,46.41666666666667,43.20151515151515,4.1,0.0,19.3,91.0
18763,347,18.54576271186441,47.58955223880597,44.5179104477612,4.2,0.0,20.9,91.0
19663,347,18.95072463768116,44.420634920634924,41.0031746031746,4.3,0.0,25.7,90.0
20563,347,19.458823529411767,51.0,47.67878787878788,4.3,0.0,25.7,90.0
21463,347,19.8875,48.52272727272727,45.31363636363636,4.4,0.0,25.7,88.0
22363,347,20.1234375,45.93939393939394,43.16818181818182,4.5,0.0,27.4,88.0
23263,347,20.249180327868853,46.07142857142857,42.83714285714286,4.6,0.0,30.6,86.0
24163,347,20.308823529411764,45.125,42.3725,4.7,0.0,30.6,86.0
25063,347,,,,4.6,0.0,30.6,89.0
25963,347,,,,4.3,0.0,29.0,90.0
26863,347,20.6,43.89830508474576,41.383050847457625,4.1,0.0,32.2,91.0
27763,347,20.611666666666668,38.38405797101449,35.70144927536232,4.1,0.0,29.0,92.0
28663,347,20.51875,37.37121212121212,35.0030303030303,4.4,0.0,32.2,91.0
29563,347,20.3768115942029,37.81746031746032,33.426984126984124,4.5,0.0,32.2,91.0
30463,347,20.140983606557377,28.471014492753625,26.23623188405797,4.4,0.0,27.4,92.0
31363,347,19.80806451612904,23.02380952380953,20.65079365079365,4.5,0.0,25.7,92.0
32263,347,19.4859375,20.06617647058824,18.455882352941178,5.1,6.0,32.2,90.0
33163,347,19.184848484848484,18.43181818181818,17.292424242424243,5.1,23.0,30.6,89.0
34063,347,18.90892857142857,17.553030303030305,16.633333333333333,5.0,19.0,29.0,91.0
34963,347,18.62923076923077,16.992307692307694,16.175384615384615,5.0,11.0,27.4,91.0
35863,347,18.394117647058824,16.52173913043478,15.87536231884058,4.8,23.0,30.6,91.0
36763,347,18.176470588235293,16.441176470588236,15.583823529411765,4.7,42.0,19.3,91.0
37663,347,17.984057971014494,16.0,15.446268656716418,4.6,35.0,20.9,90.0
38563,347,17.842105263157897,16.0,15.3,4.5,39.0,19.3,89.0
39463,347,17.704761904761902,16.0,15.136764705882351,4.3,39.0,20.9,88.0
40363,347,17.57846153846154,15.853846153846154,15.0,4.2,33.0,19.3,89.0
41263,347,17.480281690140846,15.5,14.96764705882353,4.1,53.0,22.5,89.0
42163,347,17.386567164179105,15.5,14.8,4.0,33.0,20.9,89.0
43063,347,17.295081967213115,15.5,14.8,3.0,23.0,22.5,92.0
43963,347,17.2,15.5,14.568571428571428,2.6,60.0,19.3,92.0
44863,347,17.133846153846154,15.5,14.5,2.8,83.0,24.1,91.0
45763,347,17.0546875,15.492537313432836,14.5,2.8,63.0,24.1,91.0
46663,347,16.983582089552236,15.1171875,14.478125,2.6,32.0,22.5,89.0
47563,347,16.9,15.0,14.308333333333334,2.5,42.0,22.5,90.0
48463,347,16.838805970149256,15.0,14.3,2.4,23.0,17.7,90.0
49363,347,16.78636363636364,15.0,14.3,2.2,30.0,16.1,90.0
50263,347,16.7,15.0,14.3,2.1,42.0,19.3,90.0
51163,347,16.623529411764707,15.0,14.290322580645162,2.3,37.0,19.3,90.0
52063,347,16.6140625,28.686567164179102,23.67910447761194,2.3,16.0,20.9,90.0
52963,347,17.04090909090909,45.38805970149254,43.28059701492537,2.2,12.0,24.1,91.0
53863,347,17.523880597014927,46.1969696969697,44.239393939393935,1.8,12.0,19.3,92.0
54763,347,17.872463768115942,46.68032786885246,43.596721311475406,1.8,18.0,17.7,92.0
55663,347,18.3828125,50.3984375,47.5265625,2.0,5.0,22.5,91.0
56563,347,18.825,50.983870967741936,47.66290322580645,2.0,0.0,22.5,91.0
57463,347,19.15151515151515,50.30597014925373,47.429850746268656,1.8,0.0,19.3,92.0
58363,347,19.398507462686567,50.57575757575758,47.61666666666667,1.8,0.0,19.3,92.0
59263,347,19.619696969696967,50.72307692307693,47.8,1.4,0.0,17.7,94.0
60163,347,19.807692307692307,50.34375,47.696875,1.5,0.0,19.3,93.0
61063,347,19.95735294117647,51.31884057971015,48.15507246376812,1.4,0.0,20.9,92.0
61963,347,20.086567164179105,50.22307692307693,47.4676923076923,1.4,0.0,20.9,92.0
62863,347,20.191666666666663,50.373134328358205,47.55074626865672,1.3,0.0,19.3,92.0
63763,347,20.27076923076923,50.61290322580645,47.93870967741936,1.4,0.0,19.3,91.0
64663,347,20.35,50.91538461538461,47.7876923076923,1.5,0.0,19.3,92.0
65563,347,20.42,48.75,46.47878787878789,1.6,0.0,20.9,92.0
66463,347,20.4,44.92537313432835,42.54776119402985,1.5,0.0,19.3,91.0
67363,347,20.3015873015873,42.99242424242424,40.92727272727272,1.5,0.0,16.1,92.0
68263,347,20.2,42.862068965517246,40.32758620689656,1.4,0.0,19.3,93.0
69163,347,20.115942028985508,45.3515625,42.028125,1.4,0.0,19.3,93.0
70063,347,20.23064516129032,51.17910447761194,48.061194029850746,1.4,0.0,20.9,93.0
70963,347,20.416129032258063,50.594202898550726,47.5768115942029,1.6,0.0,20.9,93.0
71863,347,20.570149253731344,48.80147058823529,46.77941176470589,1.5,0.0,20.9,93.0
72763,347,20.619696969696967,47.80327868852459,46.91803278688525,1.5,0.0,22.5,93.0
73663,347,20.766666666666666,44.85593220338983,44.75254237288136,1.2,0.0,20.9,93.0
74563,347,20.91060606060606,43.07462686567165,43.38208955223881,1.1,0.0,20.9,92.0
75463,347,21.0,43.81060606060606,43.43333333333333,1.2,0.0,22.5,90.0
76363,347,21.03666666666667,43.04838709677419,43.25483870967742,1.1,0.0,20.9,91.0
77263,347,21.1,43.98529411764706,43.67205882352941,0.8,0.0,17.7,91.0
78163,347,21.19538461538461,43.54032258064516,43.31774193548387,0.8,0.0,17.7,91.0
79063,347,21.19090909090909,43.784615384615385,41.55538461538462,1.2,0.0,19.3,90.0
79963,347,21.1,48.62307692307692,45.03846153846153,1.1,0.0,16.1,91.0
80863,347,21.18769230769231,47.96923076923077,45.003076923076925,1.2,0.0,20.9,91.0
81763,347,21.59701492537313,44.48550724637681,42.13333333333333,1.1,0.0,16.1,91.0
82663,347,21.52769230769231,50.61594202898551,47.30579710144927,1.1,0.0,20.9,89.0
83563,347,21.5,51.01538461538461,48.28153846153846,0.9,0.0,22.5,90.0
84463,347,21.5,49.67460317460318,47.13333333333333,0.7,0.0,22.5,90.0
85363,347,21.36764705882353,43.36231884057971,40.80289855072464,0.6,0.0,17.7,90.0
86263,347,21.1089552238806,33.8030303030303,31.166666666666668,0.6,0.0,24.1,91.0
763,348,20.734328358208955,26.6953125,24.8375,0.6,0.0,25.7,91.0
1663,348,20.31060606060606,22.5859375,21.0640625,0.6,0.0,25.7,91.0
2563,348,19.914492753623183,20.23880597014925,18.97611940298508,0.7,0.0,24.1,91.0
3463,348,19.535820895522388,18.77941176470588,17.722058823529412,0.8,0.0,20.9,91.0
4363,348,19.198529411764707,17.828358208955223,16.962686567164177,0.8,0.0,20.9,91.0
5263,348,18.911940298507464,17.265151515151516,16.40909090909091,0.9,0.0,22.5,91.0
6163,348,18.73333333333333,17.0,16.240000000000002,0.9,0.0,20.9,92.0
7063,348,,,,1.1,0.0,20.9,91.0
7963,348,,,,1.1,0.0,20.9,92.0
8863,348,,,,1.4,0.0,22.5,90.0
9763,348,,,,1.6,0.0,24.1,90.0
10663,348,,,,1.8,0.0,22.5,89.0
11563,348,,,,1.9,0.0,22.5,88.0
12463,348,,,,2.1,0.0,22.5,87.0
13363,348,,,,2.1,0.0,22.5,88.0
14263,348,,,,2.2,0.0,25.7,89.0
15163,348,19.725806451612904,50.18918918918919,47.2027027027027,2.4,0.0,27.4,88.0
16063,348,19.90615384615385,50.559701492537314,47.75074626865672,2.2,0.0,20.9,89.0
16963,348,20.05172413793104,50.625,47.8,2.2,0.0,20.9,90.0
17863,348,,,,2.2,0.0,20.9,90.0
18763,348,,,,2.3,0.0,29.0,89.0
19663,348,,,,2.2,0.0,25.7,90.0
20563,348,,,,2.1,0.0,17.7,90.0
21463,348,,,,2.1,0.0,19.3,91.0
22363,348,,,,2.3,0.0,24.1,90.0
23263,348,,,,2.3,0.0,22.5,90.0
24163,348,,,,2.3,0.0,22.5,90.0
25063,348,,,,2.0,0.0,25.7,90.0
25963,348,,,,2.2,0.0,27.4,91.0
26863,348,21.203636363636363,50.35087719298245,47.56140350877193,2.3,0.0,24.1,91.0
27763,348,21.324590163934424,50.9765625,48.090625,2.2,0.0,25.7,91.0
28663,348,,,,2.2,0.0,24.1,92.0
29563,348,,,,2.2,0.0,25.7,92.0
30463,348,21.1,25.625,24.5,2.2,0.0,24.1,92.0
31363,348,20.928571428571427,23.86029411764705,22.694117647058825,2.2,14.0,25.7,92.0
32263,348,20.55142857142857,21.27777777777778,20.21587301587301,2.3,7.0,25.7,91.0
33163,348,20.15072463768116,19.64179104477612,18.72089552238806,2.5,5.0,25.7,91.0
34063,348,19.77647058823529,18.65942028985507,17.833333333333336,2.7,14.0,27.4,90.0
34963,348,19.45230769230769,17.953125,17.23125,2.7,25.0,25.7,90.0
35863,348,19.2,17.5,16.844927536231886,2.6,28.0,19.3,90.0
36763,348,18.984375,17.12121212121212,16.5,2.4,35.0,17.7,91.0
37663,348,18.8,17.0,16.303076923076922,2.4,30.0,17.7,91.0
38563,348,18.633333333333333,16.76153846153846,16.036923076923078,2.3,25.0,19.3,92.0
39463,348,18.46769230769231,16.5,15.879411764705882,2.3,23.0,14.5,94.0
40363,348,18.352307692307694,16.5,15.765217391304349,2.3,19.0,14.5,94.0
41263,348,18.221212121212123,16.4921875,15.5,2.2,30.0,17.7,94.0
42163,348,18.1171875,16.02112676056338,15.497183098591549,2.3,35.0,19.3,93.0
43063,348,18.01538461538461,16.0,15.303030303030305,2.2,19.0,19.3,94.0
43963,348,17.917391304347824,16.0,15.3,2.2,39.0,16.1,94.0
44863,348,17.838235294117645,16.0,15.277272727272727,2.1,30.0,12.9,95.0
45763,348,17.777142857142856,16.0,15.0,2.2,72.0,12.9,95.0
46663,348,17.7,16.0,15.0,2.0,16.0,9.7,96.0
47563,348,17.615942028985508,15.73846153846154,15.0,1.9,18.0,9.7,96.0
48463,348,17.554098360655736,15.5,14.993846153846151,1.8,23.0,12.9,97.0
49363,348,17.5,15.5,14.82089552238806,1.6,21.0,11.3,97.0
50263,348,17.40625,15.5,14.8,1.4,9.0,11.3,97.0
51163,348,17.34848484848485,15.5,14.8,1.3,7.0,11.3,97.0
52063,348,17.312121212121212,29.62686567164179,24.4044776119403,1.2,5.0,9.7,97.0
52963,348,17.944262295081966,49.42537313432835,45.95223880597015,1.2,7.0,9.7,97.0
53863,348,18.86515151515152,51.93076923076923,48.86307692307692,1.0,5.0,12.9,97.0
54763,348,19.57647058823529,50.4,47.21833333333333,1.0,5.0,14.5,97.0
55663,348,20.115625,51.185483870967744,47.8,0.9,5.0,12.9,97.0
56563,348,20.522058823529413,51.35849056603773,47.8,0.8,0.0,11.3,97.0
57463,348,20.798076923076923,49.60833333333333,46.75666666666667,0.8,0.0,11.3,97.0
58363,348,20.855737704918035,51.098214285714285,47.37321428571428,0.8,0.0,9.7,97.0
59263,348,21.10147058823529,51.5,47.85714285714285,0.8,0.0,12.9,96.0
60163,348,21.297014925373134,51.49230769230769,47.92307692307692,0.8,0.0,11.3,94.0
61063,348,21.43030303030303,51.49264705882352,48.0,0.9,0.0,9.7,92.0
61963,348,21.353125,51.5,48.03870967741936,0.9,0.0,11.3,91.0
62863,348,21.3,51.5,48.05,1.1,0.0,9.7,89.0
63763,348,21.284375,51.5,48.0,1.2,0.0,11.3,89.0
64663,348,21.29253731343284,51.49264705882352,48.05735294117647,1.4,0.0,8.0,90.0
65563,348,21.3,51.5,48.3,1.4,0.0,11.3,90.0
66463,348,21.393939393939394,51.51538461538462,48.3,1.3,0.0,11.3,93.0
67363,348,21.40147058823529,51.5,48.3,1.2,0.0,9.7,94.0
68263,348,21.49838709677419,51.76470588235294,48.41029411764706,1.3,0.0,8.0,95.0
69163,348,21.50151515151515,52.5,49.06470588235294,1.4,0.0,9.7,95.0
70063,348,21.6,52.80597014925373,49.34179104477612,1.4,0.0,6.4,95.0
70963,348,21.673529411764708,52.06617647058823,48.85441176470589,1.4,0.0,3.2,95.0
71863,348,21.7,51.5,48.15857142857143,1.1,0.0,1.6,95.0
72763,348,21.72615384615385,51.11594202898551,48.03333333333333,1.0,0.0,4.8,95.0
73663,348,21.75079365079365,45.3359375,42.484375,0.8,0.0,0.0,95.0
74563,348,21.61692307692308,45.823076923076925,43.58615384615385,0.8,0.0,0.0,96.0
75463,348,21.425714285714285,48.723880597014926,45.56417910447762,0.8,0.0,1.6,96.0
76363,348,21.4,51.13970588235294,48.294117647058826,0.8,0.0,1.6,96.0
77263,348,21.43181818181818,52.22463768115942,49.1840579710145,0.4,0.0,0.0,96.0
78163,348,21.5,52.51449275362319,49.75507246376812,0.3,0.0,0.0,96.0
79063,348,21.51044776119403,51.4609375,48.575,0.1,0.0,3.2,96.0
79963,348,21.623529411764707,51.1865671641791,48.071641791044776,0.2,0.0,3.2,97.0
80863,348,21.7,49.96428571428572,46.58428571428571,0.3,0.0,3.2,97.0
81763,348,21.798387096774192,51.85384615384616,48.606153846153845,0.3,0.0,4.8,97.0
82663,348,21.893939393939394,51.10869565217392,47.64347826086957,0.5,0.0,4.8,97.0
83563,348,21.9,50.140625,46.9265625,0.5,0.0,4.8,97.0
84463,348,21.913846153846155,47.927536231884055,44.12898550724638,0.4,0.0,3.2,97.0
85363,348,21.77096774193549,35.6328125,34.625,0.3,0.0,3.2,97.0
86263,348,21.47272727272728,28.939393939393938,29.16818181818181,0.1,0.0,6.4,96.0
763,349,21.073846153846155,24.375,22.8703125,0.2,0.0,6.4,96.0
1663,349,20.693939393939395,21.58955223880597,20.249253731343284,0.3,0.0,8.0,94.0
2563,349,20.3171875,19.897058823529413,18.794117647058822,0.3,0.0,8.0,94.0
3463,349,19.994444444444447,18.795454545454547,17.96060606060606,0.1,0.0,8.0,93.0
4363,349,19.729850746268657,18.20289855072464,17.384057971014492,0.1,0.0,8.0,93.0
5263,349,19.505797101449275,17.716417910447763,16.931343283582088,0.2,0.0,6.4,92.0
6163,349,19.319117647058825,17.5,16.645454545454548,0.3,0.0,6.4,91.0
7063,349,19.15151515151515,17.06060606060606,16.393939393939394,0.6,0.0,8.0,91.0
7963,349,19.0046875,17.0,16.225,0.7,0.0,8.0,90.0
8863,349,18.87272727272727,16.96153846153846,16.0,0.9,0.0,11.3,90.0
9763,349,18.74776119402985,16.5,15.864705882352942,0.9,0.0,12.9,91.0
10663,349,18.69838709677419,30.96527777777778,26.20833333333333,1.0,0.0,12.9,92.0
11563,349,19.203225806451613,46.32835820895522,44.07910447761194,0.8,0.0,9.7,94.0
12463,349,19.83125,44.08730158730158,42.614285714285714,1.1,0.0,11.3,94.0
13363,349,20.2027397260274,44.6865671641791,41.63880597014925,1.0,0.0,12.9,94.0
14263,349,20.5968253968254,50.56521739130435,47.60434782608696,0.7,0.0,12.9,96.0
15163,349,20.934328358208955,51.90140845070423,48.92535211267606,0.8,0.0,12.9,96.0
16063,349,21.215151515151515,51.6439393939394,49.11515151515151,1.0,0.0,16.1,95.0
16963,349,21.41343283582089,50.75,47.9560606060606,1.0,0.0,14.5,95.0
17863,349,21.57230769230769,52.09558823529412,49.169117647058826,1.3,0.0,16.1,95.0
18763,349,21.75,51.6,49.05,1.5,0.0,17.7,94.0
19663,349,21.85147058823529,51.06060606060606,48.5,1.9,0.0,14.5,95.0
20563,349,21.943076923076923,52.2536231884058,49.291304347826085,2.1,0.0,11.3,95.0
21463,349,22.08208955223881,52.76470588235294,50.048529411764704,2.7,0.0,12.9,95.0
22363,349,22.2,51.2265625,48.73125,2.8,0.0,12.9,94.0
23263,349,22.260294117647057,52.17647058823529,49.233823529411765,3.1,0.0,14.5,93.0
24163,349,22.35441176470588,52.01538461538462,49.29846153846154,3.2,0.0,14.5,93.0
25063,349,22.45245901639344,52.6044776119403,49.91940298507463,3.3,0.0,12.9,92.0
25963,349,22.509090909090908,51.83846153846154,49.27538461538462,3.3,0.0,11.3,92.0
26863,349,22.64,52.40625,49.40625,3.2,0.0,8.0,94.0
27763,349,22.7955223880597,46.83333333333333,45.36515151515151,3.1,0.0,9.7,94.0
28663,349,22.659375,34.891304347826086,33.44202898550724,2.9,0.0,9.7,94.0
29563,349,22.33235294117647,28.4469696969697,26.89848484848485,3.1,0.0,9.7,93.0
30463,349,21.91060606060606,24.44696969696969,22.95909090909091,3.1,0.0,9.7,92.0
31363,349,21.497014925373133,21.83582089552239,20.568656716417912,3.1,0.0,9.7,92.0
32263,349,21.123529411764707,20.21538461538461,19.15076923076923,3.2,7.0,8.0,92.0
33163,349,20.753731343283583,19.20714285714286,18.262857142857143,3.1,7.0,9.7,91.0
34063,349,20.46,18.56153846153846,17.72923076923077,2.9,23.0,14.5,92.0
34963,349,20.185294117647057,18.035714285714285,17.34285714285714,2.9,23.0,14.5,90.0
35863,349,19.96716417910448,17.977272727272727,17.06818181818182,3.1,35.0,11.3,87.0
36763,349,19.762857142857143,17.5,16.876470588235293,3.1,21.0,11.3,87.0
37663,349,19.577611940298507,17.5,16.670149253731346,2.7,21.0,12.9,86.0
38563,349,19.43181818181818,17.346153846153847,16.5,2.6,28.0,9.7,87.0
39463,349,19.291803278688526,17.0,16.35217391304348,3.2,81.0,8.0,86.0
40363,349,19.178571428571427,17.0,16.3,3.3,104.0,12.9,85.0
41263,349,19.066666666666663,17.0,16.180882352941175,3.8,130.0,8.0,84.0
42163,349,18.998507462686568,17.0,16.0,3.8,134.0,11.3,83.0
43063,349,18.9,16.826086956521742,16.0,3.9,139.0,16.1,82.0
43963,349,18.823529411764707,16.5,15.991549295774648,4.1,141.0,14.5,81.0
44863,349,18.73098591549296,16.5,15.80625,4.2,141.0,14.5,81.0
45763,349,18.67384615384616,16.5,15.8,4.3,137.0,12.9,80.0
46663,349,18.6,16.5,15.8,4.6,127.0,9.7,80.0
47563,349,18.516176470588235,16.5,15.795652173913044,4.3,118.0,9.7,80.0
48463,349,18.47460317460317,16.5,15.585074626865673,4.1,65.0,11.3,81.0
49363,349,18.4,16.5,15.5,4.0,58.0,11.3,80.0
50263,349,18.32985074626865,16.40441176470588,15.5,3.9,53.0,9.7,80.0
51163,349,18.253731343283583,16.0,15.5,3.9,47.0,11.3,80.0
52063,349,18.2,16.0,15.450684931506853,3.6,18.0,6.4,80.0
52963,349,18.103076923076923,16.615942028985508,15.5,3.4,16.0,4.8,81.0
53863,349,18.295652173913044,43.5,38.09852941176471,2.9,12.0,8.0,83.0
54763,349,18.91343283582089,43.98484848484848,41.556060606060605,2.8,11.0,8.0,83.0
55663,349,19.313235294117646,45.15441176470589,42.43529411764706,2.4,5.0,8.0,84.0
56563,349,19.608823529411765,46.89473684210527,43.780701754385966,2.4,0.0,9.7,83.0
57463,349,19.85873015873016,36.06153846153846,34.598461538461535,2.4,0.0,11.3,82.0
58363,349,20.03913043478261,48.93846153846154,44.566153846153846,2.3,0.0,8.0,82.0
59263,349,20.525352112676057,49.419117647058826,46.93529411764706,2.2,0.0,12.9,83.0
60163,349,20.7,47.10294117647059,46.569117647058825,2.1,0.0,14.5,83.0
61063,349,20.836231884057973,48.33870967741935,47.91129032258065,2.1,0.0,14.5,83.0
61963,349,21.046031746031748,46.26923076923077,46.50461538461538,2.1,0.0,12.9,82.0
62863,349,21.17936507936508,40.41176470588236,36.53529411764706,2.3,0.0,16.1,81.0
63763,349,21.303125,44.77272727272727,42.80757575757576,2.4,0.0,17.7,80.0
64663,349,21.5,45.5546875,42.678125,2.3,0.0,12.9,81.0
65563,349,21.62121212121212,45.04838709677419,42.83548387096774,2.3,0.0,12.9,81.0
66463,349,21.6203125,44.471428571428575,42.15714285714286,2.4,0.0,12.9,81.0
67363,349,21.46417910447761,42.73015873015873,41.0984126984127,2.4,0.0,11.3,81.0
68263,349,21.225,43.42537313432835,41.18358208955224,2.3,0.0,14.5,83.0
69163,349,21.13088235294118,44.45522388059702,42.58955223880597,2.4,0.0,12.9,83.0
70063,349,21.1,47.0,44.644615384615385,2.4,0.0,12.9,83.0
70963,349,21.15671641791045,43.37096774193548,41.72741935483871,2.4,0.0,14.5,83.0
71863,349,21.216129032258063,41.52985074626866,39.92238805970149,2.2,0.0,12.9,84.0
72763,349,21.14626865671642,40.025,37.45166666666667,2.1,0.0,14.5,84.0
73663,349,21.1,45.40769230769231,42.69846153846154,1.9,0.0,14.5,84.0
74563,349,21.1,44.98245614035088,42.9,1.8,0.0,11.3,84.0
75463,349,21.1,43.5,40.84285714285714,1.6,0.0,11.3,84.0
76363,349,21.1,45.059322033898304,43.23389830508474,1.6,0.0,9.7,84.0
77263,349,21.1,43.23333333333333,41.07333333333334,1.5,0.0,12.9,85.0
78163,349,21.025454545454544,38.5327868852459,36.54918032786885,1.5,0.0,11.3,85.0
79063,349,20.93939393939394,37.46825396825397,35.039682539682545,1.3,0.0,9.7,85.0
79963,349,20.835714285714285,35.96774193548387,34.07096774193548,1.3,0.0,12.9,85.0
80863,349,20.9671875,28.584615384615383,28.33384615384616,1.3,0.0,11.3,84.0
81763,349,20.668253968253968,24.264705882352946,22.891176470588235,1.3,0.0,12.9,84.0
82663,349,20.31,21.389705882352946,20.27941176470588,1.4,0.0,12.9,83.0
83563,349,19.947272727272725,19.775,18.82333333333333,1.2,0.0,11.3,83.0
84463,349,19.64444444444445,18.7421875,17.9234375,1.2,0.0,12.9,82.0
85363,349,19.36060606060606,17.964285714285715,17.205714285714286,1.1,0.0,11.3,82.0
86263,349,19.11857142857143,17.5,16.706060606060607,0.9,0.0,9.7,82.0
763,350,18.91212121212121,17.022727272727273,16.375757575757575,0.7,0.0,11.3,82.0
1663,350,18.723076923076924,16.891304347826086,16.043478260869566,0.9,0.0,11.3,81.0
2563,350,18.557575757575755,16.5,15.859701492537315,1.0,0.0,11.3,81.0
3463,350,18.423880597014925,16.5,15.725,0.9,0.0,12.9,81.0
4363,350,18.28,16.46969696969697,15.5,1.0,0.0,12.9,80.0
5263,350,18.163492063492065,16.015625,15.409375,0.7,0.0,11.3,81.0
6163,350,18.05076923076923,16.0,15.3,0.6,0.0,12.9,81.0
7063,350,17.944117647058825,16.0,15.23709677419355,0.5,0.0,14.5,82.0
7963,350,17.8375,16.0,15.0046875,0.6,0.0,14.5,81.0
8863,350,17.757575757575758,15.992307692307694,15.0,0.4,0.0,14.5,83.0
9763,350,17.66875,15.585714285714284,15.0,0.6,0.0,14.5,82.0
10663,350,17.590625,15.5,14.991176470588234,0.7,0.0,12.9,82.0
11563,350,17.565625,37.23913043478261,31.726086956521737,0.6,0.0,11.3,82.0
12463,350,18.031884057971016,44.12096774193548,42.1983870967742,0.4,0.0,9.7,83.0
13363,350,18.426984126984127,44.57462686567165,41.98059701492537,0.4,0.0,11.3,83.0
14263,350,18.709375,43.85294117647059,41.90294117647058,0.6,0.0,11.3,82.0
15163,350,18.947692307692307,44.0,41.7530303030303,0.6,0.0,11.3,82.0
16063,350,19.096875,42.38059701492537,40.35074626865672,0.5,0.0,9.7,83.0
16963,350,19.263076923076923,44.74626865671642,42.2955223880597,0.6,0.0,11.3,83.0
17863,350,19.505000000000003,49.4921875,46.8140625,0.6,0.0,10.5,83.0
18763,350,19.76714285714285,51.649253731343286,48.50597014925373,0.6,0.0,6.4,83.0
19663,350,19.97536231884058,49.88059701492537,47.69253731343284,0.7,0.0,6.4,84.0
20563,350,20.00735294117647,41.18571428571428,38.85857142857143,0.8,0.0,9.7,83.0
21463,350,19.908474576271185,42.46875,39.5453125,0.9,0.0,11.3,83.0
22363,350,19.9,39.9469696969697,38.66666666666667,0.8,0.0,8.0,84.0
23263,350,19.77611940298508,37.44776119402985,35.453731343283586,0.9,0.0,9.7,84.0
24163,350,19.64754098360656,38.04615384615384,36.35692307692308,0.9,0.0,11.3,84.0
25063,350,19.5268656716418,38.5625,36.3171875,0.9,0.0,8.0,85.0
25963,350,19.5015625,39.4140625,37.4703125,1.0,0.0,6.4,85.0
26863,350,19.6,41.73076923076923,39.06153846153846,1.1,0.0,6.4,86.0
27763,350,19.638805970149257,42.53225806451613,40.487096774193546,1.1,0.0,11.3,85.0
28663,350,19.76833333333333,44.0390625,41.928125,1.2,0.0,11.3,85.0
29563,350,19.9,33.38970588235294,32.411764705882355,1.2,0.0,8.0,85.0
30463,350,19.79206349206349,26.292857142857144,24.332857142857144,1.1,9.0,6.4,86.0
31363,350,19.521538461538466,22.477272727272727,21.095454545454547,1.1,5.0,8.0,86.0
32263,350,19.22786885245901,20.214285714285715,19.147142857142857,1.3,7.0,9.7,85.0
33163,350,18.929850746268656,18.8046875,17.9171875,1.3,12.0,9.7,85.0
34063,350,18.64754098360656,17.833333333333336,17.12878787878788,1.1,16.0,8.0,86.0
34963,350,18.411428571428573,17.261194029850746,16.580597014925374,1.0,19.0,8.0,87.0
35863,350,18.20597014925373,16.891304347826086,16.178260869565218,1.2,19.0,6.4,86.0
36763,350,18.04126984126984,16.5,15.90909090909091,1.3,19.0,9.7,86.0
37663,350,17.891935483870967,16.434426229508198,15.71639344262295,1.7,32.0,8.0,85.0
38563,350,17.769117647058824,16.0,15.5,1.8,47.0,8.0,85.0
39463,350,17.664516129032258,16.0,15.334782608695653,2.6,86.0,9.7,83.0
40363,350,17.571641791044776,16.0,15.3,2.3,65.0,11.3,85.0
41263,350,17.496875,16.0,15.09402985074627,2.6,128.0,11.3,84.0
42163,350,17.401492537313434,15.74264705882353,15.0,2.5,67.0,12.9,84.0
43063,350,17.333333333333336,15.5,15.0,2.3,35.0,11.3,86.0
43963,350,17.26212121212121,20.683823529411764,17.692647058823532,2.2,49.0,9.7,86.0
44863,350,17.57076923076923,48.93939393939394,44.224242424242426,2.1,42.0,9.7,87.0
45763,350,18.26363636363636,48.06153846153846,45.604615384615386,2.1,72.0,9.7,88.0
46663,350,18.630769230769232,47.47014925373134,45.80149253731343,2.0,26.0,11.3,88.0
47563,350,19.00161290322581,45.609375,45.5796875,2.0,32.0,9.7,87.0
48463,350,19.309375,46.13768115942029,45.85507246376812,2.3,58.0,9.7,86.0
49363,350,19.5,48.53030303030303,45.53030303030303,2.3,81.0,8.0,86.0
50263,350,19.5,49.528985507246375,46.18115942028986,2.5,46.0,11.3,85.0
51163,350,19.44375,48.7734375,45.7640625,2.4,30.0,11.3,85.0
52063,350,19.470491803278687,48.823076923076925,46.48153846153846,2.1,18.0,11.3,85.0
52963,350,19.446031746031743,46.5,44.5921875,2.0,14.0,9.7,85.0
53863,350,19.552307692307693,49.6796875,46.125,1.7,11.0,8.0,85.0
54763,350,19.88636363636364,48.79710144927536,45.83043478260869,1.7,7.0,9.7,86.0
55663,350,20.01076923076923,49.57857142857143,46.20857142857143,1.4,5.0,11.3,87.0
56563,350,20.1875,48.41666666666667,45.627272727272725,1.4,0.0,11.3,87.0
57463,350,20.398305084745765,49.82352941176471,46.29264705882353,1.4,0.0,9.7,86.0
58363,350,20.5,46.66935483870968,44.26451612903226,1.4,0.0,11.3,86.0
59263,350,20.456666666666667,50.54761904761905,47.18888888888889,1.4,0.0,9.7,86.0
60163,350,20.5,52.059701492537314,49.0865671641791,1.2,0.0,8.0,86.0
61063,350,20.45384615384616,51.4179104477612,48.723880597014926,1.2,0.0,8.0,86.0
61963,350,20.398360655737704,50.06923076923077,47.56923076923077,1.0,0.0,9.7,86.0
62863,350,20.2864406779661,44.36290322580645,42.58064516129032,1.3,0.0,11.3,85.0
63763,350,20.36984126984127,42.37692307692308,41.426153846153845,1.2,0.0,11.3,86.0
64663,350,20.51746031746032,44.7109375,44.1984375,1.2,0.0,11.3,86.0
65563,350,20.6,45.34090909090909,43.80757575757576,1.2,0.0,11.3,86.0
66463,350,20.691935483870967,44.27272727272727,43.309090909090905,1.2,0.0,11.3,87.0
67363,350,20.79344262295082,47.81617647058824,47.23823529411764,1.1,0.0,9.7,87.0
68263,350,20.85625,42.20149253731343,40.582089552238806,1.2,0.0,11.3,87.0
69163,350,20.67258064516129,45.22727272727273,43.28181818181818,1.2,0.0,12.9,88.0
70063,350,20.451666666666668,45.56481481481482,43.17777777777778,1.2,0.0,8.0,87.0
70963,350,20.27540983606557,46.266129032258064,43.80645161290322,1.3,0.0,9.7,87.0
71863,350,20.2,51.0,48.006349206349206,1.4,0.0,9.7,86.0
72763,350,20.2,45.35714285714285,43.73809523809524,1.3,0.0,9.7,86.0
73663,350,20.2,44.49107142857143,42.4375,1.3,0.0,6.4,85.0
74563,350,20.23076923076924,43.71551724137931,42.10172413793104,0.5,0.0,1.6,86.0
75463,350,20.3,41.17796610169491,39.80677966101695,-0.1,0.0,1.6,88.0
76363,350,20.37547169811321,44.07627118644068,43.313559322033896,-0.3,0.0,1.6,89.0
77263,350,20.42678571428572,43.93518518518518,42.4962962962963,-0.7,0.0,3.2,90.0
78163,350,20.57037037037037,44.34920634920635,43.74285714285715,-0.6,0.0,1.6,91.0
79063,350,20.6,47.44262295081968,44.71147540983607,0.1,0.0,6.4,90.0
79963,350,20.66346153846154,45.07291666666667,43.50416666666667,0.2,0.0,3.2,89.0
80863,350,20.7,41.45161290322581,39.406451612903226,0.3,0.0,3.2,89.0
81763,350,20.5328125,31.623076923076923,29.889230769230767,0.4,0.0,1.6,90.0
82663,350,20.14897959183673,25.637931034482754,24.217241379310344,1.0,0.0,6.4,88.0
83563,350,19.723333333333333,22.035714285714285,20.758928571428573,1.4,0.0,8.0,88.0
84463,350,19.3453125,19.85074626865672,18.756716417910447,2.4,0.0,4.8,86.0
85363,350,19.019298245614035,18.56153846153846,17.624615384615385,2.6,0.0,6.4,86.0
86263,350,18.723076923076924,17.70754716981132,16.932075471698113,2.5,0.0,6.4,86.0
763,351,18.51071428571429,17.19090909090909,16.46727272727273,1.2,0.0,3.2,88.0
1663,351,18.30851063829787,16.844444444444445,16.1,2.7,0.0,9.7,91.0
2563,351,18.143103448275863,16.5,15.847457627118644,3.2,0.0,9.7,89.0
3463,351,17.989285714285714,16.491935483870968,15.616129032258064,3.6,0.0,6.4,84.0
4363,351,17.847457627118644,16.01818181818182,15.456363636363635,3.1,0.0,3.2,84.0
5263,351,17.744999999999997,16.0,15.3,4.0,0.0,9.7,80.0
6163,351,17.633333333333333,16.0,15.2,3.9,0.0,11.3,82.0
7063,351,17.542105263157897,15.982456140350877,15.0,3.6,0.0,11.3,82.0
7963,351,17.438709677419354,15.52542372881356,15.0,3.7,0.0,9.7,84.0
8863,351,17.353968253968254,15.5,14.817241379310346,3.9,0.0,12.9,84.0
9763,351,17.27741935483871,15.5,14.8,3.9,0.0,11.3,85.0
10663,351,17.194545454545455,15.5,14.717241379310346,4.1,0.0,16.1,88.0
11563,351,17.1,17.74137931034483,15.55,4.2,0.0,19.3,88.0
12463,351,17.361818181818183,44.524193548387096,40.23870967741935,4.5,0.0,20.9,89.0
13363,351,17.970967741935485,43.675,41.33833333333333,4.5,0.0,19.3,89.0
14263,351,18.41,43.828125,41.8921875,5.3,0.0,22.5,88.0
15163,351,18.72622950819672,43.82638888888889,41.50694444444444,5.1,0.0,22.5,89.0
16063,351,18.983098591549297,44.26119402985075,41.96268656716418,5.0,0.0,24.1,89.0
16963,351,19.215942028985506,42.21875,40.6296875,4.9,0.0,24.1,90.0
17863,351,19.363492063492064,48.17692307692308,44.80923076923077,4.8,0.0,22.5,90.0
18763,351,19.619696969696967,50.234375,47.4421875,5.0,0.0,25.7,90.0
19663,351,19.86567164179105,50.33088235294117,47.54558823529412,5.3,0.0,29.0,90.0
20563,351,20.00735294117647,46.54615384615384,44.56461538461538,5.3,0.0,29.0,90.0
21463,351,20.095890410958905,42.45652173913044,40.41449275362319,5.3,0.0,22.5,91.0
22363,351,20.0,43.5,40.53484848484849,5.4,0.0,20.9,90.0
23263,351,20.06617647058824,46.90298507462687,44.12985074626866,5.6,0.0,27.4,90.0
24163,351,20.146031746031746,47.1796875,45.0203125,5.3,0.0,29.0,90.0
25063,351,20.2,44.56153846153846,42.69384615384615,5.2,0.0,27.4,91.0
25963,351,20.2,44.06349206349206,42.077777777777776,5.2,0.0,27.4,92.0
26863,351,20.1515625,37.6875,36.2859375,5.8,0.0,33.8,90.0
27763,351,19.98125,33.6640625,32.65,5.9,0.0,33.8,90.0
28663,351,19.771929824561404,31.44029850746269,30.138805970149253,5.9,0.0,35.4,89.0
29563,351,19.59850746268657,26.30597014925373,25.7044776119403,5.8,0.0,33.0,90.0
30463,351,19.35735294117647,22.02307692307692,20.53076923076923,5.7,0.0,30.6,90.0
31363,351,19.061290322580646,19.227941176470587,17.916176470588233,5.7,0.0,32.2,91.0
32263,351,18.79230769230769,17.78787878787879,16.775757575757574,6.3,0.0,32.2,92.0
33163,351,18.56417910447761,17.1044776119403,16.36865671641791,6.5,0.0,33.8,92.0
34063,351,18.426984126984127,33.89393939393939,28.7969696969697,6.7,7.0,29.0,92.0
34963,351,19.003174603174603,48.71875,45.7546875,6.7,5.0,30.6,92.0
35863,351,19.633333333333333,49.88059701492537,46.546268656716414,7.1,14.0,32.2,92.0
36763,351,20.06935483870968,48.94117647058824,46.351470588235294,7.2,20.0,33.8,92.0
37663,351,20.443103448275863,49.4,46.526153846153846,7.5,28.0,32.2,91.0
38563,351,20.683823529411764,49.22727272727273,46.75151515151515,7.4,49.0,32.2,91.0
39463,351,20.861764705882354,49.84848484848485,46.85454545454546,7.6,25.0,29.0,91.0
40363,351,20.99230769230769,48.8030303030303,46.46818181818182,8.1,39.0,29.0,91.0
41263,351,21.094117647058823,49.52857142857143,46.754285714285714,9.0,44.0,40.2,89.0
42163,351,21.2,49.08474576271187,46.78305084745763,8.9,44.0,40.2,90.0
43063,351,21.26323529411765,49.78787878787879,46.93787878787879,8.4,54.0,35.4,91.0
43963,351,21.393442622950825,48.72881355932204,46.64745762711864,8.4,69.0,32.2,92.0
44863,351,21.377777777777776,49.5,47.09655172413793,8.4,84.0,24.1,93.0
45763,351,21.26170212765957,48.39583333333333,46.67708333333333,8.5,83.0,24.1,94.0
46663,351,21.15142857142857,49.38461538461539,47.09743589743589,8.7,70.0,25.7,94.0
47563,351,21.1,48.05357142857143,46.2875,8.8,44.0,24.1,94.0
48463,351,21.1,49.23728813559322,46.85423728813559,9.1,46.0,25.7,92.0
49363,351,21.174242424242426,48.71698113207548,46.30377358490566,9.2,21.0,24.1,92.0
50263,351,21.39333333333333,48.81060606060606,46.040909090909096,8.8,12.0,24.1,93.0
51163,351,21.545,47.8421052631579,45.82280701754386,8.6,16.0,24.1,93.0
52063,351,21.656603773584905,48.39655172413793,46.14310344827586,8.0,21.0,20.9,89.0
52963,351,21.7425925925926,47.68181818181818,45.70181818181818,7.7,17.0,22.5,87.0
53863,351,21.8,48.075471698113205,45.892452830188674,7.1,7.0,22.5,83.0
54763,351,21.8,47.5655737704918,45.41639344262295,6.7,5.0,19.3,84.0
55663,351,21.32407407407408,44.62903225806452,42.37903225806452,6.3,0.0,19.3,83.0
56563,351,19.324193548387097,42.09375,39.575,6.2,0.0,20.1,81.0
57463,351,18.97384615384616,33.10483870967742,32.36774193548387,6.0,0.0,19.3,80.0
58363,351,20.15151515151515,36.142857142857146,33.25079365079365,5.8,0.0,17.7,80.0
59263,351,20.730158730158728,48.6,46.02307692307692,5.5,0.0,20.9,78.0
60163,351,20.38135593220339,50.46825396825397,47.56984126984127,5.6,0.0,19.3,76.0
61063,351,20.67384615384616,52.80597014925373,48.97611940298508,5.4,0.0,16.1,75.0
61963,351,21.06551724137931,51.73275862068965,48.26206896551725,5.4,0.0,17.7,74.0
62863,351,21.35483870967742,43.49206349206349,40.93015873015873,5.2,0.0,14.5,75.0
63763,351,21.490322580645163,46.04761904761905,43.43809523809525,5.2,0.0,14.5,75.0
64663,351,21.494202898550725,45.22727272727273,42.16666666666667,5.1,0.0,14.5,76.0
65563,351,21.34776119402985,43.99180327868852,40.3688524590164,4.9,0.0,14.5,77.0
66463,351,21.392727272727274,51.21929824561404,46.82105263157895,4.8,0.0,9.7,78.0
67363,351,21.51311475409836,50.09285714285714,47.065714285714286,4.9,0.0,17.7,79.0
68263,351,21.85,48.523809523809526,46.68888888888889,4.9,0.0,19.3,81.0
69163,351,22.165625,50.58064516129032,47.596774193548384,4.7,0.0,16.1,83.0
70063,351,22.371875,49.18461538461538,46.26615384615384,4.9,0.0,16.1,84.0
70963,351,22.46029411764706,49.359375,46.059375,4.8,0.0,14.5,84.0
71863,351,22.5,49.91935483870968,46.78870967741936,4.8,0.0,16.1,85.0
72763,351,22.565671641791045,48.75,45.713235294117645,4.8,0.0,14.5,85.0
73663,351,22.571875,49.58088235294117,46.13382352941176,4.7,0.0,14.5,84.0
74563,351,22.66,47.698412698412696,45.32539682539682,4.7,0.0,16.1,84.0
75463,351,22.569230769230767,39.015625,35.4296875,4.7,0.0,12.9,83.0
76363,351,22.36060606060606,37.99090909090909,36.06909090909091,4.7,0.0,14.5,82.0
77263,351,22.084745762711865,33.38805970149254,31.59850746268657,4.7,0.0,14.5,82.0
78163,351,21.7955223880597,31.53030303030303,29.71212121212121,4.5,0.0,12.9,83.0
79063,351,21.56,37.3768115942029,33.142028985507245,4.7,0.0,14.5,82.0
79963,351,21.5453125,49.57936507936508,44.77936507936508,4.5,0.0,11.3,84.0
80863,351,21.75967741935484,43.87692307692308,40.24307692307692,4.4,0.0,12.9,84.0
81763,351,21.65373134328358,32.24264705882353,28.86617647058824,4.3,0.0,11.3,85.0
82663,351,21.41044776119403,26.046875,23.5078125,4.5,0.0,14.5,85.0
83563,351,21.08484848484849,22.44776119402985,20.422388059701493,4.5,0.0,14.5,85.0
84463,351,20.75076923076923,20.30597014925373,18.69701492537313,4.3,0.0,14.5,86.0
85363,351,20.47164179104477,19.080882352941178,17.75588235294118,4.3,0.0,11.3,86.0
86263,351,20.164516129032258,18.664285714285715,17.987142857142857,4.3,0.0,11.3,86.0
763,352,19.92058823529412,19.0072463768116,18.77826086956522,4.3,0.0,12.9,87.0
1663,352,19.703030303030303,18.0,17.14776119402985,4.2,0.0,12.9,87.0
2563,352,19.473134328358206,17.47761194029851,16.611940298507463,4.0,0.0,9.7,88.0
3463,352,19.31515151515152,17.27941176470588,16.736764705882354,4.1,0.0,14.5,88.0
4363,352,19.20151515151515,17.380597014925375,16.580597014925374,3.8,0.0,12.9,88.0
5263,352,19.07692307692308,17.0,16.3,4.1,0.0,14.5,88.0
6163,352,18.99253731343284,17.0,16.088524590163935,4.0,0.0,11.3,88.0
7063,352,18.9,17.0,16.0,4.1,0.0,12.9,88.0
7963,352,18.80909090909091,16.992753623188406,16.0,4.2,0.0,11.3,87.0
8863,352,18.709230769230768,16.610294117647058,16.0,4.2,0.0,11.3,87.0
9763,352,18.631818181818183,16.5,15.988059701492537,4.3,0.0,11.3,87.0
10663,352,18.56212121212121,16.5,15.812121212121212,4.2,0.0,9.7,88.0
11563,352,18.4955223880597,16.5,15.8,4.1,0.0,11.3,87.0
12463,352,18.4,16.5,15.8,4.2,0.0,12.9,87.0
13363,352,18.34852941176471,16.5,15.8,4.2,0.0,9.7,88.0
14263,352,18.292424242424243,16.5,15.8,4.1,0.0,11.3,88.0
15163,352,18.25846153846154,36.30769230769231,30.903076923076924,4.3,0.0,12.9,86.0
16063,352,18.68507462686567,45.26470588235294,43.01470588235294,4.5,0.0,11.3,86.0
16963,352,19.05909090909091,45.05147058823529,43.13823529411765,4.6,0.0,9.7,85.0
17863,352,19.313235294117646,45.61029411764706,43.08382352941176,4.5,0.0,11.3,85.0
18763,352,19.692424242424245,50.198412698412696,46.909523809523805,4.7,0.0,11.3,86.0
19663,352,20.119696969696967,51.31343283582089,48.059701492537314,4.7,0.0,14.5,87.0
20563,352,20.411290322580648,48.04929577464789,45.27887323943662,4.6,0.0,12.9,89.0
21463,352,20.501470588235293,44.29577464788732,41.209859154929575,4.6,0.0,14.5,87.0
22363,352,20.5,42.36666666666667,39.99333333333333,4.6,0.0,16.1,87.0
23263,352,20.41780821917808,37.656716417910445,36.00149253731343,4.7,0.0,14.5,86.0
24163,352,20.25633802816901,31.24242424242424,30.166666666666668,4.7,0.0,12.9,86.0
25063,352,20.09130434782609,29.34848484848485,28.004545454545458,4.9,0.0,11.3,85.0
25963,352,19.87538461538461,28.8203125,27.665625,5.0,0.0,11.3,85.0
26863,352,19.675,26.98550724637681,26.00869565217392,5.2,0.0,9.7,85.0
27763,352,19.471875,26.62037037037037,25.279629629629632,5.2,0.0,9.7,86.0
28663,352,19.5328125,43.741379310344826,37.36896551724138,5.3,0.0,11.3,86.0
29563,352,19.874242424242425,33.06060606060606,29.51818181818182,5.3,0.0,9.7,86.0
30463,352,19.884375,26.38059701492537,25.50597014925373,5.1,0.0,9.7,87.0
31363,352,19.6955223880597,23.246153846153845,22.783076923076923,5.4,3.0,11.3,87.0
32263,352,19.4328125,21.07857142857143,21.035714285714285,5.6,11.0,9.7,88.0
33163,352,19.23548387096774,19.813432835820898,20.246268656716417,5.6,18.0,11.3,87.0
34063,352,19.01060606060605,18.607142857142858,18.037142857142857,5.5,26.0,8.0,88.0
34963,352,18.8265625,17.7265625,17.021875,5.6,30.0,11.3,89.0
35863,352,18.64626865671642,17.246268656716417,16.580597014925374,5.7,37.0,8.0,90.0
36763,352,18.5203125,17.0,16.30923076923077,5.7,44.0,11.3,89.0
37663,352,18.396875,16.71875,16.065625,5.9,54.0,11.3,88.0
38563,352,18.284375,16.5,15.996774193548386,6.0,58.0,14.5,88.0
39463,352,18.193939393939395,16.5,15.803125,6.4,69.0,16.1,86.0
40363,352,18.1,16.5,15.8,6.4,81.0,12.9,86.0
41263,352,18.01159420289855,16.477272727272727,15.654545454545453,6.6,90.0,17.7,82.0
42163,352,17.95,16.046875,15.5,6.7,83.0,19.3,81.0
43063,352,17.87878787878788,16.0,15.5,6.5,91.0,19.3,85.0
43963,352,17.8,16.0,15.493650793650792,6.7,97.0,19.3,86.0
44863,352,17.749253731343284,16.0,15.309090909090909,6.7,121.0,17.7,87.0
45763,352,17.7,16.0,15.3,6.6,90.0,16.1,87.0
46663,352,17.6078125,16.0,15.3,6.2,80.0,19.3,90.0
47563,352,17.592424242424244,16.0,15.3,6.2,72.0,20.9,91.0
48463,352,17.5,16.0,15.28153846153846,6.3,72.0,19.3,91.0
49363,352,17.48,16.0,15.03529411764706,6.3,67.0,20.9,91.0
50263,352,17.4,15.89516129032258,15.0,6.2,51.0,16.1,92.0
51163,352,17.36376811594203,15.52898550724638,15.0,6.3,46.0,12.9,92.0
52063,352,17.3,15.5,15.0,6.7,33.0,14.5,90.0
52963,352,17.25846153846154,15.5,15.0,6.7,33.0,14.5,90.0
53863,352,17.295652173913044,37.82352941176471,32.60294117647059,6.9,16.0,14.5,88.0
54763,352,17.768253968253966,43.22727272727273,41.87121212121212,6.9,12.0,9.7,87.0
55663,352,18.16875,44.10294117647059,41.86764705882353,7.5,5.0,17.7,77.0
56563,352,18.503389830508475,44.91129032258065,43.25,7.3,0.0,12.9,81.0
57463,352,18.7671875,46.014925373134325,43.86119402985075,6.6,0.0,9.7,81.0
58363,352,18.960317460317462,41.774193548387096,39.77096774193548,6.7,0.0,12.9,79.0
59263,352,19.295454545454547,49.53389830508475,46.89661016949152,7.6,0.0,16.1,75.0
60163,352,19.686153846153847,50.484375,47.6890625,7.8,0.0,16.1,75.0
61063,352,20.01176470588236,50.59090909090909,47.89545454545454,7.6,0.0,16.1,73.0
61963,352,20.287301587301588,49.78030303030303,47.67121212121212,7.2,0.0,16.1,76.0
62863,352,20.442857142857143,40.75,39.53387096774193,7.1,0.0,22.5,77.0
63763,352,20.344615384615384,36.54347826086956,35.58985507246377,7.4,0.0,27.4,78.0
64663,352,20.125,30.723076923076924,29.704615384615387,8.8,0.0,19.3,80.0
65563,352,19.89090909090909,28.81538461538461,27.923076923076923,8.3,0.0,16.1,76.0
66463,352,19.61875,27.55970149253731,26.434328358208955,7.2,0.0,14.5,75.0
67363,352,19.45,38.01470588235294,34.55,7.2,0.0,17.7,75.0
68263,352,19.62686567164179,45.685483870967744,41.57903225806452,7.3,0.0,19.3,76.0
69163,352,20.116666666666667,51.42307692307693,48.638461538461534,7.7,0.0,17.7,75.0
70063,352,20.580882352941178,47.03787878787879,45.03181818181818,8.2,0.0,22.5,75.0
70963,352,20.80161290322581,46.507462686567166,44.474626865671645,8.3,0.0,17.7,75.0
71863,352,20.96760563380281,43.204918032786885,41.21967213114754,8.7,0.0,16.1,75.0
72763,352,21.0,42.44827586206897,40.73448275862069,9.2,0.0,24.1,76.0
73663,352,21.0,44.03787878787879,41.81212121212121,8.2,0.0,11.3,76.0
74563,352,21.0,42.28358208955224,40.63582089552239,7.1,0.0,8.0,82.0
75463,352,21.00923076923077,44.26428571428572,42.00571428571429,8.9,0.0,22.5,76.0
76363,352,21.1,42.815384615384616,41.34769230769231,9.2,0.0,20.9,75.0
77263,352,21.19375,45.246153846153845,42.88923076923077,9.7,0.0,27.4,73.0
78163,352,21.26363636363636,46.93846153846154,44.94307692307692,9.5,0.0,24.1,72.0
79063,352,21.4,37.08088235294117,34.733823529411765,9.2,0.0,12.9,72.0
79963,352,21.36190476190476,36.06349206349206,34.89365079365079,9.2,0.0,11.3,73.0
80863,352,21.25625,37.26119402985075,34.938805970149254,9.1,0.0,12.9,75.0
81763,352,21.10757575757576,29.84848484848485,27.092424242424244,9.0,0.0,11.3,76.0
82663,352,21.219402985074627,24.7,23.126153846153848,9.2,0.0,20.9,79.0
83563,352,21.64848484848485,23.223076923076924,23.995384615384616,9.4,0.0,22.5,80.0
84463,352,20.861194029850743,22.0234375,22.5109375,9.8,0.0,14.5,85.0
85363,352,20.485714285714288,20.059701492537314,19.23134328358209,9.9,0.0,24.1,84.0
86263,352,20.13521126760564,18.77142857142857,17.97714285714286,9.8,0.0,24.1,88.0
763,353,19.81384615384616,18.083333333333336,17.37121212121212,10.1,0.0,24.1,88.0
1663,353,19.515942028985503,17.580882352941178,17.00588235294118,9.7,0.0,24.1,84.0
2563,353,19.27846153846154,17.5,16.805797101449276,10.0,0.0,19.3,86.0
3463,353,19.068656716417912,17.046875,16.5328125,10.3,0.0,20.9,83.0
4363,353,18.9089552238806,17.0,16.33125,10.3,0.0,24.1,82.0
5263,353,18.78139534883721,17.0,16.25609756097561,10.4,0.0,20.9,86.0
6163,353,,,,10.3,0.0,20.9,86.0
7063,353,,,,10.3,0.0,20.9,87.0
7963,353,,,,10.4,0.0,24.1,88.0
8863,353,,,,10.0,0.0,25.7,90.0
9763,353,,,,10.2,0.0,22.5,90.0
10663,353,,,,10.1,0.0,24.1,91.0
11563,353,,,,10.0,0.0,27.4,90.0
12463,353,,,,9.8,0.0,20.9,89.0
13363,353,,,,9.5,0.0,29.0,91.0
14263,353,19.62368421052632,45.37179487179488,42.920512820512826,9.3,0.0,20.9,92.0
15163,353,19.90579710144928,50.698630136986296,47.81232876712329,9.3,0.0,17.7,93.0
16063,353,20.175,47.61111111111111,46.38888888888889,9.5,0.0,19.3,94.0
16963,353,,,,9.7,0.0,27.4,93.0
17863,353,,,,9.6,0.0,19.3,93.0
18763,353,,,,9.7,0.0,12.9,93.0
19663,353,,,,9.7,0.0,9.7,93.0
20563,353,,,,9.7,0.0,11.3,94.0
21463,353,,,,9.7,0.0,11.3,94.0
22363,353,,,,9.7,0.0,22.5,93.0
23263,353,,,,9.8,0.0,29.0,93.0
24163,353,,,,9.9,0.0,24.1,93.0
25063,353,22.619230769230768,51.9,47.935,9.9,0.0,24.1,93.0
25963,353,22.78153846153846,51.49242424242424,48.25454545454546,9.9,0.0,20.9,92.0
26863,353,22.8,51.125,48.0,10.1,0.0,22.5,92.0
27763,353,,,,10.2,0.0,19.3,92.0
28663,353,,,,10.5,0.0,22.5,92.0
29563,353,,,,10.3,0.0,24.1,92.0
30463,353,,,,10.1,0.0,29.0,94.0
31363,353,,,,10.3,3.0,27.4,94.0
32263,353,,,,11.0,9.0,24.1,92.0
33163,353,,,,11.1,14.0,24.9,91.0
34063,353,,,,11.3,30.0,17.7,90.0
34963,353,,,,11.7,16.0,19.3,89.0
35863,353,20.621875,18.69696969696969,18.0,11.1,19.0,25.7,90.0
36763,353,20.466666666666665,18.5,17.681578947368422,10.9,30.0,27.4,91.0
37663,353,20.24328358208956,18.02898550724638,17.43913043478261,11.1,25.0,22.5,90.0
38563,353,20.06716417910448,18.0,17.29558823529412,10.9,35.0,24.1,90.0
39463,353,19.929850746268656,17.85,17.004285714285714,10.7,47.0,25.7,91.0
40363,353,19.781159420289857,17.5,16.954545454545453,10.7,98.0,24.1,92.0
41263,353,19.665079365079364,17.5,16.8,10.7,54.0,19.3,91.0
42163,353,19.55507246376812,17.5,16.8,10.7,58.0,22.5,91.0
43063,353,19.46825396825397,17.5,16.683870967741935,10.7,69.0,24.1,91.0
43963,353,19.4,17.5,16.5,10.8,84.0,20.9,91.0
44863,353,19.313636363636363,17.31060606060606,16.5,10.8,79.0,20.9,91.0
45763,353,19.29705882352941,17.01492537313433,16.5,10.9,84.0,24.1,91.0
46663,353,19.2,17.0,16.421875,10.9,74.0,29.0,90.0
47563,353,19.163235294117648,17.0,16.3,10.8,69.0,27.4,90.0
48463,353,19.1,17.0,16.3,10.7,72.0,24.1,91.0
49363,353,19.014492753623188,17.0,16.3,10.8,62.0,20.9,90.0
50263,353,19.0,17.0,16.3,10.7,18.0,22.5,91.0
51163,353,18.907462686567165,17.0,16.26818181818182,10.5,16.0,20.9,92.0
52063,353,18.91230769230769,31.073529411764707,26.170588235294115,10.4,16.0,22.5,92.0
52963,353,19.307692307692307,46.35507246376812,44.29420289855072,10.3,18.0,27.4,92.0
53863,353,19.8140625,46.13709677419355,44.47903225806452,10.4,9.0,22.5,92.0
54763,353,20.19538461538461,45.971014492753625,43.927536231884055,10.4,5.0,20.9,92.0
55663,353,20.554411764705883,49.34558823529412,46.99558823529412,10.7,5.0,22.5,89.0
56563,353,20.96984126984127,50.45522388059702,48.03432835820895,10.9,0.0,24.1,89.0
57463,353,21.347826086956523,51.33582089552239,48.63134328358209,10.9,0.0,25.7,88.0
58363,353,21.66417910447761,50.40298507462687,47.65820895522389,11.2,0.0,25.7,87.0
59263,353,21.92058823529412,51.265625,48.325,10.8,0.0,19.3,88.0
60163,353,22.1859375,51.5,48.535820895522384,10.9,0.0,20.9,87.0
61063,353,22.385294117647057,51.590909090909086,48.8,10.8,0.0,22.5,88.0
61963,353,22.58235294117647,51.96875,48.884375,10.8,0.0,25.7,88.0
62863,353,22.74838709677419,52.0,49.02205882352941,10.8,0.0,25.7,88.0
63763,353,22.91470588235294,52.171875,49.2953125,10.8,0.0,24.1,88.0
64663,353,23.056060606060605,52.4927536231884,49.392753623188405,10.8,0.0,25.7,87.0
65563,353,23.21,52.5,49.5,10.8,0.0,25.7,88.0
66463,353,23.346376811594205,52.5,49.6921875,10.9,0.0,24.1,87.0
67363,353,23.466666666666665,52.638461538461534,49.815384615384616,11.0,0.0,22.5,86.0
68263,353,23.576119402985075,52.70149253731344,49.873134328358205,11.1,0.0,19.3,86.0
69163,353,23.6,48.638461538461534,45.23692307692308,11.1,0.0,20.9,86.0
70063,353,23.68983050847458,45.91803278688525,43.88032786885246,10.9,0.0,20.9,86.0
70963,353,23.560344827586206,43.82539682539682,41.86666666666667,10.9,0.0,27.4,87.0
71863,353,23.35344827586207,36.28333333333333,33.68333333333333,11.3,0.0,33.8,87.0
72763,353,23.06229508196721,28.568965517241377,26.741379310344826,11.1,0.0,30.6,87.0
73663,353,22.72,24.838983050847457,23.48813559322034,10.7,0.0,20.9,89.0
74563,353,22.4,22.225,21.28,10.7,0.0,25.7,89.0
75463,353,22.201639344262297,36.30833333333333,33.5,10.6,0.0,20.9,91.0
76363,353,22.2,37.00833333333333,35.5,10.7,0.0,24.1,90.0
77263,353,22.1936507936508,32.00877192982456,30.777192982456143,11.1,0.0,30.6,89.0
78163,353,22.0686274509804,30.246031746031747,29.12063492063492,11.0,0.0,25.7,89.0
79063,353,21.911864406779664,28.13114754098361,27.07704918032787,11.0,0.0,24.1,90.0
79963,353,21.75254237288136,27.59322033898305,26.6271186440678,11.2,0.0,27.4,89.0
80863,353,21.56949152542373,25.338983050847457,24.43050847457627,11.1,0.0,24.1,90.0
81763,353,21.42881355932204,25.462686567164177,24.54179104477612,11.1,0.0,27.4,90.0
82663,353,21.269841269841272,24.89516129032258,23.92258064516129,11.2,0.0,32.2,90.0
83563,353,21.16140350877193,25.21551724137931,24.255172413793105,11.2,0.0,32.2,89.0
84463,353,21.07090909090909,24.258064516129032,23.493548387096773,11.1,0.0,30.6,90.0
85363,353,20.995384615384616,22.37121212121212,21.331818181818186,11.0,0.0,29.0,90.0
86263,353,20.86911764705882,20.460317460317462,19.76031746031746,10.9,0.0,27.4,90.0
763,354,20.74153846153846,19.375,18.71785714285714,11.1,0.0,29.0,90.0
1663,354,20.636666666666667,18.93846153846154,18.192307692307693,11.3,0.0,29.0,89.0
2563,354,20.521568627450986,18.5,17.906666666666666,11.3,0.0,29.0,89.0
3463,354,20.3896551724138,18.5,17.7859375,11.2,0.0,27.4,89.0
4363,354,20.2758064516129,18.38793103448276,17.52068965517241,11.2,0.0,27.4,89.0
5263,354,20.2,18.0,17.5,11.2,0.0,32.2,89.0
6163,354,20.111475409836068,18.0,17.372131147540983,11.2,0.0,29.0,89.0
7063,354,20.03448275862069,18.0,17.3,11.5,0.0,33.8,88.0
7963,354,19.96923076923077,18.0,17.3,11.4,0.0,32.2,88.0
8863,354,19.9,18.0,17.25344827586207,11.6,0.0,35.4,88.0
9763,354,19.8359375,18.0,17.014285714285712,11.7,0.0,33.8,88.0
10663,354,19.8,17.948275862068964,17.0,11.3,0.0,25.7,89.0
11563,354,19.709375,17.515384615384615,17.0,11.2,0.0,25.7,90.0
12463,354,19.7,17.5,17.0,11.2,0.0,27.4,90.0
13363,354,19.606896551724137,17.5,16.9741935483871,11.2,0.0,24.1,91.0
14263,354,19.5875,17.5,16.81639344262295,11.7,0.0,33.8,89.0
15163,354,19.5,17.5,16.8,11.8,0.0,35.4,90.0
16063,354,19.498275862068965,17.5,16.8,11.7,0.0,33.8,89.0
16963,354,19.405084745762714,17.5,16.8,11.8,0.0,35.4,89.0
17863,354,19.4,17.5,16.8,11.8,0.0,32.2,88.0
18763,354,19.324193548387097,17.5,16.8,11.8,0.0,27.4,89.0
19663,354,19.3,17.5,16.8,11.7,0.0,30.6,90.0
20563,354,19.28,17.5,16.8,11.7,0.0,32.2,90.0
21463,354,19.2,17.5,16.795652173913044,11.6,0.0,32.2,90.0
22363,354,19.2,17.5,16.64776119402985,11.6,0.0,32.2,90.0
23263,354,19.11060606060606,17.5,16.5,11.5,0.0,27.4,91.0
24163,354,19.1,17.364285714285714,16.5,11.4,0.0,25.7,92.0
25063,354,19.0421875,17.03030303030303,16.5,11.2,0.0,22.5,93.0
25963,354,19.0,17.0,16.5,11.2,0.0,22.5,93.0
26863,354,19.0,17.0,16.5,11.2,0.0,20.9,93.0
27763,354,19.0,17.356060606060606,16.695454545454545,11.1,0.0,17.7,93.0
28663,354,19.034920634920635,17.849206349206348,16.977777777777778,11.2,0.0,22.5,93.0
29563,354,19.0828125,18.051470588235293,17.019117647058824,11.1,0.0,19.3,93.0
30463,354,19.001538461538463,17.91044776119403,17.040298507462687,11.1,0.0,20.9,94.0
31363,354,19.046969696969697,17.84328358208955,16.897014925373135,11.1,0.0,17.7,94.0
32263,354,19.0,17.664285714285715,16.731428571428573,10.9,5.0,12.9,95.0
33163,354,19.0,17.514084507042252,16.697183098591548,11.0,12.0,16.1,95.0
34063,354,18.907462686567165,17.15151515151515,16.44848484848485,10.9,19.0,17.7,94.0
34963,354,18.9,17.0,16.3,10.9,21.0,17.7,94.0
35863,354,18.808196721311475,17.0,16.3,10.8,33.0,14.5,94.0
36763,354,18.8,17.0,16.3,10.7,44.0,12.9,94.0
37663,354,18.732307692307693,17.0,16.3,10.7,26.0,16.1,93.0
38563,354,18.7,17.12878787878788,16.366666666666667,10.6,23.0,16.1,93.0
39463,354,18.7,17.231884057971016,16.52608695652174,10.3,49.0,16.1,92.0
40363,354,18.7,17.6984126984127,16.812698412698413,10.3,76.0,16.1,92.0
41263,354,18.7,17.5,16.737313432835823,10.3,107.0,16.1,90.0
42163,354,18.632203389830508,17.5,16.654545454545453,10.3,91.0,14.5,89.0
43063,354,18.61692307692308,17.5,16.7,10.2,111.0,12.9,89.0
43963,354,18.6,17.123076923076923,16.426153846153845,10.2,139.0,14.5,89.0
44863,354,18.6,17.0,16.3,10.1,123.0,17.7,88.0
45763,354,18.52307692307692,17.0,16.3,10.2,123.0,17.7,87.0
46663,354,18.5,17.0,16.3,10.1,125.0,16.1,87.0
47563,354,18.4984375,17.0,16.229166666666664,9.9,111.0,16.1,87.0
48463,354,18.4044776119403,17.0,16.03529411764706,9.4,81.0,16.1,88.0
49363,354,18.4,17.0,16.0,9.4,67.0,14.5,88.0
50263,354,18.391803278688524,16.815384615384616,16.0,9.2,60.0,14.5,88.0
51163,354,18.3,16.52238805970149,16.0,9.0,49.0,14.5,88.0
52063,354,18.3,16.5,16.0,8.9,42.0,11.3,89.0
52963,354,18.22352941176471,16.5,16.0,8.8,40.0,9.7,89.0
53863,354,18.2,16.5,16.0,8.7,26.0,11.3,89.0
54763,354,18.175,16.5,16.0,8.6,14.0,11.3,90.0
55663,354,18.1,16.5,16.0,8.5,0.0,12.9,90.0
56563,354,18.1,16.5,15.930303030303032,8.4,0.0,11.3,89.0
57463,354,18.011111111111113,16.5,15.934375,8.2,0.0,12.9,90.0
58363,354,18.0,16.5,15.803076923076924,8.1,0.0,12.9,91.0
59263,354,17.987142857142857,16.5,15.8,8.0,0.0,14.5,91.0
60163,354,17.9,16.5,15.802985074626866,7.9,0.0,14.5,91.0
61063,354,17.9,16.52238805970149,15.808955223880597,7.8,0.0,12.9,91.0
61963,354,17.991304347826087,37.74626865671642,32.95820895522388,7.8,0.0,11.3,91.0
62863,354,18.54558823529412,38.22058823529412,36.22794117647059,7.6,0.0,11.3,92.0
63763,354,18.98923076923077,39.082089552238806,36.98805970149254,7.5,0.0,9.7,92.0
64663,354,19.25238095238096,30.911764705882355,28.29264705882353,7.3,0.0,14.5,92.0
65563,354,19.3,24.13432835820896,21.808955223880595,7.3,0.0,16.1,92.0
66463,354,19.22537313432836,20.96969696969697,19.669696969696968,7.3,0.0,14.5,93.0
67363,354,19.11449275362319,19.907692307692308,20.049230769230768,7.3,0.0,16.1,93.0
68263,354,19.01129032258065,19.02272727272728,18.84090909090909,7.4,0.0,14.5,91.0
69163,354,18.852941176470587,18.15151515151515,17.574242424242424,7.4,0.0,14.5,91.0
70063,354,18.664285714285715,17.539682539682538,17.022222222222222,7.6,0.0,11.3,90.0
70963,354,18.51,17.3015873015873,16.738095238095237,7.6,0.0,16.1,90.0
71863,354,18.4,31.813432835820898,27.149253731343283,7.6,0.0,12.9,90.0
72763,354,18.942857142857143,50.34920634920635,47.38730158730159,7.6,0.0,14.5,90.0
73663,354,19.4,47.92622950819673,45.32786885245902,7.6,0.0,16.1,89.0
74563,354,19.86875,47.26515151515152,43.71666666666667,7.6,0.0,16.1,89.0
75463,354,20.22058823529412,43.4,41.045,7.5,0.0,17.7,90.0
76363,354,20.4,42.24561403508772,39.71578947368421,7.4,0.0,19.3,91.0
77263,354,20.365714285714283,40.3688524590164,37.62131147540983,7.3,0.0,19.3,91.0
78163,354,20.297222222222224,39.86607142857143,37.52142857142857,7.3,0.0,18.5,91.0
79063,354,20.2,37.92307692307692,35.84153846153846,7.2,0.0,17.7,92.0
79963,354,20.30204081632653,37.814516129032256,34.81612903225807,7.3,0.0,16.1,91.0
80863,354,20.81590909090909,28.426229508196723,27.44590163934426,7.3,0.0,16.1,91.0
81763,354,20.6175,22.510416666666664,21.589583333333334,7.3,0.0,16.1,91.0
82663,354,20.266666666666666,20.20408163265306,19.46530612244898,7.2,0.0,19.3,92.0
83563,354,19.945238095238096,18.95121951219512,18.21219512195122,7.2,0.0,17.7,92.0
84463,354,19.62,18.197916666666664,17.45,7.4,0.0,16.1,91.0
85363,354,19.353658536585364,17.642857142857142,16.948979591836736,7.6,0.0,14.5,90.0
86263,354,19.15344827586207,18.315384615384616,18.435384615384613,7.6,0.0,16.1,89.0
763,355,18.97384615384616,17.869565217391305,17.381159420289855,7.6,0.0,17.7,90.0
1663,355,18.837878787878783,17.5,16.89375,7.5,0.0,17.7,90.0
2563,355,18.692307692307693,17.291044776119403,16.665671641791043,7.2,0.0,14.5,90.0
3463,355,18.583823529411767,17.0,16.5,7.7,0.0,17.7,87.0
4363,355,18.5,17.0,16.358823529411765,7.8,0.0,17.7,86.0
5263,355,,,,7.8,0.0,14.5,85.0
6163,355,,,,7.7,0.0,11.3,86.0
7063,355,,,,7.5,0.0,11.3,87.0
7963,355,,,,7.1,0.0,9.7,90.0
8863,355,,,,6.9,0.0,6.4,91.0
9763,355,,,,6.8,0.0,6.4,92.0
10663,355,,,,6.7,0.0,6.4,93.0
11563,355,,,,6.6,0.0,6.4,94.0
12463,355,,,,6.4,0.0,6.4,94.0
13363,355,,,,6.5,0.0,6.4,94.0
14263,355,,,,7.3,0.0,9.7,85.0
15163,355,,,,7.9,0.0,11.3,81.0
16063,355,,,,8.2,0.0,11.3,80.0
16963,355,,,,8.1,0.0,12.9,79.0
17863,355,,,,8.3,0.0,16.1,82.0
18763,355,,,,8.4,0.0,16.1,80.0
19663,355,,,,9.1,0.0,19.3,75.0
20563,355,,,,9.2,0.0,20.9,73.0
21463,355,,,,9.4,0.0,16.1,70.0
22363,355,,,,9.5,0.0,16.1,70.0
23263,355,17.5,24.416666666666664,22.325,9.4,0.0,12.9,72.0
24163,355,17.746875,47.0625,40.4828125,9.1,0.0,8.0,76.0
25063,355,18.552631578947366,51.12068965517241,47.570689655172416,7.6,0.0,8.0,86.0
25963,355,19.12985074626865,46.73529411764706,44.81617647058824,7.3,0.0,8.0,87.0
26863,355,19.50625,46.6865671641791,43.20149253731343,7.7,0.0,8.0,84.0
27763,355,19.682539682539684,44.82539682539682,43.30952380952381,7.9,0.0,6.4,83.0
28663,355,19.729508196721312,36.21212121212121,35.339393939393936,8.3,0.0,11.3,82.0
29563,355,19.65970149253732,28.258064516129032,26.991935483870968,8.7,0.0,12.9,80.0
30463,355,19.4203125,23.62878787878788,22.524242424242424,8.7,0.0,12.9,78.0
31363,355,19.194202898550724,21.0,20.0421875,8.7,0.0,14.5,78.0
32263,355,18.96212121212121,19.40625,18.590625,8.7,7.0,12.9,77.0
33163,355,18.749180327868853,18.444444444444446,17.761904761904763,8.5,11.0,6.4,78.0
34063,355,18.5359375,17.783582089552237,17.18358208955224,7.8,19.0,3.2,81.0
34963,355,18.35909090909091,17.5,16.869696969696967,7.5,21.0,1.6,81.0
35863,355,18.20138888888889,17.05072463768116,16.595652173913045,8.4,33.0,11.3,76.0
36763,355,18.073846153846155,17.0,16.421875,8.9,33.0,12.9,73.0
37663,355,17.966101694915256,16.93220338983051,16.24406779661017,9.2,39.0,12.9,71.0
38563,355,17.869354838709675,16.5,16.0,9.1,39.0,8.0,73.0
39463,355,17.8,16.5,15.961194029850745,8.1,54.0,6.4,77.0
40363,355,17.714492753623187,16.5,15.8,7.6,58.0,8.0,80.0
41263,355,17.680882352941175,16.5,15.8,7.6,74.0,4.8,81.0
42163,355,17.6,16.5,15.8,7.6,72.0,4.8,80.0
43063,355,17.57846153846154,16.5,15.82463768115942,7.3,76.0,4.8,82.0
43963,355,17.5,16.5,16.03636363636364,6.7,70.0,6.4,85.0
44863,355,17.5,16.757575757575758,16.134848484848483,6.4,77.0,0.0,87.0
45763,355,17.484126984126984,17.015384615384615,16.123076923076923,6.3,76.0,1.6,87.0
46663,355,17.406060606060606,29.246153846153845,24.11230769230769,6.3,70.0,1.6,88.0
47563,355,17.721666666666668,45.8,43.97714285714285,6.4,77.0,0.0,88.0
48463,355,18.1,43.20149253731343,40.46567164179105,6.7,77.0,3.2,88.0
49363,355,18.33384615384616,37.77692307692308,35.19076923076923,6.8,63.0,1.6,87.0
50263,355,18.39047619047619,27.35384615384616,24.338461538461537,6.8,46.0,3.2,87.0
51163,355,18.27868852459016,22.3515625,20.1609375,6.9,40.0,3.2,86.0
52063,355,18.146031746031746,19.51492537313433,18.09850746268657,6.9,35.0,1.6,87.0
52963,355,17.95714285714286,21.40579710144928,20.33043478260869,6.9,33.0,4.8,86.0
53863,355,17.847058823529412,27.69230769230769,25.998461538461537,6.8,23.0,0.0,86.0
54763,355,17.8,30.96969696969697,28.831818181818186,6.8,19.0,1.6,86.0
55663,355,17.798333333333332,31.71969696969697,29.33333333333333,6.7,5.0,1.6,86.0
56563,355,17.8,33.53174603174603,31.21746031746032,6.5,0.0,1.6,86.0
57463,355,17.8,29.0,26.090625,6.1,0.0,0.0,86.0
58363,355,17.763636363636362,23.12686567164179,21.75522388059701,5.9,0.0,0.0,87.0
59263,355,17.63125,30.253731343283583,25.86716417910448,6.6,0.0,4.8,85.0
60163,355,18.02647058823529,51.14516129032258,46.68709677419355,6.6,0.0,4.8,85.0
61063,355,18.433333333333334,51.95161290322581,47.66290322580645,6.2,0.0,0.0,85.0
61963,355,18.883333333333333,51.590909090909086,47.58333333333333,5.9,0.0,0.0,86.0
62863,355,19.288235294117648,49.7089552238806,47.32238805970149,5.7,0.0,0.0,87.0
63763,355,19.640625,50.47014925373134,47.7910447761194,5.6,0.0,0.0,87.0
64663,355,19.930434782608696,49.0,46.9969696969697,5.4,0.0,0.0,87.0
65563,355,20.087692307692308,49.04918032786885,45.09180327868852,5.4,0.0,3.2,88.0
66463,355,20.18035714285714,47.20769230769231,43.66,4.9,0.0,3.2,91.0
67363,355,20.2,50.75,46.56212121212121,4.7,0.0,0.0,91.0
68263,355,20.293243243243243,46.98507462686568,43.95074626865672,4.4,0.0,6.4,93.0
69163,355,20.416417910447763,48.09701492537313,44.7,4.3,0.0,0.0,93.0
70063,355,20.5,47.492753623188406,44.09130434782609,4.1,0.0,1.6,94.0
70963,355,20.508823529411764,46.22058823529412,43.38823529411765,3.8,0.0,0.0,94.0
71863,355,20.54583333333333,45.13636363636364,41.7939393939394,3.7,0.0,0.0,94.0
72763,355,20.534782608695654,41.43283582089553,39.65522388059701,3.9,0.0,4.8,94.0
73663,355,20.434246575342463,41.88461538461539,38.8123076923077,4.3,0.0,4.8,93.0
74563,355,20.41159420289855,43.07575757575758,40.38939393939394,4.4,0.0,4.8,92.0
75463,355,20.5,40.8955223880597,38.85074626865672,4.2,0.0,1.6,92.0
76363,355,20.580645161290324,39.51515151515152,39.10606060606061,4.1,0.0,4.8,93.0
77263,355,20.7,41.75,40.345454545454544,4.0,0.0,4.8,94.0
78163,355,20.701666666666668,37.53731343283582,36.67462686567164,4.0,0.0,4.8,94.0
79063,355,20.68928571428572,37.53125,35.81875,3.8,0.0,1.6,93.0
79963,355,20.541666666666664,36.95161290322581,35.26129032258065,3.7,0.0,1.6,94.0
80863,355,20.341379310344827,36.20338983050847,33.97796610169492,3.3,0.0,0.0,94.0
81763,355,20.146938775510204,28.785714285714285,27.005714285714287,3.2,0.0,0.0,95.0
82663,355,19.94838709677419,24.578125,24.1734375,3.6,0.0,1.6,95.0
83563,355,19.6296875,21.566666666666663,20.65333333333333,3.4,0.0,0.0,95.0
84463,355,19.352941176470587,19.764285714285712,18.97,3.9,0.0,1.6,96.0
85363,355,19.131818181818183,19.411290322580648,19.533870967741937,3.8,0.0,0.0,95.0
86263,355,19.03015873015873,19.5,19.187878787878788,3.6,0.0,6.4,95.0
763,356,18.857971014492755,18.455882352941178,17.63088235294118,3.4,0.0,1.6,95.0
1663,356,18.691044776119405,17.853846153846156,17.07846153846154,2.9,0.0,0.0,94.0
2563,356,18.5536231884058,17.5,16.784848484848485,2.7,0.0,0.0,94.0
3463,356,18.43623188405797,17.15441176470588,16.5,3.0,0.0,3.2,96.0
4363,356,18.33142857142857,17.0,16.324615384615385,2.9,0.0,1.6,95.0
5263,356,18.21639344262295,17.0,16.28235294117647,2.7,0.0,1.6,96.0
6163,356,18.12,16.8359375,16.0,2.4,0.0,3.2,95.0
7063,356,18.03181818181818,16.5,16.0,2.5,0.0,1.6,96.0
7963,356,17.95,16.5,15.94375,2.2,0.0,0.0,95.0
8863,356,17.869354838709675,16.5,15.8,2.0,0.0,3.2,96.0
9763,356,17.8,16.5,15.8,2.0,0.0,1.6,96.0
10663,356,17.714925373134328,16.5,15.8,2.1,0.0,0.0,96.0
11563,356,17.662121212121214,16.5,15.716923076923075,2.1,0.0,4.8,96.0
12463,356,17.6,16.48507462686567,15.5044776119403,4.6,0.0,4.8,98.0
13363,356,17.515151515151516,16.097014925373134,15.5,4.7,0.0,6.4,97.0
14263,356,17.477272727272727,16.0,15.5,3.3,0.0,1.6,95.0
15163,356,17.4,16.0,15.487878787878788,2.4,0.0,4.8,94.0
16063,356,17.33809523809524,16.0,15.326470588235292,2.0,0.0,4.8,95.0
16963,356,17.3,16.0,15.3,1.9,0.0,1.6,96.0
17863,356,17.213432835820896,27.49275362318841,22.086956521739133,1.9,0.0,1.6,96.0
18763,356,17.62295081967213,49.75,45.59242424242424,1.9,0.0,0.0,96.0
19663,356,18.309375,50.6953125,47.59375,1.6,0.0,0.0,96.0
20563,356,18.82878787878788,49.52142857142857,47.00857142857143,1.4,0.0,0.0,96.0
21463,356,19.11492537313433,46.55882352941176,44.00882352941176,1.6,0.0,4.8,97.0
22363,356,19.26716417910448,43.838235294117645,42.42058823529412,1.5,0.0,3.2,97.0
23263,356,19.3,39.11194029850746,37.35223880597015,1.6,0.0,4.8,97.0
24163,356,19.3,38.13768115942029,36.36521739130435,2.2,0.0,4.8,98.0
25063,356,19.3,39.59558823529412,37.34852941176471,2.4,0.0,6.4,98.0
25963,356,19.3,39.169117647058826,37.54264705882353,2.8,0.0,8.0,98.0
26863,356,19.3,34.746153846153845,33.23230769230769,4.1,0.0,8.0,98.0
27763,356,19.284615384615385,37.12676056338028,34.78169014084507,4.7,0.0,6.4,98.0
28663,356,19.298529411764708,35.1031746031746,31.47142857142857,4.4,0.0,3.2,98.0
29563,356,19.2,26.33571428571428,23.54285714285714,4.2,0.0,0.0,98.0
30463,356,19.0625,21.833333333333336,19.73492063492064,4.3,0.0,3.2,98.0
31363,356,18.84918032786885,19.37903225806452,17.809677419354838,4.8,0.0,8.0,98.0
32263,356,18.63030303030304,18.03030303030303,16.775757575757574,5.3,7.0,16.1,98.0
33163,356,18.45079365079365,17.22058823529412,16.263235294117646,5.6,12.0,19.3,98.0
34063,356,18.25757575757576,16.701612903225808,15.887096774193548,5.9,14.0,17.7,98.0
34963,356,18.087878787878783,16.5,15.65,6.3,28.0,17.7,98.0
35863,356,17.954545454545453,16.097014925373134,15.437313432835822,7.0,39.0,17.7,97.0
36763,356,17.83015873015873,16.0,15.3,7.4,47.0,17.7,96.0
37663,356,17.772727272727273,16.484848484848484,16.104545454545452,8.0,54.0,16.1,94.0
38563,356,18.366666666666667,31.07894736842105,26.249122807017542,8.3,67.0,17.7,94.0
39463,356,18.55555555555556,46.93939393939394,44.15909090909091,8.7,69.0,19.3,92.0
40363,356,18.67205882352941,47.67164179104478,45.65522388059701,8.7,53.0,19.3,92.0
41263,356,18.727272727272727,47.58219178082192,45.42876712328767,8.6,54.0,16.1,92.0
42163,356,18.88059701492537,47.70588235294117,44.47794117647059,8.7,97.0,17.7,92.0
43063,356,18.9,47.54615384615384,44.75076923076923,8.9,111.0,19.3,92.0
43963,356,18.975757575757576,47.082089552238806,44.5910447761194,9.0,93.0,17.7,92.0
44863,356,19.36428571428572,48.656716417910445,45.71492537313433,9.3,111.0,16.1,90.0
45763,356,19.67205882352941,47.669230769230765,45.503076923076925,9.3,125.0,17.7,90.0
46663,356,19.903076923076924,48.61940298507463,46.046268656716414,9.5,81.0,14.5,89.0
47563,356,20.12121212121212,47.656716417910445,45.54776119402985,9.3,72.0,12.9,90.0
48463,356,20.286567164179104,48.58196721311475,46.08196721311475,8.4,49.0,19.3,94.0
49363,356,20.452238805970147,47.81746031746032,45.14920634920635,8.4,39.0,12.9,94.0
50263,356,20.56714285714286,47.5,45.3171875,8.4,35.0,16.1,95.0
51163,356,20.6,47.5,44.97323943661972,8.4,32.0,14.5,95.0
52063,356,20.6,47.50769230769231,45.25384615384616,8.6,56.0,12.9,95.0
52963,356,20.60606060606061,47.559701492537314,44.97611940298508,8.9,30.0,14.5,95.0
53863,356,20.7,47.63970588235294,45.298529411764704,8.9,18.0,17.7,94.0
54763,356,20.7,46.6015625,44.45625,8.9,16.0,17.7,95.0
55663,356,20.64032258064516,44.93076923076923,42.260000000000005,8.8,7.0,20.9,95.0
56563,356,20.7,47.61940298507463,45.03134328358209,8.8,0.0,20.9,95.0
57463,356,20.71818181818182,47.52985074626866,45.11492537313433,8.8,0.0,16.1,94.0
58363,356,20.8,48.38970588235294,45.49558823529412,8.8,0.0,22.5,94.0
59263,356,20.8015625,45.83571428571428,44.175714285714285,8.8,0.0,24.9,94.0
60163,356,20.877611940298507,46.69230769230769,46.03076923076923,8.8,0.0,22.5,94.0
61063,356,21.09264705882353,50.43283582089553,47.026865671641794,8.9,0.0,25.7,94.0
61963,356,21.329310344827583,52.18253968253968,48.08571428571428,9.0,0.0,25.7,94.0
62863,356,21.50144927536232,45.60294117647059,43.01176470588236,9.0,0.0,14.5,94.0
63763,356,21.482142857142858,35.98360655737705,33.09836065573771,9.0,0.0,25.7,94.0
64663,356,21.318965517241377,36.38135593220339,34.489830508474576,9.1,0.0,19.3,94.0
65563,356,21.12666666666667,31.768115942028988,29.9768115942029,9.1,0.0,19.3,94.0
66463,356,20.91818181818181,39.25,36.03939393939394,9.2,0.0,20.9,94.0
67363,356,20.9,42.03076923076923,39.90615384615385,9.2,0.0,24.1,94.0
68263,356,20.965573770491805,44.71212121212121,41.904545454545456,9.2,0.0,24.1,94.0
69163,356,21.09365079365079,41.64615384615384,39.52769230769231,9.2,0.0,20.9,95.0
70063,356,21.118181818181817,41.885245901639344,39.12622950819672,9.3,0.0,32.2,94.0
70963,356,21.1796875,37.10769230769231,35.496923076923075,9.4,0.0,30.6,94.0
71863,356,21.3179104477612,34.72463768115942,33.381159420289855,9.4,0.0,27.4,94.0
72763,356,21.305172413793105,32.62903225806452,31.601612903225806,9.5,0.0,25.7,94.0
73663,356,21.143636363636364,34.28448275862069,32.41379310344827,9.5,0.0,25.7,95.0
74563,356,21.033870967741937,36.171875,34.2296875,9.6,0.0,27.4,95.0
75463,356,21.003125,37.072463768115945,34.87536231884058,9.6,0.0,29.0,94.0
76363,356,21.0,41.5072463768116,37.7536231884058,9.6,0.0,32.2,94.0
77263,356,21.13043478260869,45.88235294117647,42.61764705882353,9.5,0.0,25.7,95.0
78163,356,21.355714285714285,48.390625,45.50625,9.5,0.0,29.0,94.0
79063,356,21.60806451612904,43.94117647058824,41.313235294117646,9.7,0.0,32.2,94.0
79963,356,21.823809523809523,42.87121212121212,40.13636363636364,9.8,0.0,30.6,94.0
80863,356,21.9,40.76056338028169,37.00845070422535,9.9,0.0,30.6,93.0
81763,356,21.84179104477612,31.588235294117645,26.88235294117647,9.8,0.0,25.7,94.0
82663,356,21.635384615384616,27.06818181818182,26.616666666666667,9.8,0.0,27.4,94.0
83563,356,21.384848484848483,23.33606557377049,21.86229508196721,9.8,0.0,24.1,94.0
84463,356,21.10967741935484,21.442622950819672,20.750819672131147,9.7,0.0,22.5,94.0
85363,356,20.91269841269841,21.69047619047619,22.246031746031747,9.7,0.0,25.7,94.0
86263,356,20.684375,20.147058823529413,19.423529411764708,9.7,0.0,19.3,94.0
763,357,20.43275862068965,19.234375,18.5828125,9.7,0.0,20.9,94.0
1663,357,20.231746031746034,19.17142857142857,18.79142857142857,9.4,0.0,19.3,94.0
2563,357,20.058208955223883,18.514705882352946,17.891176470588235,9.4,0.0,25.7,93.0
3463,357,19.882608695652173,18.1,17.486153846153847,9.3,0.0,24.1,93.0
4363,357,19.73030303030303,18.0,17.3,9.3,0.0,32.2,93.0
5263,357,19.604761904761904,18.0,17.286956521739132,9.1,0.0,29.0,93.0
6163,357,,,,9.2,0.0,29.0,93.0
7063,357,,,,9.3,0.0,29.0,93.0
7963,357,,,,9.3,0.0,33.8,93.0
8863,357,,,,9.9,0.0,33.8,92.0
9763,357,,,,10.0,0.0,29.0,92.0
10663,357,,,,9.6,0.0,29.0,93.0
11563,357,,,,9.9,0.0,32.2,92.0
12463,357,,,,10.3,0.0,35.4,91.0
13363,357,18.8,17.14814814814815,16.5,10.1,0.0,32.2,92.0
14263,357,18.77272727272728,17.0,16.325714285714287,10.1,0.0,33.8,92.0
15163,357,18.7,17.0,16.3,10.1,0.0,32.2,93.0
16063,357,,,,10.4,0.0,32.2,92.0
16963,357,,,,10.6,0.0,32.2,91.0
17863,357,,,,10.6,0.0,33.8,92.0
18763,357,,,,10.6,0.0,33.8,92.0
19663,357,,,,10.7,0.0,32.2,92.0
20563,357,,,,10.7,0.0,29.0,92.0
21463,357,,,,10.7,0.0,30.6,92.0
22363,357,,,,10.6,0.0,32.2,93.0
23263,357,,,,10.4,0.0,32.2,94.0
24163,357,21.044444444444444,35.52272727272727,34.44772727272728,10.4,0.0,32.2,94.0
25063,357,20.932352941176468,30.65942028985508,29.23478260869565,10.4,0.0,33.8,93.0
25963,357,20.8,30.727272727272727,29.83636363636364,10.4,0.0,32.2,92.0
26863,357,,,,10.5,0.0,30.6,91.0
27763,357,,,,10.5,0.0,30.6,91.0
28663,357,,,,10.4,0.0,22.5,91.0
29563,357,,,,10.4,0.0,27.4,90.0
30463,357,,,,10.6,0.0,32.2,90.0
31363,357,,,,10.5,7.0,32.2,90.0
32263,357,,,,10.5,19.0,32.2,90.0
33163,357,,,,10.6,26.0,33.8,90.0
34063,357,,,,10.6,42.0,29.0,90.0
34963,357,19.835,18.65573770491803,17.901639344262296,10.7,47.0,29.0,89.0
35863,357,19.66212121212121,18.214285714285715,17.572857142857142,10.7,51.0,22.5,89.0
36763,357,19.6,18.0,17.5,10.9,40.0,33.8,88.0
37663,357,,,,11.1,42.0,35.4,87.0
38563,357,,,,11.1,53.0,33.8,87.0
39463,357,,,,11.2,39.0,33.8,87.0
40363,357,,,,11.4,39.0,33.8,87.0
41263,357,,,,11.5,46.0,37.0,86.0
42163,357,,,,11.6,74.0,35.4,86.0
43063,357,,,,11.7,118.0,35.4,87.0
43963,357,,,,11.7,128.0,29.0,87.0
44863,357,18.7,17.0,16.3,11.7,109.0,32.2,87.0
45763,357,18.664864864864864,17.0,16.3,11.8,101.0,29.0,86.0
46663,357,18.6,17.0,16.3,11.9,122.0,35.4,85.0
47563,357,18.54057971014493,17.007462686567163,16.32089552238806,11.8,97.0,29.0,86.0
48463,357,18.5,17.184615384615384,16.57846153846154,11.7,72.0,30.6,86.0
49363,357,18.5,17.0,16.386153846153846,11.8,91.0,32.2,85.0
50263,357,18.5,17.0,16.3,12.0,56.0,33.8,83.0
51163,357,18.5,17.0,16.3,11.9,42.0,35.4,83.0
52063,357,18.5,17.0,16.3,11.8,47.0,32.2,83.0
52963,357,18.5,17.0,16.3,11.9,32.0,35.4,83.0
53863,357,18.41818181818181,17.0,16.3,11.7,28.0,33.8,84.0
54763,357,18.454545454545453,17.106060606060606,16.424242424242426,11.6,19.0,32.2,84.0
55663,357,18.64444444444445,17.575757575757574,16.75,11.3,10.0,30.6,85.0
56563,357,18.622222222222224,17.230769230769234,16.37076923076923,11.3,5.0,29.0,85.0
57463,357,18.560344827586206,17.0,16.08135593220339,11.6,0.0,33.8,85.0
58363,357,18.5,16.946428571428573,16.0,11.3,0.0,25.7,87.0
59263,357,18.485714285714288,30.67796610169492,26.096610169491527,11.0,0.0,27.4,89.0
60163,357,19.19464285714286,46.25454545454546,45.36727272727273,11.1,0.0,30.6,89.0
61063,357,20.12586206896552,47.27966101694916,47.01525423728813,11.1,0.0,29.0,89.0
61963,357,20.843103448275865,48.76984126984127,46.79047619047619,11.0,0.0,20.9,90.0
62863,357,21.21929824561404,47.22058823529412,44.03970588235294,10.8,0.0,19.3,91.0
63763,357,21.440677966101696,46.6271186440678,43.95762711864407,10.8,0.0,24.1,91.0
64663,357,21.5,45.77692307692308,43.17384615384616,10.7,0.0,27.4,92.0
65563,357,21.5,41.74603174603175,40.34603174603175,10.6,0.0,32.2,93.0
66463,357,21.42340425531915,35.271929824561404,33.6859649122807,10.6,0.0,32.2,93.0
67363,357,21.24333333333333,33.877049180327866,32.46065573770492,10.7,0.0,35.4,92.0
68263,357,21.116666666666667,34.8968253968254,32.73809523809524,10.8,0.0,35.4,92.0
69163,357,21.01969696969697,35.825,34.13333333333333,10.8,0.0,37.0,92.0
70063,357,21.0,36.16666666666667,34.05079365079365,10.9,0.0,33.8,91.0
70963,357,20.975806451612904,35.33333333333333,33.53174603174603,11.0,0.0,35.4,91.0
71863,357,20.998305084745763,36.17647058823529,34.05882352941176,10.9,0.0,35.4,91.0
72763,357,21.143103448275863,43.75,38.79545454545455,10.8,0.0,35.4,91.0
73663,357,21.37575757575757,45.85384615384616,43.42,10.8,0.0,33.0,92.0
74563,357,21.53134328358209,45.75,43.79117647058824,10.7,0.0,33.8,92.0
75463,357,21.60142857142857,43.95833333333333,41.515277777777776,10.8,0.0,33.8,91.0
76363,357,21.695714285714285,42.98529411764706,41.055882352941175,10.8,0.0,33.8,91.0
77263,357,21.69838709677419,39.785714285714285,38.11857142857143,10.8,0.0,30.6,91.0
78163,357,21.573134328358208,34.845070422535215,34.04647887323944,10.8,0.0,32.2,91.0
79063,357,21.42727272727273,31.417910447761194,30.22835820895522,10.8,0.0,32.2,91.0
79963,357,21.2515625,31.32575757575757,30.31818181818182,10.9,0.0,33.8,91.0
80863,357,21.1328125,32.169117647058826,30.679411764705883,11.1,0.0,33.8,90.0
81763,357,21.044776119402982,26.37121212121212,25.31969696969697,11.2,0.0,30.6,90.0
82663,357,20.86290322580645,22.23529411764705,21.18088235294117,11.4,0.0,33.8,90.0
83563,357,20.663768115942027,20.35507246376812,19.55797101449276,11.4,0.0,32.2,91.0
84463,357,20.47692307692308,19.28688524590164,18.71967213114754,11.4,0.0,33.8,91.0
85363,357,20.26056338028169,18.768115942028984,18.22753623188406,11.4,0.0,30.6,91.0
86263,357,20.090625,18.5,17.892753623188405,11.5,0.0,33.8,91.0
763,358,19.943076923076923,18.1,17.638461538461538,11.6,0.0,33.8,91.0
1663,358,19.792424242424243,18.0,17.470149253731343,11.6,0.0,33.8,91.0
2563,358,19.658571428571427,18.0,17.3,11.7,0.0,33.8,90.0
3463,358,19.53636363636364,17.876923076923077,17.207692307692305,11.7,0.0,29.0,90.0
4363,358,19.429850746268656,17.5,17.0,11.6,0.0,24.1,90.0
5263,358,19.333333333333336,17.5,17.0,11.6,0.0,25.7,90.0
6163,358,19.26363636363636,17.5,16.901449275362317,11.6,0.0,29.0,90.0
7063,358,19.2,17.5,16.8,11.6,0.0,32.2,90.0
7963,358,19.10147058823529,17.5,16.8,11.6,0.0,29.0,90.0
8863,358,19.05151515151515,17.5,16.8,11.8,0.0,30.6,90.0
9763,358,19.0,17.5,16.76865671641791,11.8,0.0,33.8,90.0
10663,358,18.954545454545453,17.5,16.53230769230769,11.9,0.0,33.8,91.0
11563,358,18.9,17.453846153846154,16.5,12.1,0.0,33.8,91.0
12463,358,18.881818181818183,17.09090909090909,16.5,12.1,0.0,40.2,91.0
13363,358,18.8,17.0,16.5,12.1,0.0,35.4,91.0
14263,358,18.7984375,17.0,16.5,12.0,0.0,38.6,91.0
15163,358,18.703076923076924,17.0,16.5,11.9,0.0,38.6,91.0
16063,358,18.7,17.0,16.37878787878788,11.7,0.0,35.4,92.0
16963,358,18.66056338028169,17.0,16.3,11.6,0.0,33.8,91.0
17863,358,18.626153846153848,29.181034482758623,25.124137931034483,11.4,0.0,41.8,90.0
18763,358,19.166666666666664,48.55084745762712,46.09661016949153,11.3,0.0,43.5,90.0
19663,358,19.894117647058824,50.59558823529412,48.14264705882353,11.2,0.0,40.2,88.0
20563,358,20.528169014084504,43.55223880597015,41.54477611940298,11.2,0.0,41.0,88.0
21463,358,20.81176470588236,43.66101694915254,41.33728813559322,11.1,0.0,45.1,88.0
22363,358,21.020289855072463,43.973214285714285,42.03035714285714,11.0,0.0,46.7,88.0
23263,358,21.18448275862069,42.28358208955224,40.17910447761194,10.8,0.0,48.3,88.0
24163,358,21.2,38.27857142857143,37.315714285714286,10.7,0.0,43.5,88.0
25063,358,21.094202898550726,30.753731343283583,30.24925373134328,10.5,0.0,41.8,87.0
25963,358,20.8828125,29.343283582089555,28.649253731343283,10.5,0.0,41.8,87.0
26863,358,20.7125,28.18421052631579,27.336842105263155,10.3,0.0,48.3,86.0
27763,358,20.663492063492065,28.155172413793103,27.131034482758626,10.3,0.0,48.3,86.0
28663,358,20.6,33.939655172413794,31.55,10.2,0.0,49.9,85.0
29563,358,20.5768115942029,28.029411764705884,26.89019607843137,10.1,0.0,48.3,85.0
30463,358,20.44833333333333,23.78070175438597,22.5561403508772,10.1,0.0,45.1,85.0
31363,358,20.28196721311476,21.14406779661017,20.07118644067797,10.0,0.0,43.5,85.0
32263,358,20.133333333333333,19.725806451612904,18.9,10.0,7.0,46.7,85.0
33163,358,19.987692307692303,19.045454545454547,18.3439393939394,9.9,16.0,43.5,86.0
34063,358,19.85373134328358,18.5,17.88923076923077,10.0,25.0,46.7,86.0
34963,358,19.728571428571428,18.661764705882355,18.501470588235293,10.1,26.0,43.5,86.0
35863,358,19.56969696969697,18.315384615384616,17.841538461538462,10.0,42.0,33.8,86.0
36763,358,19.43939393939394,18.0,17.345454545454547,10.0,35.0,33.8,86.0
37663,358,19.32941176470588,17.765151515151516,17.10151515151515,10.1,54.0,43.5,85.0
38563,358,19.25970149253732,18.014705882352946,17.72058823529412,10.1,57.0,43.5,85.0
39463,358,19.2,17.776119402985074,17.111940298507463,10.0,58.0,46.7,86.0
40363,358,19.14927536231884,17.67142857142857,17.097142857142856,9.9,58.0,43.5,87.0
41263,358,19.1,18.0,17.495161290322578,9.9,58.0,38.6,88.0
42163,358,19.016666666666666,17.8515625,17.1921875,9.8,47.0,32.2,90.0
43063,358,19.0,17.580882352941178,16.95,9.7,53.0,40.2,90.0
43963,358,18.92535211267606,17.5,16.65671641791045,9.9,54.0,40.2,89.0
44863,358,18.89565217391304,17.34426229508197,16.5,9.8,69.0,40.2,90.0
45763,358,18.8,17.00735294117647,16.5,10.0,86.0,40.2,89.0
46663,358,18.8,17.0,16.48787878787879,10.1,47.0,40.2,89.0
47563,358,18.72238805970149,17.066176470588236,16.38235294117647,10.2,72.0,41.8,89.0
48463,358,18.7,17.5,16.727272727272727,10.3,51.0,41.8,89.0
49363,358,18.7,17.18939393939394,16.5,10.3,49.0,43.5,89.0
50263,358,18.665671641791043,17.0,16.47058823529412,10.3,44.0,38.6,90.0
51163,358,18.6,17.477272727272727,16.65909090909091,10.3,39.0,38.6,90.0
52063,358,18.6,17.022058823529413,16.47352941176471,10.3,28.0,33.8,90.0
52963,358,18.548529411764708,17.0,16.303125,10.3,23.0,33.8,90.0
53863,358,18.5,17.0,16.3,10.2,21.0,32.2,91.0
54763,358,18.506153846153847,17.223076923076924,16.5,10.2,12.0,33.8,91.0
55663,358,18.6,17.727272727272727,16.84848484848485,10.1,5.0,24.1,92.0
56563,358,18.52537313432836,17.217391304347824,16.468115942028984,10.1,0.0,24.1,92.0
57463,358,18.496969696969696,17.0,16.3,10.1,0.0,22.5,92.0
58363,358,18.432835820895523,17.435714285714287,16.612857142857145,10.1,0.0,22.5,92.0
59263,358,18.445070422535213,32.080882352941174,27.60147058823529,10.1,0.0,22.5,92.0
60163,358,19.183333333333334,49.42647058823529,46.86617647058824,10.1,0.0,24.1,92.0
61063,358,19.974242424242423,51.40298507462686,48.88955223880597,10.2,0.0,24.1,92.0
61963,358,20.57,49.063380281690144,47.345070422535215,10.2,0.0,24.1,92.0
62863,358,20.804761904761904,43.371428571428574,40.93142857142857,10.1,0.0,19.3,92.0
63763,358,21.06833333333333,48.06818181818182,46.14242424242424,10.1,0.0,17.7,92.0
64663,358,21.24285714285714,42.10833333333333,40.675,10.1,0.0,20.9,92.0
65563,358,21.22388059701493,34.45238095238095,33.63809523809524,10.1,0.0,17.7,92.0
66463,358,21.085714285714285,30.41044776119403,29.485074626865675,10.1,0.0,17.7,92.0
67363,358,20.92131147540984,28.801470588235293,28.057352941176468,10.1,0.0,16.9,92.0
68263,358,20.73768115942029,27.26470588235294,26.586764705882352,10.2,0.0,19.3,92.0
69163,358,20.570833333333333,26.80597014925373,26.1179104477612,10.3,0.0,22.5,93.0
70063,358,20.390625,26.227941176470587,25.248529411764707,10.3,0.0,25.7,93.0
70963,358,20.237142857142857,26.22142857142857,25.325714285714287,10.4,0.0,27.4,92.0
71863,358,20.20615384615385,34.34126984126984,31.01111111111111,10.5,0.0,29.0,91.0
72763,358,20.43088235294117,39.169117647058826,37.24558823529412,10.5,0.0,27.4,91.0
73663,358,20.756666666666668,44.76470588235294,42.02058823529411,10.3,0.0,24.1,92.0
74563,358,21.192424242424245,48.67647058823529,46.608823529411765,10.2,0.0,27.4,93.0
75463,358,21.624242424242425,46.23880597014925,43.26268656716418,10.2,0.0,24.1,93.0
76363,358,21.795384615384613,44.125,41.3125,10.1,0.0,24.1,94.0
77263,358,21.88923076923077,42.484375,39.734375,10.2,0.0,24.1,93.0
78163,358,21.85211267605634,36.232394366197184,34.78309859154929,10.3,0.0,27.4,92.0
79063,358,21.67058823529412,30.12878787878788,28.87878787878788,10.2,0.0,22.5,92.0
79963,358,21.425757575757576,29.22388059701493,28.13134328358209,10.1,0.0,17.7,92.0
80863,358,21.21060606060606,31.64179104477612,29.535820895522384,9.9,0.0,17.7,93.0
81763,358,21.1,36.25384615384616,33.239999999999995,9.9,0.0,22.5,92.0
82663,358,21.06268656716417,30.85714285714285,27.694285714285712,10.0,0.0,24.1,92.0
83563,358,20.945833333333333,24.25,21.827272727272728,10.1,0.0,20.9,92.0
84463,358,20.83043478260869,21.875,21.32205882352941,10.1,0.0,24.1,92.0
85363,358,21.30151515151515,21.875,23.054411764705883,10.1,0.0,25.7,91.0
86263,358,20.77142857142857,20.36111111111111,20.02638888888889,10.1,0.0,22.5,92.0
763,359,20.57794117647059,19.27272727272728,18.725757575757576,9.9,0.0,22.5,92.0
1663,359,20.345454545454547,18.713235294117645,18.123529411764707,9.7,0.0,19.3,93.0
2563,359,20.140625,18.5,17.80289855072464,9.6,0.0,20.9,94.0
3463,359,19.94558823529412,18.059701492537314,17.52238805970149,9.6,0.0,24.1,93.0
4363,359,19.78913043478261,18.0,17.5,9.6,0.0,25.7,93.0
5263,359,,,,9.6,0.0,24.1,93.0
6163,359,,,,9.8,0.0,29.0,92.0
7063,359,,,,9.7,0.0,27.4,92.0
7963,359,,,,9.7,0.0,24.1,92.0
8863,359,,,,9.8,0.0,27.4,92.0
9763,359,,,,9.8,0.0,24.1,92.0
10663,359,,,,9.9,0.0,29.0,91.0
11563,359,,,,9.9,0.0,27.4,92.0
12463,359,,,,9.7,0.0,24.1,93.0
13363,359,18.9,17.5,16.529508196721313,9.2,0.0,16.1,94.0
14263,359,18.851162790697675,17.5,16.5,8.6,0.0,14.5,95.0
15163,359,,,,8.4,0.0,12.9,95.0
16063,359,,,,8.1,0.0,16.1,95.0
16963,359,,,,7.9,0.0,17.7,95.0
17863,359,,,,7.7,0.0,16.1,95.0
18763,359,,,,7.7,0.0,16.1,96.0
19663,359,,,,7.6,0.0,17.7,94.0
20563,359,,,,7.6,0.0,16.1,95.0
21463,359,,,,7.4,0.0,12.9,95.0
22363,359,,,,7.4,0.0,16.1,94.0
23263,359,21.2,41.096774193548384,39.57741935483871,7.3,0.0,14.5,95.0
24163,359,21.16,33.92647058823529,33.260294117647064,7.2,0.0,17.7,95.0
25063,359,21.054166666666667,29.89130434782609,28.382608695652173,7.2,0.0,17.7,95.0
25963,359,,,,7.1,0.0,14.5,95.0
26863,359,,,,7.2,0.0,17.7,94.0
27763,359,,,,7.2,0.0,17.7,94.0
28663,359,,,,7.1,0.0,17.7,93.0
29563,359,,,,7.1,0.0,17.7,93.0
30463,359,,,,6.9,5.0,16.1,93.0
31363,359,,,,6.8,11.0,14.5,93.0
32263,359,,,,6.6,0.0,12.9,94.0
33163,359,,,,6.4,0.0,9.7,94.0
34063,359,19.5,18.56578947368421,17.684210526315788,6.3,7.0,9.7,95.0
34963,359,19.3578125,18.109375,17.3328125,6.2,9.0,9.7,95.0
35863,359,19.3,18.0,17.031578947368423,6.0,14.0,9.7,95.0
36763,359,,,,5.9,16.0,9.7,96.0
37663,359,,,,5.8,21.0,9.7,96.0
38563,359,,,,5.7,21.0,9.7,96.0
39463,359,,,,5.6,23.0,8.0,96.0
40363,359,,,,5.6,23.0,8.0,96.0
41263,359,,,,5.4,12.0,9.7,96.0
42163,359,,,,5.3,14.0,9.7,97.0
43063,359,,,,5.3,19.0,6.4,97.0
43963,359,,,,5.2,23.0,9.7,97.0
44863,359,21.12075471698113,51.23214285714285,48.183928571428574,5.2,21.0,8.0,97.0
45763,359,21.407246376811592,52.0530303030303,48.75606060606061,5.2,14.0,6.4,97.0
46663,359,21.5,52.77272727272727,49.690909090909095,5.1,12.0,6.4,97.0
47563,359,,,,5.0,12.0,6.4,97.0
48463,359,,,,5.1,26.0,6.4,97.0
49363,359,,,,5.0,21.0,6.4,98.0
50263,359,,,,5.0,7.0,4.8,98.0
51163,359,,,,4.9,12.0,4.8,98.0
52063,359,,,,4.9,7.0,3.2,98.0
52963,359,,,,4.9,7.0,3.2,98.0
53863,359,,,,4.7,5.0,4.8,98.0
54763,359,23.12452830188679,51.42857142857143,48.836734693877546,4.4,0.0,9.7,97.0
55663,359,23.1890625,47.85507246376812,45.969565217391306,4.3,0.0,6.4,98.0
56563,359,23.1,47.77272727272727,45.73636363636364,4.2,0.0,8.0,97.0
57463,359,,,,4.1,0.0,8.0,98.0
58363,359,,,,3.9,0.0,8.0,97.0
59263,359,,,,3.6,0.0,9.7,97.0
60163,359,,,,3.4,0.0,8.0,97.0
61063,359,,,,3.2,0.0,8.0,97.0
61963,359,,,,3.2,0.0,6.4,97.0
62863,359,,,,3.0,0.0,4.8,97.0
63763,359,,,,2.9,0.0,4.8,97.0
64663,359,22.0,24.0,23.1,2.7,0.0,3.2,97.0
65563,359,21.938805970149254,22.65671641791045,21.219402985074627,2.7,0.0,3.2,97.0
66463,359,21.73787878787879,20.8828125,19.45625,2.4,0.0,4.8,97.0
67363,359,,,,2.4,0.0,1.6,97.0
68263,359,,,,2.3,0.0,0.0,97.0
69163,359,,,,2.3,0.0,1.6,97.0
70063,359,,,,2.1,0.0,3.2,97.0
70963,359,,,,1.8,0.0,4.8,97.0
71863,359,,,,1.6,0.0,4.8,97.0
72763,359,,,,1.5,0.0,4.8,97.0
73663,359,,,,1.3,0.0,3.2,97.0
74563,359,21.2,29.0,27.8,1.1,0.0,3.2,97.0
75463,359,21.11111111111111,29.19402985074627,28.102985074626865,1.1,0.0,3.2,97.0
76363,359,21.05396825396825,28.775,27.69166666666667,1.1,0.0,1.6,97.0
77263,359,,,,1.2,0.0,3.2,98.0
78163,359,,,,1.2,0.0,4.8,98.0
79063,359,,,,1.3,0.0,3.2,98.0
79963,359,,,,1.3,0.0,3.2,98.0
80863,359,,,,1.4,0.0,4.8,98.0
81763,359,,,,1.4,0.0,6.4,98.0
82663,359,,,,1.3,0.0,4.8,98.0
83563,359,,,,1.3,0.0,4.8,98.0
84463,359,20.282608695652176,19.775,19.05,1.2,0.0,6.4,98.0
85363,359,20.18245614035088,19.266666666666666,18.466666666666665,1.1,0.0,6.4,97.0
86263,359,20.0,18.5,17.8,1.0,0.0,4.8,98.0
763,360,19.92,18.484848484848484,17.6,0.8,0.0,6.4,98.0
1663,360,19.79384615384616,18.044776119402982,17.401492537313434,0.7,0.0,8.0,98.0
2563,360,19.682352941176468,18.0,17.3,0.6,0.0,8.0,98.0
3463,360,19.569565217391304,18.0,17.2390625,0.5,0.0,6.4,98.0
4363,360,19.47384615384616,18.0,17.0,0.5,0.0,6.4,98.0
5263,360,19.3828125,17.794117647058822,17.0,0.4,0.0,6.4,98.0
6163,360,19.3,17.5,17.0,0.4,0.0,8.0,98.0
7063,360,19.214925373134328,17.5,17.0,0.4,0.0,8.0,98.0
7963,360,19.13636363636364,17.5,16.817910447761193,0.3,0.0,8.0,98.0
8863,360,19.043076923076924,17.5,16.8,0.4,0.0,4.8,98.0
9763,360,18.98636363636364,17.5,16.8,0.4,0.0,3.2,98.0
10663,360,18.9,17.5,16.8,0.6,0.0,4.8,98.0
11563,360,18.824242424242424,17.5,16.773134328358207,0.6,0.0,4.8,98.0
12463,360,18.75151515151515,17.484615384615385,16.5,0.6,0.0,4.8,98.0
13363,360,18.692857142857143,17.053030303030305,16.5,0.6,0.0,6.4,98.0
14263,360,18.6,17.0,16.5,0.4,0.0,4.8,98.0
15163,360,18.55,17.0,16.487692307692306,0.4,0.0,4.8,98.0
16063,360,18.5,17.0,16.317910447761193,0.4,0.0,3.2,98.0
16963,360,18.402941176470588,17.0,16.3,0.5,0.0,3.2,98.0
17863,360,18.4,28.63636363636364,23.05909090909091,0.7,0.0,3.2,98.0
18763,360,18.740322580645163,50.66363636363637,46.57272727272728,0.7,0.0,3.2,98.0
19663,360,19.319117647058825,51.4765625,48.35,0.7,0.0,4.8,98.0
20563,360,19.83768115942029,51.5,48.5,0.7,0.0,4.8,98.0
21463,360,20.23333333333333,51.507462686567166,48.5,0.8,0.0,4.8,98.0
22363,360,20.55797101449276,51.55072463768117,48.65652173913044,0.8,0.0,4.8,98.0
23263,360,20.798305084745763,51.75,48.8,0.9,0.0,6.4,98.0
24163,360,21.036231884057973,51.78461538461538,48.8,1.1,0.0,9.7,98.0
25063,360,21.19855072463768,51.9375,48.803125,1.0,0.0,11.3,98.0
25963,360,21.34925373134329,50.64705882352941,47.88088235294118,1.1,0.0,11.3,97.0
26863,360,21.449253731343283,50.869565217391305,47.88405797101449,1.2,0.0,12.9,97.0
27763,360,21.52878787878788,50.62121212121212,47.78030303030303,1.3,0.0,12.9,96.0
28663,360,21.6,48.97058823529412,46.5,1.4,0.0,11.3,95.0
29563,360,21.557352941176468,44.73076923076923,42.27384615384615,1.4,0.0,9.7,95.0
30463,360,21.3640625,37.38059701492537,34.2955223880597,1.3,0.0,12.9,95.0
31363,360,21.09850746268657,29.37878787878788,28.389393939393937,1.3,0.0,12.9,95.0
32263,360,20.834375,24.954545454545453,23.313636363636363,1.2,0.0,16.1,94.0
33163,360,20.68153846153846,22.454545454545453,21.971212121212123,1.1,5.0,12.9,94.0
34063,360,20.445454545454545,21.00793650793651,20.43968253968254,0.9,11.0,14.5,95.0
34963,360,20.13846153846153,19.58955223880597,18.63134328358209,1.0,11.0,14.5,94.0
35863,360,19.888571428571428,18.741071428571427,17.7625,1.1,9.0,14.5,94.0
36763,360,19.669696969696968,18.27611940298508,17.461194029850745,1.1,9.0,12.9,93.0
37663,360,19.45846153846154,18.14179104477612,17.64776119402985,1.1,14.0,14.5,94.0
38563,360,19.32153846153846,18.296875,18.1171875,1.1,16.0,14.5,94.0
39463,360,19.219047619047625,17.638461538461538,16.941538461538464,1.0,174.0,12.9,94.0
40363,360,19.14,17.463768115942027,16.53913043478261,1.2,165.0,12.9,94.0
41263,360,19.036065573770493,17.00793650793651,16.357142857142858,1.5,200.0,16.1,93.0
42163,360,19.0,17.0,16.3,1.7,213.0,14.5,93.0
43063,360,18.925757575757576,17.0,16.249295774647887,2.0,169.0,12.9,91.0
43963,360,18.9,17.0,16.3,2.1,153.0,12.9,92.0
44863,360,18.8044776119403,17.0,16.3,1.9,134.0,14.5,92.0
45763,360,18.7044776119403,17.0,16.265217391304347,2.0,134.0,11.3,92.0
46663,360,18.62878787878788,17.0,16.004347826086956,2.1,127.0,16.1,91.0
47563,360,18.64754098360656,39.23076923076923,33.433846153846154,2.1,109.0,12.9,91.0
48463,360,19.108823529411765,47.45588235294117,44.88529411764706,1.8,69.0,14.5,92.0
49363,360,19.555714285714284,47.959016393442624,45.66885245901639,1.7,60.0,12.9,92.0
50263,360,19.8,37.815384615384616,35.05538461538462,1.7,50.0,14.5,92.0
51163,360,19.91774193548387,43.3125,40.6390625,1.7,18.0,12.9,90.0
52063,360,20.056716417910447,45.0072463768116,42.30869565217391,1.4,16.0,11.3,91.0
52963,360,20.1,42.960317460317455,40.93968253968254,1.3,14.0,12.9,92.0
53863,360,20.1,37.13235294117647,35.194117647058825,1.1,12.0,9.7,92.0
54763,360,20.047619047619047,38.746153846153845,36.76307692307692,1.1,9.0,11.3,92.0
55663,360,20.0,39.59090909090909,37.29545454545455,1.0,5.0,11.3,91.0
56563,360,20.0,40.69166666666667,38.645,0.9,5.0,11.3,92.0
57463,360,20.05076923076923,40.91803278688525,38.59016393442623,0.8,0.0,11.3,92.0
58363,360,20.1,41.75735294117647,39.58088235294117,0.8,0.0,11.3,92.0
59263,360,20.087878787878783,35.294117647058826,33.92205882352941,0.8,0.0,9.7,92.0
60163,360,20.01492537313433,47.65625,43.3609375,0.8,0.0,9.7,92.0
61063,360,20.19855072463768,51.5,48.25074626865672,0.8,0.0,8.0,92.0
61963,360,20.43623188405797,51.5,48.36865671641791,0.8,0.0,8.0,92.0
62863,360,20.623076923076923,51.28461538461538,48.18461538461538,0.7,0.0,8.0,91.0
63763,360,20.741666666666667,51.06060606060606,48.0,0.7,0.0,9.7,91.0
64663,360,20.824242424242424,50.838235294117645,47.63382352941176,0.3,0.0,6.4,91.0
65563,360,20.9,51.52205882352941,48.46470588235294,0.2,0.0,8.0,91.0
66463,360,20.996491228070177,51.66428571428571,48.5,0.3,0.0,6.4,92.0
67363,360,21.08636363636364,51.74626865671642,48.55820895522388,0.3,0.0,8.0,92.0
68263,360,21.16764705882353,51.99242424242424,48.74090909090909,0.2,0.0,8.0,92.0
69163,360,21.211111111111112,52.0,48.8,0.4,0.0,8.0,91.0
70063,360,21.37575757575757,50.05223880597015,47.538805970149255,0.0,0.0,6.4,92.0
70963,360,21.602985074626865,50.02307692307692,47.47846153846154,0.1,0.0,8.0,93.0
71863,360,21.77878787878788,50.3015873015873,47.907936507936505,-0.1,0.0,8.0,92.0
72763,360,21.91875,50.52307692307692,48.2123076923077,-0.1,0.0,8.0,93.0
73663,360,22.04090909090909,51.169230769230765,48.84769230769231,-0.2,0.0,8.0,93.0
74563,360,22.1,51.44615384615385,49.12307692307692,-0.3,0.0,8.0,93.0
75463,360,22.13225806451613,52.088235294117645,49.752941176470586,-0.3,0.0,6.4,93.0
76363,360,22.2,52.3939393939394,50.08636363636364,-0.3,0.0,8.0,93.0
77263,360,22.246875,51.61029411764706,49.51911764705882,-0.2,0.0,9.7,93.0
78163,360,22.3,51.33088235294117,49.14411764705882,-0.1,0.0,4.8,92.0
79063,360,22.36515151515152,49.4,47.251428571428576,-0.3,0.0,6.4,92.0
79963,360,22.3,44.26190476190476,42.7968253968254,-0.4,0.0,5.6,92.0
80863,360,22.2268656716418,43.64705882352941,41.42205882352941,-0.3,0.0,8.0,92.0
81763,360,22.198507462686567,41.97857142857143,40.504285714285714,-0.2,0.0,8.0,91.0
82663,360,22.07878787878788,39.11764705882353,37.58676470588235,0.1,0.0,8.0,91.0
83563,360,21.95,37.66417910447761,36.31194029850746,0.0,0.0,8.0,91.0
84463,360,21.823529411764707,38.7910447761194,36.62089552238806,-0.3,0.0,8.0,91.0
85363,360,22.2359375,30.924242424242426,30.895454545454545,-0.3,0.0,8.0,91.0
86263,360,22.35606060606061,26.99242424242424,27.133333333333333,-0.3,0.0,9.7,90.0
763,361,21.69402985074627,23.507462686567163,22.361194029850743,-0.3,0.0,8.0,90.0
1663,361,21.32698412698413,21.5,20.49242424242424,-0.5,0.0,9.7,91.0
2563,361,20.977027027027027,20.27857142857143,19.47714285714286,-0.5,0.0,8.0,91.0
3463,361,20.6984126984127,19.485714285714288,18.78,-0.7,0.0,8.0,91.0
4363,361,20.45625,18.950704225352112,18.22394366197183,-0.6,0.0,8.0,91.0
5263,361,20.29375,18.5,17.989473684210527,-0.6,0.0,6.4,91.0
6163,361,,,,-0.6,0.0,6.4,91.0
7063,361,,,,-0.6,0.0,6.4,91.0
7963,361,,,,-0.6,0.0,8.0,91.0
8863,361,,,,-0.6,0.0,6.4,90.0
9763,361,,,,-0.7,0.0,8.0,91.0
10663,361,,,,-0.9,0.0,6.4,91.0
11563,361,,,,-0.9,0.0,6.4,91.0
12463,361,,,,-0.9,0.0,6.4,90.0
13363,361,,,,-0.8,0.0,6.4,90.0
14263,361,18.971929824561403,17.0,16.40566037735849,-0.7,0.0,8.0,89.0
15163,361,18.9,17.0,16.3,-0.6,0.0,8.0,89.0
16063,361,,,,-0.5,0.0,9.7,88.0
16963,361,,,,-0.4,0.0,8.0,88.0
17863,361,,,,-0.6,0.0,9.7,88.0
18763,361,,,,-0.7,0.0,9.7,88.0
19663,361,,,,-0.6,0.0,9.7,88.0
20563,361,,,,-0.4,0.0,9.7,87.0
21463,361,,,,-0.5,0.0,11.3,87.0
22363,361,,,,-0.6,0.0,9.7,87.0
23263,361,,,,-0.5,0.0,12.9,85.0
24163,361,20.1,32.214285714285715,31.1,-0.4,0.0,12.9,84.0
25063,361,20.0,29.34782608695652,28.35507246376812,-0.4,0.0,11.3,84.0
25963,361,19.808928571428574,28.137931034482754,26.984482758620693,-0.4,0.0,12.9,83.0
26863,361,,,,-0.5,0.0,11.3,84.0
27763,361,,,,-0.7,0.0,11.3,85.0
28663,361,,,,-0.7,0.0,11.3,84.0
29563,361,,,,-0.7,0.0,9.7,84.0
30463,361,,,,-0.7,0.0,11.3,84.0
31363,361,,,,-0.7,0.0,12.9,84.0
32263,361,,,,-0.8,5.0,11.3,84.0
33163,361,,,,-0.8,7.0,12.9,84.0
34063,361,,,,-0.7,11.0,16.1,84.0
34963,361,18.52558139534884,17.5,16.793023255813953,-0.6,14.0,14.5,83.0
35863,361,18.422388059701493,17.071428571428573,16.452380952380953,-0.5,18.0,14.5,83.0
36763,361,18.31818181818182,17.0,16.3,-0.4,18.0,14.5,83.0
37663,361,,,,-0.2,23.0,14.5,82.0
38563,361,,,,-0.1,25.0,16.1,81.0
39463,361,,,,0.1,97.0,17.7,81.0
40363,361,,,,0.2,97.0,16.1,81.0
41263,361,,,,0.6,153.0,16.1,80.0
42163,361,,,,0.7,139.0,14.5,80.0
43063,361,,,,1.0,134.0,16.1,80.0
43963,361,,,,1.1,134.0,17.7,79.0
44863,361,17.5,16.0,15.286956521739132,1.2,135.0,16.1,79.0
45763,361,17.5,16.0,15.05,1.3,134.0,17.7,79.0
46663,361,17.40731707317073,16.0,15.0,1.0,128.0,16.1,79.0
47563,361,,,,1.2,113.0,16.1,80.0
48463,361,,,,0.9,63.0,17.7,81.0
49363,361,,,,1.1,62.0,17.7,81.0
50263,361,,,,1.1,39.0,16.1,81.0
51163,361,,,,0.9,23.0,16.1,82.0
52063,361,,,,0.8,16.0,17.7,82.0
52963,361,,,,0.7,16.0,16.1,82.0
53863,361,,,,0.8,11.0,17.7,82.0
54763,361,,,,0.9,11.0,16.1,81.0
55663,361,16.8,15.482758620689657,14.5,0.7,7.0,19.3,82.0
56563,361,16.730882352941176,15.174242424242426,14.5,0.7,6.0,19.3,82.0
57463,361,,,,0.5,0.0,17.7,83.0
58363,361,,,,0.6,0.0,16.1,83.0
59263,361,,,,0.6,0.0,12.9,83.0
60163,361,,,,0.6,0.0,16.1,83.0
61063,361,,,,0.7,0.0,16.1,83.0
61963,361,,,,0.8,0.0,16.1,83.0
62863,361,,,,0.8,0.0,16.1,83.0
63763,361,,,,0.7,0.0,12.9,83.0
64663,361,,,,0.7,0.0,14.5,84.0
65563,361,19.87454545454545,40.60909090909091,38.45272727272727,0.6,0.0,16.1,84.0
66463,361,19.82,38.25,35.92727272727272,0.6,0.0,16.1,85.0
67363,361,19.8,41.5,38.8,0.5,0.0,16.1,85.0
68263,361,,,,0.5,0.0,16.1,84.0
69163,361,,,,0.5,0.0,16.1,84.0
70063,361,,,,0.4,0.0,12.9,83.0
70963,361,,,,0.4,0.0,16.1,84.0
71863,361,,,,0.3,0.0,14.5,83.0
72763,361,,,,0.3,0.0,16.1,83.0
73663,361,,,,0.2,0.0,17.7,85.0
74563,361,,,,0.2,0.0,17.7,84.0
75463,361,20.01515151515152,30.395522388059703,29.0268656716418,0.2,0.0,17.7,84.0
76363,361,19.725,27.075,26.106666666666666,0.1,0.0,16.1,84.0
77263,361,19.5,25.25,24.116666666666667,0.1,0.0,20.9,84.0
78163,361,,,,0.1,0.0,20.9,84.0
79063,361,,,,0.3,0.0,19.3,82.0
79963,361,,,,0.3,0.0,20.9,82.0
80863,361,,,,0.2,0.0,22.5,83.0
81763,361,,,,0.3,0.0,20.9,84.0
82663,361,,,,0.5,0.0,19.3,83.0
83563,361,,,,0.6,0.0,24.1,83.0
84463,361,19.215625,22.78787878787879,23.06212121212121,0.6,0.0,20.9,83.0
85363,361,18.9109375,20.60869565217392,19.766666666666666,0.4,0.0,22.5,84.0
86263,361,18.7,19.5,18.4,0.3,0.0,20.9,86.0
763,362,,,,0.4,0.0,20.9,86.0
1663,362,,,,0.4,0.0,20.9,86.0
2563,362,,,,0.5,0.0,20.9,85.0
3463,362,,,,0.4,0.0,19.3,86.0
4363,362,,,,0.4,0.0,17.7,86.0
5263,362,17.3,16.0,15.212903225806452,0.6,0.0,19.3,84.0
6163,362,17.223809523809525,15.615942028985506,15.0,0.7,0.0,20.9,84.0
7063,362,17.118032786885244,15.5,14.991044776119404,0.5,0.0,19.3,85.0
7963,362,17.00735294117647,15.5,14.802898550724638,0.5,0.0,20.9,84.0
8863,362,16.909230769230767,15.5,14.8,0.6,0.0,20.9,84.0
9763,362,16.835384615384616,15.5,14.635211267605635,0.6,0.0,20.9,84.0
10663,362,16.8,15.453846153846154,14.569230769230767,0.5,0.0,17.7,84.0
11563,362,16.89047619047619,15.5,14.864,0.6,0.0,20.9,84.0
12463,362,16.864705882352943,15.443548387096774,14.767741935483873,0.4,0.0,19.3,85.0
13363,362,16.769230769230766,15.0,14.35,0.4,0.0,22.5,86.0
14263,362,16.65735294117647,15.0,14.081428571428573,0.4,0.0,20.9,86.0
15163,362,16.55,14.65079365079365,14.0,0.5,0.0,19.3,85.0
16063,362,16.447692307692307,14.5,13.842424242424244,0.4,0.0,19.3,85.0
16963,362,16.35217391304348,14.5,13.8,0.3,0.0,17.7,85.0
17863,362,16.304411764705883,26.080645161290324,20.75,0.4,0.0,19.3,85.0
18763,362,16.82769230769231,46.15492957746479,44.16056338028169,0.4,0.0,19.3,85.0
19663,362,17.687142857142856,46.47692307692308,45.98461538461539,0.4,0.0,19.3,85.0
20563,362,18.35076923076923,46.54347826086956,46.28115942028985,0.4,0.0,19.3,85.0
21463,362,18.88507462686567,46.62121212121212,46.81666666666667,0.4,0.0,17.7,86.0
22363,362,19.2296875,41.60294117647059,42.075,0.4,0.0,19.3,86.0
23263,362,19.37794117647059,43.48507462686568,43.38358208955224,0.6,0.0,19.3,85.0
24163,362,19.5,40.5,41.10441176470589,0.7,0.0,17.7,85.0
25063,362,19.54920634920635,40.84558823529412,40.69264705882353,0.5,0.0,16.1,86.0
25963,362,19.6,40.55882352941176,40.53676470588236,0.6,0.0,16.1,86.0
26863,362,19.6179104477612,42.3134328358209,40.28955223880597,0.4,0.0,19.3,87.0
27763,362,19.605882352941176,37.2536231884058,34.981159420289856,0.2,0.0,22.5,88.0
28663,362,19.5,45.02238805970149,42.07611940298507,0.1,0.0,17.7,88.0
29563,362,19.45735294117647,33.37878787878788,32.372727272727275,0.0,0.0,19.3,88.0
30463,362,19.22941176470588,26.36764705882353,25.554411764705883,0.2,0.0,20.9,88.0
31363,362,18.911940298507464,22.253846153846155,21.38153846153846,0.2,0.0,20.9,87.0
32263,362,18.571428571428573,19.683823529411764,18.864705882352943,0.2,5.0,19.3,87.0
33163,362,18.26,18.17910447761194,17.455223880597014,0.2,11.0,20.9,87.0
34063,362,17.965151515151515,17.21969696969697,16.578787878787878,0.5,16.0,17.7,86.0
34963,362,17.7046875,16.59558823529412,16.036764705882355,0.4,25.0,17.7,87.0
35863,362,17.493939393939392,16.166666666666664,15.645454545454546,0.7,49.0,16.1,87.0
36763,362,17.3044776119403,16.0,15.353968253968253,0.9,28.0,14.5,86.0
37663,362,17.14761904761905,15.578125,15.084375,0.8,24.0,16.1,87.0
38563,362,16.980597014925372,15.5,14.896969696969697,1.0,26.0,16.1,86.0
39463,362,16.867164179104478,15.5,14.8,1.2,98.0,14.5,85.0
40363,362,16.774603174603175,15.1953125,14.5140625,1.4,76.0,14.5,85.0
41263,362,16.669117647058822,15.0,14.5,1.8,132.0,16.1,83.0
42163,362,16.6,15.0,14.343076923076923,2.0,142.0,16.1,83.0
43063,362,16.5,15.0,14.3,2.1,142.0,12.9,82.0
43963,362,16.44626865671642,15.0,14.3,2.2,151.0,12.9,83.0
44863,362,16.39710144927536,15.0,14.091304347826089,2.1,144.0,14.5,83.0
45763,362,16.301470588235293,14.816176470588236,14.0,2.2,139.0,12.9,82.0
46663,362,16.251470588235293,14.5,14.0,2.5,139.0,17.7,81.0
47563,362,16.2,14.5,13.97878787878788,2.4,114.0,17.7,82.0
48463,362,16.140579710144927,14.5,13.818181818181818,2.2,63.0,14.5,83.0
49363,362,16.1,14.5,13.8,2.2,63.0,14.5,83.0
50263,362,16.02769230769231,14.5,13.8,1.9,33.0,14.5,84.0
51163,362,16.0,14.5,13.8,1.4,19.0,14.5,86.0
52063,362,15.904545454545453,14.5,13.8,1.3,18.0,14.5,87.0
52963,362,15.87,14.5,13.768656716417912,1.3,18.0,12.9,87.0
53863,362,15.8,14.5,13.508823529411766,1.4,14.0,14.5,86.0
54763,362,15.734328358208955,14.43939393939394,13.5,1.3,12.0,14.5,87.0
55663,362,15.695454545454549,14.044117647058822,13.5,1.2,7.0,14.5,87.0
56563,362,15.6,14.0,13.5,1.2,5.0,16.1,87.0
57463,362,15.553968253968254,14.0,13.5,1.2,0.0,11.3,86.0
58363,362,15.5,14.0,13.476119402985072,1.1,0.0,11.3,86.0
59263,362,15.437313432835822,24.253731343283583,19.01194029850746,0.7,0.0,11.3,87.0
60163,362,15.870967741935484,49.21774193548387,44.08709677419355,0.7,0.0,12.9,87.0
61063,362,16.63478260869565,50.457142857142856,47.12857142857143,0.6,0.0,9.7,87.0
61963,362,17.338709677419352,50.46774193548387,47.29516129032258,0.6,0.0,8.0,87.0
62863,362,17.857142857142858,50.5,47.35151515151515,0.7,0.0,12.9,88.0
63763,362,18.26515151515152,50.673913043478265,47.50434782608696,0.9,0.0,11.3,87.0
64663,362,18.598333333333333,51.03846153846153,47.88153846153846,0.9,0.0,14.5,87.0
65563,362,18.95172413793104,52.51587301587301,49.34444444444445,0.8,0.0,12.9,88.0
66463,362,19.25714285714286,51.267857142857146,48.53035714285714,0.6,0.0,11.3,88.0
67363,362,19.44848484848485,51.86029411764706,48.80735294117647,0.7,0.0,12.9,88.0
68263,362,19.61746031746032,52.61475409836065,49.51147540983607,0.7,0.0,11.3,88.0
69163,362,19.93939393939394,52.56923076923077,49.38307692307693,0.7,0.0,11.3,88.0
70063,362,20.17536231884058,48.9375,46.71875,0.7,0.0,9.7,87.0
70963,362,20.23623188405797,49.83333333333333,46.90877192982456,0.7,0.0,9.7,86.0
71863,362,20.41746031746032,52.01515151515152,49.089393939393936,0.5,0.0,8.0,86.0
72763,362,20.584615384615383,49.14705882352941,46.83676470588235,0.4,0.0,8.0,86.0
73663,362,20.6,48.63970588235294,45.67941176470588,0.6,0.0,12.9,87.0
74563,362,20.575362318840583,44.94117647058824,42.91323529411765,0.7,0.0,11.3,87.0
75463,362,20.40625,50.30645161290322,47.230645161290326,0.7,0.0,12.9,88.0
76363,362,20.4,51.13432835820896,48.35970149253731,0.7,0.0,11.3,88.0
77263,362,20.43809523809524,50.68382352941176,47.97794117647059,0.6,0.0,8.0,88.0
78163,362,20.5,48.86029411764706,46.88382352941176,0.6,0.0,11.3,89.0
79063,362,20.433898305084742,46.09848484848485,43.540909090909096,0.6,0.0,11.3,88.0
79963,362,20.33225806451613,43.6231884057971,41.90289855072464,0.6,0.0,11.3,88.0
80863,362,20.211290322580645,42.33846153846154,40.13230769230769,0.8,0.0,11.3,88.0
81763,362,20.088235294117645,32.865671641791046,31.444776119402984,0.8,0.0,11.3,88.0
82663,362,19.8,26.227941176470587,25.051470588235293,0.9,0.0,11.3,89.0
83563,362,19.43636363636364,22.371428571428574,21.74,1.1,0.0,14.5,89.0
84463,362,19.0439393939394,20.5703125,20.665625,1.0,0.0,9.7,89.0
85363,362,18.640298507462685,18.61904761904762,17.46984126984127,0.9,0.0,8.0,90.0
86263,362,18.3044776119403,17.34285714285714,16.32857142857143,1.0,0.0,6.4,90.0
763,363,17.993939393939392,16.66923076923077,15.824615384615385,0.7,0.0,4.8,89.0
1663,363,17.735820895522387,16.161016949152543,15.42542372881356,-0.2,0.0,0.0,91.0
2563,363,17.53174603174603,15.97826086956522,15.13913043478261,-0.6,0.0,0.0,91.0
3463,363,17.35211267605634,15.507575757575756,14.884848484848485,-1.1,0.0,1.6,92.0
4363,363,17.2,15.5,14.789830508474576,-1.2,0.0,3.2,93.0
5263,363,,,,-0.8,0.0,1.6,92.0
6163,363,,,,-1.0,0.0,3.2,91.0
7063,363,,,,-0.7,0.0,4.8,92.0
7963,363,,,,-0.3,0.0,9.7,91.0
8863,363,,,,-0.4,0.0,1.6,88.0
9763,363,,,,-0.8,0.0,4.8,89.0
10663,363,,,,-0.7,0.0,6.4,89.0
11563,363,,,,-0.5,0.0,6.4,88.0
12463,363,,,,-0.6,0.0,6.4,89.0
13363,363,16.2,14.5,13.8,-0.7,0.0,3.2,89.0
14263,363,16.112121212121213,14.5,13.8,-0.1,0.0,3.2,87.0
15163,363,16.1,14.5,13.8,-0.1,0.0,4.8,86.0
16063,363,,,,-0.1,0.0,11.3,85.0
16963,363,,,,-0.2,0.0,12.9,85.0
17863,363,,,,-0.8,0.0,11.3,86.0
18763,363,,,,-1.0,0.0,9.7,87.0
19663,363,,,,-1.2,0.0,12.9,88.0
20563,363,,,,-1.5,0.0,11.3,89.0
21463,363,,,,-0.9,0.0,11.3,92.0
22363,363,,,,-0.8,0.0,17.7,92.0
23263,363,,,,-0.8,0.0,16.1,92.0
24163,363,18.762295081967213,46.90476190476191,45.55238095238095,-0.8,0.0,16.1,92.0
25063,363,19.00757575757576,46.78125,46.38125,-0.7,0.0,11.3,92.0
25963,363,,,,-0.6,0.0,12.9,92.0
26863,363,,,,-0.5,0.0,16.1,92.0
27763,363,,,,-0.3,0.0,16.1,90.0
28663,363,,,,0.2,0.0,19.3,88.0
29563,363,,,,0.1,0.0,16.1,89.0
30463,363,,,,0.3,0.0,17.7,89.0
31363,363,,,,0.3,0.0,17.7,89.0
32263,363,,,,0.3,0.0,16.1,90.0
33163,363,,,,0.2,5.0,14.5,91.0
34063,363,17.583333333333336,17.15,16.3,0.2,7.0,17.7,90.0
34963,363,17.398529411764706,16.73134328358209,15.967164179104476,0.2,8.0,16.1,91.0
35863,363,17.174576271186442,16.151785714285715,15.444642857142858,0.2,11.0,17.7,91.0
36763,363,,,,0.1,10.0,16.1,92.0
37663,363,,,,-0.1,12.0,14.5,94.0
38563,363,,,,-0.1,18.0,14.5,95.0
39463,363,,,,-0.1,23.0,14.5,96.0
40363,363,,,,-0.1,21.0,16.1,97.0
41263,363,,,,0.0,19.0,16.1,97.0
42163,363,,,,0.1,25.0,12.9,97.0
43063,363,,,,0.1,27.0,12.9,97.0
43963,363,,,,0.2,28.0,12.9,97.0
44863,363,16.0,14.5,13.8,0.3,56.0,14.5,96.0
45763,363,15.931818181818182,14.5,13.936363636363636,0.4,69.0,14.5,96.0
46663,363,15.9,14.5,14.0375,0.6,81.0,12.9,95.0
47563,363,,,,0.6,67.0,11.3,95.0
48463,363,,,,0.8,56.0,6.4,95.0
49363,363,,,,0.8,60.0,8.0,94.0
50263,363,,,,0.8,49.0,9.7,94.0
51163,363,,,,0.8,53.0,6.4,94.0
52063,363,,,,1.1,79.0,11.3,93.0
52963,363,,,,1.2,84.0,11.3,93.0
53863,363,,,,1.6,60.0,6.4,92.0
54763,363,15.5,14.5,13.8,1.7,44.0,3.2,92.0
55663,363,15.55952380952381,14.818181818181818,13.8,1.4,11.0,4.8,92.0
56563,363,15.5,14.5,13.5,1.2,5.0,4.8,93.0
57463,363,15.409230769230769,14.015625,13.496875,0.6,0.0,4.8,94.0
58363,363,15.326666666666668,16.9,14.765454545454546,0.4,0.0,4.8,94.0
59263,363,15.49855072463768,43.261538461538464,37.1,0.2,0.0,4.8,95.0
60163,363,16.3375,50.392857142857146,46.91428571428572,-0.1,0.0,3.2,94.0
61063,363,17.133333333333333,50.5,47.3,-0.2,0.0,6.4,95.0
61963,363,17.74411764705882,50.971014492753625,47.60434782608696,0.0,0.0,6.4,95.0
62863,363,18.205797101449274,50.774193548387096,47.54193548387097,0.1,0.0,6.4,95.0
63763,363,18.536764705882355,51.6060606060606,48.60151515151515,-0.1,0.0,6.4,94.0
64663,363,18.83714285714285,51.9,48.86769230769231,-0.6,0.0,4.8,95.0
65563,363,19.04558823529412,48.935483870967744,46.22741935483871,-0.6,0.0,4.8,95.0
66463,363,19.24029850746269,46.56153846153846,44.30307692307692,0.1,0.0,1.6,96.0
67363,363,19.3,50.27205882352941,47.12352941176471,0.8,0.0,1.6,96.0
68263,363,19.425757575757576,51.6060606060606,48.53787878787879,1.6,0.0,6.4,96.0
69163,363,19.581159420289858,49.91549295774648,47.39154929577465,1.7,0.0,6.4,95.0
70063,363,19.72058823529412,49.13636363636364,46.88030303030303,1.9,0.0,9.7,95.0
70963,363,19.815625,50.65714285714286,47.71857142857143,1.9,0.0,11.3,95.0
71863,363,19.9,50.983870967741936,48.61129032258064,1.9,0.0,9.7,95.0
72763,363,20.022058823529413,50.873134328358205,48.276119402985074,1.8,0.0,11.3,95.0
73663,363,20.225,49.92537313432835,47.65970149253731,1.8,0.0,11.3,96.0
74563,363,20.22063492063492,45.68181818181818,43.25757575757576,1.9,0.0,12.9,96.0
75463,363,20.1,46.41044776119403,43.94328358208956,2.0,0.0,16.1,96.0
76363,363,20.16617647058824,50.96212121212121,48.11363636363636,2.1,0.0,17.7,96.0
77263,363,20.234328358208955,51.88888888888889,49.18412698412698,2.7,0.0,11.3,97.0
78163,363,20.3,46.19047619047619,44.112698412698414,2.9,0.0,14.5,96.0
79063,363,20.234328358208955,44.73484848484848,42.93333333333333,2.3,0.0,9.7,96.0
79963,363,20.2,49.2890625,46.1,2.0,0.0,11.3,96.0
80863,363,20.286764705882355,47.5625,45.2,1.2,0.0,12.9,97.0
81763,363,20.1921875,35.419117647058826,33.64705882352941,1.4,0.0,12.9,97.0
82663,363,19.934375,27.59701492537313,26.353731343283584,1.4,0.0,14.5,97.0
83563,363,19.570149253731344,23.083333333333336,21.92,1.3,0.0,11.3,98.0
84463,363,19.169696969696968,20.36567164179105,19.35820895522388,1.2,0.0,9.7,98.0
85363,363,18.801538461538463,19.05223880597015,18.922388059701493,1.2,0.0,11.3,98.0
86263,363,18.450746268656715,18.640845070422536,18.79295774647888,1.0,0.0,8.0,98.0
763,364,18.13623188405797,17.46153846153846,16.81846153846154,1.0,0.0,6.4,98.0
1663,364,17.884126984126986,16.71212121212121,16.056060606060605,1.1,0.0,4.8,98.0
2563,364,17.6625,16.264285714285712,15.628571428571428,1.3,0.0,8.0,98.0
3463,364,17.482089552238808,16.0,15.344776119402985,1.6,0.0,8.0,98.0
4363,364,17.328125,15.6796875,15.065625,1.4,0.0,6.4,98.0
5263,364,17.176119402985073,15.5,14.886111111111113,1.1,0.0,6.4,98.0
6163,364,17.045454545454547,15.5,14.8,1.1,0.0,6.4,98.0
7063,364,16.93846153846154,15.313432835820896,14.522388059701491,1.6,0.0,4.8,98.0
7963,364,16.836507936507935,15.0,14.5,1.6,0.0,4.8,98.0
8863,364,16.75625,15.0,14.367692307692309,1.7,0.0,3.2,98.0
9763,364,16.66060606060606,15.0,14.3,1.8,0.0,6.4,97.0
10663,364,16.571875,15.0,14.3,1.6,0.0,3.2,97.0
11563,364,16.5,15.0,14.143283582089552,1.7,0.0,4.8,97.0
12463,364,16.40655737704918,14.9,14.0,1.8,0.0,6.4,97.0
13363,364,16.341269841269842,14.537313432835822,14.0,2.1,0.0,8.0,96.0
14263,364,16.274626865671642,14.5,14.0,2.1,0.0,3.2,95.0
15163,364,16.2,14.5,14.0,2.2,0.0,4.8,95.0
16063,364,16.1375,14.5,13.994117647058824,2.3,0.0,4.0,95.0
16963,364,16.1,14.5,13.834375,2.2,0.0,4.8,95.0
17863,364,16.01764705882353,22.214285714285715,18.49183673469388,2.2,0.0,4.8,95.0
18763,364,16.51076923076923,49.48550724637681,44.289855072463766,2.2,0.0,3.2,95.0
19663,364,17.424242424242426,50.53030303030303,47.16363636363637,2.2,0.0,1.6,95.0
20563,364,18.17460317460317,50.8030303030303,47.5,2.3,0.0,4.8,95.0
21463,364,18.72898550724637,49.26984126984127,46.86666666666667,2.6,0.0,11.3,95.0
22363,364,19.033846153846152,46.70588235294117,44.06764705882353,2.7,0.0,11.3,93.0
23263,364,19.10441176470588,46.25714285714285,44.00571428571429,2.7,0.0,11.3,93.0
24163,364,19.30454545454545,50.171875,47.4359375,2.7,0.0,11.3,93.0
25063,364,19.6179104477612,49.22794117647059,46.975,2.7,0.0,11.3,93.0
25963,364,19.7,45.88405797101449,43.52028985507246,2.6,0.0,9.7,93.0
26863,364,19.7,47.16417910447761,44.92686567164179,2.7,0.0,9.7,92.0
27763,364,19.76060606060605,51.21014492753624,48.10144927536232,2.8,0.0,8.0,92.0
28663,364,19.982089552238808,45.294117647058826,43.11617647058824,2.7,0.0,9.7,92.0
29563,364,19.908571428571427,33.23880597014925,31.78805970149254,2.8,0.0,9.7,91.0
30463,364,19.604615384615386,26.40714285714285,25.34857142857143,2.8,0.0,9.7,90.0
31363,364,19.266176470588235,22.588709677419352,22.493548387096773,2.8,0.0,11.3,90.0
32263,364,18.903030303030302,20.298507462686565,19.61492537313433,2.7,7.0,11.3,90.0
33163,364,18.45121951219512,17.789772727272727,16.89659090909091,2.7,12.0,11.3,90.0
34063,364,18.1,17.772727272727273,18.422727272727272,2.9,37.0,11.3,90.0
34963,364,18.15079365079365,17.83076923076923,18.30307692307692,3.1,28.0,11.3,90.0
35863,364,18.877777777777776,17.63768115942029,17.507246376811594,3.1,28.0,4.8,90.0
36763,364,18.23709677419355,16.695652173913043,16.02898550724638,3.1,51.0,8.0,90.0
37663,364,17.855072463768117,16.102941176470587,15.452941176470588,3.2,42.0,11.3,90.0
38563,364,17.6,15.578125,15.046875,3.2,39.0,12.9,90.0
39463,364,17.38769230769231,15.5,14.980281690140846,3.2,76.0,17.7,89.0
40363,364,17.201449275362318,15.5,14.8,3.1,98.0,20.9,90.0
41263,364,17.038709677419355,15.411290322580646,14.775806451612905,3.2,104.0,20.9,89.0
42163,364,16.886764705882353,15.0,14.5,3.1,91.0,20.9,89.0
43063,364,16.78955223880597,15.0,14.497260273972604,3.2,98.0,20.9,89.0
43963,364,16.686153846153847,15.0,14.316666666666666,3.4,109.0,20.9,89.0
44863,364,16.6,15.0,14.3,3.4,86.0,17.7,90.0
45763,364,16.511475409836066,15.0,14.254545454545454,3.2,77.0,19.3,91.0
46663,364,16.46818181818182,15.276119402985074,14.122388059701493,3.1,114.0,24.1,93.0
47563,364,16.4,21.52173913043478,20.1,3.4,95.0,25.7,92.0
48463,364,16.44,23.38732394366197,22.507042253521128,3.8,58.0,24.1,91.0
49363,364,16.75166666666667,43.6865671641791,38.78358208955224,3.9,98.0,27.4,91.0
50263,364,17.661428571428573,42.14492753623188,40.44347826086956,4.8,102.0,33.8,91.0
51163,364,18.10147058823529,48.09090909090909,44.97575757575758,4.9,76.0,32.2,90.0
52063,364,18.60289855072464,49.46875,47.2015625,5.1,32.0,33.8,89.0
52963,364,19.016176470588235,49.93382352941176,47.12058823529412,4.9,32.0,29.0,89.0
53863,364,19.38285714285714,51.1,48.605714285714285,4.9,26.0,25.7,90.0
54763,364,19.69855072463768,51.41044776119403,48.45522388059702,5.0,16.0,25.7,91.0
55663,364,20.03432835820896,51.4,48.85,4.3,0.0,33.8,93.0
56563,364,20.29253731343284,50.3203125,47.9578125,4.0,0.0,27.4,93.0
57463,364,20.53809523809524,51.63432835820895,48.83432835820896,4.0,0.0,27.4,92.0
58363,364,20.736507936507937,51.24324324324324,48.76756756756757,4.1,0.0,25.7,92.0
59263,364,20.891044776119404,51.36065573770492,48.86393442622951,4.3,0.0,25.7,92.0
60163,364,21.03076923076923,51.66197183098592,49.19295774647888,4.3,0.0,25.7,91.0
61063,364,20.958571428571428,50.284615384615385,46.33384615384615,4.7,0.0,27.4,90.0
61963,364,20.9,50.38970588235294,47.92058823529412,4.8,0.0,27.4,90.0
62863,364,20.94375,50.46923076923077,47.88307692307693,4.9,0.0,22.5,90.0
63763,364,21.0,47.24242424242424,45.345454545454544,5.0,0.0,23.3,89.0
64663,364,20.954545454545453,42.85245901639344,40.208196721311474,5.0,0.0,27.4,89.0
65563,364,20.80869565217392,39.88888888888889,38.56349206349206,5.2,0.0,25.7,88.0
66463,364,20.57538461538461,33.892857142857146,32.660000000000004,5.1,0.0,22.5,87.0
67363,364,20.298387096774192,37.37878787878788,34.42272727272727,5.3,0.0,24.1,86.0
68263,364,20.2,39.17164179104478,36.28507462686567,6.0,0.0,33.8,86.0
69163,364,20.1671875,39.36764705882353,36.55882352941176,5.7,0.0,35.4,88.0
70063,364,20.1,41.21311475409836,37.8655737704918,5.1,0.0,35.4,84.0
70963,364,20.18507462686567,42.87121212121212,39.89545454545454,5.2,0.0,32.2,82.0
71863,364,20.2,42.40769230769231,39.22615384615385,5.5,0.0,30.6,86.0
72763,364,20.213114754098363,41.971428571428575,39.184285714285714,5.1,0.0,25.7,88.0
73663,364,20.22463768115941,38.2,35.45692307692308,5.1,0.0,24.1,87.0
74563,364,20.2,38.50757575757576,36.025757575757574,5.1,0.0,24.1,87.0
75463,364,20.2,41.02272727272727,37.762121212121215,5.1,0.0,27.4,86.0
76363,364,20.21076923076923,41.93650793650794,39.55873015873016,5.1,0.0,25.7,85.0
77263,364,20.3,40.7089552238806,40.57910447761194,5.6,0.0,27.4,83.0
78163,364,20.326760563380283,41.09558823529412,41.358823529411765,5.8,0.0,30.6,81.0
79063,364,20.470149253731343,39.315384615384616,37.29538461538461,5.3,0.0,24.1,84.0
79963,364,20.392957746478874,32.940298507462686,31.653731343283585,5.2,0.0,24.1,84.0
80863,364,20.14761904761905,32.676923076923075,30.995384615384616,5.2,0.0,24.1,85.0
81763,364,19.94696969696969,36.7936507936508,33.27142857142857,5.1,0.0,17.7,85.0
82663,364,19.87391304347826,31.08208955223881,27.46716417910448,5.4,0.0,16.1,84.0
83563,364,19.70655737704918,25.32857142857143,24.672857142857143,5.3,0.0,11.3,85.0
84463,364,19.41846153846154,21.32638888888889,19.647222222222226,5.1,0.0,14.5,85.0
85363,364,19.1140625,19.142857142857142,17.845714285714287,5.1,0.0,12.9,86.0
86263,364,18.83142857142857,17.926470588235293,17.00294117647059,4.9,0.0,16.1,86.0
763,365,18.6089552238806,17.956521739130434,17.83913043478261,4.9,0.0,16.1,86.0
1663,365,18.4031746031746,17.1,16.322857142857142,4.9,0.0,16.1,86.0
2563,365,18.21029411764706,16.5,15.686567164179104,4.9,0.0,16.1,86.0
3463,365,18.048529411764708,16.1231884057971,15.389855072463767,4.9,0.0,16.1,86.0
4363,365,18.0,17.110294117647058,16.727941176470587,4.9,0.0,16.1,86.0
5263,365,18.0,17.0,16.5,4.9,0.0,16.1,86.0
6163,365,,,,4.9,0.0,16.1,86.0
7063,365,,,,4.9,0.0,16.1,86.0
7963,365,,,,4.9,0.0,16.1,86.0
8863,365,,,,4.9,0.0,16.1,86.0
9763,365,,,,4.9,0.0,16.1,86.0
10663,365,,,,4.9,0.0,16.1,86.0
11563,365,,,,4.9,0.0,16.1,86.0
12463,365,,,,4.9,0.0,16.1,86.0
13363,365,,,,4.9,0.0,16.1,86.0
14263,365,17.1,15.5,14.8,4.9,0.0,16.1,86.0
15163,365,17.05744680851064,15.5,14.758823529411766,4.9,0.0,16.1,86.0
16063,365,,,,4.9,0.0,16.1,86.0
16963,365,,,,4.9,0.0,16.1,86.0
17863,365,,,,4.9,0.0,16.1,86.0
18763,365,,,,4.9,0.0,16.1,86.0
19663,365,,,,4.9,0.0,16.1,86.0
20563,365,,,,4.9,0.0,16.1,86.0
21463,365,,,,4.9,0.0,16.1,86.0
22363,365,,,,4.9,0.0,16.1,86.0
23263,365,,,,4.9,0.0,16.1,86.0
24163,365,19.89629629629629,51.34375,47.90625,4.9,0.0,16.1,86.0
25063,365,20.14264705882353,49.31884057971014,46.71159420289855,4.9,0.0,16.1,86.0
25963,365,20.2,49.875,45.525,4.9,0.0,16.1,86.0
26863,365,,,,4.9,0.0,16.1,86.0
27763,365,,,,4.9,0.0,16.1,86.0
28663,365,,,,4.9,0.0,16.1,86.0
29563,365,,,,4.9,0.0,16.1,86.0
30463,365,,,,4.9,0.0,16.1,86.0
31363,365,,,,4.9,0.0,16.1,86.0
32263,365,,,,4.9,0.0,16.1,86.0
33163,365,,,,4.9,0.0,16.1,86.0
34063,365,,,,4.9,0.0,16.1,86.0
34963,365,18.70952380952381,17.916666666666664,17.798333333333332,4.9,0.0,16.1,86.0
35863,365,18.40483870967742,17.402985074626866,17.007462686567163,4.9,0.0,16.1,86.0
36763,365,18.22,17.45,17.27,4.9,0.0,16.1,86.0
37663,365,,,,4.9,0.0,16.1,86.0
38563,365,,,,4.9,0.0,16.1,86.0
39463,365,,,,4.9,0.0,16.1,86.0
40363,365,,,,4.9,0.0,16.1,86.0
41263,365,,,,4.9,0.0,16.1,86.0
42163,365,,,,4.9,0.0,16.1,86.0
43063,365,,,,4.9,0.0,16.1,86.0
43963,365,,,,3.6,0.0,19.3,89.0
44863,365,17.3,15.5,14.8,3.6,0.0,19.3,89.0
45763,365,17.3,15.5,14.8,3.6,0.0,19.3,89.0
46663,365,17.22741935483871,15.5,14.779661016949152,3.6,0.0,19.3,89.0
47563,365,,,,3.6,0.0,19.3,89.0
48463,365,,,,3.6,0.0,19.3,89.0
49363,365,,,,3.6,0.0,19.3,89.0
50263,365,,,,3.6,0.0,19.3,89.0
51163,365,,,,3.6,0.0,19.3,89.0
52063,365,,,,3.6,0.0,19.3,89.0
52963,365,,,,3.6,0.0,19.3,89.0
53863,365,,,,3.6,0.0,19.3,89.0
54763,365,,,,3.6,0.0,19.3,89.0
55663,365,16.7,15.0,14.0,3.6,0.0,19.3,89.0
56563,365,16.7,23.425,18.96333333333333,3.6,0.0,19.3,89.0
57463,365,16.902439024390244,48.29268292682927,42.89024390243903,3.6,0.0,19.3,89.0
58363,365,,,,3.6,0.0,19.3,89.0
59263,365,,,,3.6,0.0,19.3,89.0
60163,365,,,,3.6,0.0,19.3,89.0
61063,365,,,,3.6,0.0,19.3,89.0
61963,365,,,,3.6,0.0,19.3,89.0
62863,365,,,,3.6,0.0,19.3,89.0
63763,365,,,,3.6,0.0,19.3,89.0
64663,365,,,,3.6,0.0,19.3,89.0
65563,365,,,,3.6,0.0,19.3,89.0
66463,365,20.225806451612904,51.38235294117648,47.50735294117647,3.6,0.0,19.3,89.0
67363,365,20.54090909090909,48.109375,44.9359375,3.6,0.0,19.3,89.0
68263,365,20.6,50.42307692307692,45.53076923076923,3.6,0.0,19.3,89.0
69163,365,,,,3.6,0.0,19.3,89.0
70063,365,,,,3.6,0.0,19.3,89.0
70963,365,,,,3.6,0.0,19.3,89.0
71863,365,,,,3.6,0.0,19.3,89.0
72763,365,,,,3.6,0.0,19.3,89.0
73663,365,,,,3.6,0.0,19.3,89.0
74563,365,,,,3.6,0.0,19.3,89.0
75463,365,,,,3.6,0.0,19.3,89.0
76363,365,20.80188679245283,41.18269230769231,39.03653846153846,3.6,0.0,19.3,89.0
77263,365,20.7,41.18461538461538,38.18923076923077,3.6,0.0,19.3,89.0
78163,365,20.7,42.33333333333333,39.78,3.6,0.0,19.3,89.0
79063,365,,,,3.6,0.0,19.3,89.0
79963,365,,,,3.6,0.0,19.3,89.0
80863,365,,,,3.6,0.0,19.3,89.0
81763,365,,,,3.6,0.0,19.3,89.0
82663,365,,,,3.6,0.0,19.3,89.0
83563,365,,,,3.6,0.0,19.3,89.0
84463,365,,,,3.6,0.0,19.3,89.0
85363,365,19.5,18.5,17.5,3.6,0.0,19.3,89.0
86263,365,19.3640625,18.036231884057973,17.17246376811594,3.6,0.0,19.3,89.0
763,366,19.125925925925927,17.5,16.734545454545454,3.4,0.0,19.3,90.0
1663,366,,,,3.2,0.0,12.9,90.0
2563,366,,,,3.5,0.0,25.7,89.0
3463,366,,,,3.5,0.0,24.1,89.0
4363,366,,,,3.5,0.0,22.5,89.0
5263,366,,,,3.3,0.0,20.9,91.0
6163,366,,,,3.4,0.0,30.6,90.0
7063,366,,,,3.4,0.0,29.0,90.0
7963,366,,,,3.3,0.0,22.5,90.0
8863,366,,,,3.4,0.0,22.5,92.0
9763,366,17.7,16.5,15.817073170731708,3.4,0.0,20.9,92.0
10663,366,17.642424242424244,16.164285714285715,15.40857142857143,3.6,0.0,20.9,92.0
11563,366,17.6,16.0,15.3,3.7,0.0,20.9,92.0
12463,366,,,,3.5,0.0,19.3,92.0
13363,366,,,,3.7,0.0,19.3,94.0
14263,366,,,,4.1,0.0,19.3,94.0
15163,366,,,,4.2,0.0,20.9,93.0
16063,366,,,,4.3,0.0,22.5,91.0
16963,366,,,,4.4,0.0,22.5,91.0
17863,366,,,,4.6,0.0,24.1,91.0
18763,366,,,,4.7,0.0,22.5,91.0
19663,366,,,,4.2,0.0,19.3,93.0
20563,366,18.98529411764705,49.810810810810814,47.66216216216216,3.7,0.0,20.9,94.0
21463,366,19.21276595744681,46.03125,43.7625,3.4,0.0,4.8,95.0
22363,366,19.5,46.44117647058824,44.16764705882353,3.4,0.0,8.0,96.0
23263,366,19.670149253731346,50.05,47.67714285714285,3.6,0.0,12.9,96.0
24163,366,19.95147058823529,49.7,47.58615384615385,3.8,0.0,16.1,96.0
25063,366,20.11641791044776,45.93283582089553,43.88805970149254,3.9,0.0,20.9,93.0
25963,366,20.2,46.53623188405797,44.53188405797101,4.2,0.0,22.5,94.0
26863,366,20.21363636363636,48.89705882352941,46.608823529411765,4.3,0.0,19.3,93.0
27763,366,20.387096774193548,51.11538461538461,48.52153846153846,4.1,0.0,17.7,93.0
28663,366,20.54520547945205,42.95,41.37571428571429,4.0,0.0,17.7,93.0
29563,366,20.418032786885245,32.296875,31.53125,4.2,0.0,19.3,93.0
30463,366,20.15797101449275,26.295454545454543,25.674242424242426,4.6,0.0,27.4,90.0
31363,366,19.86376811594203,22.565217391304348,21.83043478260869,4.6,0.0,25.7,91.0
32263,366,19.549253731343285,20.201492537313435,19.47462686567164,4.5,9.0,24.1,90.0
33163,366,19.21935483870968,18.80597014925373,18.123880597014924,4.4,11.0,22.5,91.0
34063,366,18.93230769230769,17.84057971014493,17.253623188405797,4.3,28.0,20.9,91.0
34963,366,18.6774647887324,17.29285714285714,16.705714285714286,4.6,25.0,27.4,89.0
35863,366,18.46029411764706,17.069230769230767,16.60153846153846,4.5,26.0,19.3,89.0
36763,366,18.26060606060605,17.1984126984127,17.152380952380952,4.4,28.0,19.3,89.0
37663,366,18.091803278688523,17.18032786885246,16.98688524590164,5.1,32.0,25.7,85.0
38563,366,17.97230769230769,16.940298507462686,16.573134328358208,5.1,35.0,29.0,85.0
39463,366,17.891935483870967,16.803030303030305,16.425757575757576,5.1,90.0,25.7,86.0
40363,366,17.8,16.549295774647888,16.171830985915495,5.2,107.0,27.4,86.0
41263,366,17.755555555555553,16.478571428571428,15.925714285714289,5.6,176.0,12.9,87.0
42163,366,17.7,16.035211267605636,15.39718309859155,5.8,213.0,4.8,87.0
43063,366,17.612121212121213,16.313432835820898,15.789552238805973,6.6,223.0,4.8,85.0
43963,366,17.6,16.0,15.129850746268655,6.3,195.0,9.7,84.0
44863,366,17.6,15.5703125,14.9734375,6.1,146.0,14.5,84.0
45763,366,18.214285714285715,16.25,15.675,5.9,142.0,17.7,84.0
46663,366,17.730434782608697,16.1231884057971,15.482608695652177,6.3,141.0,9.7,84.0
47563,366,17.775,15.5,14.8,6.1,65.0,9.7,85.0
48463,366,17.63731343283582,15.5,14.8,5.7,100.0,9.7,86.0
49363,366,17.480597014925372,15.5,14.8,5.9,146.0,9.7,86.0
50263,366,17.353846153846156,15.5,14.8,6.1,86.0,9.7,87.0
51163,366,17.243939393939392,15.5,14.8,5.9,53.0,11.3,86.0
52063,366,17.141538461538463,15.5,14.8,4.1,0.0,11.3,94.0
52963,366,17.03076923076923,15.5,14.777272727272727,3.8,0.0,8.0,95.0
53863,366,16.936363636363637,15.5,14.6,3.6,7.0,8.0,96.0
54763,366,16.9,15.5,14.874666666666666,3.4,7.0,9.7,96.0
55663,366,16.858823529411765,15.5,14.795238095238096,3.3,7.0,11.3,96.0
56563,366,16.8,15.450819672131146,14.534426229508195,3.3,1.0,12.9,96.0
57463,366,16.8,15.083333333333334,14.5,3.3,0.0,12.9,96.0
58363,366,16.8,15.36764705882353,14.716176470588234,2.9,0.0,14.5,96.0
59263,366,16.8,22.10655737704917,18.4688524590164,2.9,0.0,12.9,96.0
60163,366,17.06875,43.075,37.66,2.8,0.0,14.5,96.0
61063,366,17.85084745762712,49.28688524590165,46.53606557377049,2.6,0.0,12.9,95.0
61963,366,18.46984126984127,51.564516129032256,48.49516129032258,2.5,0.0,12.9,95.0
62863,366,18.99206349206349,49.5703125,47.30625,2.4,0.0,14.5,94.0
63763,366,19.235714285714288,48.99166666666667,45.906666666666666,2.6,0.0,14.5,94.0
64663,366,19.38627450980392,48.13432835820896,45.561194029850746,2.6,0.0,11.3,93.0
65563,366,19.544927536231885,48.96969696969697,47.11060606060606,2.6,0.0,12.9,92.0
66463,366,19.84117647058824,48.630434782608695,47.56811594202899,2.5,0.0,14.5,92.0
67363,366,20.0,44.40769230769231,43.22461538461538,2.6,0.0,16.1,92.0
68263,366,20.065671641791045,46.90298507462687,44.95820895522388,2.8,0.0,17.7,91.0
69163,366,20.122388059701493,45.7421875,44.03125,2.9,0.0,17.7,91.0
70063,366,20.2,43.53731343283582,42.34776119402985,2.9,0.0,17.7,92.0
70963,366,20.24776119402985,42.8955223880597,42.73880597014925,3.1,0.0,19.3,92.0
71863,366,20.35,43.91176470588236,43.07205882352942,3.2,0.0,19.3,92.0
72763,366,20.49655172413793,47.0546875,45.4921875,3.2,0.0,19.3,92.0
73663,366,20.633823529411764,48.135714285714286,46.40714285714286,3.3,0.0,17.7,91.0
74563,366,20.71917808219178,45.09285714285714,43.76714285714286,3.3,0.0,16.1,91.0
75463,366,20.884615384615383,43.75806451612903,43.25645161290323,3.4,0.0,17.7,91.0
76363,366,20.88695652173913,44.70588235294117,43.694117647058825,3.4,0.0,16.1,92.0
77263,366,20.9,42.33098591549296,41.75352112676056,3.5,0.0,19.3,92.0
78163,366,20.98448275862069,43.1,42.93,3.6,0.0,19.3,92.0
79063,366,21.077464788732392,44.203125,43.5609375,3.5,0.0,17.7,92.0
79963,366,21.26764705882353,44.06617647058824,44.25588235294118,3.5,0.0,17.7,92.0
80863,366,21.33384615384616,44.43846153846154,43.39538461538461,3.4,0.0,19.3,92.0
81763,366,21.139705882352946,41.23484848484848,39.53787878787879,3.6,0.0,19.3,91.0
82663,366,21.040298507462687,33.51515151515152,30.2,3.6,0.0,20.9,91.0
83563,366,20.688235294117646,25.73529411764706,23.152941176470588,3.6,0.0,19.3,90.0
84463,366,20.26875,22.014705882352946,20.37058823529412,3.6,0.0,20.9,91.0
85363,366,19.8515625,19.8984375,18.7625,3.6,0.0,22.5,91.0
86263,366,19.466666666666665,18.639705882352946,17.773529411764706,3.7,0.0,20.9,91.0
763,367,19.148529411764702,17.83582089552239,17.14179104477612,3.7,0.0,22.5,91.0
1663,367,18.87692307692308,17.352941176470587,16.679411764705883,3.8,0.0,20.9,92.0
2563,367,18.62878787878788,17.0,16.38307692307692,3.8,0.0,19.3,92.0
3463,367,18.442424242424245,16.705882352941178,16.11911764705882,3.9,0.0,19.3,92.0
4363,367,18.264615384615382,16.5,15.911764705882351,3.9,0.0,19.3,92.0
5263,367,18.1231884057971,16.5,15.8,4.0,0.0,20.9,91.0
6163,367,17.975384615384616,16.169117647058822,15.508823529411766,4.1,0.0,20.9,91.0
7063,367,17.846875,16.0,15.49090909090909,4.0,0.0,17.7,92.0
7963,367,17.761764705882353,16.0,15.3,4.1,0.0,19.3,92.0
8863,367,17.665217391304346,16.0,15.3,4.1,0.0,19.3,92.0
9763,367,17.58235294117647,16.0,15.052941176470588,4.1,0.0,19.3,92.0
10663,367,17.5,15.955882352941178,15.0,3.9,0.0,17.7,92.5
11563,367,17.404615384615386,15.522058823529411,15.0,4.0,0.0,19.3,92.0
12463,367,17.338461538461537,15.5,14.94848484848485,4.1,0.0,19.3,92.0
13363,367,17.2828125,15.5,14.803076923076924,4.1,0.0,19.3,92.0
14263,367,17.2,15.5,14.8,4.1,0.0,16.1,91.0
15163,367,17.141538461538463,15.5,14.8,3.9,0.0,12.9,92.0
16063,367,17.077777777777776,15.5,14.8,4.1,0.0,12.9,92.0
16963,367,17.0,15.5,14.777941176470588,4.2,0.0,14.5,91.0
17863,367,16.941538461538464,26.952054794520546,21.301369863013697,4.0,0.0,8.0,91.0
18763,367,17.361194029850743,49.92857142857143,45.09285714285714,3.8,0.0,9.7,91.0
19663,367,18.163768115942027,50.97857142857143,47.434285714285714,4.5,0.0,17.7,90.0
20563,367,18.844776119402987,51.0,47.5,4.6,0.0,17.7,88.0
21463,367,19.37692307692308,51.0,47.56363636363636,3.9,0.0,12.9,90.0
22363,367,19.77142857142857,51.0,47.8,3.7,0.0,17.7,91.0
23263,367,20.1125,51.0,47.8,3.8,0.0,16.1,92.0
24163,367,20.4089552238806,51.0,47.87246376811594,4.2,0.0,17.7,90.0
25063,367,20.56875,51.06521739130435,47.939130434782605,4.1,0.0,16.1,91.0
25963,367,20.633823529411764,51.028985507246375,48.0,4.2,0.0,17.7,91.0
26863,367,20.7,51.18382352941176,48.0,4.1,0.0,17.7,91.0
27763,367,20.791044776119403,51.213235294117645,48.0,3.9,0.0,14.5,91.0
28663,367,20.8953125,48.06060606060606,45.55757575757576,3.8,0.0,11.3,90.0
29563,367,20.796774193548387,36.36764705882353,35.65147058823529,3.9,0.0,12.9,89.0
30463,367,20.55151515151515,28.7463768115942,28.691304347826087,3.6,0.0,12.9,90.0
31363,367,20.18688524590164,24.60144927536232,24.44782608695652,3.6,0.0,12.9,89.0
32263,367,19.81967213114754,21.61428571428572,20.81,3.6,0.0,12.9,89.0
33163,367,19.455072463768115,19.801470588235293,19.030882352941177,3.4,0.0,9.7,89.0
34063,367,19.203076923076924,18.67692307692308,17.987692307692306,3.9,5.0,24.1,84.0
34963,367,18.9625,18.5,19.25294117647059,4.2,7.0,24.1,82.0
35863,367,18.740579710144928,18.007462686567163,17.808955223880595,4.7,12.0,24.1,78.0
36763,367,18.536764705882355,17.282608695652176,16.618840579710145,4.7,9.0,22.5,79.0
37663,367,18.4,24.9765625,21.7453125,4.1,0.0,20.9,87.0
38563,367,18.4,44.326086956521735,42.08115942028986,3.0,11.0,16.1,93.0
39463,367,18.635294117647057,46.84558823529412,44.739705882352936,3.0,19.0,12.9,94.0
40363,367,18.991525423728813,45.11111111111111,44.44126984126984,3.1,23.0,16.1,94.0
41263,367,19.10606060606061,48.08333333333333,45.69861111111111,2.9,12.0,20.9,95.0
42163,367,19.25846153846154,47.74603174603175,45.644444444444446,2.7,23.0,27.4,95.0
43063,367,19.37536231884058,48.61538461538461,46.050769230769234,2.8,93.0,24.1,94.0
43963,367,19.45,47.97761194029851,45.65820895522389,2.9,47.0,24.1,94.0
44863,367,19.5,48.69117647058824,45.96029411764706,3.2,84.0,30.6,93.0
45763,367,19.558823529411764,47.93181818181818,45.624242424242425,3.3,91.0,32.2,93.0
46663,367,19.627692307692307,48.84375,46.1484375,3.3,125.0,30.6,92.0
47563,367,19.7,47.98484848484848,45.68939393939394,3.2,51.0,33.8,91.0
48463,367,19.73809523809524,48.17647058823529,45.63088235294118,3.3,77.0,30.6,91.0
49363,367,19.82153846153846,46.816901408450704,44.96056338028169,3.4,40.0,27.4,91.0
50263,367,19.88148148148148,40.5,39.510000000000005,4.5,88.0,25.7,90.0
51163,367,19.698529411764707,28.02307692307692,26.380000000000003,4.8,35.0,20.9,90.0
52063,367,19.403030303030302,36.582089552238806,34.84925373134328,5.1,26.0,19.3,90.0
52963,367,19.54558823529412,48.84558823529412,46.51323529411765,5.4,23.0,20.9,90.0
53863,367,19.846875,47.34328358208956,45.22835820895522,5.8,13.0,24.1,88.0
54763,367,20.107246376811595,48.65441176470589,46.27352941176471,5.8,14.0,22.5,88.0
55663,367,20.2671875,49.1875,46.25625,6.1,5.0,24.1,88.0
56563,367,20.521212121212123,52.171875,48.815625,5.4,0.0,16.1,91.0
57463,367,20.75166666666667,51.88235294117648,48.69852941176471,4.4,0.0,8.0,94.0
58363,367,20.937704918032782,52.530303030303024,49.36212121212121,4.1,0.0,4.8,95.0
59263,367,21.10147058823529,50.82089552238806,47.13880597014925,3.6,0.0,6.4,95.0
60163,367,21.466666666666665,54.20149253731344,50.16268656716418,3.9,0.0,17.7,93.0
61063,367,21.884615384615383,54.230769230769226,50.5,4.9,0.0,19.3,90.0
61963,367,22.088135593220336,54.01724137931035,50.08275862068966,5.2,0.0,20.9,90.0
62863,367,22.09846153846154,51.95588235294117,47.77647058823529,5.1,0.0,16.1,91.0
63763,367,22.08888888888889,54.29230769230769,49.65384615384615,5.1,0.0,17.7,91.0
64663,367,22.1,53.94067796610169,50.24915254237288,5.1,0.0,17.7,89.0
65563,367,22.1344262295082,52.94354838709677,49.5741935483871,5.1,0.0,17.7,88.0
66463,367,22.31833333333333,54.5,50.95166666666667,5.3,0.0,20.9,86.0
67363,367,22.575,54.5,51.0140625,5.2,0.0,19.3,86.0
68263,367,22.79824561403509,54.5,51.266129032258064,5.2,0.0,22.5,87.0
69163,367,23.030645161290323,53.373015873015866,50.13492063492063,5.4,0.0,17.7,87.0
70063,367,23.1875,53.4179104477612,50.27014925373134,5.2,0.0,17.7,88.0
70963,367,23.19508196721312,52.26229508196722,49.47377049180328,5.0,0.0,19.3,89.0
71863,367,23.196774193548386,53.19298245614035,50.1719298245614,4.9,0.0,16.1,89.0
72763,367,23.3,53.62878787878788,50.51515151515152,4.8,0.0,16.1,88.0
73663,367,23.3,52.8828125,50.0921875,4.5,0.0,12.9,90.0
74563,367,23.3,53.57352941176471,50.701470588235296,4.1,0.0,16.1,93.0
75463,367,23.23333333333333,52.71641791044776,50.10746268656716,4.4,0.0,12.9,95.0
76363,367,23.2,52.82352941176471,49.91323529411765,4.6,0.0,17.7,95.0
77263,367,23.2,53.6875,50.721875,4.4,0.0,14.5,95.0
78163,367,23.2,54.93181818181819,51.9969696969697,4.3,0.0,17.7,96.0
79063,367,23.291044776119403,54.1969696969697,51.833333333333336,4.2,0.0,19.3,96.0
79963,367,23.24029850746269,50.45454545454545,47.72575757575758,4.2,0.0,20.9,96.0
80863,367,23.2,53.19230769230769,50.22769230769231,4.1,0.0,17.7,96.0
81763,367,23.25846153846154,54.61594202898552,51.74492753623189,4.0,0.0,17.7,96.0
82663,367,23.356923076923074,52.34848484848485,49.59242424242424,4.0,0.0,17.7,96.0
83563,367,23.191044776119405,49.064516129032256,47.3016129032258,3.8,0.0,12.9,96.0
84463,367,22.986153846153847,43.62096774193548,41.5258064516129,3.7,0.0,11.3,96.0
85363,367,22.69482758620689,34.8968253968254,32.86666666666667,3.7,0.0,19.3,96.0
86263,367,22.28955223880597,28.31159420289855,26.726086956521737,3.7,0.0,12.9,97.0
763,368,21.91014492753623,24.5,23.12205882352941,3.8,0.0,12.9,97.0
1663,368,21.529850746268657,22.13432835820896,20.96417910447761,3.9,0.0,11.3,97.0
2563,368,21.213432835820896,20.68115942028985,19.70144927536232,4.0,0.0,11.3,97.0
3463,368,20.94626865671642,19.7734375,18.959375,4.1,0.0,8.0,97.0
4363,368,20.758333333333333,19.25,18.49285714285714,4.2,0.0,6.4,97.0
5263,368,,,,3.2,0.0,17.7,97.0
6163,368,,,,2.9,0.0,17.7,97.0
7063,368,,,,2.1,0.0,17.7,97.0
7963,368,,,,1.9,0.0,16.1,97.0
8863,368,,,,1.4,0.0,20.9,97.0
9763,368,,,,0.9,0.0,19.3,97.0
10663,368,,,,0.8,0.0,17.7,98.0
11563,368,,,,1.0,0.0,17.7,98.0
12463,368,,,,1.0,0.0,14.5,98.0
13363,368,,,,1.2,0.0,17.7,98.0
14263,368,19.4,17.09090909090909,16.5,1.3,0.0,16.1,98.0
15163,368,19.306153846153848,17.0,16.366666666666667,1.5,0.0,16.1,98.0
16063,368,19.24772727272727,17.0,16.3,1.6,0.0,16.1,98.0
16963,368,,,,1.7,0.0,12.9,98.0
17863,368,,,,1.9,0.0,14.5,98.0
18763,368,,,,2.0,0.0,16.1,97.0
19663,368,,,,2.2,0.0,14.5,97.0
20563,368,,,,2.3,0.0,14.5,97.0
21463,368,,,,2.1,0.0,14.5,97.0
22363,368,,,,2.1,0.0,14.5,97.0
23263,368,,,,2.1,0.0,14.5,96.0
24163,368,,,,2.2,0.0,17.7,96.0
25063,368,20.93658536585366,29.238636363636363,28.413636363636364,2.5,0.0,19.3,95.0
25963,368,20.693548387096776,27.875,26.91617647058824,2.6,0.0,17.7,94.0
26863,368,20.51176470588236,26.35,25.42,3.1,0.0,17.7,95.0
27763,368,,,,3.2,0.0,14.5,95.0
28663,368,,,,3.4,0.0,19.3,95.0
29563,368,,,,3.6,0.0,17.7,95.0
30463,368,,,,3.7,0.0,20.9,95.0
31363,368,,,,3.8,0.0,17.7,95.0
32263,368,,,,3.8,5.0,17.7,95.0
33163,368,,,,3.9,7.0,17.7,95.0
34063,368,,,,4.1,18.0,19.3,95.0
34963,368,,,,4.4,47.0,17.7,95.0
35863,368,18.77636363636364,17.0,16.11111111111111,4.7,21.0,19.3,93.0
36763,368,18.685714285714287,16.87313432835821,16.0,4.7,69.0,22.5,93.0
37663,368,18.6,16.5,15.94848484848485,5.0,47.0,16.1,93.0
38563,368,18.50588235294118,16.5,15.8,5.1,95.0,17.7,93.0
39463,368,18.434848484848484,16.5,15.8,5.3,63.0,19.3,93.0
40363,368,18.38548387096774,16.5,15.8,5.2,49.0,19.3,93.0
41263,368,18.3,16.5,15.543478260869566,5.4,149.0,19.3,92.0
42163,368,18.242028985507247,16.5,15.5,5.8,148.0,19.3,90.0
43063,368,18.2,16.5,15.5,5.9,67.0,19.3,91.0
43963,368,18.171641791044777,16.296875,15.5,5.7,53.0,22.5,91.0
44863,368,18.1,16.0,15.469696969696969,5.2,33.0,17.7,91.0
45763,368,18.055714285714284,16.0,15.31875,5.6,135.0,19.3,91.0
46663,368,18.0,16.0,15.3,6.1,47.0,20.9,88.0
47563,368,17.943939393939395,16.0,15.3,5.7,60.0,19.3,88.0
48463,368,17.9,16.0,15.3,5.7,40.0,17.7,89.0
49363,368,17.81060606060606,16.0,15.3,5.6,47.0,20.9,90.0
50263,368,17.79402985074627,16.0,15.286764705882351,5.7,132.0,19.3,92.0
51163,368,17.7,16.0,15.086363636363638,5.8,42.0,16.1,93.0
52063,368,17.68032786885246,16.0,15.004285714285714,6.2,79.0,20.9,91.0
52963,368,17.6,16.0,15.3,6.1,23.0,17.7,90.0
53863,368,17.58888888888889,16.0,15.270967741935484,5.8,18.0,16.1,92.0
54763,368,17.5,16.0,15.016216216216216,5.8,16.0,17.7,92.0
55663,368,17.478461538461538,16.0,15.0,5.8,9.0,20.9,90.0
56563,368,17.4,15.984615384615385,15.0,5.8,5.0,19.3,90.0
57463,368,17.4,15.866197183098592,15.0,5.8,0.0,19.3,92.0
58363,368,17.386885245901638,15.764285714285714,15.0,5.4,0.0,20.9,91.0
59263,368,17.306060606060605,25.73809523809524,20.41904761904762,5.3,0.0,17.7,92.0
60163,368,17.835,52.06338028169014,46.30281690140845,5.3,0.0,17.7,92.0
61063,368,18.87058823529412,53.78787878787879,50.28636363636364,5.5,0.0,11.3,92.0
61963,368,19.665671641791043,54.20769230769231,50.6,5.6,0.0,9.7,93.0
62863,368,20.23692307692308,50.27272727272727,47.96060606060606,5.6,0.0,4.8,93.0
63763,368,20.486764705882354,43.05223880597015,41.17164179104478,5.6,0.0,9.7,94.0
64663,368,20.459375,37.2421875,35.7234375,5.4,0.0,8.0,95.0
65563,368,20.20983606557377,32.53846153846153,31.29384615384616,5.3,0.0,10.5,95.0
66463,368,20.01774193548388,43.72727272727273,39.61212121212121,4.8,0.0,16.1,94.0
67363,368,20.25,48.61904761904762,45.77460317460317,4.8,0.0,16.1,94.0
68263,368,20.62372881355932,50.3359375,47.859375,4.9,0.0,19.3,94.0
69163,368,20.804615384615385,46.4179104477612,45.51641791044776,4.9,0.0,19.3,94.0
70063,368,20.30625,39.4672131147541,38.277049180327865,5.0,0.0,19.3,94.0
70963,368,20.0044776119403,38.274193548387096,37.73870967741935,5.1,0.0,20.9,94.0
71863,368,19.81230769230769,39.69827586206897,38.73448275862069,5.2,0.0,17.7,94.0
72763,368,19.6015625,38.10833333333333,37.395,5.2,0.0,17.7,94.0
73663,368,19.73,33.91803278688525,32.52459016393443,5.2,0.0,16.1,94.0
74563,368,19.8,29.169117647058822,28.21617647058824,5.3,0.0,16.1,95.0
75463,368,19.792424242424243,29.196721311475407,27.11639344262295,5.3,0.0,16.1,94.0
76363,368,19.7796875,38.83333333333333,34.510606060606065,5.3,0.0,16.1,94.0
77263,368,20.142424242424244,53.57142857142857,49.78142857142857,5.4,0.0,19.3,94.0
78163,368,20.6,47.815384615384616,45.72615384615385,5.4,0.0,20.9,93.0
79063,368,20.83142857142857,48.11940298507463,45.3955223880597,5.4,0.0,20.9,92.0
79963,368,21.040298507462687,45.34615384615385,43.49230769230769,5.4,0.0,22.5,92.0
80863,368,21.04375,39.71774193548387,37.3,5.2,0.0,20.9,92.0
81763,368,20.903030303030302,30.594202898550726,28.715942028985506,5.2,0.0,20.9,92.0
82663,368,20.643103448275863,24.671875,22.43125,5.2,0.0,20.9,92.0
83563,368,20.382692307692302,21.38405797101449,19.807246376811595,5.3,0.0,20.9,91.0
84463,368,20.311627906976742,21.114754098360656,22.172131147540984,5.4,0.0,19.3,92.0
85363,368,20.728571428571428,20.88059701492537,21.41492537313433,5.5,0.0,19.3,92.0
86263,368,19.941666666666663,19.40151515151515,18.693939393939395,5.5,0.0,17.7,91.0
763,369,19.664285714285715,18.25757575757576,17.563636363636363,5.5,0.0,17.7,91.0
1663,369,19.366666666666667,17.626984126984127,16.95714285714286,5.5,0.0,14.5,90.0
2563,369,19.085,17.328358208955223,16.67462686567164,5.4,0.0,16.1,90.0
3463,369,18.90322580645161,17.0,16.395652173913042,5.2,0.0,14.5,91.0
4363,369,18.696,16.91044776119403,16.188059701492538,5.3,0.0,11.3,91.0
5263,369,18.6,17.238805970149254,16.949253731343283,5.3,0.0,9.7,90.0
6163,369,,17.196969696969695,16.63939393939394,5.3,0.0,8.0,90.0
7063,369,,16.764705882352942,16.070588235294117,5.1,0.0,9.7,92.0
7963,369,,16.5,15.830769230769231,5.0,0.0,8.0,92.0
8863,369,,16.5,15.769565217391303,4.8,0.0,6.4,93.0
9763,369,,16.446153846153845,15.5,4.9,0.0,8.0,93.0
10663,369,,16.014492753623188,15.5,5.0,0.0,4.8,93.0
11563,369,,16.0,15.5,5.0,0.0,3.2,92.0
12463,369,,16.0,15.332835820895522,5.0,0.0,3.2,92.0
13363,369,,16.0,15.3,4.8,0.0,3.2,93.0
14263,369,,16.0,15.3,4.7,0.0,1.6,94.0
15163,369,,16.0,15.3,4.6,0.0,3.2,95.0
16063,369,17.6,16.0,15.2955223880597,4.4,0.0,4.8,95.0
16963,369,,16.0,15.118032786885246,4.4,0.0,3.2,96.0
17863,369,,31.17567567567568,25.30135135135135,4.3,0.0,0.0,96.0
18763,369,,51.291044776119406,48.28507462686567,4.3,0.0,1.6,96.0
19663,369,,52.852112676056336,49.76056338028169,4.3,0.0,4.8,97.0
20563,369,,53.11267605633802,49.936619718309856,4.2,0.0,3.2,97.0
21463,369,,48.638461538461534,45.87384615384615,4.0,0.0,8.0,97.0
22363,369,,48.93181818181818,45.63333333333333,3.9,0.0,8.0,98.0
23263,369,,44.2910447761194,40.57462686567165,3.9,0.0,4.8,98.0
24163,369,,46.95384615384616,44.25692307692308,3.8,0.0,4.8,98.0
25063,369,,49.738461538461536,46.45384615384616,3.8,0.0,4.8,98.0
25963,369,,46.5530303030303,42.97272727272728,3.8,0.0,6.4,98.0
26863,369,20.557142857142857,46.57142857142857,43.535714285714285,3.8,0.0,4.8,98.0
27763,369,20.6,39.59701492537313,37.90298507462687,3.8,0.0,4.8,98.0
28663,369,20.488333333333333,32.373134328358205,29.344776119402987,3.8,0.0,4.8,98.0
29563,369,20.17727272727273,25.8203125,22.359375,3.7,0.0,8.0,98.0
30463,369,19.81967213114754,21.774647887323944,19.6661971830986,3.6,0.0,4.8,98.0
31363,369,19.45,19.67910447761194,18.35074626865672,3.6,0.0,4.8,98.0
32263,369,19.14406779661017,18.515625,17.5765625,3.6,0.0,6.4,98.0
33163,369,18.88833333333333,17.792307692307695,17.055384615384618,3.6,0.0,6.4,98.0
34063,369,18.65333333333333,17.860294117647058,17.719117647058823,3.5,7.0,8.0,98.0
34963,369,18.48723404255319,17.384615384615383,16.826153846153847,3.5,12.0,6.4,98.0
35863,369,18.355319148936168,17.0,16.28208955223881,3.5,15.0,4.8,98.0
36763,369,18.229268292682924,20.40909090909091,18.118181818181817,3.6,21.0,3.2,98.0
37663,369,18.28333333333333,49.471014492753625,45.040579710144925,3.7,28.0,1.6,99.0
38563,369,18.65652173913044,49.9,47.56,3.7,32.0,3.2,99.0
39463,369,18.94705882352941,46.78260869565217,44.86666666666667,3.7,35.0,6.4,99.0
40363,369,19.063636363636363,36.125,34.27205882352941,3.7,40.0,6.4,99.0
41263,369,19.0,35.82089552238806,34.2,3.7,56.0,4.8,99.0
42163,369,18.967741935483872,35.108695652173914,33.64492753623188,3.8,60.0,4.8,98.0
43063,369,18.9,32.74647887323944,31.38732394366197,3.9,67.0,4.8,98.0
43963,369,19.4,30.56716417910448,29.773134328358207,3.9,83.0,8.0,98.0
44863,369,18.05625,25.38235294117647,24.788235294117648,4.1,66.0,6.4,98.0
45763,369,17.240000000000002,24.615384615384617,23.92153846153846,4.2,51.0,6.4,98.0
46663,369,16.762962962962963,23.80597014925373,23.19253731343284,4.3,42.0,3.2,98.0
47563,369,16.057894736842105,23.44117647058824,22.74705882352941,4.3,35.0,3.2,98.0
48463,369,15.7,23.43243243243243,22.77432432432433,4.3,29.0,4.8,98.0
49363,369,15.50909090909091,44.007462686567166,39.24626865671642,4.3,24.0,3.2,98.0
50263,369,14.36,37.528985507246375,36.492753623188406,4.4,20.0,3.2,98.0
51163,369,13.913636363636362,34.88235294117647,33.601470588235294,4.4,23.0,3.2,98.0
52063,369,14.308333333333334,31.47058823529412,30.22647058823529,4.5,30.0,3.2,98.0
52963,369,14.608,29.88059701492537,28.95074626865672,4.5,14.0,1.6,98.0
53863,369,14.933333333333334,29.371428571428574,27.83428571428572,4.6,12.0,1.6,98.0
54763,369,,31.18382352941176,29.758823529411764,4.6,5.0,3.2,98.0
55663,369,,30.56716417910448,29.19402985074627,4.4,5.0,4.8,98.0
56563,369,,30.79032258064516,29.32903225806452,4.4,0.0,4.8,98.0
57463,369,,30.261538461538464,28.81230769230769,4.3,0.0,6.4,98.0
58363,369,17.009999999999998,31.6031746031746,28.95079365079365,4.2,0.0,6.4,98.0
59263,369,17.15,30.71014492753623,27.96666666666667,4.1,0.0,6.4,98.0
60163,369,17.509999999999998,47.97826086956522,41.12173913043478,4.0,0.0,6.4,98.0
61063,369,18.466666666666665,53.93571428571429,49.17428571428572,3.8,0.0,4.8,98.0
61963,369,19.246666666666663,51.23134328358209,48.997014925373136,3.7,0.0,6.4,98.0
62863,369,19.672222222222224,45.16176470588236,45.55441176470588,3.6,0.0,4.8,98.0
63763,369,20.016666666666666,46.21875,46.26875,3.6,0.0,6.4,98.0
64663,369,20.2,38.96153846153847,40.09384615384615,3.6,0.0,4.8,98.0
65563,369,20.126415094339624,33.89705882352941,34.385294117647064,3.6,0.0,6.4,98.0
66463,369,19.933333333333334,30.17142857142857,30.532857142857143,3.5,0.0,6.4,98.0
67363,369,19.73333333333333,39.38095238095238,35.91587301587302,3.5,0.0,6.4,98.0
68263,369,19.905882352941177,48.95454545454545,45.19545454545455,3.4,0.0,4.8,98.0
69163,369,20.371153846153845,49.96666666666667,47.06,3.4,0.0,4.8,98.0
70063,369,20.5925,50.58461538461539,47.65076923076923,3.3,0.0,4.8,98.0
70963,369,20.7,47.16101694915254,44.616949152542375,3.3,0.0,6.4,98.0
71863,369,20.7,47.25,44.485,3.2,0.0,4.8,98.0
72763,369,20.7,47.024193548387096,44.72096774193548,3.2,0.0,4.8,98.0
73663,369,20.7,48.8,45.84363636363637,3.1,0.0,4.8,98.0
74563,369,20.78809523809524,50.02542372881356,47.40677966101695,3.1,0.0,4.8,98.0
75463,369,20.89512195121951,50.08730158730158,47.15238095238095,2.9,0.0,6.4,98.0
76363,369,20.97878787878788,49.377192982456144,47.09122807017544,2.8,0.0,6.4,98.0
77263,369,21.04468085106383,49.76984126984127,47.01269841269841,2.4,0.0,6.4,98.0
78163,369,21.055172413793105,44.37878787878788,41.82727272727273,2.2,0.0,6.4,98.0
79063,369,20.82258064516129,38.17647058823529,35.325,2.2,0.0,5.6,98.0
79963,369,20.57826086956522,32.2936507936508,30.8,2.0,0.0,4.8,98.0
80863,369,20.23125,26.55882352941176,24.939705882352943,2.0,0.0,6.4,98.0
81763,369,19.863076923076925,22.32857142857143,20.032857142857143,1.9,0.0,4.8,98.0
82663,369,19.5140625,19.99242424242424,18.38939393939394,1.9,0.0,3.2,97.0
83563,369,19.206060606060607,18.643939393939394,17.503030303030304,1.9,0.0,3.2,97.0
84463,369,18.93709677419355,17.846153846153847,16.966153846153848,2.0,0.0,3.2,97.0
85363,369,18.733898305084743,17.702898550724637,17.094202898550726,2.0,0.0,3.2,97.0
86263,369,18.655,18.269841269841272,17.849206349206348,2.1,0.0,3.2,97.0
763,370,18.594117647058823,17.529850746268657,16.714925373134328,2.1,0.0,3.2,98.0
1663,370,18.484126984126984,17.00714285714286,16.304285714285715,2.1,0.0,6.4,98.0
2563,370,18.39032258064516,16.853846153846156,16.0,2.0,0.0,4.8,97.0
3463,370,18.28153846153846,16.5,15.863768115942028,2.0,0.0,4.8,97.0
4363,370,18.1859375,16.5,15.8,2.0,0.0,3.2,97.0
5263,370,18.0890625,16.5,15.605882352941176,2.0,0.0,3.2,97.0
6163,370,18.0,16.307692307692307,15.5,1.9,0.0,4.8,97.0
7063,370,17.911290322580648,16.0,15.493939393939394,1.9,0.0,3.2,97.0
7963,370,17.83134328358209,16.0,15.32153846153846,2.0,0.0,3.2,97.0
8863,370,17.78125,16.0,15.3,1.9,0.0,4.8,98.0
9763,370,17.7,16.0,15.3,1.9,0.0,3.2,98.0
10663,370,17.63015873015873,16.0,15.3,1.8,0.0,3.2,98.0
11563,370,17.576923076923077,16.0,15.3,1.8,0.0,1.6,98.0
12463,370,17.5,16.0,15.2953125,1.7,0.0,1.6,98.0
13363,370,17.44,16.0,15.142622950819671,1.7,0.0,0.0,98.0
14263,370,17.4,15.985074626865671,15.0,1.7,0.0,0.0,98.0
15163,370,17.30597014925373,15.653225806451612,15.0,1.6,0.0,3.2,98.0
16063,370,17.274603174603175,15.5,15.0,1.5,0.0,1.6,98.0
16963,370,17.2,15.5,15.0,1.4,0.0,0.0,98.0
17863,370,17.211475409836066,31.60714285714285,25.44428571428572,1.4,0.0,0.0,98.0
18763,370,17.6828125,51.62295081967213,48.144262295081965,1.5,0.0,0.0,98.0
19663,370,18.38305084745763,53.25,49.567142857142855,1.6,0.0,0.0,98.0
20563,370,18.91076923076923,53.74193548387096,50.25322580645162,1.4,0.0,0.0,98.0
21463,370,19.256896551724136,45.90151515151515,43.90151515151515,1.4,0.0,0.0,98.0
22363,370,19.286206896551725,41.53846153846153,39.67384615384616,1.4,0.0,0.0,98.0
23263,370,19.180701754385964,35.85294117647059,34.425,1.6,0.0,0.0,98.0
24163,370,19.04259259259259,29.19402985074627,27.95820895522388,1.6,0.0,0.0,98.0
25063,370,18.87017543859649,27.89855072463768,26.5072463768116,1.7,0.0,0.0,98.0
25963,370,18.728813559322035,27.717391304347824,26.459420289855075,1.8,0.0,0.0,98.0
26863,370,18.61,26.893939393939394,25.542424242424243,1.8,0.0,0.0,98.0
27763,370,18.548571428571428,42.375,36.10588235294118,1.8,0.0,0.0,98.0
28663,370,18.9396551724138,49.52272727272727,47.39545454545454,1.9,0.0,0.0,98.0
29563,370,19.35483870967742,43.1796875,40.528125,1.9,0.0,0.0,98.0
30463,370,19.402941176470588,35.80597014925373,33.45820895522388,2.1,0.0,1.6,98.0
31363,370,19.325,27.82307692307692,26.310769230769232,2.1,0.0,0.0,98.0
32263,370,19.102985074626865,23.33620689655172,22.15689655172413,2.1,0.0,3.2,98.0
33163,370,18.85625,20.5,19.577777777777776,2.1,0.0,0.0,98.0
34063,370,18.58923076923077,18.926470588235293,18.21617647058824,2.2,0.0,3.2,99.0
34963,370,18.36031746031746,17.977272727272727,17.357575757575756,2.2,5.0,3.2,98.0
35863,370,18.15230769230769,17.863636363636363,18.203030303030303,2.2,5.0,3.2,98.0
36763,370,17.993846153846153,17.23846153846154,16.76615384615385,2.3,5.0,1.6,98.0
37663,370,17.85593220338983,16.753968253968253,16.133333333333333,2.3,5.0,1.6,99.0
38563,370,17.759322033898307,16.5,15.877419354838713,2.4,18.0,4.8,99.0
39463,370,17.66271186440678,23.94696969696969,20.21363636363636,2.4,19.0,4.8,99.0
40363,370,17.4828125,34.21969696969697,29.53181818181818,2.6,39.0,4.8,99.0
41263,370,17.32037037037037,47.6328125,43.1140625,2.7,44.0,4.8,99.0
42163,370,18.014634146341464,44.53125,41.690625,2.8,33.0,6.4,99.0
43063,370,18.47777777777777,38.4296875,37.0015625,2.9,56.0,6.4,99.0
43963,370,18.683333333333334,36.41666666666667,34.769696969696966,2.9,63.0,4.8,99.0
44863,370,18.719565217391303,34.53030303030303,33.12878787878788,3.1,62.0,4.8,98.0
45763,370,18.614583333333336,35.594339622641506,33.89811320754717,2.9,63.0,6.4,98.0
46663,370,18.52033898305085,32.42857142857143,31.590476190476192,2.9,30.0,4.8,98.0
47563,370,18.36111111111111,30.4672131147541,29.33606557377049,2.8,29.0,6.4,98.0
48463,370,18.24,28.7089552238806,27.63432835820896,2.8,30.0,4.8,98.0
49363,370,18.124137931034483,30.916666666666668,29.33484848484849,2.8,32.0,3.2,98.0
50263,370,18.1,30.875,29.8515625,2.8,37.0,4.8,98.0
51163,370,18.038709677419355,30.27692307692308,28.24923076923077,2.8,35.0,3.2,98.0
52063,370,18.08125,51.36764705882352,47.675,2.9,31.0,4.8,97.0
52963,370,18.406666666666663,47.704918032786885,45.718032786885246,2.8,14.0,3.2,97.0
53863,370,18.619444444444447,45.32575757575758,43.0969696969697,2.9,16.0,6.4,97.0
54763,370,18.8,40.61363636363636,38.92878787878788,2.9,11.0,3.2,97.0
55663,370,18.862745098039216,35.52272727272727,33.304545454545455,3.0,0.0,4.8,97.0
56563,370,18.882608695652173,32.89830508474576,31.159322033898302,3.0,0.0,4.8,97.0
57463,370,18.703333333333333,30.5530303030303,28.934848484848487,3.0,0.0,3.2,97.0
58363,370,18.546666666666667,34.06923076923077,30.91692307692308,3.0,0.0,4.8,97.0
59263,370,18.648275862068964,44.16666666666667,41.05238095238095,2.9,0.0,4.8,97.0
60163,370,19.06,45.919117647058826,41.47058823529412,2.9,0.0,3.2,97.0
61063,370,19.563333333333333,53.93650793650794,50.130158730158726,3.0,0.0,6.4,97.0
61963,370,20.064444444444444,54.18939393939394,50.442424242424245,3.1,0.0,6.4,97.0
62863,370,20.488,52.48550724637681,49.58840579710145,3.0,0.0,8.0,98.0
63763,370,20.663636363636364,48.734375,45.6234375,3.0,0.0,8.0,97.0
64663,370,20.6,47.61363636363636,44.91666666666667,3.1,0.0,8.0,98.0
65563,370,20.5,47.96969696969697,45.31818181818182,2.9,0.0,11.3,97.0
66463,370,20.55185185185185,46.7536231884058,44.4231884057971,2.8,0.0,12.9,97.0
67363,370,20.57321428571429,43.16666666666667,41.32424242424243,2.8,0.0,9.7,97.0
68263,370,20.59344262295082,42.49264705882353,40.48676470588235,2.9,0.0,8.0,97.0
69163,370,20.43380281690141,36.21739130434783,35.152173913043484,2.9,0.0,6.4,97.0
70063,370,20.135384615384616,30.588709677419352,29.31612903225807,3.0,0.0,4.8,97.0
70963,370,19.83283582089552,29.18840579710145,28.07826086956522,3.1,0.0,4.8,97.0
71863,370,19.5796875,27.948529411764707,26.73970588235294,3.2,0.0,3.2,97.0
72763,370,19.35538461538461,30.656716417910445,27.68059701492537,3.2,0.0,3.2,97.0
73663,370,19.43387096774193,52.527777777777786,46.72916666666667,3.1,0.0,6.4,96.0
74563,370,19.9328125,54.203125,50.8265625,3.1,0.0,8.0,96.0
75463,370,20.231147540983606,49.16153846153846,46.55538461538462,3.3,0.0,4.8,95.0
76363,370,20.3,43.267605633802816,40.25633802816901,3.3,0.0,9.7,95.0
77263,370,20.3,50.723880597014926,47.19253731343284,3.0,0.0,9.7,96.0
78163,370,20.366666666666667,49.51470588235294,47.05882352941176,2.9,0.0,12.9,95.0
79063,370,20.477272727272727,50.58730158730158,47.66825396825397,2.9,0.0,6.4,95.0
79963,370,20.6,44.94852941176471,42.13823529411765,3.1,0.0,9.7,96.0
80863,370,20.6,46.70289855072464,44.369565217391305,2.8,0.0,8.0,96.0
81763,370,20.51833333333333,35.88970588235294,33.58676470588235,2.7,0.0,6.4,96.0
82663,370,20.307352941176468,28.096774193548384,26.409677419354843,2.6,0.0,8.0,96.0
83563,370,19.951612903225808,23.62121212121212,22.16060606060606,2.6,0.0,9.7,95.0
84463,370,19.563076923076924,20.92063492063492,19.7,2.7,0.0,11.3,96.0
85363,370,19.246875,19.3984375,18.3328125,2.7,0.0,14.5,95.0
86263,370,18.971186440677965,18.5,18.2072463768116,2.7,0.0,14.5,95.0
763,371,18.767857142857142,17.873015873015873,17.628571428571426,2.6,0.0,9.7,95.0
1663,371,18.561666666666667,17.192857142857143,16.454285714285714,2.6,0.0,9.7,95.0
2563,371,18.40576923076923,17.192307692307693,16.90153846153846,2.6,0.0,9.7,96.0
3463,371,18.246428571428574,18.143939393939394,17.513636363636362,2.6,0.0,9.7,96.0
4363,371,18.18196721311476,17.615384615384617,16.763076923076923,2.5,0.0,9.7,95.0
5263,371,18.07857142857143,16.888059701492537,15.976119402985072,2.7,0.0,9.7,95.0
6163,371,17.982456140350877,16.5,15.59375,2.8,0.0,11.3,94.0
7063,371,17.875,16.35,15.425714285714289,2.4,0.0,11.3,95.0
7963,371,17.79259259259259,16.0,15.3,2.5,0.0,6.4,95.0
8863,371,17.7,16.0,15.18,2.6,0.0,8.0,95.0
9763,371,17.612727272727273,16.0,15.0,2.6,0.0,9.7,94.0
10663,371,17.55,16.0,15.0,2.7,0.0,12.9,94.0
11563,371,17.489285714285714,15.666666666666666,14.997101449275362,2.6,0.0,8.0,94.0
12463,371,17.4,15.5,14.859701492537315,2.6,0.0,8.0,94.0
13363,371,17.332758620689653,15.5,14.8,2.5,0.0,11.3,94.0
14263,371,17.26181818181818,15.5,14.8,2.7,0.0,12.9,93.0
15163,371,17.2,15.5,14.684931506849315,2.8,0.0,11.3,93.0
16063,371,17.110526315789475,15.5,14.5,2.8,0.0,8.0,93.0
16963,371,17.040677966101693,15.5,14.5,2.9,0.0,11.3,93.0
17863,371,17.01551724137931,33.10606060606061,27.01212121212121,3.2,0.0,12.9,90.0
18763,371,17.504166666666666,51.47727272727273,47.766666666666666,3.0,0.0,11.3,89.0
19663,371,18.065853658536582,52.92307692307693,48.88923076923077,2.8,0.0,12.9,89.0
20563,371,18.65833333333333,53.25735294117648,49.39852941176471,2.8,0.0,12.9,89.0
21463,371,18.93090909090909,49.0,45.6359375,2.5,0.0,16.1,91.0
22363,371,19.00862068965517,49.656716417910445,46.19253731343284,2.3,0.0,14.5,93.0
23263,371,19.066,46.70454545454545,43.69545454545455,2.3,0.0,17.7,93.0
24163,371,19.13617021276596,49.91044776119403,45.36716417910448,1.9,0.0,19.3,94.0
25063,371,19.406779661016948,52.28125,48.51875,2.2,0.0,12.9,90.0
25963,371,19.567307692307693,49.66153846153846,45.77076923076923,2.3,0.0,11.3,89.0
26863,371,19.6,47.45522388059702,44.26716417910448,2.3,0.0,12.9,87.0
27763,371,19.6,47.6044776119403,44.03134328358209,2.3,0.0,14.5,85.0
28663,371,19.6,48.23529411764706,43.66764705882353,2.1,0.0,17.7,84.0
29563,371,19.540350877192985,34.33846153846154,30.503076923076925,1.9,0.0,12.9,85.0
30463,371,19.303636363636365,26.53787878787879,23.87575757575757,1.9,0.0,14.5,82.0
31363,371,18.98333333333333,22.313432835820898,20.311940298507466,2.0,0.0,12.9,83.0
32263,371,18.671929824561403,19.86567164179105,18.40597014925373,2.1,7.0,11.3,81.0
33163,371,18.405084745762714,18.460317460317462,17.33809523809524,2.2,9.0,12.9,79.0
34063,371,18.181666666666665,17.614285714285714,16.665714285714284,2.2,12.0,8.0,79.0
34963,371,17.984905660377358,17.007575757575758,16.17878787878788,2.2,14.0,9.7,78.0
35863,371,17.82622950819672,16.567164179104477,15.856716417910448,2.2,26.0,8.0,78.0
36763,371,17.66862745098039,16.472727272727273,15.56,2.4,44.0,9.7,79.0
37663,371,17.596969696969698,16.536231884057973,16.63623188405797,2.4,49.0,12.9,78.0
38563,371,16.3,14.81060606060606,14.625757575757577,2.4,45.0,12.9,78.0
39463,371,13.791666666666666,10.26153846153846,9.292307692307691,2.5,49.0,12.9,79.0
40363,371,14.335087719298247,13.298507462686567,11.807462686567163,2.6,49.0,14.5,80.0
41263,371,14.893617021276594,13.771929824561402,12.46842105263158,2.7,118.0,12.9,80.0
42163,371,15.395833333333334,14.30597014925373,12.919402985074626,3.1,139.0,11.3,79.0
43063,371,15.655882352941177,14.0,13.0609375,2.7,107.0,11.3,79.0
43963,371,15.854411764705882,14.0,13.3,2.8,91.0,8.0,78.0
44863,371,15.975,14.17391304347826,13.3,2.8,103.0,9.7,78.0
45763,371,16.03934426229508,14.477611940298509,13.34179104477612,2.8,70.0,9.7,78.0
46663,371,16.1,14.5,13.5,3.0,95.0,9.7,77.0
47563,371,16.1,14.5,13.5,3.0,93.0,9.7,75.0
48463,371,16.1,14.5,13.5,2.9,62.0,8.0,75.0
49363,371,16.1,14.544117647058822,13.508823529411766,2.9,77.0,9.7,75.0
50263,371,16.121052631578948,30.204545454545457,23.94090909090909,2.8,67.0,9.7,74.0
51163,371,16.798039215686273,51.6140350877193,46.52456140350877,2.8,54.0,11.3,74.0
52063,371,17.703125,52.984375,49.115625,2.7,42.0,6.4,75.0
52963,371,18.303030303030305,51.530303030303024,47.70454545454545,2.7,51.0,9.7,75.0
53863,371,18.728571428571428,48.6231884057971,44.3159420289855,2.7,26.0,11.3,75.0
54763,371,19.07758620689655,52.26119402985074,47.26417910447761,2.6,28.0,11.3,75.0
55663,371,19.3921875,51.34375,46.5125,2.5,11.0,11.3,74.0
56563,371,19.72923076923077,53.17647058823529,49.17058823529412,2.4,7.0,8.0,74.0
57463,371,19.885294117647057,53.98461538461538,50.50615384615385,2.2,3.0,4.8,75.0
58363,371,20.191044776119405,54.71212121212121,50.974242424242426,2.2,0.0,4.8,75.0
59263,371,20.60606060606061,52.559701492537314,49.43134328358209,2.2,0.0,6.4,74.0
60163,371,20.7968253968254,53.969230769230776,50.135384615384616,2.1,0.0,8.0,73.0
61063,371,21.014285714285712,54.03174603174604,50.30317460317461,2.0,0.0,6.4,72.0
61963,371,21.21470588235294,54.62068965517242,50.84310344827586,1.9,0.0,6.4,72.0
62863,371,21.34626865671642,50.7910447761194,47.19402985074627,1.9,0.0,8.0,72.0
63763,371,21.073134328358208,42.044117647058826,39.74264705882353,1.6,0.0,4.8,74.0
64663,371,20.71086956521739,34.05555555555556,32.36666666666667,1.4,0.0,3.2,76.0
65563,371,20.207692307692305,33.66379310344827,31.64655172413793,1.5,0.0,6.4,76.0
66463,371,20.054411764705883,48.223880597014926,43.265671641791045,1.6,0.0,4.8,75.0
67363,371,20.335087719298247,51.30645161290323,48.20322580645161,1.7,0.0,4.8,75.0
68263,371,20.60923076923077,46.392857142857146,43.45892857142857,1.7,0.0,4.8,74.0
69163,371,20.7,43.8,40.65166666666666,1.8,0.0,6.4,75.0
70063,371,20.661538461538463,38.5234375,36.5828125,1.7,0.0,8.0,74.0
70963,371,20.5271186440678,32.73728813559322,31.22372881355933,1.7,0.0,8.0,73.0
71863,371,20.276666666666667,33.271186440677965,31.58813559322034,1.7,0.0,6.4,72.0
72763,371,20.05483870967742,33.112068965517246,31.658620689655173,1.7,0.0,6.4,72.0
73663,371,19.89090909090909,30.913461538461537,29.321153846153845,1.7,0.0,6.4,72.0
74563,371,19.61551724137931,27.175,26.881666666666668,1.6,0.0,6.4,73.0
75463,371,19.357142857142858,27.58955223880597,25.914925373134327,1.7,0.0,6.4,73.0
76363,371,19.28076923076923,43.76271186440678,38.50847457627118,1.7,0.0,4.8,72.0
77263,371,19.80188679245283,53.82539682539683,49.20793650793651,1.7,0.0,3.2,71.0
78163,371,20.34,49.33333333333333,46.27719298245614,1.7,0.0,3.2,71.0
79063,371,20.5,49.35,46.052,1.8,0.0,4.8,70.0
79963,371,20.5,48.57352941176471,44.82058823529412,1.8,0.0,6.4,70.0
80863,371,20.58703703703704,49.5655737704918,45.54918032786885,1.8,0.0,3.2,72.0
81763,371,20.505172413793105,34.75892857142857,33.68035714285715,1.3,0.0,1.6,75.0
82663,371,20.284745762711864,27.79310344827586,25.86896551724137,1.2,0.0,1.6,75.0
83563,371,19.914516129032258,22.87313432835821,20.84179104477612,1.1,0.0,1.6,78.0
84463,371,19.96307692307692,22.17361111111111,23.51388888888889,0.6,0.0,1.6,79.0
85363,371,20.1,20.944444444444446,21.26507936507937,0.2,0.0,1.6,81.0
86263,371,19.55593220338983,19.24242424242424,18.4,-0.1,0.0,0.0,82.0
763,372,19.30151515151515,19.4,19.39538461538461,-0.8,0.0,0.0,83.0
1663,372,18.997014925373133,18.29285714285714,17.475714285714286,-1.1,0.0,0.0,85.0
2563,372,18.7171875,17.4140625,16.596875,-1.2,0.0,1.6,85.0
3463,372,18.496774193548383,16.946153846153845,16.133846153846154,-1.3,0.0,1.6,85.0
4363,372,18.307246376811595,16.5,15.834782608695653,-1.2,0.0,0.0,86.0
5263,372,18.144615384615385,16.5,15.5609375,-1.6,0.0,0.0,87.0
6163,372,17.982089552238808,16.05072463768116,15.453623188405796,-1.7,0.0,0.0,87.0
7063,372,17.846969696969698,16.0,15.3,-1.9,0.0,0.0,86.0
7963,372,17.738805970149254,16.0,15.3,-1.7,0.0,0.0,87.0
8863,372,17.623880597014924,16.0,15.040298507462683,-1.6,0.0,1.6,85.0
9763,372,17.52753623188406,15.84090909090909,15.0,-1.5,0.0,3.2,84.0
10663,372,17.42878787878788,15.5,15.0,-1.6,0.0,3.2,83.0
11563,372,17.336923076923078,15.5,14.923076923076923,-1.4,0.0,3.2,82.0
12463,372,17.256521739130434,15.5,14.8,-1.2,0.0,4.8,81.0
13363,372,17.17727272727273,15.5,14.8,-1.1,0.0,4.8,80.0
14263,372,17.09047619047619,15.5,14.8,-1.3,0.0,4.8,81.0
15163,372,17.0,15.5,14.77,-1.3,0.0,6.4,82.0
16063,372,16.913043478260867,15.5,14.504545454545454,-1.4,0.0,6.4,83.0
16963,372,16.85873015873016,15.274647887323942,14.5,-1.4,0.0,4.8,83.0
17863,372,16.803174603174604,26.359375,21.2203125,-1.6,0.0,4.8,83.0
18763,372,17.24264705882353,51.06716417910447,47.570149253731344,-1.6,0.0,3.2,83.0
19663,372,18.017910447761192,52.530303030303024,49.39393939393939,-1.6,0.0,1.6,82.0
20563,372,18.596969696969698,52.46428571428571,49.62571428571429,-1.8,0.0,1.6,83.0
21463,372,18.95,47.85820895522388,45.28059701492537,-2.4,0.0,0.0,85.0
22363,372,19.13088235294118,49.40151515151515,46.13484848484849,-2.7,0.0,0.0,86.0
23263,372,19.2046875,48.16417910447761,45.11492537313433,-2.6,0.0,1.6,85.0
24163,372,19.4234375,53.04477611940298,49.86865671641791,-2.5,0.0,1.6,84.0
25063,372,19.6,45.638461538461534,43.42,-2.1,0.0,4.8,82.0
25963,372,19.581818181818186,44.72857142857143,40.92285714285715,-1.8,0.0,4.8,82.0
26863,372,19.57462686567164,45.96212121212121,43.334848484848486,-1.4,0.0,4.8,80.0
27763,372,19.5,43.08695652173913,40.83333333333333,-1.5,0.0,3.2,80.0
28663,372,19.44920634920635,42.55223880597015,39.397014925373135,-2.4,0.0,3.2,84.0
29563,372,19.35396825396825,32.3030303030303,32.4030303030303,-2.8,0.0,3.2,85.0
30463,372,19.15892857142857,25.669117647058822,25.60735294117647,-2.9,0.0,1.6,87.0
31363,372,18.821875,21.808823529411764,20.7,-2.7,1.0,1.6,86.0
32263,372,18.45714285714286,19.375,18.133823529411764,-2.8,8.0,0.0,86.0
33163,372,18.13230769230769,17.8984375,16.85,-2.6,12.0,3.2,86.0
34063,372,17.862121212121213,16.977941176470587,16.097058823529412,-2.6,16.0,1.6,87.0
34963,372,17.643076923076926,16.393939393939394,15.604545454545454,-2.7,19.0,1.6,88.0
35863,372,17.44931506849315,16.0,15.204545454545451,-2.0,21.0,1.6,85.0
36763,372,17.278787878787877,15.6640625,14.9375,-1.9,23.0,0.0,87.0
37663,372,17.14626865671642,15.5,14.756521739130434,-1.6,26.0,0.0,87.0
38563,372,17.006060606060608,15.5,14.5,-1.4,29.0,0.0,88.0
39463,372,16.887878787878787,15.034722222222223,14.405555555555557,-0.5,149.0,0.0,84.0
40363,372,16.8,19.661290322580648,16.84516129032258,0.5,105.0,0.0,80.0
41263,372,17.0234375,50.37323943661972,45.36056338028169,0.3,98.0,4.8,82.0
42163,372,17.654237288135594,40.173913043478265,38.46521739130435,1.1,158.0,1.6,79.0
43063,372,17.95185185185185,40.33088235294117,37.20441176470588,2.9,166.0,4.8,76.0
43963,372,18.190740740740743,42.78358208955224,39.897014925373135,3.0,84.0,4.8,74.0
44863,372,18.371666666666663,40.31818181818182,37.54545454545455,3.2,156.0,6.4,75.0
45763,372,18.498305084745763,38.885714285714286,36.74714285714286,3.5,181.0,6.4,73.0
46663,372,18.433333333333334,34.85820895522388,33.25970149253731,3.8,188.0,4.8,72.0
47563,372,18.346969696969698,32.8,31.485714285714284,3.8,174.0,3.2,72.0
48463,372,18.20793650793651,29.70769230769231,28.189230769230768,2.7,135.0,3.2,76.0
49363,372,18.074285714285715,29.92537313432836,28.444776119402984,3.2,105.0,4.8,74.0
50263,372,17.95593220338983,27.830882352941178,26.43382352941176,3.0,76.0,3.2,74.0
51163,372,17.833823529411767,28.0625,26.6515625,3.0,69.0,4.8,75.0
52063,372,17.74285714285714,26.594202898550726,25.347826086956523,2.4,46.0,1.6,77.0
52963,372,17.658064516129034,27.01538461538461,25.64153846153846,2.1,39.0,3.2,80.0
53863,372,17.6,28.146153846153844,26.281538461538464,1.4,35.0,0.0,82.0
54763,372,17.525,30.78358208955224,28.935820895522387,1.1,33.0,1.6,83.0
55663,372,17.584848484848486,32.0,29.95428571428572,0.8,21.0,1.6,83.0
56563,372,17.615384615384617,34.646153846153844,32.66153846153846,0.7,9.0,3.2,81.0
57463,372,17.701470588235292,35.82142857142857,33.61571428571428,0.7,0.0,3.2,81.0
58363,372,17.8,37.39230769230769,35.715384615384615,0.7,0.0,3.2,78.0
59263,372,17.8,29.43181818181818,28.66818181818181,0.2,0.0,1.6,79.0
60163,372,17.816666666666666,46.75714285714285,41.53,-0.2,0.0,0.0,79.0
61063,372,18.225757575757576,53.18852459016394,49.92950819672131,-0.9,0.0,0.0,83.0
61963,372,18.557142857142857,43.04347826086956,40.12173913043478,-1.2,0.0,1.6,83.0
62863,372,18.604761904761904,42.92307692307692,39.11846153846154,-1.3,0.0,1.6,83.0
63763,372,18.846153846153847,52.55223880597015,49.32835820895522,-1.6,0.0,0.0,83.0
64663,372,19.104918032786884,52.81884057971015,49.92898550724637,-2.0,0.0,0.0,84.0
65563,372,19.23148148148148,53.5530303030303,50.34242424242424,-2.2,0.0,0.0,86.0
66463,372,19.25531914893617,48.22307692307693,45.69538461538461,-2.3,0.0,0.0,87.0
67363,372,19.237777777777776,51.2734375,47.86875,-2.2,0.0,0.0,86.0
68263,372,19.328125,51.75,48.82727272727273,-2.2,0.0,0.0,87.0
69163,372,19.44375,50.6,47.56142857142857,-2.3,0.0,0.0,87.0
70063,372,19.6,45.95238095238095,44.05079365079365,-2.6,0.0,0.0,88.0
70963,372,19.672222222222224,52.583333333333336,49.77727272727272,-2.3,0.0,0.0,87.0
71863,372,19.84848484848485,49.85833333333333,47.22166666666666,-2.6,0.0,0.0,88.0
72763,372,19.776190476190475,48.99242424242424,46.43787878787879,-2.2,0.0,0.0,90.0
73663,372,19.71481481481481,48.03787878787879,45.52878787878788,-1.6,0.0,1.6,88.0
74563,372,19.844444444444445,48.51639344262295,47.12459016393443,-1.6,0.0,1.6,87.0
75463,372,19.993103448275864,49.73809523809524,48.507936507936506,-1.7,0.0,1.6,88.0
76363,372,20.1,45.63934426229508,44.56065573770492,-2.0,0.0,0.0,88.0
77263,372,20.195238095238096,48.95161290322581,47.472580645161294,-2.1,0.0,0.0,90.0
78163,372,20.2,43.390625,43.11875,-2.2,0.0,1.6,90.0
79063,372,20.1,35.82142857142857,34.323214285714286,-2.1,0.0,3.2,91.0
79963,372,19.78095238095237,33.58196721311475,32.014754098360655,-1.2,0.0,8.0,92.0
80863,372,19.395833333333336,33.55147058823529,31.46617647058824,-0.6,0.0,4.8,89.0
81763,372,19.155,40.59701492537313,36.29253731343284,-0.8,0.0,3.2,88.0
82663,372,19.07948717948718,41.93382352941176,39.13088235294118,-0.8,0.0,1.6,89.0
83563,372,19.049180327868854,32.71212121212121,33.24393939393939,-0.2,0.0,6.4,90.0
84463,372,18.81451612903226,25.2578125,24.321875,0.5,0.0,8.0,89.0
85363,372,18.53030303030303,20.734848484848484,19.28181818181818,0.5,0.0,11.3,88.0
86263,372,18.25820895522388,18.71969696969697,17.575757575757574,0.4,0.0,11.3,88.0
763,373,17.9955223880597,17.557971014492754,16.63768115942029,0.3,0.0,9.7,88.0
1663,373,17.783098591549297,16.865079365079364,16.077777777777776,0.0,0.0,4.8,89.0
2563,373,17.605084745762714,16.492753623188406,15.665217391304347,-0.1,0.0,4.8,89.0
3463,373,17.44782608695652,16.014492753623188,15.37246376811594,-0.6,0.0,3.2,91.0
4363,373,17.3046875,16.0,15.177272727272728,-0.4,0.0,6.4,90.0
5263,373,17.196923076923078,16.06818181818182,15.843939393939394,0.0,0.0,9.7,87.0
6163,373,17.07272727272727,15.830882352941178,15.163235294117646,0.0,0.0,8.0,87.0
7063,373,16.95714285714286,15.5,14.814492753623188,-0.3,0.0,3.2,87.0
7963,373,16.853125,15.5,14.566176470588236,-0.3,0.0,8.0,87.0
8863,373,16.764615384615386,15.064285714285711,14.488571428571428,-0.4,0.0,8.0,87.0
9763,373,16.655072463768114,15.0,14.3,-0.4,0.0,9.7,84.0
10663,373,16.561666666666667,15.0,14.3,-0.1,0.0,11.3,82.0
11563,373,16.47462686567164,15.0,14.3,-0.1,0.0,12.9,81.0
12463,373,16.392307692307693,15.0,14.10909090909091,0.0,0.0,14.5,82.0
13363,373,16.3,14.941176470588236,14.0,0.1,0.0,14.5,80.0
14263,373,16.201538461538462,14.52173913043478,14.0,-0.1,0.0,12.9,80.0
15163,373,16.136923076923075,14.5,14.0,0.0,0.0,14.5,80.0
16063,373,16.073134328358208,14.5,13.87246376811594,0.1,0.0,17.7,82.0
16963,373,16.0,14.5,13.8,0.1,0.0,17.7,83.0
17863,373,15.91764705882353,26.588235294117645,21.22647058823529,0.1,0.0,16.1,80.0
18763,373,16.393442622950822,50.59285714285714,46.87571428571429,0.0,0.0,16.1,80.0
19663,373,17.215873015873015,51.90476190476191,49.45873015873016,0.5,0.0,20.9,78.0
20563,373,17.884375,52.83571428571429,50.07571428571429,0.4,0.0,17.7,79.0
21463,373,18.346969696969698,49.41176470588236,47.201470588235296,0.4,0.0,17.7,80.0
22363,373,18.53692307692308,48.83846153846154,46.33538461538462,0.3,0.0,12.9,81.0
23263,373,18.61076923076923,47.734375,44.96875,-0.1,0.0,4.8,83.0
24163,373,18.74848484848485,47.940298507462686,45.54029850746269,-0.3,0.0,4.8,83.0
25063,373,18.951612903225808,49.5390625,46.7859375,-0.4,0.0,3.2,84.0
25963,373,19.053125,47.92028985507246,45.81884057971014,-0.7,0.0,4.8,86.0
26863,373,19.05873015873016,49.92537313432835,46.58805970149254,-0.8,0.0,3.2,86.0
27763,373,19.124242424242425,50.85714285714285,47.72,-0.9,0.0,3.2,86.0
28663,373,19.27872340425532,47.82089552238806,44.79850746268657,-1.1,0.0,3.2,87.0
29563,373,19.806896551724137,33.87323943661972,33.14225352112676,-1.2,0.0,3.2,88.0
30463,373,19.31967213114754,27.043478260869563,27.172463768115943,-0.6,0.0,9.7,86.0
31363,373,18.8046875,22.955882352941178,22.51176470588236,-0.4,3.0,9.7,86.0
32263,373,18.390625,20.024193548387096,18.875806451612902,0.0,10.0,14.5,85.0
33163,373,18.0046875,18.35074626865672,17.33134328358209,0.4,12.0,16.1,84.0
34063,373,17.674193548387098,17.202898550724637,16.32898550724638,0.7,16.0,17.7,83.0
34963,373,17.39384615384615,16.446153846153845,15.687692307692307,0.8,19.0,17.7,83.0
35863,373,17.172131147540984,16.0,15.243076923076924,1.0,21.0,17.7,82.0
36763,373,16.965151515151515,15.54285714285714,14.94857142857143,1.1,23.0,17.7,82.0
37663,373,16.83606557377049,15.5,14.730434782608697,1.3,25.0,19.3,82.0
38563,373,16.677777777777777,15.120967741935484,14.5,1.4,26.0,19.3,82.0
39463,373,16.553968253968254,15.0,14.388571428571428,1.7,114.0,19.3,82.0
40363,373,16.45151515151515,15.0,14.3,2.0,109.0,20.9,81.0
41263,373,16.360294117647058,15.0,14.235384615384614,2.2,130.0,19.3,81.0
42163,373,16.296969696969697,14.786764705882351,14.0,2.3,151.0,17.7,81.0
43063,373,16.2,14.5,14.0,2.5,163.0,16.1,80.0
43963,373,16.16769230769231,14.5,13.99402985074627,2.6,168.0,16.1,81.0
44863,373,16.1,14.5,13.802941176470588,2.7,164.0,16.1,80.0
45763,373,16.034920634920635,14.5,13.8,2.6,164.0,17.7,80.0
46663,373,16.0,14.5,13.8,2.7,157.0,17.7,81.0
47563,373,15.903030303030302,14.5,13.71492537313433,2.7,143.0,17.7,81.0
48463,373,15.8765625,14.492424242424244,13.5,2.6,116.0,19.3,80.0
49363,373,15.8,14.022727272727272,13.5,2.6,83.0,19.3,80.0
50263,373,15.734848484848484,14.0,13.5,2.4,51.0,16.1,82.0
51163,373,15.682258064516128,14.0,13.444927536231884,2.3,49.0,17.7,82.0
52063,373,15.6,14.0,13.3,2.1,33.0,14.5,83.0
52963,373,15.536507936507936,14.0,13.3,2.0,27.0,16.1,83.0
53863,373,15.49375,14.0,13.3,1.8,20.0,12.9,84.0
54763,373,15.4,14.0,13.3,1.7,19.0,14.5,84.0
55663,373,15.326984126984126,14.0,13.044776119402986,1.5,15.0,12.9,85.0
56563,373,15.29,13.970149253731345,13.0,1.4,12.0,14.5,85.0
57463,373,15.2,13.607142857142858,13.0,1.1,6.0,9.7,86.0
58363,373,15.146031746031747,13.5,13.0,1.3,2.0,11.3,85.0
59263,373,15.104545454545454,25.91044776119403,20.046268656716418,1.3,0.0,14.5,85.0
60163,373,15.673015873015874,50.86029411764706,46.35735294117647,1.2,0.0,11.3,85.0
61063,373,16.560714285714287,52.15322580645161,49.222580645161294,0.9,0.0,3.2,86.0
61963,373,17.276271186440677,52.75806451612904,49.30645161290322,0.8,0.0,4.8,87.0
62863,373,17.794202898550726,53.5,50.00625,1.1,0.0,14.5,86.0
63763,373,18.266666666666666,54.43478260869565,51.00869565217391,0.8,0.0,19.3,87.0
64663,373,18.5843137254902,52.3030303030303,49.24242424242424,0.8,0.0,16.1,87.0
65563,373,18.784126984126985,51.90151515151515,48.53636363636364,0.8,0.0,11.3,87.0
66463,373,19.03235294117647,53.62878787878788,50.33181818181818,0.7,0.0,9.7,87.0
67363,373,19.28333333333333,50.7936507936508,48.642857142857146,1.0,0.0,16.1,86.0
68263,373,19.3,51.52205882352941,49.03529411764706,1.3,0.0,19.3,85.0
69163,373,19.3625,48.8046875,46.5625,1.6,0.0,17.7,85.0
70063,373,19.587878787878783,50.83582089552239,48.244776119402985,1.3,0.0,16.1,85.0
70963,373,19.7,53.34375,50.675,1.4,0.0,17.7,85.0
71863,373,19.749122807017542,47.94776119402985,46.16567164179104,1.7,0.0,17.7,85.0
72763,373,19.78153846153846,51.340909090909086,48.692424242424245,1.9,0.0,17.7,85.0
73663,373,19.95079365079365,53.27611940298508,50.70149253731343,2.0,0.0,17.7,85.0
74563,373,20.068656716417912,51.68461538461538,49.78,1.9,0.0,20.9,86.0
75463,373,19.978125,44.41538461538461,42.472307692307695,2.3,0.0,22.5,85.0
76363,373,19.79827586206897,37.48461538461539,35.70153846153846,2.3,0.0,20.9,86.0
77263,373,19.503125,31.22388059701493,30.68358208955224,2.3,0.0,24.1,86.0
78163,373,19.2296875,44.15714285714286,40.96571428571429,2.4,0.0,25.7,86.0
79063,373,19.40634920634921,49.492753623188406,48.673913043478265,2.6,0.0,20.9,86.0
79963,373,19.67460317460317,50.24242424242424,47.82727272727273,2.5,0.0,19.3,87.0
80863,373,19.766,49.55147058823529,46.36176470588235,2.4,0.0,19.3,87.0
81763,373,19.656666666666663,35.88461538461539,34.22923076923077,2.3,0.0,19.3,88.0
82663,373,19.34090909090909,27.508196721311474,26.11639344262295,2.4,0.0,14.5,88.0
83563,373,18.923076923076923,22.795454545454547,21.44090909090909,2.4,0.0,16.1,88.0
84463,373,18.61904761904762,20.433823529411764,20.97058823529412,2.4,0.0,12.9,88.0
85363,373,19.153030303030302,20.49264705882353,21.53970588235294,2.5,0.0,12.9,88.0
86263,373,18.685714285714287,18.84848484848485,18.11515151515152,2.6,0.0,16.1,88.0
763,374,18.238235294117647,17.27857142857143,16.208571428571428,2.6,0.0,12.9,89.0
1663,374,17.933333333333334,16.28985507246377,15.433333333333334,2.6,0.0,11.3,89.0
2563,374,17.6796875,15.75735294117647,14.927941176470588,2.6,0.0,11.3,89.0
3463,374,17.46153846153846,15.49264705882353,14.601470588235292,2.7,0.0,12.9,90.0
4363,374,17.244615384615383,15.049295774647888,14.38450704225352,2.7,0.0,16.1,90.0
5263,374,17.054411764705883,15.0,14.211764705882354,2.7,0.0,12.9,90.0
6163,374,16.90869565217391,14.93846153846154,14.0,2.7,0.0,12.9,90.0
7063,374,16.78955223880597,14.5,13.911764705882351,2.7,0.0,12.9,90.0
7963,374,16.68032786885246,14.5,13.8,2.7,0.0,17.7,90.0
8863,374,16.583333333333336,14.5,13.606153846153848,2.7,0.0,22.5,90.0
9763,374,16.5,14.313432835820896,13.5,2.7,0.0,20.9,90.0
10663,374,16.409230769230767,14.0,13.5,2.3,0.0,22.5,91.0
11563,374,16.341538461538462,14.0,13.462318840579709,2.3,0.0,19.3,91.0
12463,374,16.25,14.0,13.3,2.2,0.0,24.1,92.0
13363,374,16.2,14.0,13.3,2.2,0.0,25.7,92.0
14263,374,16.108064516129033,14.0,13.3,2.2,0.0,32.2,91.0
15163,374,16.057575757575755,14.0,13.282857142857145,1.9,0.0,24.9,92.0
16063,374,16.0,14.0,13.25909090909091,1.8,0.0,20.9,92.0
16963,374,15.917910447761193,14.0,13.056521739130435,1.7,0.0,12.1,92.0
17863,374,15.9,24.717391304347824,19.581159420289858,1.6,0.0,8.0,93.0
18763,374,16.445588235294117,47.32142857142857,45.27142857142857,1.4,0.0,12.9,93.0
19663,374,17.39846153846154,47.7421875,47.965625,1.3,0.0,12.9,93.0
20563,374,18.12686567164179,47.81818181818182,48.040909090909096,1.3,0.0,11.3,94.0
21463,374,18.72615384615385,47.98484848484848,48.21818181818182,1.3,0.0,9.7,94.0
22363,374,19.227272727272727,48.0,48.32089552238806,1.4,0.0,9.7,94.0
23263,374,19.624615384615385,48.0,48.32388059701493,1.4,0.0,11.3,94.0
24163,374,19.925396825396824,48.01538461538461,48.49076923076923,1.3,0.0,12.9,94.0
25063,374,20.182352941176468,48.26470588235294,48.55294117647058,1.2,0.0,12.9,94.0
25963,374,20.4125,49.23880597014925,48.34328358208956,1.2,0.0,14.5,95.0
26863,374,20.503174603174603,53.09677419354839,49.45967741935484,1.4,0.0,16.1,94.0
27763,374,20.55774647887324,52.72058823529412,49.52941176470589,1.6,0.0,22.5,94.0
28663,374,20.35272727272727,40.95454545454545,40.22121212121212,1.7,0.0,20.9,94.0
29563,374,20.08,36.20149253731343,34.60149253731343,1.7,0.0,22.5,94.0
30463,374,19.706451612903223,34.30434782608695,30.51014492753623,1.8,0.0,20.9,94.0
31363,374,19.34285714285714,25.943661971830988,23.401408450704224,1.8,0.0,19.3,94.0
32263,374,18.93414634146341,21.791044776119403,20.079104477611946,1.8,5.0,20.9,94.0
33163,374,18.546666666666667,19.307142857142857,18.18428571428572,1.8,14.0,19.3,93.0
34063,374,18.22820512820513,17.9,17.015714285714285,1.8,18.0,17.7,93.0
34963,374,17.926190476190477,16.956521739130434,16.268115942028984,1.9,32.0,17.7,94.0
35863,374,17.711111111111112,16.362903225806452,15.766129032258064,1.9,30.0,20.9,93.0
36763,374,17.537777777777777,16.0,15.369565217391305,2.1,23.0,24.1,93.0
37663,374,17.366666666666667,15.52112676056338,15.004225352112677,2.1,32.0,20.9,93.0
38563,374,17.25,15.5,14.815625,2.3,62.0,19.3,93.0
39463,374,17.13111111111111,15.338028169014084,14.71549295774648,2.3,57.0,19.3,93.0
40363,374,17.01578947368421,15.0,14.5,2.4,70.0,22.5,93.0
41263,374,16.911627906976744,15.0,14.44375,2.4,30.0,27.4,93.0
42163,374,16.84047619047619,15.0,14.3,2.4,30.0,24.1,93.0
43063,374,16.782608695652176,15.0,14.3,2.5,28.0,24.1,93.0
43963,374,16.7,14.94927536231884,14.07391304347826,2.7,60.0,25.7,93.0
44863,374,16.617391304347827,14.529850746268655,14.0,2.7,67.0,24.1,93.0
45763,374,16.556862745098037,14.5,14.0,2.9,39.0,22.5,92.0
46663,374,16.5,14.5,13.996825396825397,2.9,47.0,25.7,92.0
47563,374,16.422727272727272,14.5,13.840625,2.9,62.0,20.9,93.0
48463,374,16.393617021276594,14.5,13.8,3.0,70.0,27.4,92.0
49363,374,16.3,14.5,13.8,2.9,42.0,27.4,93.0
50263,374,16.23421052631579,14.5,13.8,2.9,28.0,25.7,92.0
51163,374,16.2,14.5,13.8,3.0,33.0,17.7,91.0
52063,374,16.125454545454545,14.5,13.633846153846154,3.2,72.0,20.9,91.0
52963,374,16.1,14.5,13.504411764705882,3.3,56.0,12.9,91.0
53863,374,16.013333333333332,14.414285714285716,13.5,3.3,21.0,14.5,91.0
54763,374,16.0,14.015625,13.5,3.3,18.0,16.1,91.0
55663,374,15.905,14.0,13.5,3.2,5.0,16.1,91.0
56563,374,15.895238095238096,14.0,13.5,3.2,0.0,14.5,91.0
57463,374,15.8,14.0,13.5,3.2,0.0,17.7,91.0
58363,374,15.8,14.0,13.5,3.2,0.0,22.5,92.0
59263,374,15.722857142857142,27.01470588235294,20.91470588235294,3.2,0.0,22.5,92.0
60163,374,16.278787878787877,52.11904761904761,46.76825396825397,3.2,0.0,20.9,93.0
61063,374,17.314814814814817,53.3695652173913,49.47971014492754,3.2,0.0,19.3,92.0
61963,374,18.16315789473684,53.5,49.73823529411764,3.2,0.0,20.1,92.0
62863,374,18.759090909090908,53.5281690140845,49.8,3.1,0.0,25.7,92.0
63763,374,19.235714285714288,52.44117647058823,48.569117647058825,3.1,0.0,24.1,92.0
64663,374,19.605882352941176,50.265625,46.41875,3.1,0.0,16.1,92.0
65563,374,19.863636363636363,48.1044776119403,46.929850746268656,3.1,0.0,16.1,92.0
66463,374,20.11290322580645,48.98809523809524,48.721428571428575,3.1,0.0,17.7,92.0
67363,374,20.412244897959184,48.822580645161295,48.80645161290322,3.1,0.0,17.7,92.0
68263,374,20.66,48.65178571428572,48.80357142857143,3.1,0.0,17.7,92.0
69163,374,20.80322580645161,48.54385964912281,48.89824561403509,3.1,0.0,17.7,92.0
70063,374,20.912,49.55084745762712,48.93559322033899,3.1,0.0,17.7,92.0
70963,374,20.9,49.72641509433962,48.76981132075472,3.1,0.0,17.7,92.0
71863,374,20.9,47.00806451612903,45.95645161290322,2.6,0.0,6.4,92.0
72763,374,20.932258064516127,49.89473684210527,45.71228070175438,2.6,0.0,6.4,92.0
73663,374,20.9,53.34426229508197,48.94262295081968,2.6,0.0,6.4,92.0
74563,374,20.904761904761905,54.00909090909092,49.68545454545455,2.6,0.0,6.4,92.0
75463,374,21.029629629629632,53.56140350877193,49.70877192982456,2.6,0.0,6.4,92.0
76363,374,21.3,53.41379310344828,49.42068965517241,2.6,0.0,6.4,92.0
77263,374,21.3,53.875,49.78666666666667,2.5,0.0,4.8,92.0
78163,374,21.302777777777777,54.47692307692307,50.22615384615385,2.5,0.0,4.8,92.0
79063,374,21.395348837209305,55.29310344827586,50.94655172413793,2.5,0.0,4.8,92.0
79963,374,21.5,54.39814814814815,50.67592592592592,2.3,0.0,4.8,93.0
80863,374,21.5,53.140625,49.9421875,2.3,0.0,4.8,93.0
81763,374,21.553125,52.78813559322034,49.98813559322034,2.3,0.0,4.8,93.0
82663,374,21.710714285714285,53.373015873015866,49.83968253968254,1.8,0.0,12.9,94.0
83563,374,21.77692307692308,51.85714285714285,48.53650793650793,1.8,0.0,12.9,94.0
84463,374,21.665,51.328125,48.6015625,1.8,0.0,12.9,94.0
85363,374,21.40344827586207,45.612068965517246,43.06206896551724,1.8,0.0,12.9,94.0
86263,374,21.115,35.320754716981135,33.239622641509435,1.8,0.0,12.9,94.0
763,375,20.80204081632653,27.295081967213115,24.99508196721312,1.8,0.0,12.9,94.0
1663,375,20.371153846153845,22.935185185185183,21.16296296296296,1.8,0.0,12.9,94.0
2563,375,19.996226415094338,20.475,19.19833333333333,1.9,0.0,20.9,95.0
3463,375,19.620408163265303,19.30701754385965,18.91929824561404,1.9,0.0,20.9,95.0
4363,375,19.4,19.116666666666667,19.421666666666667,1.9,0.0,20.9,95.0
5263,375,19.218867924528304,18.060344827586206,17.448275862068964,1.9,0.0,20.9,95.0
6163,375,19.044444444444444,17.348214285714285,16.710714285714285,1.9,0.0,20.9,95.0
7063,375,18.905555555555555,17.0,16.352459016393443,1.9,0.0,20.9,95.0
7963,375,18.75555555555556,16.6,16.025,1.9,0.0,20.9,95.0
8863,375,18.65106382978724,16.5,15.86909090909091,1.9,0.0,20.9,95.0
9763,375,18.539583333333333,16.5,15.76315789473684,3.3,0.0,12.9,93.0
10663,375,18.44489795918368,16.114035087719298,15.5,3.3,0.0,12.9,93.0
11563,375,18.35283018867925,16.0,15.486206896551725,3.3,0.0,12.9,93.0
12463,375,18.25686274509804,16.0,15.310909090909089,3.1,0.0,0.0,93.0
13363,375,18.182,16.0,15.3,3.1,0.0,0.0,93.0
14263,375,18.1,16.0,15.3,3.1,0.0,0.0,93.0
15163,375,18.006521739130434,15.955357142857142,15.058928571428572,3.1,0.0,0.0,93.0
16063,375,17.945454545454545,15.544642857142858,15.0,4.6,0.0,16.1,93.0
16963,375,17.875,15.5,15.0,4.6,0.0,16.1,93.0
17863,375,17.804545454545455,30.809090909090905,25.24909090909091,4.6,0.0,16.1,93.0
18763,375,18.222916666666663,39.67924528301887,37.83207547169811,4.6,0.0,8.0,93.0
19663,375,18.73090909090909,51.45522388059702,47.095522388059706,4.7,0.0,6.4,94.0
20563,375,19.333962264150944,54.30769230769231,50.50769230769231,4.9,0.0,11.3,93.0
21463,375,19.75777777777778,46.669117647058826,44.11911764705882,5.4,0.0,6.4,92.0
22363,375,19.95254237288136,48.25735294117647,45.96617647058824,5.6,0.0,8.0,92.0
23263,375,20.057142857142857,47.99122807017544,45.08245614035088,5.4,0.0,1.6,91.0
24163,375,20.140625,45.8625,43.6075,5.3,0.0,3.2,92.0
25063,375,20.21923076923077,46.4921875,43.559375,5.1,0.0,3.2,92.0
25963,375,20.36734693877551,48.79508196721312,45.903278688524594,4.8,0.0,3.2,92.0
26863,375,20.58214285714286,44.52173913043478,41.31884057971014,4.3,0.0,1.6,93.0
27763,375,20.69767441860465,43.65873015873016,41.47936507936508,4.1,0.0,1.6,94.0
28663,375,20.861538461538466,38.785714285714285,38.27301587301587,3.8,0.0,3.2,94.0
29563,375,20.363636363636363,30.74264705882353,30.048529411764708,3.7,0.0,0.0,95.0
30463,375,20.1625,25.3359375,24.1828125,3.8,0.0,0.0,95.0
31363,375,19.81864406779661,21.319444444444446,19.906944444444445,3.8,0.0,0.0,95.0
32263,375,19.48125,19.37878787878788,18.30454545454545,3.6,2.0,3.2,95.0
33163,375,19.19508196721312,18.2734375,17.4875,3.6,7.0,0.0,95.0
34063,375,18.92758620689656,17.606060606060606,16.915151515151514,3.6,11.0,1.6,95.0
34963,375,18.709230769230768,17.071428571428573,16.496825396825397,3.6,13.0,3.2,96.0
35863,375,18.54153846153846,16.78030303030303,16.195454545454545,3.6,20.0,3.2,96.0
36763,375,18.384126984126983,16.5,15.952238805970149,3.7,32.0,4.8,96.0
37663,375,18.25,16.5,15.8,3.7,27.0,4.8,96.0
38563,375,18.150877192982456,16.036764705882355,15.552941176470588,3.6,31.0,3.2,96.0
39463,375,18.046268656716418,16.0,15.49705882352941,3.7,32.0,4.8,96.0
40363,375,17.95,16.0,15.33125,3.8,35.0,3.2,96.0
41263,375,17.86769230769231,16.0,15.3,3.7,24.0,4.8,96.0
42163,375,17.8,16.0,15.212307692307691,3.6,26.0,4.8,96.0
43063,375,17.7140625,15.669117647058822,15.0,3.5,33.0,4.8,96.0
43963,375,17.667213114754098,15.5,15.0,3.4,34.0,4.8,96.0
44863,375,17.6,15.5,15.0,3.6,50.0,4.8,96.0
45763,375,17.52,15.5,14.938888888888888,3.6,51.0,4.8,96.0
46663,375,17.488524590163934,15.5,14.806060606060608,3.7,47.0,4.8,96.0
47563,375,17.4,15.5,14.8,3.7,41.0,3.2,96.0
48463,375,17.365625,15.5,14.8,3.7,44.0,3.2,96.0
49363,375,17.3,15.5,14.8,3.7,40.0,3.2,96.0
50263,375,17.246666666666666,15.5,14.8,3.8,35.0,3.2,96.0
51163,375,17.2,15.5,14.63943661971831,3.8,31.0,3.2,96.0
52063,375,17.129850746268655,15.483050847457628,14.5,3.8,24.0,3.2,96.0
52963,375,17.09848484848485,15.178082191780822,14.5,3.8,30.0,4.8,96.0
53863,375,17.0015625,15.0,14.5,3.9,26.0,4.8,96.0
54763,375,16.97868852459016,15.0,14.5,3.8,18.0,4.8,96.0
55663,375,16.9,15.0,14.5,3.8,12.0,4.8,96.0
56563,375,16.880597014925375,15.0,14.457575757575755,3.7,11.0,6.4,96.0
57463,375,16.8,15.0,14.414705882352942,3.6,5.0,6.4,96.0
58363,375,16.8,15.0,14.310714285714289,3.6,0.0,6.4,96.0
59263,375,16.728813559322035,29.925,23.56,3.5,0.0,6.4,96.0
60163,375,17.156666666666666,51.22857142857144,46.85142857142857,3.4,0.0,4.8,96.0
61063,375,18.15576923076923,53.475,49.94,3.3,0.0,4.8,96.0
61963,375,18.791935483870965,53.731884057971016,50.19855072463768,3.3,0.0,3.2,96.0
62863,375,19.317857142857143,55.1,51.42181818181818,3.3,0.0,4.8,96.0
63763,375,19.76031746031746,52.22321428571429,49.73392857142857,3.1,0.0,3.2,97.0
64663,375,20.005000000000003,52.90769230769231,49.449230769230766,3.0,0.0,4.8,97.0
65563,375,20.303125,54.469696969696976,51.38181818181819,2.8,0.0,6.4,97.0
66463,375,20.55573770491804,49.07462686567165,46.81194029850746,2.7,0.0,8.0,97.0
67363,375,20.631818181818183,50.35245901639344,48.02459016393443,2.5,0.0,6.4,97.0
68263,375,20.7,52.169117647058826,48.85294117647059,2.5,0.0,6.4,97.0
69163,375,20.835,51.13709677419355,48.97903225806452,2.4,0.0,6.4,97.0
70063,375,20.85833333333333,45.669230769230765,44.27230769230769,2.3,0.0,6.4,97.0
70963,375,20.666666666666664,39.25,37.44193548387097,2.4,0.0,6.4,98.0
71863,375,20.45,39.72727272727273,38.48484848484848,2.4,0.0,6.4,98.0
72763,375,20.316666666666663,36.96153846153847,36.61538461538461,2.4,0.0,6.4,98.0
73663,375,20.1,39.642857142857146,37.95357142857143,2.4,0.0,6.4,97.0
74563,375,20.016666666666666,41.41538461538461,40.12615384615385,2.4,0.0,6.4,97.0
75463,375,20.0,40.276119402985074,38.85223880597015,2.5,0.0,6.4,97.0
76363,375,19.996226415094338,42.24626865671642,40.54179104477612,2.5,0.0,6.4,96.0
77263,375,20.29649122807017,50.02307692307692,47.003076923076925,2.3,0.0,8.0,97.0
78163,375,20.5,44.072580645161295,42.61935483870968,2.2,0.0,6.4,97.0
79063,375,20.48333333333333,43.65384615384615,39.59230769230769,2.2,0.0,6.4,97.0
79963,375,20.62272727272727,49.11194029850746,46.6089552238806,2.2,0.0,6.4,97.0
80863,375,20.76304347826087,45.326086956521735,43.07971014492754,2.2,0.0,6.4,97.0
81763,375,20.73333333333333,34.23880597014925,33.1,2.2,0.0,6.4,97.0
82663,375,20.53061224489796,27.36290322580645,26.337096774193547,2.2,0.0,6.4,97.0
83563,375,20.185,22.85185185185185,21.75925925925926,2.1,0.0,6.4,97.0
84463,375,19.96363636363636,21.25714285714286,21.462857142857143,2.1,0.0,6.4,97.0
85363,375,20.70925925925926,21.09848484848485,22.26060606060605,2.1,0.0,4.8,97.0
86263,375,20.026984126984125,20.216417910447763,19.952238805970147,2.1,0.0,6.4,97.0
763,376,19.56212121212121,18.661538461538463,17.841538461538462,2.1,0.0,4.8,96.0
1663,376,19.239705882352943,17.816176470588236,17.141176470588235,2.2,0.0,4.8,97.0
2563,376,18.968333333333334,17.328358208955223,16.68358208955224,2.4,0.0,4.8,96.0
3463,376,18.71212121212121,17.0,16.364615384615384,2.3,0.0,4.8,96.0
4363,376,18.526984126984125,16.57258064516129,16.043548387096774,2.4,0.0,6.4,96.0
5263,376,18.36716417910448,16.5,15.821875,2.4,0.0,6.4,96.0
6163,376,18.229850746268657,16.26865671641791,15.602985074626869,2.4,0.0,6.4,95.0
7063,376,18.109259259259257,16.0,15.49402985074627,2.3,0.0,6.4,95.0
7963,376,17.9955223880597,16.0,15.305882352941175,2.3,0.0,6.4,95.0
8863,376,17.88923076923077,16.0,15.3,2.3,0.0,6.4,95.0
9763,376,17.8,16.0,15.053731343283582,2.3,0.0,6.4,95.0
10663,376,17.723809523809525,15.73846153846154,15.0,2.6,0.0,8.0,95.0
11563,376,17.65076923076923,15.5,15.0,2.6,0.0,6.4,95.0
12463,376,17.593548387096774,15.5,15.0,2.8,0.0,6.4,94.0
13363,376,17.5,15.5,14.916923076923078,2.7,0.0,6.4,94.0
14263,376,17.43846153846154,15.5,14.8,3.0,0.0,8.0,93.0
15163,376,17.4,15.5,14.8,3.1,0.0,9.7,92.0
16063,376,17.305263157894736,15.5,14.8,3.3,0.0,6.4,91.0
16963,376,17.276666666666667,15.5,14.8,3.4,0.0,6.4,91.0
17863,376,17.2203125,31.292857142857144,25.85714285714285,3.4,0.0,6.4,91.0
18763,376,17.8,51.8125,48.8359375,3.2,0.0,8.0,91.0
19663,376,18.611764705882354,52.24285714285715,49.55285714285714,3.3,0.0,8.0,91.0
20563,376,19.215254237288136,53.52272727272727,50.61818181818182,3.3,0.0,9.7,91.0
21463,376,19.670689655172414,48.63492063492063,46.68253968253968,3.2,0.0,8.0,90.0
22363,376,19.95098039215686,46.83582089552239,45.32238805970149,3.3,0.0,8.0,90.0
23263,376,20.107843137254903,47.2089552238806,44.88507462686567,3.2,0.0,8.0,90.0
24163,376,20.23469387755102,44.0390625,42.46875,3.2,0.0,9.7,90.0
25063,376,20.35576923076924,46.39393939393939,43.69545454545455,3.3,0.0,8.0,90.0
25963,376,20.51509433962264,48.97014925373134,47.01641791044776,3.3,0.0,9.7,89.0
26863,376,20.65,48.21969696969697,45.67575757575757,3.3,0.0,8.0,89.0
27763,376,20.73846153846154,46.723880597014926,44.940298507462686,3.4,0.0,8.0,89.0
28663,376,20.883823529411764,44.73484848484848,42.96515151515151,3.6,0.0,8.0,89.0
29563,376,20.838805970149256,34.343283582089555,34.58358208955224,3.7,0.0,6.4,89.0
30463,376,20.59491525423729,26.70634920634921,25.59365079365079,3.8,0.0,4.8,89.0
31363,376,20.17460317460317,22.16923076923077,20.71384615384616,3.8,5.0,4.8,89.0
32263,376,19.744927536231884,19.79285714285714,18.52857142857143,3.7,5.0,6.4,89.0
33163,376,19.37540983606557,18.543478260869566,17.607246376811595,3.7,14.0,6.4,89.0
34063,376,19.078125,17.74264705882353,16.991176470588236,3.8,32.0,4.8,89.0
34963,376,18.79117647058824,17.202898550724637,16.569565217391304,3.9,39.0,4.8,89.0
35863,376,18.5375,16.84375,16.20625,4.1,49.0,4.8,89.0
36763,376,18.352941176470587,16.5,15.95,4.1,49.0,4.8,89.0
37663,376,18.165671641791043,16.5,15.8,4.0,25.0,6.4,89.0
38563,376,18.030434782608697,16.03076923076923,15.51846153846154,3.9,26.0,6.4,89.0
39463,376,17.887301587301586,16.0,15.43939393939394,3.9,33.0,6.4,89.0
40363,376,17.78970588235294,16.0,15.3,3.9,62.0,8.0,89.0
41263,376,17.696666666666665,16.0,15.223880597014926,4.0,54.0,4.8,89.0
42163,376,17.601724137931036,15.766129032258064,15.0,4.2,65.0,4.8,88.0
43063,376,17.52741935483871,15.5,15.0,4.5,51.0,4.8,87.0
43963,376,17.46212121212121,15.5,14.963636363636365,4.6,33.0,4.8,87.0
44863,376,17.4,15.5,14.8,4.8,51.0,1.6,87.0
45763,376,17.31641791044776,15.5,14.8,5.0,53.0,0.0,87.0
46663,376,17.288888888888888,15.5,14.8,5.1,42.0,3.2,87.0
47563,376,17.2,15.5,14.8,5.2,44.0,1.6,86.0
48463,376,17.16716417910448,15.5,14.677272727272728,5.3,37.0,3.2,85.0
49363,376,17.1,15.5,14.5,5.4,32.0,1.6,85.0
50263,376,17.034328358208956,15.44285714285714,14.5,5.4,28.0,3.2,86.0
51163,376,17.0,15.11764705882353,14.5,5.2,33.0,3.2,87.0
52063,376,16.925396825396824,15.0,14.5,5.2,37.0,0.0,88.0
52963,376,16.9,15.0,14.5,5.3,32.0,1.6,88.0
53863,376,16.848333333333333,15.0,14.497222222222224,5.1,21.0,4.8,89.0
54763,376,16.8,15.0,14.355384615384615,4.9,14.0,4.8,90.0
55663,376,16.75857142857143,16.071428571428573,14.671428571428573,4.7,9.0,3.2,90.0
56563,376,16.87741935483871,42.79508196721312,36.86065573770492,4.7,7.0,3.2,90.0
57463,376,17.552307692307693,48.421875,45.7953125,4.6,1.0,0.0,90.0
58363,376,18.17121212121212,51.08955223880597,48.22985074626866,4.6,0.0,0.0,90.0
59263,376,18.656060606060606,48.3134328358209,45.595522388059706,4.6,0.0,0.0,90.0
60163,376,19.187878787878788,53.17424242424242,49.48484848484848,4.6,0.0,0.0,91.0
61063,376,19.75151515151515,53.93846153846154,50.324615384615385,4.6,0.0,1.6,91.0
61963,376,20.171666666666667,52.65573770491803,49.68032786885246,4.7,0.0,0.0,91.0
62863,376,20.361764705882354,49.67164179104478,48.30149253731343,4.8,0.0,3.2,92.0
63763,376,20.465,48.0703125,46.321875,4.9,0.0,4.8,90.0
64663,376,20.6,47.02985074626866,45.146268656716416,4.7,0.0,3.2,90.0
65563,376,20.69830508474576,49.97692307692308,48.121538461538464,4.7,0.0,3.2,91.0
66463,376,20.83050847457627,43.18181818181818,42.1939393939394,4.6,0.0,3.2,91.0
67363,376,20.927692307692308,46.0625,45.3171875,4.6,0.0,4.8,92.0
68263,376,21.057142857142857,47.57857142857143,46.16142857142857,4.6,0.0,4.8,92.0
69163,376,21.07230769230769,42.06060606060606,41.6030303030303,4.4,0.0,4.8,93.0
70063,376,20.895833333333336,37.35820895522388,36.605970149253736,4.3,0.0,6.4,93.0
70963,376,20.71538461538461,34.87878787878788,34.8469696969697,4.3,0.0,6.4,93.0
71863,376,20.51515151515152,31.9609375,31.6984375,4.4,0.0,4.8,93.0
72763,376,20.3,31.49230769230769,31.13692307692308,4.5,0.0,4.8,93.0
73663,376,20.19838709677419,31.454545454545457,30.866666666666667,4.6,0.0,0.0,93.0
74563,376,20.10892857142857,35.19047619047619,32.425396825396824,4.6,0.0,1.6,93.0
75463,376,20.1,44.40909090909091,39.8,4.6,0.0,1.6,93.0
76363,376,20.28301886792453,51.40350877192982,48.55263157894737,4.4,0.0,4.8,93.0
77263,376,20.5125,47.420634920634924,45.37619047619047,4.3,0.0,8.0,93.0
78163,376,20.66734693877551,47.37096774193548,44.99516129032258,4.3,0.0,9.7,93.0
79063,376,20.796666666666667,52.50769230769231,48.82153846153846,4.1,0.0,11.3,93.0
79963,376,20.96551724137931,48.67910447761194,46.41940298507463,4.1,0.0,12.9,93.0
80863,376,21.0,44.26515151515152,41.554545454545455,4.1,0.0,12.9,93.0
81763,376,20.893939393939394,33.62096774193548,32.3483870967742,4.1,0.0,11.3,94.0
82663,376,20.66086956521739,27.216417910447763,25.586567164179105,4.3,0.0,11.3,95.0
83563,376,20.31864406779661,22.928571428571427,21.58428571428572,4.3,0.0,11.3,96.0
84463,376,19.9390625,20.5072463768116,19.468115942028984,4.3,0.0,11.3,96.0
85363,376,19.5875,19.00735294117647,18.236764705882354,4.2,0.0,12.9,96.0
86263,376,19.2796875,19.27941176470588,19.9,4.2,0.0,12.9,96.0
763,377,19.00983606557377,18.21969696969697,17.64090909090909,4.2,0.0,11.3,96.0
1663,377,18.78840579710145,17.397058823529413,16.71029411764706,4.2,0.0,6.4,96.0
2563,377,18.6515625,17.731884057971016,17.784057971014494,4.4,0.0,6.4,95.0
3463,377,18.554237288135592,17.224137931034484,16.70862068965517,4.4,0.0,6.4,95.0
4363,377,,,,3.9,0.0,9.7,96.0
5263,377,,,,3.9,0.0,9.7,96.0
6163,377,,,,4.6,0.0,12.9,94.0
7063,377,,,,4.8,0.0,12.9,93.0
7963,377,,,,4.9,0.0,11.3,93.0
8863,377,,,,5.2,0.0,9.7,91.0
9763,377,,,,5.3,0.0,11.3,91.0
10663,377,,,,5.4,0.0,9.7,91.0
11563,377,,,,4.9,0.0,8.0,92.0
12463,377,17.696610169491528,16.0,15.076363636363634,4.8,0.0,8.0,93.0
13363,377,17.6,15.9375,15.0,4.7,0.0,6.4,93.0
14263,377,17.56031746031746,15.5390625,15.0,4.7,0.0,6.4,93.0
15163,377,17.5,15.5,15.0,4.7,0.0,4.8,94.0
16063,377,17.433333333333334,15.5,15.0,4.4,0.0,4.8,95.0
16963,377,17.4,15.5,14.996969696969696,4.3,0.0,6.4,95.0
17863,377,17.348387096774193,31.515151515151512,26.056060606060605,4.0,0.0,6.4,96.0
18763,377,17.978461538461538,51.51428571428571,48.67714285714285,3.9,0.0,3.2,96.0
19663,377,18.903076923076924,52.30882352941177,49.87058823529412,4.0,0.0,4.8,97.0
20563,377,19.612280701754383,52.94776119402985,50.29850746268657,4.1,0.0,4.8,97.0
21463,377,20.026153846153846,44.838235294117645,43.35294117647059,4.2,0.0,4.8,97.0
22363,377,20.05942028985508,37.66129032258065,36.29838709677419,4.3,0.0,3.2,97.0
23263,377,19.907692307692308,30.82456140350877,30.089473684210525,4.3,0.0,0.0,97.0
24163,377,19.65147058823529,25.97887323943662,25.070422535211268,4.3,0.0,0.0,97.0
25063,377,19.292424242424243,24.28125,23.4515625,4.3,0.0,1.6,97.0
25963,377,18.97101449275362,26.096774193548384,23.9741935483871,4.2,0.0,4.8,97.0
26863,377,19.01746031746032,50.66935483870968,45.27096774193548,4.1,0.0,4.8,97.0
27763,377,19.61311475409836,53.5546875,50.965625,3.9,0.0,3.2,97.0
28663,377,20.063492063492063,42.3828125,41.359375,4.0,0.0,3.2,97.0
29563,377,20.0843137254902,31.654411764705884,31.45,4.1,0.0,1.6,97.0
30463,377,19.879310344827587,25.738461538461536,24.810769230769232,4.1,0.0,4.8,97.0
31363,377,19.59701492537313,22.1984126984127,21.02063492063492,4.1,0.0,1.6,97.0
32263,377,19.265625,19.93939393939394,18.96363636363636,4.2,5.0,3.2,97.0
33163,377,18.965671641791044,18.57246376811594,17.804347826086957,4.1,16.0,1.6,97.0
34063,377,18.68688524590164,17.753731343283583,17.080597014925374,4.3,26.0,4.8,97.0
34963,377,18.46984126984127,17.1984126984127,16.59047619047619,4.6,37.0,4.8,95.0
35863,377,18.298529411764708,16.934782608695652,16.28840579710145,5.6,40.0,8.0,87.0
36763,377,18.144117647058824,16.5,15.996969696969696,5.8,60.0,9.7,85.0
37663,377,18.021538461538466,16.5,15.803076923076924,6.1,58.0,14.5,82.0
38563,377,17.913846153846155,16.328358208955223,15.737313432835824,6.1,67.0,12.9,81.0
39463,377,17.80909090909091,16.0,15.5,6.3,132.0,16.1,79.0
40363,377,17.738805970149254,16.0,15.5,6.4,130.0,20.9,78.0
41263,377,17.684615384615384,16.0,15.334375,6.4,111.0,14.5,78.0
42163,377,17.6,16.0,15.3,6.4,114.0,16.1,78.0
43063,377,17.55625,16.0,15.3,6.3,107.0,20.9,78.0
43963,377,17.5,16.0,15.1327868852459,6.3,97.0,17.7,78.0
44863,377,17.475384615384616,15.653846153846157,15.0,6.4,139.0,12.9,78.0
45763,377,17.4,15.5,15.0,6.7,128.0,9.7,76.0
46663,377,17.391666666666666,15.5,15.0,6.6,125.0,14.5,76.0
47563,377,17.3,15.5,15.0,6.7,128.0,16.1,76.0
48463,377,17.298412698412697,15.5,14.88181818181818,6.4,93.0,17.7,77.0
49363,377,17.2,15.5,14.803030303030305,6.4,79.0,20.9,76.0
50263,377,17.2,15.5,14.8,6.4,72.0,17.7,76.0
51163,377,17.10483870967742,15.5,14.8,6.3,65.0,17.7,77.0
52063,377,17.088524590163935,15.5,14.8,6.2,49.0,19.3,77.0
52963,377,17.0,15.5,14.8,6.1,40.0,14.5,78.0
53863,377,16.966666666666665,15.5,14.8,5.9,33.0,12.9,78.0
54763,377,16.9,15.5,14.8,5.7,23.0,12.9,79.0
55663,377,16.860344827586207,15.5,14.754794520547946,5.6,18.0,16.1,80.0
56563,377,16.8,15.472972972972974,14.504054054054055,5.4,11.0,16.1,80.0
57463,377,16.77846153846154,15.344262295081966,14.5,5.2,0.0,16.1,81.0
58363,377,16.7,15.038461538461538,14.5,5.1,0.0,17.7,81.0
59263,377,16.6921875,25.57258064516129,20.641935483870967,4.7,0.0,16.1,82.0
60163,377,17.146031746031746,51.798507462686565,47.23283582089552,4.7,0.0,16.1,82.0
61063,377,18.058333333333334,53.4453125,49.95,4.8,0.0,16.1,81.0
61963,377,18.833870967741937,53.761538461538464,50.37230769230769,4.7,0.0,14.5,82.0
62863,377,19.503278688524592,53.36567164179105,50.62985074626866,4.8,0.0,14.5,82.0
63763,377,19.955,47.50757575757576,45.77121212121212,4.9,0.0,11.3,82.0
64663,377,20.331746031746032,50.05714285714286,48.565714285714286,5.1,0.0,12.9,82.0
65563,377,20.675757575757576,51.06716417910447,49.6089552238806,5.1,0.0,14.5,82.0
66463,377,20.933333333333334,50.84848484848485,49.64848484848485,5.1,0.0,14.5,82.0
67363,377,21.18769230769231,50.21641791044776,49.12985074626866,5.1,0.0,12.9,82.0
68263,377,21.3484375,51.01587301587302,49.48253968253968,4.9,0.0,16.1,82.0
69163,377,21.506451612903227,51.15753424657534,49.83287671232877,4.8,0.0,19.3,81.0
70063,377,21.58636363636364,48.86363636363636,48.04545454545455,4.7,0.0,22.5,81.0
70963,377,21.56764705882353,49.621428571428574,48.06142857142857,4.7,0.0,20.9,81.0
71863,377,21.527142857142856,52.33571428571429,48.23,4.6,0.0,20.9,81.0
72763,377,21.63548387096774,54.457142857142856,50.47,4.6,0.0,22.5,82.0
73663,377,21.73968253968254,54.52985074626865,50.56865671641791,4.6,0.0,14.5,82.0
74563,377,21.806060606060605,51.766666666666666,48.7,4.6,0.0,12.9,83.0
75463,377,21.9,51.0625,48.0984375,4.3,0.0,11.3,85.0
76363,377,21.944615384615386,51.86363636363636,48.93030303030303,4.4,0.0,12.9,85.0
77263,377,22.0,52.73134328358209,49.16865671641792,4.3,0.0,9.7,86.0
78163,377,22.003174603174603,54.23484848484848,50.9530303030303,4.4,0.0,12.9,87.0
79063,377,22.1671875,54.37096774193549,50.733870967741936,4.4,0.0,12.9,87.0
79963,377,22.37272727272727,53.0,49.826086956521735,4.3,0.0,11.3,87.0
80863,377,22.4875,49.03731343283582,45.9910447761194,4.2,0.0,9.7,85.0
81763,377,22.31428571428572,34.12878787878788,32.82121212121212,4.1,0.0,9.7,85.0
82663,377,21.74848484848485,27.1953125,27.015625,3.9,0.0,11.3,84.0
83563,377,21.253731343283583,23.602941176470587,21.855882352941176,3.7,0.0,12.9,85.0
84463,377,20.76825396825397,20.948529411764707,19.49558823529412,3.6,0.0,16.1,85.0
85363,377,20.32333333333333,19.433823529411764,18.32647058823529,3.5,0.0,16.1,85.0
86263,377,19.95714285714286,18.51639344262295,17.618032786885244,3.2,0.0,12.9,86.0
763,378,19.64375,18.194915254237287,17.903389830508473,2.9,0.0,17.7,87.0
1663,378,19.40625,18.0,17.70625,3.1,0.0,16.1,89.0
2563,378,19.224590163934423,17.369565217391305,16.666666666666664,3.2,0.0,14.5,89.0
3463,378,19.04590163934426,17.0,16.26865671641791,3.3,0.0,14.5,88.0
4363,378,18.8859375,16.738805970149254,16.0,3.3,0.0,14.5,88.0
5263,378,18.7375,16.5,15.8231884057971,3.1,0.0,16.1,89.0
6163,378,18.59,16.5,15.750746268656716,2.9,0.0,16.1,89.0
7063,378,18.46060606060606,16.5,15.5,2.9,0.0,12.9,89.0
7963,378,18.367605633802818,16.276923076923076,15.5,2.8,0.0,9.7,89.0
8863,378,18.3,16.884615384615383,16.156923076923075,2.7,0.0,9.7,89.0
9763,378,18.3,16.507462686567163,15.8955223880597,2.6,0.0,9.7,90.0
10663,378,18.24848484848485,16.5,15.8,2.5,0.0,12.9,90.0
11563,378,18.191803278688525,16.5,15.526865671641792,2.6,0.0,14.5,90.0
12463,378,18.1,16.186567164179102,15.5,2.3,0.0,17.7,91.0
13363,378,18.024615384615384,16.0,15.5,2.3,0.0,17.7,91.0
14263,378,17.962857142857143,16.0,15.49705882352941,2.8,0.0,19.3,92.0
15163,378,17.89402985074627,16.0,15.311764705882354,3.0,0.0,17.7,92.0
16063,378,17.8,16.0,15.3,3.1,0.0,19.3,91.0
16963,378,17.746969696969696,16.0,15.3,3.1,0.0,19.3,92.0
17863,378,17.7171875,33.985074626865675,28.27164179104478,3.3,0.0,19.3,92.0
18763,378,18.130769230769232,41.02830188679245,39.16415094339622,3.6,0.0,19.3,91.0
19663,378,18.6984375,52.16176470588236,48.04705882352941,3.7,0.0,19.3,90.0
20563,378,19.379710144927536,53.82352941176471,50.08529411764706,3.7,0.0,17.7,91.0
21463,378,19.94098360655737,50.1,47.48714285714286,3.6,0.0,16.1,90.0
22363,378,20.202985074626863,47.789855072463766,45.18985507246377,3.5,0.0,12.9,90.0
23263,378,20.35074626865672,45.82352941176471,42.58529411764706,3.6,0.0,16.1,90.0
24163,378,20.4,45.57462686567165,43.831343283582086,3.6,0.0,14.5,90.0
25063,378,20.4,40.83571428571428,38.52857142857143,3.4,0.0,11.3,90.0
25963,378,20.40952380952381,41.84848484848485,39.44545454545455,3.4,0.0,11.3,89.0
26863,378,20.5,44.246153846153845,41.29384615384616,3.4,0.0,9.7,89.0
27763,378,20.51774193548388,44.03076923076923,41.84461538461538,3.6,0.0,12.9,89.0
28663,378,20.6,41.18382352941176,39.14705882352941,3.6,0.0,11.3,89.0
29563,378,20.49180327868853,31.5,28.89714285714286,3.7,0.0,11.3,89.0
30463,378,20.244642857142857,25.753731343283583,25.09701492537313,3.8,0.0,12.9,89.0
31363,378,19.916666666666664,21.76086956521739,20.592753623188408,3.9,0.0,17.7,88.0
32263,378,19.428571428571427,20.174242424242426,20.51818181818182,4.0,5.0,14.5,88.0
33163,378,19.232,19.764705882352946,19.801470588235293,4.1,9.0,16.1,88.0
34063,378,18.90740740740741,18.174242424242426,17.227272727272727,4.2,14.0,16.1,88.0
34963,378,18.67741935483871,17.713235294117645,17.347058823529412,4.2,12.0,16.1,88.0
35863,378,18.524615384615384,17.507246376811594,17.075362318840583,4.3,9.0,12.9,88.0
36763,378,18.359016393442623,17.097014925373134,16.53283582089552,4.4,18.0,14.5,87.0
37663,378,18.23220338983051,17.007692307692306,16.46,4.4,21.0,12.9,87.0
38563,378,18.084375,16.169354838709676,15.403225806451612,4.4,21.0,9.7,87.0
39463,378,17.93181818181818,16.0,15.0,4.5,26.0,12.9,87.0
40363,378,17.811764705882354,16.0,15.0,4.6,47.0,11.3,87.0
41263,378,17.717741935483872,15.721428571428572,15.0,4.8,39.0,9.7,85.0
42163,378,17.638461538461538,15.5,14.86764705882353,4.8,51.0,9.7,85.0
43063,378,17.565151515151516,15.5,14.8,4.9,63.0,9.7,83.0
43963,378,17.5,15.5,14.8,5.3,56.0,9.7,82.0
44863,378,17.404761904761905,15.5,14.8,5.4,102.0,12.9,80.0
45763,378,17.4,15.5,14.8,5.5,81.0,12.9,80.0
46663,378,17.3328125,15.5,14.769117647058824,5.5,113.0,14.5,79.0
47563,378,17.3,15.538461538461538,14.812307692307693,5.5,91.0,16.1,80.0
48463,378,17.3,15.566176470588236,14.93235294117647,5.4,102.0,17.7,80.0
49363,378,17.236363636363638,17.54225352112676,16.177464788732394,5.4,104.0,20.9,79.0
50263,378,17.2,22.30597014925373,21.34328358208955,5.6,100.0,17.7,79.0
51163,378,17.2,26.54615384615385,25.06615384615385,5.6,107.0,16.1,79.0
52063,378,17.239344262295084,27.686567164179102,26.75820895522388,5.4,47.0,14.5,80.0
52963,378,17.334920634920636,29.8984375,28.396875,5.2,46.0,17.7,81.0
53863,378,17.401612903225807,30.08955223880597,28.62238805970149,5.2,26.0,19.3,81.0
54763,378,17.48709677419355,32.95161290322581,29.57258064516129,5.1,25.0,17.7,82.0
55663,378,17.528205128205126,31.463235294117645,30.01470588235294,5.0,14.0,14.5,82.0
56563,378,17.6,33.15,31.245,5.0,11.0,16.1,82.0
57463,378,17.658536585365855,31.87301587301588,30.47936507936508,4.9,0.0,12.9,83.0
58363,378,17.7,33.088235294117645,30.729411764705883,5.0,0.0,12.9,83.0
59263,378,17.696296296296296,27.695652173913043,26.573913043478264,4.9,0.0,11.3,84.0
60163,378,17.663492063492065,43.92857142857143,38.17619047619048,4.8,0.0,14.5,85.0
61063,378,18.31492537313433,53.3,49.04,4.7,0.0,14.5,85.0
61963,378,19.14333333333333,52.32857142857144,49.52285714285715,4.7,0.0,16.1,86.0
62863,378,19.330303030303032,48.84126984126984,46.54761904761905,4.6,0.0,16.1,87.0
63763,378,19.682539682539684,53.4179104477612,48.78358208955224,4.6,0.0,12.9,87.0
64663,378,20.125396825396827,50.72058823529412,46.95,4.8,0.0,12.9,86.0
65563,378,20.48196721311476,52.61940298507462,48.68805970149254,4.8,0.0,12.9,86.0
66463,378,20.7,40.46875,37.9546875,4.8,0.0,14.5,86.0
67363,378,20.50441176470588,34.86290322580645,31.846774193548384,4.8,0.0,17.7,86.0
68263,378,20.18059701492537,34.69047619047619,32.682539682539684,4.7,0.0,16.1,86.0
69163,378,19.92794117647059,33.8359375,32.1375,4.7,0.0,14.5,86.0
70063,378,19.712307692307693,33.23913043478261,31.39710144927536,4.7,0.0,11.3,86.0
70963,378,19.55223880597015,33.24626865671642,31.835820895522385,4.6,0.0,11.3,87.0
71863,378,19.47076923076923,33.21641791044776,31.62985074626866,4.7,0.0,12.9,87.0
72763,378,19.4,33.784615384615385,32.395384615384614,4.7,0.0,14.5,87.0
73663,378,19.4,33.58571428571428,32.19571428571429,4.9,0.0,16.1,86.0
74563,378,19.4,34.25396825396825,32.973015873015875,4.9,0.0,16.1,86.0
75463,378,19.4,34.246153846153845,32.77384615384615,4.9,0.0,16.1,86.0
76363,378,19.458823529411767,38.57462686567165,35.47014925373134,4.9,0.0,17.7,86.0
77263,378,19.84705882352941,51.81159420289855,47.56376811594203,4.9,0.0,24.1,86.0
78163,378,20.407692307692308,51.35820895522388,48.60149253731343,4.8,0.0,24.1,87.0
79063,378,20.7,40.11029411764706,37.11176470588235,4.9,0.0,25.7,87.0
79963,378,20.7,42.64615384615384,39.70923076923077,4.9,0.0,24.1,87.0
80863,378,20.69032258064516,37.47857142857143,34.955714285714286,4.9,0.0,27.4,87.0
81763,378,20.538709677419355,29.087301587301585,27.03174603174603,4.9,0.0,27.4,87.0
82663,378,20.232857142857146,25.00793650793651,24.776190476190475,4.9,0.0,22.5,87.0
83563,378,19.84126984126984,21.470149253731343,20.122388059701493,5.0,0.0,20.9,87.0
84463,378,20.213432835820896,20.333333333333336,20.775362318840585,4.8,0.0,24.1,88.0
85363,378,20.18059701492537,19.803030303030305,19.90757575757576,4.8,0.0,22.5,89.0
86263,378,19.428358208955224,18.416666666666664,17.716666666666665,4.9,0.0,24.1,88.0
763,379,19.068253968253966,17.564285714285713,16.785714285714285,4.9,0.0,16.1,88.0
1663,379,18.785074626865672,17.0,16.358823529411765,4.9,0.0,16.1,89.0
2563,379,18.504615384615384,16.673913043478258,15.9768115942029,4.9,0.0,14.5,89.0
3463,379,18.26363636363636,21.213235294117645,19.963235294117645,5.0,0.0,9.7,89.0
4363,379,18.07462686567164,26.47887323943662,24.8774647887324,5.0,0.0,9.7,89.0
5263,379,17.998529411764707,29.54615384615385,27.29076923076923,5.0,0.0,12.9,89.0
6163,379,17.90153846153846,24.5,21.983561643835618,5.1,0.0,11.3,89.0
7063,379,17.830434782608698,20.378571428571423,18.62,5.1,0.0,16.1,89.0
7963,379,17.74126984126984,18.307142857142857,17.22714285714286,5.0,0.0,17.7,89.0
8863,379,17.626153846153848,21.791044776119403,20.932835820895523,4.9,0.0,22.5,90.0
9763,379,17.547761194029853,26.36764705882353,24.933823529411764,4.8,0.0,22.5,90.0
10663,379,17.5,27.536764705882355,26.069117647058825,4.7,0.0,27.4,90.0
11563,379,17.5,30.3,28.35285714285714,4.7,0.0,24.1,91.0
12463,379,17.5,26.801470588235293,24.751470588235293,4.7,0.0,29.0,90.0
13363,379,17.5,20.984615384615385,19.30307692307692,4.7,0.0,25.7,89.0
14263,379,17.40793650793651,18.417910447761194,17.391044776119404,4.7,0.0,25.7,89.0
15163,379,17.307246376811595,20.0,19.094117647058823,4.7,0.0,25.7,89.0
16063,379,17.208823529411767,25.0,23.84925373134329,4.6,0.0,30.6,89.0
16963,379,17.2,28.20769230769231,26.67076923076923,4.6,0.0,32.2,89.0
17863,379,17.2,28.97887323943662,27.64647887323944,4.4,0.0,29.0,89.0
18763,379,17.263076923076923,31.22058823529412,29.579411764705885,4.3,0.0,25.7,89.0
19663,379,17.3,30.53968253968254,29.107936507936508,4.4,0.0,29.0,88.0
20563,379,17.38235294117647,32.7,30.97230769230769,4.4,0.0,27.4,88.0
21463,379,17.466666666666665,41.06818181818182,37.32272727272728,4.4,0.0,29.0,88.0
22363,379,17.919696969696968,46.47058823529412,44.36323529411764,4.4,0.0,30.6,88.0
23263,379,18.25555555555556,37.64615384615384,34.160000000000004,4.4,0.0,29.0,88.0
24163,379,18.38358208955224,36.45652173913044,34.8463768115942,4.4,0.0,25.7,88.0
25063,379,18.4,38.63768115942029,36.685507246376815,4.3,0.0,22.5,89.0
25963,379,18.538235294117648,51.75735294117648,46.95294117647059,4.1,0.0,24.1,90.0
26863,379,18.9828125,53.463235294117645,50.17058823529412,4.3,0.0,25.7,88.0
27763,379,19.372307692307693,52.30882352941177,48.925,4.3,0.0,27.4,88.0
28663,379,19.74,50.39705882352941,47.81029411764706,4.6,0.0,30.6,86.0
29563,379,19.92121212121212,46.05833333333333,43.24333333333333,4.6,0.0,30.6,86.0
30463,379,20.04754098360656,42.86923076923077,40.815384615384616,4.2,7.0,32.2,86.0
31363,379,20.016666666666666,37.8359375,37.0875,4.1,9.0,30.6,87.0
32263,379,19.759420289855072,33.53846153846153,32.50769230769231,4.1,12.0,32.2,87.0
33163,379,19.404615384615383,31.964788732394368,30.90422535211268,4.2,14.0,33.8,87.0
34063,379,19.1984126984127,42.82142857142857,38.16428571428572,4.2,12.0,30.6,88.0
34963,379,19.461428571428574,49.29850746268657,45.93134328358209,4.1,16.0,25.7,88.0
35863,379,19.7,38.00769230769231,35.95076923076923,4.1,19.0,24.1,89.0
36763,379,19.68769230769231,35.05,33.50571428571429,4.2,26.0,24.1,89.0
37663,379,19.52272727272728,30.9469696969697,29.5469696969697,4.4,35.0,20.9,89.0
38563,379,19.3046875,30.253521126760564,29.11830985915493,4.6,47.0,17.7,89.0
39463,379,19.0939393939394,28.272058823529413,27.125,4.9,35.0,25.7,89.0
40363,379,19.08484848484849,43.30147058823529,37.62058823529412,4.9,37.0,30.6,88.0
41263,379,19.452238805970147,43.60294117647059,41.98676470588235,4.8,30.0,30.6,89.0
42163,379,19.6,36.67142857142857,34.81142857142857,4.9,25.0,30.6,89.0
43063,379,19.571875,34.46268656716418,33.11940298507463,4.9,33.0,35.4,89.0
43963,379,19.45441176470588,33.16901408450704,32.00845070422535,4.9,37.0,37.0,89.0
44863,379,19.316666666666663,32.06153846153846,30.73076923076924,4.9,49.0,35.4,88.0
45763,379,19.16515151515152,31.774647887323944,30.63943661971831,4.9,84.0,30.6,88.0
46663,379,19.043636363636363,30.361538461538466,29.07846153846154,5.0,84.0,30.6,88.0
47563,379,18.93939393939394,29.52307692307692,28.584615384615383,5.1,83.0,29.0,88.0
48463,379,18.86190476190476,36.45522388059702,33.88955223880597,5.2,72.0,30.6,87.0
49363,379,18.9,31.61904761904762,30.923809523809524,5.1,58.0,29.0,87.0
50263,379,18.819402985074625,27.060606060606062,26.13636363636364,4.9,58.0,27.4,88.0
51163,379,18.66875,25.588235294117645,24.830882352941178,4.8,46.0,30.6,88.0
52063,379,18.531884057971016,23.775362318840585,23.069565217391304,4.8,37.0,20.9,89.0
52963,379,18.45692307692308,44.0,38.13870967741936,4.8,28.0,27.4,89.0
53863,379,19.01159420289855,50.169230769230765,47.86769230769231,4.7,16.0,29.0,89.0
54763,379,19.36865671641791,37.68382352941176,35.786764705882355,4.7,14.0,29.0,89.0
55663,379,19.41692307692308,34.0,32.86716417910448,4.7,14.0,27.4,89.0
56563,379,19.34754098360656,31.909090909090907,30.859090909090902,4.9,5.0,30.6,89.0
57463,379,19.20151515151515,29.67910447761194,28.734328358208955,4.8,0.0,30.6,89.0
58363,379,19.03076923076923,29.19117647058824,28.182352941176468,4.8,0.0,29.0,89.0
59263,379,18.85735294117647,28.234375,27.11875,5.2,0.0,33.8,87.0
60163,379,18.71969696969697,31.25735294117647,28.26029411764706,5.2,0.0,32.2,88.0
61063,379,18.84426229508197,52.38235294117648,48.30294117647058,5.3,0.0,29.0,88.0
61963,379,19.288059701492536,45.77205882352941,44.06617647058824,5.1,0.0,33.8,88.0
62863,379,19.485714285714288,38.60769230769231,36.73692307692308,5.1,0.0,35.4,88.0
63763,379,19.48985507246377,35.73134328358209,34.3955223880597,5.1,0.0,33.8,88.0
64663,379,19.37538461538461,32.088235294117645,30.88088235294118,5.2,0.0,35.4,88.0
65563,379,19.253846153846155,30.66923076923077,29.61692307692308,5.1,0.0,35.4,89.0
66463,379,19.1327868852459,29.660714285714285,28.59642857142857,4.8,0.0,40.2,90.0
67363,379,19.014545454545456,29.647058823529413,28.56617647058824,4.8,0.0,45.1,90.0
68263,379,18.91754385964912,28.436507936507933,27.37301587301588,5.0,0.0,43.5,89.0
69163,379,18.83050847457627,33.82352941176471,30.22058823529412,5.1,0.0,43.5,88.0
70063,379,19.079032258064515,52.7,49.07833333333333,5.2,0.0,45.1,87.0
70963,379,19.53880597014925,47.82089552238806,45.71194029850746,5.5,0.0,53.1,86.0
71863,379,19.78,42.887931034482754,40.8051724137931,5.4,0.0,49.9,87.0
72763,379,19.8,39.28787878787879,37.53333333333333,5.4,0.0,49.9,88.0
73663,379,19.734328358208955,35.082089552238806,33.37611940298508,5.1,0.0,48.3,90.0
74563,379,19.56417910447761,33.05384615384615,31.81230769230769,5.1,0.0,46.7,90.0
75463,379,19.41230769230769,30.044117647058822,28.68382352941176,4.8,0.0,48.3,92.0
76363,379,19.2484375,29.424242424242426,28.045454545454543,4.7,0.0,40.2,93.0
77263,379,19.08253968253968,28.507936507936503,26.93809523809524,4.8,0.0,46.7,92.0
78163,379,18.96212121212121,31.378571428571423,28.04142857142857,4.9,0.0,49.9,92.0
79063,379,19.1179104477612,53.05147058823529,47.80882352941176,4.9,0.0,46.7,93.0
79963,379,19.61896551724137,46.373134328358205,43.24029850746269,5.0,0.0,45.1,93.0
80863,379,19.863636363636363,41.25,38.56617647058824,5.4,0.0,38.6,93.0
81763,379,19.9,40.42424242424242,38.2030303030303,5.6,0.0,41.8,93.0
82663,379,20.017857142857142,35.52238805970149,32.81791044776119,5.7,0.0,37.0,92.0
83563,379,19.95820895522388,26.63636363636364,23.5,5.9,0.0,37.0,92.0
84463,379,19.71692307692308,21.866666666666667,20.151666666666667,6.2,0.0,40.2,92.0
85363,379,19.486153846153847,21.67692307692308,22.380000000000003,6.2,0.0,41.8,93.0
86263,379,19.227272727272727,19.551470588235293,18.969117647058823,6.4,0.0,41.8,93.0
763,380,18.97058823529412,18.216417910447763,17.483582089552236,6.5,0.0,38.6,93.0
1663,380,18.74029850746269,17.546153846153846,16.803076923076922,6.9,0.0,35.4,92.0
2563,380,18.53030303030303,17.007462686567163,16.4044776119403,7.3,0.0,40.2,92.0
3463,380,18.35147058823529,16.798507462686565,16.15223880597015,7.4,0.0,33.8,92.0
4363,380,18.171875,16.5,15.942028985507246,7.5,0.0,30.6,92.0
5263,380,18.03333333333333,16.5,15.8,7.8,0.0,24.1,92.0
6163,380,17.912244897959184,16.5,15.714285714285714,8.0,0.0,25.7,92.0
7063,380,,,,8.3,0.0,32.2,91.0
7963,380,,,,8.2,0.0,30.6,91.0
8863,380,,,,8.2,0.0,33.8,92.0
9763,380,,,,8.2,0.0,33.8,92.0
10663,380,,,,7.9,0.0,27.4,91.0
11563,380,,,,7.7,0.0,27.4,91.0
12463,380,,,,7.6,0.0,25.7,93.0
13363,380,,,,7.4,0.0,22.5,93.0
14263,380,,,,7.3,0.0,17.7,93.0
15163,380,17.18,15.5,15.0,7.3,0.0,20.9,94.0
16063,380,17.1,15.5,15.0,7.2,0.0,19.3,95.0
16963,380,17.059420289855073,15.5,14.940540540540542,7.1,0.0,11.3,95.0
17863,380,17.0,15.5,14.802777777777775,6.5,0.0,17.7,95.0
18763,380,16.94090909090909,15.5,14.8,6.4,0.0,16.1,94.0
19663,380,16.92058823529412,30.616438356164384,25.46849315068493,6.5,0.0,9.7,95.0
20563,380,17.447692307692307,46.74264705882353,45.14264705882353,6.5,0.0,19.3,94.0
21463,380,17.96231884057971,39.838235294117645,38.09411764705882,6.2,0.0,16.1,95.0
22363,380,18.39848484848485,50.47727272727273,46.49090909090909,6.1,0.0,16.1,94.0
23263,380,18.965625,40.91803278688525,38.42622950819673,6.1,0.0,12.9,94.0
24163,380,19.10151515151515,29.604477611940297,27.328358208955223,6.1,0.0,16.1,93.0
25063,380,19.02307692307692,24.49305555555556,23.25138888888889,5.7,0.0,16.1,94.0
25963,380,18.81846153846154,20.698529411764707,19.405882352941177,5.5,0.0,17.7,94.0
26863,380,18.58636363636364,18.63043478260869,17.669565217391302,5.4,0.0,17.7,94.0
27763,380,18.35909090909091,19.649253731343286,19.019402985074628,5.5,0.0,16.1,94.0
28663,380,18.2,25.81617647058824,23.175,5.5,0.0,16.1,93.0
29563,380,18.253731343283583,27.73076923076924,25.404615384615383,5.4,0.0,12.9,93.0
30463,380,18.25873015873016,26.5859375,25.059375,5.1,0.0,12.9,93.0
31363,380,18.11911764705882,20.807692307692307,19.384615384615383,5.0,5.0,9.7,94.0
32263,380,17.935384615384613,18.435714285714287,17.39142857142857,4.7,7.0,8.0,94.0
33163,380,17.74923076923077,17.242424242424242,16.46969696969697,4.6,11.0,9.7,94.0
34063,380,17.57462686567164,16.566176470588236,15.897058823529411,4.4,12.0,9.7,94.0
34963,380,17.424242424242426,16.109375,15.5515625,4.6,40.0,16.1,93.0
35863,380,17.269117647058824,16.0,15.337142857142856,5.1,54.0,14.5,92.0
36763,380,17.15223880597015,15.731884057971016,15.165217391304347,5.3,54.0,14.5,91.0
37663,380,17.033846153846152,15.5,15.0,5.3,46.0,9.7,90.0
38563,380,16.928358208955224,15.5,14.922222222222222,5.3,33.0,14.5,90.0
39463,380,16.856451612903225,15.5,14.8,5.5,104.0,16.1,92.0
40363,380,16.8,15.5,14.8,5.4,26.0,17.7,92.0
41263,380,16.734920634920634,15.5,14.771875,4.6,200.0,12.9,92.0
42163,380,16.7,15.5,14.536363636363635,4.8,90.0,12.9,93.0
43063,380,16.603076923076923,15.25,14.5,5.2,130.0,12.9,92.0
43963,380,16.6,15.0,14.5,5.3,153.0,14.5,90.0
44863,380,16.521428571428572,15.0,14.5,5.7,155.0,14.5,88.0
45763,380,16.5,15.0,14.5,5.6,144.0,19.3,88.0
46663,380,16.49402985074627,15.0,14.47741935483871,5.4,79.0,24.1,85.0
47563,380,16.408064516129034,15.0,14.352941176470589,5.3,172.0,19.3,88.0
48463,380,16.4,15.0,14.3,5.0,70.0,20.9,87.0
49363,380,16.39848484848485,15.0,14.3,4.8,102.0,20.9,88.0
50263,380,16.3,15.0,14.3,4.8,53.0,24.1,87.0
51163,380,16.3,15.0,14.3,4.7,47.0,24.1,87.0
52063,380,16.21044776119403,15.0,14.3,4.8,39.0,19.3,85.0
52963,380,16.2,15.0,14.3,4.7,35.0,16.1,85.0
53863,380,16.161764705882355,15.0,14.14090909090909,4.2,23.0,22.5,85.0
54763,380,16.1,15.0,14.0,4.1,18.0,22.5,85.0
55663,380,16.059420289855073,14.99264705882353,14.0,4.0,35.0,22.5,86.0
56563,380,16.0,14.735294117647058,14.0,4.1,11.0,22.5,87.0
57463,380,15.95735294117647,14.5,14.0,3.6,7.0,25.7,86.0
58363,380,15.9,14.5,14.0,3.4,0.0,24.1,86.0
59263,380,15.904347826086957,30.22058823529412,24.92794117647059,3.3,0.0,25.7,87.0
60163,380,16.55294117647059,45.323076923076925,43.97384615384616,3.3,0.0,20.9,87.0
61063,380,17.342424242424244,50.48461538461539,46.88769230769231,2.7,0.0,24.1,90.0
61963,380,18.13015873015873,47.4179104477612,44.84029850746269,2.8,0.0,20.9,90.0
62863,380,18.563636363636363,38.75373134328358,36.31940298507463,2.8,0.0,19.3,90.0
63763,380,18.7,37.11486486486486,35.75945945945946,2.8,0.0,16.1,90.0
64663,380,18.577611940298507,29.159090909090907,27.040909090909093,2.6,0.0,16.1,92.0
65563,380,18.344117647058823,22.397058823529413,20.82058823529412,2.4,0.0,19.3,92.0
66463,380,18.06,19.716417910447763,19.344776119402987,2.4,0.0,20.9,92.0
67363,380,17.798461538461538,22.02238805970149,21.75970149253732,2.3,0.0,20.9,92.0
68263,380,17.58103448275862,21.99242424242424,21.295454545454547,2.4,0.0,16.1,92.0
69163,380,17.361016949152543,22.666666666666664,21.82982456140351,2.2,0.0,19.3,93.0
70063,380,17.172131147540984,22.45522388059701,21.62686567164179,2.0,0.0,17.7,94.0
70963,380,17.016129032258064,23.07692307692308,22.07692307692308,1.8,0.0,19.3,93.0
71863,380,16.9,30.7265625,26.61875,1.8,0.0,17.7,94.0
72763,380,17.35,48.8015873015873,47.62857142857143,2.1,0.0,19.3,93.0
73663,380,18.3875,49.51538461538461,49.44307692307692,1.8,0.0,14.5,93.0
74563,380,18.73333333333333,43.25384615384616,41.30461538461539,1.9,0.0,19.3,93.0
75463,380,18.893103448275863,37.838235294117645,35.63676470588236,1.9,0.0,20.9,93.0
76363,380,18.8728813559322,32.85294117647059,31.057352941176468,1.9,0.0,19.3,93.0
77263,380,18.683928571428574,29.5390625,28.021875,1.8,0.0,20.9,93.0
78163,380,18.41864406779661,27.67391304347826,26.65652173913044,1.7,0.0,19.3,93.0
79063,380,18.247916666666665,32.640625,29.875,1.6,0.0,27.4,93.0
79963,380,18.205405405405408,38.11940298507463,35.73880597014925,1.6,0.0,27.4,92.0
80863,380,18.329729729729728,39.54477611940298,36.82686567164179,1.4,0.0,20.9,92.0
81763,380,18.4,30.53030303030303,28.868181818181817,1.4,0.0,24.1,92.0
82663,380,18.36857142857143,24.2734375,23.0078125,1.6,0.0,22.5,91.0
83563,380,18.163265306122447,20.598591549295776,19.547887323943662,1.6,0.0,22.5,91.0
84463,380,18.03548387096774,19.917910447761194,21.182089552238807,1.6,0.0,19.3,91.0
85363,380,17.841269841269842,18.846774193548388,18.467741935483872,1.7,0.0,22.5,92.0
86263,380,17.63235294117647,17.47761194029851,16.77164179104478,1.7,0.0,17.7,92.0
763,381,17.434328358208955,16.69402985074627,16.034328358208956,1.4,0.0,19.3,93.0
1663,381,17.249253731343284,16.17142857142857,15.615714285714285,1.2,0.0,20.9,93.0
2563,381,17.085507246376814,16.0,15.352173913043478,1.2,0.0,25.7,93.0
3463,381,16.936507936507937,15.538461538461538,15.087692307692308,1.1,0.0,22.5,91.0
4363,381,16.81492537313433,15.5,14.984848484848484,1.1,0.0,19.3,91.0
5263,381,16.7,15.5,14.8,1.0,0.0,17.7,89.0
6163,381,16.58888888888889,15.371428571428572,14.748571428571427,0.9,0.0,17.7,90.0
7063,381,16.5,15.0,14.5,0.8,0.0,20.9,89.0
7963,381,16.4044776119403,15.0,14.5,0.8,0.0,17.7,89.0
8863,381,16.325,15.0,14.394285714285717,0.8,0.0,19.3,90.0
9763,381,16.242424242424242,15.0,14.3,0.9,0.0,22.5,90.0
10663,381,16.187878787878788,15.0,14.3,0.7,0.0,19.3,92.0
11563,381,16.1,15.0,14.13181818181818,0.7,0.0,20.9,94.0
12463,381,16.035820895522388,14.698529411764708,14.0,0.6,0.0,19.3,93.0
13363,381,15.98955223880597,14.5,14.0,0.6,0.0,17.7,92.0
14263,381,15.9,14.5,14.0,0.7,0.0,19.3,93.0
15163,381,15.852380952380951,14.5,13.974603174603176,0.8,0.0,22.5,92.0
16063,381,15.8,14.5,13.805882352941175,0.8,0.0,22.5,91.0
16963,381,15.741538461538465,14.5,13.8,0.7,0.0,19.3,91.0
17863,381,15.7,14.5,13.8,0.6,0.0,20.9,90.0
18763,381,15.615151515151515,14.5,13.8,0.6,0.0,17.7,90.0
19663,381,15.613636363636363,29.27611940298508,24.068656716417912,0.6,0.0,22.5,90.0
20563,381,16.080303030303032,43.78125,42.428125,0.8,0.0,24.1,90.0
21463,381,16.701612903225808,50.55555555555556,46.24722222222222,0.6,0.0,20.9,93.0
22363,381,17.456521739130434,43.97826086956522,41.14347826086957,0.5,0.0,17.7,93.0
23263,381,17.773529411764706,34.85507246376812,32.562318840579714,0.6,0.0,20.9,92.0
24163,381,17.8,32.97014925373134,31.52238805970149,0.6,0.0,25.7,94.0
25063,381,17.74153846153846,29.26119402985075,27.944776119402984,0.5,0.0,17.7,95.0
25963,381,17.557142857142857,26.13235294117647,25.233823529411765,0.6,0.0,22.5,95.0
26863,381,17.328125,24.171875,23.1546875,0.3,0.0,22.5,96.0
27763,381,17.155,24.397058823529413,23.53970588235294,0.3,0.0,14.5,96.0
28663,381,17.389473684210525,30.11194029850746,25.570149253731344,0.2,0.0,17.7,96.0
29563,381,17.246666666666666,36.535714285714285,33.097142857142856,0.4,0.0,22.5,95.0
30463,381,17.5,47.953125,44.8171875,0.5,0.0,20.9,95.0
31363,381,17.915555555555557,46.86231884057971,44.53333333333333,0.5,0.0,14.5,94.0
32263,381,18.219444444444445,47.32089552238806,44.81492537313433,0.4,0.0,9.7,95.0
33163,381,18.44390243902439,46.46969696969697,44.70454545454545,0.5,0.0,16.1,95.0
34063,381,18.58918918918919,48.06617647058824,45.52794117647058,0.4,7.0,17.7,95.0
34963,381,18.727027027027027,46.97857142857143,44.667142857142856,0.4,7.0,16.1,96.0
35863,381,18.87368421052632,47.54545454545455,44.96515151515151,0.4,23.0,19.3,95.0
36763,381,18.956818181818186,46.19852941176471,44.48529411764706,0.7,12.0,22.5,93.0
37663,381,19.007692307692302,48.1484375,45.5328125,0.8,19.0,20.9,91.0
38563,381,19.1,47.028985507246375,44.72463768115942,0.9,18.0,22.5,91.0
39463,381,19.107843137254903,47.50757575757576,44.9469696969697,0.9,16.0,24.1,90.0
40363,381,19.2,46.38970588235294,44.597058823529416,1.4,190.0,24.1,89.0
41263,381,19.2,48.04545454545455,45.57727272727273,1.4,93.0,24.1,88.0
42163,381,19.21764705882353,47.02272727272727,44.63939393939394,1.2,37.0,27.4,89.0
43063,381,19.3,47.26811594202898,44.79565217391304,1.0,102.0,30.6,91.0
43963,381,19.3,46.41666666666667,44.518181818181816,1.1,72.0,27.4,89.0
44863,381,19.3,48.14492753623188,45.58840579710145,0.8,35.0,29.0,89.0
45763,381,19.3,47.15151515151515,44.71060606060606,0.7,44.0,27.4,85.0
46663,381,19.3,45.6268656716418,43.52089552238806,0.8,88.0,24.1,85.0
47563,381,19.3,47.65217391304349,45.392753623188405,1.2,264.0,24.1,83.0
48463,381,19.353571428571428,47.72463768115942,45.03043478260869,1.0,135.0,29.0,85.0
49363,381,19.4,46.99264705882353,44.74117647058824,0.9,46.0,30.6,85.0
50263,381,19.4,46.731884057971016,44.41159420289855,0.9,37.0,30.6,86.0
51163,381,19.4,47.55797101449276,45.43333333333333,0.8,26.0,22.5,86.0
52063,381,19.4,47.74193548387097,45.15,0.7,26.0,32.2,86.0
52963,381,19.4,47.1865671641791,44.873134328358205,0.7,28.0,30.6,86.0
53863,381,19.4,46.7,44.378461538461536,0.4,14.0,25.7,88.0
54763,381,19.4,47.46268656716418,45.35970149253731,0.3,9.0,25.7,90.0
55663,381,19.4,47.90298507462687,45.13731343283583,0.3,9.0,25.7,90.0
56563,381,19.4,47.1015625,44.875,0.4,33.0,29.0,90.0
57463,381,19.4,46.82352941176471,44.41176470588236,0.2,7.0,24.1,89.0
58363,381,19.40333333333333,47.31746031746032,45.284126984126985,0.4,0.0,25.7,87.0
59263,381,19.43,49.95588235294117,46.89264705882353,0.1,0.0,20.9,91.0
60163,381,19.5,46.971014492753625,44.65217391304349,-0.1,0.0,17.7,91.0
61063,381,19.596774193548388,53.169117647058826,48.78382352941176,-0.5,0.0,24.1,95.0
61963,381,19.93888888888889,53.5,49.65882352941176,-0.8,0.0,20.9,96.0
62863,381,20.172,47.94117647058824,45.02794117647058,-0.8,0.0,17.7,96.0
63763,381,20.16,44.10606060606061,41.12121212121212,-0.8,0.0,9.7,97.0
64663,381,19.925,36.38805970149254,32.57462686567165,-0.8,0.0,19.3,94.0
65563,381,19.63214285714286,30.08333333333333,26.959090909090907,-0.5,0.0,25.7,94.0
66463,381,19.4,49.85606060606061,45.5439393939394,-0.2,0.0,19.3,94.0
67363,381,19.604761904761904,51.65441176470588,48.07205882352942,-0.3,0.0,19.3,95.0
68263,381,19.958333333333336,54.5327868852459,50.231147540983606,-0.2,0.0,25.7,92.0
69163,381,20.28909090909091,52.51587301587301,49.13809523809524,-0.3,0.0,22.5,93.0
70063,381,20.42363636363637,53.04838709677419,48.78548387096775,-0.6,0.0,24.1,90.0
70963,381,20.429411764705883,51.69047619047619,47.736507936507934,-0.5,0.0,27.4,91.0
71863,381,20.4,53.72222222222221,49.88253968253968,-0.2,0.0,22.5,90.0
72763,381,20.371428571428574,53.710526315789465,49.92631578947368,-0.1,0.0,22.5,91.0
73663,381,20.31025641025641,53.09848484848485,49.49242424242424,-0.3,0.0,17.7,94.0
74563,381,20.49111111111111,54.208955223880594,50.12388059701493,-0.4,0.0,19.3,95.0
75463,381,20.6,52.69565217391304,49.86231884057971,-0.4,0.0,27.4,93.0
76363,381,20.659615384615385,49.82575757575758,47.37878787878788,-0.4,0.0,20.9,92.0
77263,381,20.622916666666665,52.296875,49.2515625,-0.5,0.0,20.9,91.0
78163,381,20.68,52.9140625,49.4484375,-0.4,0.0,25.7,91.0
79063,381,20.8,48.671875,45.865625,-0.4,0.0,25.7,90.0
79963,381,20.63888888888889,37.88235294117647,34.536764705882355,-0.2,0.0,22.5,90.0
80863,381,20.307272727272725,37.595238095238095,34.57301587301588,-0.3,0.0,17.7,90.0
81763,381,19.95609756097561,29.361538461538466,25.347692307692306,-0.3,0.0,22.5,90.0
82663,381,19.45,23.267857142857142,20.710714285714285,-0.6,0.0,24.1,90.0
83563,381,19.17142857142857,20.053846153846155,18.38769230769231,-0.7,0.0,22.5,90.0
84463,381,18.8,18.359375,17.1140625,-0.4,0.0,22.5,92.0
85363,381,18.340625,17.47887323943662,16.830985915492956,-0.4,0.0,22.5,93.0
86263,381,18.466666666666665,19.327868852459016,19.678688524590164,-0.3,0.0,20.9,91.0
763,382,19.17966101694915,19.014705882352946,18.49411764705882,-0.4,0.0,20.9,91.0
1663,382,18.5078125,17.492424242424242,16.542424242424243,-0.3,0.0,22.5,91.0
2563,382,18.21587301587301,16.70714285714286,15.80142857142857,-0.4,0.0,20.9,91.0
3463,382,17.973015873015875,16.31159420289855,15.462318840579709,-0.4,0.0,22.5,90.0
4363,382,17.744999999999997,16.0,15.252173913043478,-0.4,0.0,20.9,90.0
5263,382,17.54655172413793,15.765625,15.0,-0.4,0.0,20.9,90.0
6163,382,17.386153846153846,15.5,14.805882352941175,-0.5,0.0,17.7,91.0
7063,382,17.25,15.5,14.667142857142858,-0.4,0.0,20.9,92.0
7963,382,17.108620689655172,15.477611940298509,14.5,-0.5,0.0,17.7,92.0
8863,382,16.967796610169493,15.036231884057973,14.398550724637682,-0.2,0.0,17.7,93.0
9763,382,16.866071428571427,15.0,14.3,-0.2,0.0,16.1,91.0
10663,382,16.774545454545454,15.0,14.195454545454549,-0.1,0.0,20.9,90.0
11563,382,16.66393442622951,15.0,14.0,0.1,0.0,22.5,92.0
12463,382,16.5765625,15.0,14.0,0.3,0.0,22.5,92.0
13363,382,16.488709677419354,14.708955223880595,13.934328358208957,0.3,0.0,24.1,93.0
14263,382,16.4,14.5,13.803076923076924,0.4,0.0,24.1,91.0
15163,382,16.31132075471698,14.5,13.8,0.5,0.0,22.5,91.0
16063,382,16.2203125,14.5,13.8,0.4,0.0,24.1,91.0
16963,382,16.166666666666664,14.5,13.72173913043478,0.5,0.0,27.4,91.0
17863,382,16.09285714285714,14.5,13.508955223880596,0.7,0.0,25.7,91.0
18763,382,16.0,14.5,13.5,0.7,0.0,25.7,90.0
19663,382,15.95084745762712,25.295454545454547,20.33636363636364,0.3,0.0,19.3,92.0
20563,382,16.459322033898307,46.79285714285714,44.731428571428566,0.4,0.0,24.1,90.0
21463,382,17.110344827586207,48.38732394366197,43.75211267605634,0.3,0.0,24.1,91.0
22363,382,17.961016949152544,49.72307692307693,46.47076923076923,0.2,0.0,19.3,92.0
23263,382,18.42903225806452,41.8134328358209,38.68507462686567,0.3,0.0,20.9,92.0
24163,382,18.537288135593226,37.46969696969697,35.10151515151515,0.4,0.0,24.1,90.0
25063,382,18.44915254237288,33.32857142857143,31.47142857142857,0.4,0.0,24.1,88.0
25963,382,18.259322033898307,27.455882352941178,26.64558823529412,0.4,0.0,22.5,89.0
26863,382,18.65438596491228,22.875,21.97058823529412,0.3,0.0,22.5,91.0
27763,382,18.442857142857143,22.90441176470588,22.205882352941178,0.4,0.0,20.9,89.0
28663,382,18.0859375,25.823529411764707,24.330882352941178,0.6,0.0,22.5,88.0
29563,382,17.755223880597015,37.68939393939394,33.777272727272724,0.7,0.0,24.1,88.0
30463,382,17.611290322580647,32.70454545454545,29.02272727272728,0.4,0.0,19.3,89.0
31363,382,17.495774647887323,23.96153846153846,20.864615384615384,0.5,0.0,22.5,89.0
32263,382,17.314705882352943,19.86029411764705,18.03382352941177,0.6,7.0,19.3,90.0
33163,382,17.102857142857143,17.71969696969697,16.578787878787878,0.8,7.0,22.5,90.0
34063,382,16.873015873015873,16.47101449275362,15.708695652173912,1.1,18.0,24.1,90.0
34963,382,16.665714285714284,15.72058823529412,15.094117647058823,1.5,28.0,24.1,89.0
35863,382,16.46029411764706,15.256944444444446,14.675,1.6,16.0,14.5,89.0
36763,382,16.28472222222222,15.0,14.385714285714286,1.6,16.0,16.1,89.0
37663,382,16.1484375,14.681818181818182,14.154545454545453,1.7,19.0,20.9,89.0
38563,382,16.026865671641794,14.5,13.96764705882353,1.7,23.0,24.1,89.0
39463,382,15.918181818181818,14.5,13.8,2.2,244.0,22.5,87.0
40363,382,15.817391304347826,14.492537313432836,13.791044776119405,2.4,188.0,24.1,86.0
41263,382,15.727941176470589,14.109375,13.509375,2.5,165.0,24.1,87.0
42163,382,15.666176470588235,14.0,13.5,2.7,176.0,20.9,86.0
43063,382,15.6,14.0,13.5,2.7,192.0,17.7,87.0
43963,382,15.533846153846152,14.0,13.359701492537315,2.2,39.0,24.1,89.0
44863,382,15.5,14.0,13.3,2.7,172.0,24.1,88.0
45763,382,15.413636363636362,14.0,13.3,2.5,28.0,22.5,88.0
46663,382,15.360294117647058,14.0,13.3,2.3,33.0,19.3,90.0
47563,382,15.3,14.0,13.143283582089552,2.1,30.0,20.9,91.0
48463,382,15.241791044776118,13.99264705882353,13.0,2.2,121.0,20.9,90.0
49363,382,15.2,13.776923076923078,13.0,2.4,118.0,22.5,89.0
50263,382,15.111940298507465,13.5,13.0,2.3,49.0,25.7,87.0
51163,382,15.07076923076923,13.5,13.0,2.3,54.0,20.9,88.0
52063,382,15.0,13.5,12.9,2.2,40.0,24.1,87.0
52963,382,14.975,13.5,12.8,2.2,39.0,24.1,87.0
53863,382,14.9,13.5,12.8,1.9,47.0,22.5,89.0
54763,382,14.847619047619048,13.5,12.8,1.9,28.0,27.4,89.0
55663,382,14.8,13.5,12.8,1.9,16.0,19.3,88.0
56563,382,14.7234375,13.5,12.8,2.0,16.0,24.1,86.0
57463,382,14.7,13.5,12.708695652173912,2.1,7.0,25.7,86.0
58363,382,14.6,13.5,12.508695652173913,2.1,0.0,19.3,87.0
59263,382,14.608823529411763,29.11940298507463,23.65373134328358,2.1,0.0,22.5,86.0
60163,382,15.116923076923078,50.91935483870968,46.99193548387097,2.0,0.0,24.1,87.0
61063,382,15.97910447761194,52.609375,49.390625,2.2,0.0,20.9,86.0
61963,382,16.678260869565218,50.79230769230769,47.91076923076923,2.1,0.0,14.5,86.0
62863,382,17.10983606557377,41.46268656716418,39.05820895522388,1.5,0.0,14.5,88.0
63763,382,17.2,37.63768115942029,35.72753623188406,1.8,0.0,19.3,87.0
64663,382,17.166666666666664,31.27272727272728,29.827272727272724,2.2,0.0,24.1,86.0
65563,382,16.980645161290322,26.82089552238806,25.949253731343283,2.1,0.0,22.5,86.0
66463,382,16.78,24.35384615384616,23.42,2.0,0.0,17.7,86.0
67363,382,16.56551724137931,24.155172413793103,23.198275862068964,2.2,0.0,19.3,86.0
68263,382,16.3484375,23.21969696969697,22.19696969696969,2.3,0.0,19.3,87.0
69163,382,16.266129032258064,42.65942028985508,36.2304347826087,2.3,0.0,22.5,88.0
70063,382,16.847540983606557,46.78030303030303,44.19848484848485,2.4,0.0,27.4,88.0
70963,382,17.24754098360656,37.15217391304349,34.45797101449276,2.5,0.0,29.0,88.0
71863,382,17.36031746031746,38.55072463768117,36.40579710144928,2.4,0.0,25.7,88.0
72763,382,17.4,36.72857142857143,35.27,2.7,0.0,25.7,86.0
73663,382,17.34426229508197,33.11940298507463,31.674626865671645,2.6,0.0,19.3,86.0
74563,382,17.36769230769231,47.96376811594203,43.38550724637681,2.4,0.0,19.3,88.0
75463,382,17.833333333333336,53.1015625,50.2265625,2.2,0.0,17.7,89.0
76363,382,18.30535714285714,52.81428571428571,50.36,2.1,0.0,16.9,90.0
77263,382,18.5968253968254,52.31060606060606,49.4530303030303,2.1,0.0,17.7,90.0
78163,382,18.868253968253967,51.37857142857143,48.81,2.0,0.0,14.5,89.0
79063,382,19.1327868852459,53.76865671641791,50.55223880597015,1.9,0.0,16.1,88.0
79963,382,19.3,43.93283582089553,42.5865671641791,1.9,0.0,17.7,88.0
80863,382,19.07230769230769,35.57352941176471,34.194117647058825,2.1,0.0,19.3,89.0
81763,382,18.708333333333336,28.823529411764707,25.652941176470584,2.1,0.0,17.7,89.0
82663,382,18.26176470588236,23.05072463768116,22.081159420289858,2.0,0.0,14.5,89.0
83563,382,17.91904761904762,19.83582089552239,18.85223880597015,2.0,0.0,14.5,88.0
84463,382,17.496774193548386,18.27941176470588,18.108823529411765,2.1,0.0,12.9,88.0
85363,382,17.162903225806453,17.830882352941178,18.544117647058822,1.9,0.0,9.7,89.0
86263,382,16.936206896551724,17.376923076923077,17.049230769230768,1.9,0.0,3.2,87.0
763,383,16.737704918032787,16.196721311475407,15.411475409836068,1.9,0.0,3.2,88.0
1663,383,16.549230769230768,15.541095890410958,14.763013698630138,1.7,0.0,1.6,89.0
2563,383,16.391803278688524,15.058823529411764,14.405882352941177,1.6,0.0,0.0,90.0
3463,383,16.241935483870968,14.873134328358208,14.143283582089552,1.4,0.0,0.0,90.0
4363,383,16.123880597014924,14.5,13.94285714285714,1.2,0.0,0.0,91.0
5263,383,15.998461538461536,14.5,13.8,1.1,0.0,1.6,93.0
6163,383,15.891176470588237,14.5,13.665671641791045,1.1,0.0,1.6,93.0
7063,383,15.795384615384616,14.121428571428572,13.5,0.9,0.0,0.0,94.0
7963,383,15.696875,14.0,13.49705882352941,0.9,0.0,0.0,94.0
8863,383,15.601538461538462,14.0,13.31492537313433,0.9,0.0,4.8,95.0
9763,383,15.5234375,14.0,13.3,0.9,0.0,4.8,95.0
10663,383,15.461764705882354,14.0,13.3,0.9,0.0,6.4,96.0
11563,383,15.392647058823531,14.0,13.295652173913044,0.9,0.0,8.0,96.0
12463,383,15.3,14.0,13.032608695652176,1.0,0.0,11.3,95.0
13363,383,15.258823529411766,13.869230769230768,13.0,1.1,0.0,11.3,95.0
14263,383,15.2,13.529850746268655,13.0,1.2,0.0,12.9,94.0
15163,383,15.123076923076924,13.5,13.0,1.2,0.0,12.9,94.0
16063,383,15.098507462686566,13.5,13.0,1.2,0.0,12.9,95.0
16963,383,15.0015625,13.5,12.876470588235293,1.1,0.0,12.9,95.0
17863,383,15.0,13.5,12.8,0.8,0.0,11.3,94.0
18763,383,14.907692307692306,13.5,12.8,0.7,0.0,12.9,94.0
19663,383,14.91904761904762,31.115384615384613,25.27230769230769,0.7,0.0,11.3,94.0
20563,383,15.422222222222222,36.56153846153846,34.97692307692308,0.8,0.0,16.1,94.0
21463,383,16.05076923076923,50.29545454545455,45.52575757575757,1.0,0.0,16.1,93.0
22363,383,16.80289855072464,48.0625,45.5578125,1.2,0.0,12.9,92.0
23263,383,17.2125,36.72307692307693,34.93076923076923,1.3,0.0,12.9,91.0
24163,383,17.2671875,31.935483870967744,30.43870967741936,1.4,0.0,12.9,91.0
25063,383,17.147540983606557,27.93333333333333,26.666666666666668,1.5,0.0,14.5,91.0
25963,383,16.934848484848484,24.61111111111111,23.60833333333333,1.6,0.0,16.1,91.0
26863,383,16.72063492063492,23.85,22.36428571428572,1.6,0.0,16.1,92.0
27763,383,16.68125,31.56716417910448,27.64179104477612,1.6,0.0,12.9,92.0
28663,383,16.90357142857143,36.32089552238806,33.27014925373134,1.6,0.0,14.5,91.0
29563,383,16.992307692307694,40.81060606060606,39.27727272727272,1.6,0.0,16.1,92.0
30463,383,17.095454545454547,31.42753623188405,29.40869565217391,1.4,0.0,14.5,92.0
31363,383,16.95846153846154,23.52272727272728,21.27272727272728,1.4,7.0,16.1,92.0
32263,383,16.792424242424243,19.60869565217392,18.14782608695652,1.7,11.0,17.7,92.0
33163,383,16.554411764705883,17.40441176470588,16.438235294117646,1.8,14.0,16.1,92.0
34063,383,16.322222222222223,16.138461538461538,15.446153846153845,1.8,26.0,16.1,91.0
34963,383,16.124242424242425,15.28125,14.7515625,1.8,33.0,17.7,91.0
35863,383,15.94179104477612,14.846153846153843,14.343076923076923,2.2,86.0,16.1,90.0
36763,383,15.756060606060606,14.5,13.987878787878788,2.4,65.0,14.5,90.0
37663,383,15.602985074626869,14.318181818181818,13.8,2.2,40.0,16.1,90.0
38563,383,15.465079365079363,14.0,13.549253731343285,2.3,58.0,14.5,90.0
39463,383,15.349253731343286,14.0,13.490625,2.6,74.0,16.1,88.0
40363,383,15.275362318840582,14.0,13.302941176470588,2.5,74.0,17.7,89.0
41263,383,15.2,14.0,13.3,3.2,227.0,16.1,87.0
42163,383,15.133333333333336,13.86764705882353,13.3,3.3,123.0,16.1,87.0
43063,383,15.1,13.5,13.07377049180328,2.7,91.0,14.5,89.0
43963,383,15.034328358208956,13.5,13.0,2.8,193.0,14.5,88.0
44863,383,15.0,13.5,13.0,3.1,267.0,16.1,89.0
45763,383,14.959090909090907,13.5,13.0,2.9,167.0,17.7,90.0
46663,383,14.9,13.5,12.890625,2.5,65.0,16.1,91.0
47563,383,14.854098360655737,13.5,12.8,2.4,67.0,16.1,91.0
48463,383,14.8,13.5,12.8,2.2,56.0,16.1,93.0
49363,383,14.737313432835824,13.5,12.8,2.2,44.0,16.1,93.0
50263,383,14.7,13.5,12.8,2.3,44.0,19.3,92.0
51163,383,14.606153846153848,13.5,12.6546875,2.4,47.0,20.9,91.0
52063,383,14.564179104477612,13.242424242424244,12.5,2.3,65.0,16.1,92.0
52963,383,14.5,13.029850746268655,12.5,2.3,79.0,17.7,92.0
53863,383,14.493650793650792,13.0,12.5,1.9,37.0,16.1,92.0
54763,383,14.4,13.0,12.5,1.7,19.0,17.7,92.0
55663,383,14.386764705882351,13.0,12.5,1.4,16.0,17.7,93.0
56563,383,14.3,13.0,12.5,1.4,16.0,20.9,93.0
57463,383,14.271641791044775,13.0,12.32089552238806,1.4,16.0,20.9,93.0
58363,383,14.2,13.0,12.3,1.4,9.0,20.9,93.0
59263,383,14.203125,28.33620689655173,22.31206896551724,1.5,0.0,19.3,92.0
60163,383,14.791803278688525,51.13709677419355,47.12741935483871,1.4,0.0,19.3,92.0
61063,383,15.976,52.5,49.3,1.5,0.0,19.3,92.0
61963,383,16.504838709677422,46.97761194029851,44.31492537313433,1.4,0.0,20.9,92.0
62863,383,16.851612903225806,39.52238805970149,37.06268656716418,1.3,0.0,24.1,92.0
63763,383,16.9,38.77536231884058,36.87101449275362,1.3,0.0,22.5,92.0
64663,383,16.9,33.5,32.3030303030303,1.6,0.0,22.5,91.0
65563,383,16.943939393939395,48.81666666666667,43.73166666666667,1.6,0.0,19.3,91.0
66463,383,17.37936507936508,53.47457627118644,50.0728813559322,1.6,0.0,22.5,90.0
67363,383,17.76818181818182,44.18461538461538,41.48307692307692,1.5,0.0,19.3,90.0
68263,383,17.9,49.18032786885246,45.96393442622951,1.3,0.0,19.3,91.0
69163,383,17.99655172413793,46.6796875,44.7734375,1.2,0.0,19.3,92.0
70063,383,17.994915254237288,37.42741935483871,35.774193548387096,1.2,0.0,20.9,91.0
70963,383,17.85483870967742,33.90298507462687,32.74776119402985,1.3,0.0,22.5,90.0
71863,383,17.744262295081967,42.26190476190476,37.960317460317455,1.3,0.0,22.5,91.0
72763,383,17.994999999999997,52.3515625,49.1328125,1.2,0.0,20.9,91.0
73663,383,18.2,44.57272727272728,41.87818181818182,1.0,0.0,17.7,91.0
74563,383,18.2,43.52586206896552,41.439655172413794,0.9,0.0,17.7,91.0
75463,383,18.09642857142857,36.38888888888889,34.84027777777778,0.9,0.0,20.9,91.0
76363,383,17.944230769230767,31.779411764705884,30.647058823529413,0.9,0.0,19.3,91.0
77263,383,17.724528301886792,28.37692307692308,27.08615384615385,1.1,0.0,22.5,90.0
78163,383,17.509803921568626,27.111111111111107,26.06984126984127,1.1,0.0,19.3,91.0
79063,383,17.33529411764706,37.21641791044776,32.116417910447765,1.1,0.0,17.7,91.0
79963,383,17.603846153846156,52.47826086956521,48.81884057971014,1.1,0.0,19.3,91.0
80863,383,17.96785714285714,40.97619047619048,39.54285714285714,1.1,0.0,19.3,92.0
81763,383,18.0,30.144927536231883,30.331884057971013,1.2,0.0,22.5,92.0
82663,383,17.9453125,24.2421875,24.084375,1.2,0.0,19.3,92.0
83563,383,17.713846153846156,20.8046875,20.903125,1.1,0.0,17.7,93.0
84463,383,17.652941176470588,19.62676056338028,21.02676056338028,1.2,0.0,20.9,92.0
85363,383,18.795384615384613,19.139344262295083,19.855737704918035,1.2,0.0,22.5,92.0
86263,383,18.12686567164179,17.713235294117645,17.126470588235293,1.4,0.0,24.1,91.0
763,384,17.455882352941178,16.4,15.523076923076925,1.3,0.0,24.1,91.0
1663,384,17.056716417910447,15.664179104477611,14.7955223880597,1.2,0.0,20.9,90.0
2563,384,16.774242424242424,15.157142857142858,14.388571428571428,1.0,0.0,24.1,91.0
3463,384,16.521428571428572,15.0,14.160273972602742,1.1,0.0,24.1,90.0
4363,384,16.304411764705883,14.5546875,14.0,1.1,0.0,24.1,90.0
5263,384,16.140579710144927,14.5,13.81492537313433,1.1,0.0,20.9,92.0
6163,384,15.995384615384614,14.484848484848484,13.695454545454549,1.3,0.0,24.1,92.0
7063,384,15.870149253731345,14.052238805970148,13.5,1.2,0.0,27.4,90.0
7963,384,15.771830985915496,14.0,13.324615384615385,1.0,0.0,25.7,90.0
8863,384,15.6765625,14.0,13.3,1.2,0.0,22.5,88.0
9763,384,15.596969696969698,14.0,13.12089552238806,1.1,0.0,25.7,89.0
10663,384,15.5,13.9765625,13.0,1.2,0.0,29.0,91.0
11563,384,15.428125,13.559701492537314,13.0,1.2,0.0,25.7,92.0
12463,384,15.3546875,13.5,12.861764705882354,1.2,0.0,25.7,91.0
13363,384,15.3,13.5,12.8,1.2,0.0,27.4,90.0
14263,384,15.222388059701492,13.5,12.8,1.1,0.0,29.0,90.0
15163,384,15.183582089552235,13.5,12.8,1.1,0.0,29.0,90.0
16063,384,15.1,13.5,12.8,1.0,0.0,25.7,91.0
16963,384,15.056521739130435,13.5,12.791176470588235,1.0,0.0,24.1,90.0
17863,384,15.0,13.5,12.534782608695652,0.9,0.0,19.3,91.0
18763,384,14.953225806451613,13.5,12.5,0.9,0.0,22.5,91.0
19663,384,14.944117647058825,30.45522388059701,24.96417910447761,0.9,0.0,25.7,91.0
20563,384,15.635384615384616,37.84920634920635,35.8952380952381,0.9,0.0,22.5,91.0
21463,384,16.37258064516129,49.42857142857143,45.54285714285714,0.9,0.0,24.1,91.0
22363,384,17.171641791044777,47.27272727272727,45.86060606060606,1.0,0.0,25.7,91.0
23263,384,17.59848484848485,38.96527777777778,37.31388888888889,1.2,0.0,24.1,91.0
24163,384,17.7,36.96527777777778,34.897222222222226,1.2,0.0,22.5,91.0
25063,384,17.7,34.61194029850746,32.364179104477614,0.9,0.0,19.3,94.0
25963,384,17.557971014492754,29.67910447761194,28.535820895522384,0.8,0.0,12.9,94.0
26863,384,17.948529411764707,27.39855072463768,26.360869565217392,0.6,0.0,8.0,95.0
27763,384,17.59264705882353,25.6640625,24.9390625,0.5,0.0,6.4,96.0
28663,384,17.29402985074627,29.352941176470587,27.088235294117645,0.9,0.0,22.5,94.0
29563,384,17.061764705882354,37.13235294117647,33.94705882352942,1.2,0.0,25.7,92.0
30463,384,17.0,31.661764705882355,28.05,1.6,0.0,24.1,92.0
31363,384,16.94126984126984,23.294117647058822,20.32941176470588,1.4,11.0,20.9,93.0
32263,384,16.770967741935486,19.29230769230769,17.552307692307693,1.6,28.0,22.5,92.0
33163,384,16.569230769230767,17.193548387096776,16.174193548387098,1.6,26.0,20.9,91.0
34063,384,16.344776119402987,15.971428571428572,15.297142857142855,1.6,46.0,24.1,90.0
34963,384,16.152307692307694,15.26153846153846,14.72153846153846,1.6,37.0,22.5,90.0
35863,384,15.969230769230768,14.727941176470589,14.261764705882351,1.3,25.0,17.7,91.0
36763,384,15.786567164179104,14.5,13.939130434782609,1.3,28.0,19.3,92.0
37663,384,15.616176470588234,14.09848484848485,13.727272727272728,1.6,102.0,16.1,93.0
38563,384,15.467164179104476,14.0,13.5,1.6,98.0,19.3,92.0
39463,384,15.348529411764709,14.0,13.346875,2.0,278.0,20.9,90.0
40363,384,15.25735294117647,13.953846153846154,13.3,2.1,125.0,20.9,88.0
41263,384,15.171641791044776,13.507246376811594,13.02173913043478,1.7,76.0,19.3,89.0
42163,384,15.09375,13.5,13.0,1.7,77.0,19.3,90.0
43063,384,15.0,13.5,13.0,2.3,237.0,17.7,89.0
43963,384,14.961764705882354,13.5,12.866666666666664,2.3,69.0,16.1,87.0
44863,384,14.9,13.5,12.8,2.1,255.0,25.7,88.0
45763,384,14.826153846153847,13.5,12.8,2.3,167.0,27.4,87.0
46663,384,14.8,13.5,12.8,1.9,111.0,25.7,89.0
47563,384,14.712121212121213,13.5,12.767692307692307,1.8,53.0,19.3,89.0
48463,384,14.67910447761194,13.462686567164178,12.513432835820897,1.4,125.0,20.9,90.0
49363,384,14.6,13.080882352941178,12.5,1.6,84.0,20.9,88.0
50263,384,14.536065573770491,13.0,12.5,1.2,81.0,22.5,91.0
51163,384,14.5,13.0,12.5,1.5,70.0,22.5,89.0
52063,384,14.443333333333332,13.0,12.5,1.6,21.0,22.5,87.0
52963,384,14.4,13.0,12.436231884057973,1.4,23.0,20.9,88.0
53863,384,14.340298507462686,13.0,12.30923076923077,1.3,49.0,22.5,90.0
54763,384,14.3,13.0,12.3,1.3,42.0,24.1,91.0
55663,384,14.22622950819672,13.0,12.3,1.4,18.0,25.7,91.0
56563,384,14.2,13.0,12.3,1.5,14.0,24.1,92.0
57463,384,14.122413793103448,13.0,12.3,1.5,5.0,19.3,92.0
58363,384,14.098591549295776,13.0,12.3,1.6,0.0,19.3,92.0
59263,384,14.040277777777778,29.39583333333333,23.22777777777777,1.5,0.0,20.9,92.0
60163,384,14.754411764705882,51.457142857142856,47.30428571428571,1.0,0.0,17.7,94.0
61063,384,15.71818181818182,52.05072463768117,48.73478260869565,0.6,0.0,11.3,95.0
61963,384,16.435593220338983,43.47014925373134,41.605970149253736,0.6,0.0,11.3,96.0
62863,384,16.74833333333333,39.05882352941176,36.72058823529412,0.5,0.0,11.3,95.0
63763,384,16.8,34.90909090909091,34.05151515151515,0.6,0.0,11.3,94.0
64663,384,16.8,29.65,29.68857142857143,0.4,0.0,12.9,94.0
65563,384,16.798360655737703,28.0,27.925806451612903,0.3,0.0,14.5,94.0
66463,384,16.622222222222224,26.37121212121212,25.503030303030304,0.3,0.0,17.7,95.0
67363,384,16.398305084745765,25.204545454545453,24.34090909090909,0.2,0.0,16.1,95.0
68263,384,16.181967213114753,23.52272727272728,22.631818181818183,0.1,0.0,17.7,94.0
69163,384,16.02307692307692,25.73076923076924,23.01692307692308,0.1,0.0,16.1,94.0
70063,384,16.06315789473684,50.47619047619048,43.84603174603175,0.1,0.0,16.1,92.0
70963,384,17.110714285714288,52.94615384615385,48.88923076923077,0.2,0.0,16.1,92.0
71863,384,17.584848484848486,53.98484848484848,49.89090909090909,0.6,0.0,20.9,93.0
72763,384,18.13770491803279,50.6171875,46.9109375,0.6,0.0,20.9,92.0
73663,384,18.371666666666663,48.50980392156863,45.05294117647058,0.7,0.0,19.3,91.0
74563,384,18.496610169491525,47.36440677966102,44.26101694915254,0.7,0.0,19.3,90.0
75463,384,18.5,44.19827586206897,41.26379310344827,0.6,0.0,22.5,90.0
76363,384,18.5,41.91269841269842,39.03492063492063,0.5,0.0,20.9,91.0
77263,384,18.55178571428572,42.71014492753624,39.73623188405797,0.3,0.0,19.3,92.0
78163,384,18.768965517241377,44.072463768115945,41.68115942028986,0.3,0.0,17.7,92.0
79063,384,18.886666666666667,44.72058823529412,40.63088235294118,0.6,0.0,20.9,93.0
79963,384,18.9,45.3203125,41.68125,0.9,0.0,24.1,92.0
80863,384,18.9,42.50769230769231,38.65076923076923,1.0,0.0,22.5,91.0
81763,384,18.75333333333333,31.260869565217394,28.6231884057971,1.2,0.0,27.4,91.0
82663,384,18.42,24.444444444444446,22.83968253968254,1.4,0.0,29.0,91.0
83563,384,18.068253968253966,20.415384615384617,19.084615384615383,1.4,0.0,29.0,91.0
84463,384,17.70967741935484,18.13768115942029,17.05217391304348,1.6,0.0,22.5,92.0
85363,384,17.357575757575756,16.684615384615384,15.747692307692308,1.6,0.0,24.1,91.0
86263,384,17.003076923076925,15.761194029850746,14.997014925373133,1.6,0.0,24.1,91.0
763,385,16.75090909090909,15.84375,15.83125,1.7,0.0,24.1,92.0
1663,385,16.560655737704916,16.359375,16.69375,1.6,0.0,20.9,92.0
2563,385,16.462295081967213,16.202898550724637,16.020289855072463,1.3,0.0,16.1,93.0
3463,385,16.35909090909091,15.358208955223882,14.722388059701492,0.8,0.0,12.9,95.0
4363,385,16.24153846153846,14.984615384615385,14.252307692307692,0.8,0.0,14.5,95.0
5263,385,16.14179104477612,14.5,13.990625,1.1,0.0,20.9,94.0
6163,385,16.03939393939394,14.5,13.803225806451612,1.2,0.0,17.7,93.0
7063,385,15.936764705882354,14.417910447761193,13.773134328358209,0.9,0.0,17.7,95.0
7963,385,15.83970588235294,14.0,13.51818181818182,0.8,0.0,17.7,95.0
8863,385,15.743939393939394,14.0,13.5,0.8,0.0,16.1,94.0
9763,385,15.650746268656714,14.0,13.36,1.0,0.0,19.3,93.0
10663,385,15.564615384615385,14.0,13.3,0.9,0.0,17.7,93.0
11563,385,15.492307692307694,14.0,13.3,0.9,0.0,16.1,93.0
12463,385,15.4,13.884615384615383,13.12923076923077,1.0,0.0,16.1,93.0
13363,385,15.306153846153848,13.5,13.0,0.9,0.0,14.5,94.0
14263,385,15.253968253968251,13.5,13.0,0.9,0.0,16.1,93.0
15163,385,15.193939393939392,13.5,12.997014925373133,0.9,0.0,16.1,93.0
16063,385,15.1,13.5,12.883582089552238,0.9,0.0,14.5,92.0
16963,385,15.037313432835822,13.5,12.8,0.9,0.0,14.5,92.0
17863,385,15.0,13.5,12.8,0.9,0.0,14.5,91.0
18763,385,14.908955223880596,13.5,12.8,0.8,0.0,12.9,91.0
19663,385,14.869014084507045,13.5,12.8,0.8,0.0,14.5,91.0
20563,385,14.8,13.5,12.78125,0.8,0.0,14.5,91.0
21463,385,14.749230769230769,26.485074626865675,21.3044776119403,0.8,0.0,14.5,89.0
22363,385,15.1765625,42.4140625,40.4796875,0.8,0.0,16.1,89.0
23263,385,15.878125,52.0,47.33692307692308,0.8,0.0,12.9,89.0
24163,385,16.695384615384615,49.35820895522388,45.8910447761194,0.8,0.0,12.9,90.0
25063,385,17.147058823529413,37.822580645161295,35.45645161290322,0.8,0.0,12.9,89.0
25963,385,17.414285714285715,52.45384615384616,47.83076923076924,0.7,0.0,12.9,89.0
26863,385,17.825,53.88461538461538,49.832307692307694,0.6,0.0,11.3,89.0
27763,385,18.2171875,52.73275862068965,49.48965517241379,0.6,0.0,12.9,89.0
28663,385,18.451612903225808,42.80952380952381,39.95238095238095,0.5,0.0,11.3,89.0
29563,385,18.4,41.78333333333333,39.455,0.6,0.0,8.0,89.0
30463,385,18.331746031746032,36.46923076923077,34.65692307692308,0.6,0.0,9.7,89.0
31363,385,18.07857142857143,34.693548387096776,33.47903225806452,0.5,5.0,9.7,89.0
32263,385,17.875925925925927,35.67796610169491,32.905084745762714,0.8,16.0,11.3,89.0
33163,385,17.978,52.1,47.028333333333336,0.9,23.0,11.3,88.0
34063,385,18.413043478260867,52.40441176470588,49.39558823529411,1.1,35.0,9.7,88.0
34963,385,18.828358208955223,50.2265625,47.1578125,1.2,33.0,9.7,88.0
35863,385,18.978947368421053,40.62307692307692,38.26461538461538,1.2,56.0,8.0,88.0
36763,385,18.84385964912281,39.36764705882353,37.68382352941176,1.2,53.0,8.0,88.0
37663,385,18.6421875,39.10294117647059,37.21470588235294,1.2,40.0,8.0,88.0
38563,385,18.32769230769231,40.21014492753624,38.60144927536232,1.2,36.0,4.8,88.0
39463,385,19.18076923076924,44.71014492753624,41.41449275362319,1.8,216.0,8.0,86.0
40363,385,17.554545454545455,49.96212121212121,47.78787878787879,2.4,237.0,6.4,84.0
41263,385,17.108510638297872,44.88461538461539,43.886153846153846,2.3,243.0,8.0,83.0
42163,385,17.2,39.97959183673469,38.07142857142857,2.7,243.0,6.4,83.0
43063,385,17.69111111111111,41.67741935483871,39.19032258064516,2.7,255.0,8.0,82.0
43963,385,17.974576271186443,37.60294117647059,35.879411764705885,3.0,258.0,6.4,82.0
44863,385,18.09384615384615,34.93181818181818,33.087878787878786,3.1,257.0,6.4,82.0
45763,385,18.066071428571423,34.911764705882355,33.12647058823529,3.0,253.0,4.8,81.0
46663,385,18.0,33.921875,32.0671875,3.1,221.0,6.4,83.0
47563,385,17.927692307692308,33.78787878787879,31.81818181818182,2.9,148.0,6.4,82.0
48463,385,17.88135593220339,35.48550724637681,32.36231884057971,2.6,214.0,4.8,83.0
49363,385,17.991935483870968,48.55797101449276,43.97391304347826,2.2,153.0,4.8,84.0
50263,385,18.445,50.83064516129032,47.443548387096776,2.1,105.0,6.4,86.0
51163,385,18.81904761904762,47.81818181818182,44.75454545454546,1.9,76.0,8.0,85.0
52063,385,19.032258064516128,42.6031746031746,39.94126984126984,2.1,35.0,8.0,86.0
52963,385,19.0672131147541,40.69285714285714,38.24428571428571,1.9,33.0,8.0,86.0
53863,385,18.9828125,36.61805555555556,34.56666666666667,1.8,30.0,8.0,86.0
54763,385,18.807142857142857,34.88194444444444,33.12777777777778,1.5,18.0,9.7,87.0
55663,385,18.54262295081967,34.375,32.4234375,1.0,14.0,9.7,88.0
56563,385,18.3,34.65151515151515,32.58333333333333,0.8,12.0,8.0,88.0
57463,385,18.114,38.815384615384616,35.68615384615385,0.6,9.0,6.4,89.0
58363,385,18.21315789473684,47.65217391304349,43.57826086956522,0.4,7.0,8.0,89.0
59263,385,18.548387096774192,52.85714285714285,49.457142857142856,0.1,0.0,8.0,89.0
60163,385,18.940350877192984,51.328125,48.45625,-0.1,0.0,6.4,90.0
61063,385,19.17586206896552,45.983870967741936,43.21774193548387,0.0,0.0,9.7,92.0
61963,385,19.13015873015873,43.6,40.86142857142857,-0.1,0.0,8.0,92.0
62863,385,19.0171875,40.207142857142856,37.55142857142857,-0.4,0.0,8.0,93.0
63763,385,18.862121212121213,37.58333333333333,35.64393939393939,-0.4,0.0,9.7,93.0
64663,385,18.66417910447761,34.31746031746032,32.5015873015873,-0.3,0.0,12.9,93.0
65563,385,18.46060606060606,35.28358208955224,33.092537313432835,-0.4,0.0,11.3,92.0
66463,385,18.280597014925373,35.419117647058826,33.370588235294115,-0.4,0.0,11.3,90.0
67363,385,18.134848484848483,34.66428571428572,32.787142857142854,-0.4,0.0,12.9,90.0
68263,385,18.0125,43.47692307692308,38.39230769230769,-0.3,0.0,9.7,86.0
69163,385,18.32622950819672,51.887323943661976,48.94084507042253,-0.2,0.0,9.7,85.0
70063,385,18.60757575757576,45.47916666666667,43.30972222222222,-0.3,0.0,8.0,85.0
70963,385,18.729850746268657,44.56428571428572,42.09571428571429,-0.4,0.0,9.7,85.0
71863,385,18.8,43.83088235294117,41.02205882352941,-0.4,0.0,11.3,85.0
72763,385,18.80142857142857,44.31617647058824,41.61176470588235,-0.5,0.0,9.7,86.0
73663,385,18.8,42.40441176470589,39.88235294117647,-0.6,0.0,9.7,86.0
74563,385,18.8,41.25,39.125757575757575,-0.5,0.0,11.3,86.0
75463,385,18.72941176470588,39.57432432432432,37.38513513513514,-0.7,0.0,9.7,86.0
76363,385,18.7,41.81159420289855,39.37246376811594,-0.7,0.0,9.7,86.0
77263,385,18.7,42.6,40.12714285714286,-0.6,0.0,11.3,85.0
78163,385,18.7,43.725352112676056,41.212676056338026,-0.6,0.0,9.7,85.0
79063,385,18.72769230769231,43.28260869565217,40.56666666666667,-0.5,0.0,9.7,84.0
79963,385,18.76212121212121,36.77205882352941,35.879411764705885,-0.5,0.0,9.7,84.0
80863,385,18.53636363636364,31.623076923076923,30.54769230769231,-0.6,0.0,6.4,84.0
81763,385,18.24558823529412,29.779411764705884,28.611764705882354,-0.8,0.0,8.0,84.0
82663,385,17.933823529411764,26.32575757575757,24.96969696969697,-0.8,0.0,4.8,83.0
83563,385,17.640298507462685,21.27941176470588,19.194117647058825,-0.7,0.0,4.8,83.0
84463,385,17.35322580645161,18.40972222222222,16.920833333333334,-0.6,0.0,8.0,82.0
85363,385,17.087692307692308,16.91549295774648,15.843661971830986,-0.5,0.0,9.7,82.0
86263,385,16.855072463768117,16.111940298507463,15.182089552238809,-0.5,0.0,6.4,82.0
763,386,16.666666666666664,15.579710144927535,14.995652173913044,-0.4,0.0,4.8,81.0
1663,386,16.555555555555554,16.21969696969697,16.077272727272728,-1.0,0.0,4.8,83.0
2563,386,16.455714285714286,15.578571428571427,14.845714285714283,-1.1,0.0,4.8,83.0
3463,386,16.35,15.085714285714284,14.385714285714286,-0.8,0.0,6.4,82.0
4363,386,16.235294117647058,15.0,14.18,-0.7,0.0,4.8,82.0
5263,386,16.152941176470588,14.65441176470588,14.0,-0.8,0.0,6.4,82.0
6163,386,16.05373134328358,14.5,13.870588235294118,-0.7,0.0,6.4,82.0
7063,386,15.96470588235294,17.84328358208955,16.528358208955222,-1.3,0.0,1.6,83.0
7963,386,15.9,22.90714285714286,21.23,-1.7,0.0,0.0,85.0
8863,386,15.9,24.29230769230769,22.826153846153847,-1.8,0.0,1.6,87.0
9763,386,15.866666666666664,20.17361111111111,18.53611111111111,-1.8,0.0,1.6,87.0
10663,386,15.8,17.282258064516128,16.008064516129032,-1.7,0.0,1.6,86.0
11563,386,15.703030303030303,15.808823529411764,14.951470588235292,-1.7,0.0,1.6,87.0
12463,386,15.625757575757577,18.49242424242424,17.642424242424244,-1.9,0.0,3.2,88.0
13363,386,15.591304347826089,21.948529411764707,20.69705882352941,-1.8,0.0,1.6,88.0
14263,386,15.501492537313434,22.74242424242424,21.49848484848485,-1.8,0.0,1.6,88.0
15163,386,15.5,25.338461538461537,23.83076923076923,-1.9,0.0,1.6,88.0
16063,386,15.574285714285711,27.18115942028985,25.568115942028985,-1.8,0.0,1.6,89.0
16963,386,15.6,22.15942028985507,20.08405797101449,-1.7,0.0,3.2,89.0
17863,386,15.536363636363635,18.020833333333336,16.6375,-0.6,0.0,4.8,83.0
18763,386,15.446153846153845,16.25862068965517,15.33103448275862,-0.2,0.0,6.4,82.0
19663,386,15.32058823529412,19.44696969696969,18.5439393939394,-0.1,0.0,4.8,82.0
20563,386,15.2890625,22.869230769230768,21.59846153846154,-0.3,0.0,3.2,83.0
21463,386,15.234848484848484,34.296875,29.1515625,-0.5,0.0,9.7,83.0
22363,386,15.76060606060606,42.82352941176471,40.79558823529412,-0.6,0.0,8.0,83.0
23263,386,16.296969696969697,48.62121212121212,44.47727272727273,-0.3,0.0,11.3,81.0
24163,386,16.96986301369863,49.32575757575758,46.054545454545455,0.4,0.0,11.3,76.0
25063,386,17.306349206349207,40.34328358208956,37.68805970149254,0.9,0.0,14.5,72.0
25963,386,17.34603174603175,34.028985507246375,31.74492753623188,1.0,0.0,12.9,73.0
26863,386,17.3109375,46.20769230769231,41.47384615384616,0.6,0.0,11.3,75.0
27763,386,17.5171875,53.030303030303024,48.7530303030303,0.6,0.0,11.3,75.0
28663,386,17.81290322580645,53.070422535211264,49.69014084507042,0.5,0.0,12.9,76.0
29563,386,17.91492537313433,49.55223880597015,46.00149253731343,0.5,0.0,12.9,76.0
30463,386,18.04705882352941,47.38970588235294,44.90882352941176,0.5,0.0,12.9,76.0
31363,386,17.97142857142857,37.463235294117645,36.35735294117647,1.1,5.0,16.1,73.0
32263,386,17.770149253731343,35.97761194029851,33.90149253731343,1.3,9.0,17.7,71.0
33163,386,17.63939393939394,37.05797101449276,35.28405797101449,1.1,19.0,17.7,73.0
34063,386,17.619402985074625,45.08333333333333,40.74848484848485,1.1,25.0,11.3,73.0
34963,386,17.93857142857143,53.833333333333336,50.45873015873016,1.2,26.0,9.7,73.0
35863,386,18.267692307692307,47.72794117647059,44.81470588235294,1.0,28.0,9.7,75.0
36763,386,18.44264705882353,50.89705882352941,48.40882352941176,0.9,40.0,11.3,76.0
37663,386,18.54328358208955,50.06716417910447,47.2044776119403,0.7,65.0,12.9,79.0
38563,386,18.6,49.41044776119403,47.02089552238806,0.8,86.0,14.5,79.0
39463,386,18.687878787878788,46.13235294117647,43.923529411764704,1.0,98.0,9.7,79.0
40363,386,18.74714285714285,46.03076923076923,43.604615384615386,0.9,86.0,8.0,79.0
41263,386,18.85223880597015,48.21969696969697,45.38484848484849,1.1,95.0,11.3,80.0
42163,386,18.914492753623183,48.08955223880597,45.84328358208956,1.1,67.0,11.3,81.0
43063,386,19.0,47.76811594202898,45.0608695652174,1.4,56.0,11.3,80.0
43963,386,19.0,48.90625,46.478125,1.4,72.0,9.7,81.0
44863,386,19.022058823529413,46.39855072463768,44.56811594202899,1.3,33.0,6.4,81.0
45763,386,19.01304347826087,36.48550724637681,35.39420289855072,1.3,23.0,3.2,82.0
46663,386,18.819117647058825,32.338235294117645,31.208823529411763,1.2,16.0,11.3,87.0
47563,386,18.558208955223883,30.42753623188405,29.3,0.8,18.0,11.3,91.0
48463,386,18.24090909090909,27.535714285714285,26.36428571428572,0.5,14.0,16.1,95.0
49363,386,17.898275862068964,26.884615384615387,25.689230769230768,0.5,21.0,19.3,96.0
50263,386,17.635294117647057,24.537313432835823,23.46865671641791,0.5,33.0,20.9,96.0
51163,386,17.407692307692308,24.42753623188406,23.22898550724637,0.6,46.0,19.3,96.0
52063,386,17.234328358208955,23.80952380952381,22.539682539682538,0.7,33.0,9.7,96.0
52963,386,17.066153846153846,24.42028985507246,23.05942028985508,0.7,30.0,4.8,96.0
53863,386,16.933333333333334,22.825396825396822,21.81428571428572,0.7,32.0,6.4,96.0
54763,386,16.872463768115942,23.782608695652176,21.61304347826087,0.7,30.0,11.3,95.0
55663,386,17.053030303030305,49.44776119402985,42.90447761194029,0.8,19.0,14.5,94.0
56563,386,17.844615384615384,53.09230769230769,49.42769230769231,0.7,14.0,9.7,94.0
57463,386,18.54705882352941,54.32142857142857,50.597142857142856,1.1,8.0,11.3,94.0
58363,386,19.05454545454545,54.1268656716418,50.81492537313433,1.2,5.0,17.7,94.0
59263,386,19.404347826086955,54.028985507246375,50.71739130434783,1.4,9.0,22.5,94.0
60163,386,19.644117647058824,53.25735294117648,49.94852941176471,1.4,0.0,24.1,94.0
61063,386,19.811940298507466,54.34375,49.95625,1.4,0.0,19.3,95.0
61963,386,19.9,53.51470588235294,49.51323529411765,1.4,0.0,17.7,95.0
62863,386,19.961428571428574,53.11940298507462,49.002985074626864,1.4,0.0,16.1,96.0
63763,386,20.0,52.58088235294117,49.27352941176471,1.4,0.0,12.9,96.0
64663,386,20.0,53.86231884057971,50.87246376811594,1.7,0.0,8.0,96.0
65563,386,19.95652173913044,51.730769230769226,49.51692307692308,1.9,0.0,6.4,96.0
66463,386,19.8439393939394,50.83571428571428,48.28,2.4,0.0,8.0,96.0
67363,386,19.734426229508195,49.21014492753624,46.8463768115942,2.5,0.0,3.2,96.0
68263,386,19.76615384615385,52.371212121212125,48.48636363636364,2.0,0.0,4.8,96.0
69163,386,19.99090909090909,54.13970588235294,49.34117647058824,1.9,0.0,4.8,96.0
70063,386,20.17384615384616,52.03968253968255,49.0015873015873,2.1,0.0,8.0,97.0
70963,386,20.349206349206348,48.38805970149254,45.429850746268656,3.2,0.0,14.5,98.0
71863,386,20.141176470588235,51.07142857142857,46.18714285714286,5.0,0.0,30.6,95.0
72763,386,20.075,48.5,46.01176470588236,4.8,0.0,24.1,94.0
73663,386,19.934375,40.83582089552239,39.38208955223881,4.7,0.0,22.5,94.0
74563,386,19.701612903225808,38.53787878787879,37.10757575757576,4.5,0.0,22.5,94.0
75463,386,19.453731343283582,36.13970588235294,34.31764705882353,4.2,0.0,14.5,94.0
76363,386,19.24117647058824,35.76515151515152,33.987878787878785,3.7,0.0,9.7,94.0
77263,386,19.038235294117648,33.32638888888889,31.9125,3.0,0.0,11.3,96.0
78163,386,18.853125,33.58904109589041,31.96164383561644,3.2,0.0,9.7,97.0
79063,386,18.747619047619047,43.02702702702703,39.01756756756757,3.4,0.0,6.4,97.0
79963,386,18.90714285714286,47.92142857142857,45.09428571428571,3.9,0.0,14.5,97.0
80863,386,19.150746268656714,50.74626865671642,47.55223880597015,4.2,0.0,19.3,95.0
81763,386,19.4,49.59848484848485,47.28939393939394,4.2,0.0,19.3,95.0
82663,386,19.57272727272727,47.007462686567166,43.007462686567166,4.6,0.0,17.7,92.0
83563,386,19.60151515151515,32.50769230769231,28.26,4.8,0.0,19.3,91.0
84463,386,19.678125,26.89230769230769,27.167692307692302,4.7,0.0,16.1,91.0
85363,386,19.77692307692308,23.389705882352946,23.97058823529412,4.7,0.0,17.7,90.0
86263,386,19.36865671641791,20.227941176470587,19.176470588235293,4.7,0.0,16.1,90.0
763,387,19.018840579710144,18.3768115942029,17.315942028985507,4.8,0.0,19.3,91.0
1663,387,18.666666666666664,17.30597014925373,16.55373134328358,4.7,0.0,17.7,94.0
2563,387,18.373529411764707,16.75,16.124285714285712,4.4,0.0,17.7,95.0
3463,387,18.091428571428573,16.41044776119403,15.759701492537314,4.4,0.0,14.5,95.0
4363,387,17.850746268656714,16.0,15.42753623188406,4.5,0.0,20.9,95.0
5263,387,17.65714285714286,15.888059701492535,15.17910447761194,4.5,0.0,22.5,94.0
6163,387,17.495081967213117,15.5,14.97101449275362,4.5,0.0,20.9,94.0
7063,387,17.34857142857143,15.5,14.8,4.7,0.0,17.7,93.0
7963,387,17.234920634920634,15.5,14.686363636363636,4.7,0.0,16.1,93.0
8863,387,17.12272727272727,15.283582089552237,14.5,4.8,0.0,20.9,91.0
9763,387,17.00625,15.280303030303031,14.783333333333337,4.7,0.0,16.1,91.0
10663,387,16.922388059701493,15.335714285714284,14.60142857142857,4.9,0.0,22.5,90.0
11563,387,16.8536231884058,15.0,14.3,5.0,0.0,17.7,89.0
12463,387,16.8,15.0,14.03698630136986,4.9,0.0,24.1,91.0
13363,387,16.71212121212121,15.0,14.0,4.7,0.0,17.7,91.0
14263,387,16.641538461538463,14.672131147540984,13.977049180327873,4.6,0.0,17.7,91.0
15163,387,16.6,14.5,13.814705882352944,4.7,0.0,16.1,90.0
16063,387,16.502985074626867,14.5,13.8,4.4,0.0,19.3,91.0
16963,387,16.47101449275362,14.5,13.8,4.5,0.0,20.9,91.0
17863,387,16.4,17.905405405405407,16.498648648648647,4.6,0.0,17.7,92.0
18763,387,16.4,23.411764705882355,21.486764705882354,4.7,0.0,19.3,92.0
19663,387,16.479710144927537,35.61594202898551,30.775362318840585,4.7,0.0,20.9,91.0
20563,387,17.184848484848484,48.492753623188406,45.36666666666667,4.7,0.0,19.3,90.0
21463,387,17.755714285714284,47.7089552238806,44.27462686567164,4.8,0.0,20.9,90.0
22363,387,18.3765625,53.08870967741935,48.55806451612903,4.8,0.0,17.7,90.0
23263,387,18.983098591549297,43.07936507936508,39.68412698412698,4.9,0.0,19.3,91.0
24163,387,19.196875,41.90714285714286,38.82,5.1,0.0,22.5,90.0
25063,387,19.2,41.64393939393939,38.17575757575757,4.9,0.0,16.1,90.0
25963,387,19.2,38.80769230769231,34.90615384615385,5.0,0.0,17.7,90.0
26863,387,19.084126984126986,27.59523809523809,23.57301587301588,4.9,0.0,14.5,90.0
27763,387,18.83432835820896,25.976190476190474,24.844444444444445,4.9,0.0,20.9,90.0
28663,387,18.57846153846154,22.471830985915496,21.614084507042254,4.9,0.0,19.3,90.0
29563,387,18.60606060606061,33.330882352941174,30.333823529411763,4.9,0.0,20.9,90.0
30463,387,18.825,36.8134328358209,34.44328358208956,5.3,0.0,25.7,91.0
31363,387,18.734782608695653,29.7536231884058,27.542028985507244,5.3,7.0,27.4,90.0
32263,387,18.507692307692302,22.463235294117645,20.385294117647057,5.2,21.0,22.5,90.0
33163,387,18.25970149253732,19.34558823529412,17.951470588235292,5.3,18.0,22.5,89.0
34063,387,17.998507462686568,17.636363636363637,16.716666666666665,5.3,21.0,19.3,89.0
34963,387,17.747826086956522,16.68840579710145,15.97246376811594,5.4,32.0,20.9,89.0
35863,387,17.54,16.065217391304348,15.420289855072465,5.7,49.0,24.1,90.0
36763,387,17.31935483870968,15.61764705882353,15.039705882352942,5.8,51.0,24.1,88.0
37663,387,17.101694915254235,15.454545454545451,14.772727272727272,5.7,33.0,20.9,88.0
38563,387,16.90793650793651,15.014492753623188,14.5,5.8,19.0,24.1,88.0
39463,387,16.76086956521739,15.0,14.38235294117647,5.7,30.0,17.7,88.0
40363,387,16.62542372881356,15.0,14.3,5.9,83.0,29.0,89.0
41263,387,16.512307692307694,15.0,14.233333333333334,5.9,83.0,29.0,89.0
42163,387,16.41060606060606,14.763513513513512,14.0,5.9,97.0,24.1,89.0
43063,387,16.33230769230769,14.5,14.0,5.9,102.0,22.5,89.0
43963,387,16.259701492537314,14.5,14.0,6.1,113.0,24.1,89.0
44863,387,16.2,14.5,13.87878787878788,6.1,91.0,20.9,89.0
45763,387,16.13225806451613,14.5,13.8,6.2,81.0,24.1,89.0
46663,387,16.09558823529412,14.5,13.8,6.2,62.0,22.5,89.0
47563,387,16.0,14.5,13.8,6.2,142.0,19.3,89.0
48463,387,16.0,14.5,13.760294117647058,6.2,54.0,25.7,89.0
49363,387,15.906060606060606,14.5,13.504545454545454,6.2,98.0,25.7,90.0
50263,387,15.9,14.5,13.5,6.2,44.0,20.9,89.0
51163,387,15.84,14.5,13.5,6.2,69.0,20.9,89.0
52063,387,15.8,14.25,13.5,6.1,51.0,19.3,90.0
52963,387,15.7640625,14.022388059701491,13.5,6.1,51.0,19.3,90.0
53863,387,15.7,14.0,13.5,6.2,39.0,19.3,90.0
54763,387,15.672058823529412,14.0,13.45151515151515,6.2,21.0,20.9,91.0
55663,387,15.6,14.0,13.312698412698412,5.8,32.0,17.7,91.0
56563,387,15.58125,14.0,13.3,5.9,21.0,19.3,90.0
57463,387,15.5,14.0,13.3,6.0,11.0,19.3,90.0
58363,387,15.491666666666664,14.0,13.3,5.9,5.0,19.3,90.0
59263,387,15.466666666666663,33.276119402985074,27.44776119402985,5.8,0.0,27.4,89.0
60163,387,16.12878787878788,41.71014492753624,40.426086956521736,6.0,0.0,29.0,89.0
61063,387,16.775757575757574,50.73015873015873,45.7968253968254,6.2,0.0,22.5,88.0
61963,387,17.5984375,48.37301587301587,45.03809523809524,6.1,0.0,25.7,89.0
62863,387,18.05238095238095,38.16666666666667,35.584848484848486,6.0,0.0,19.3,90.0
63763,387,18.146031746031746,31.992857142857144,29.598571428571425,5.9,0.0,17.7,91.0
64663,387,18.02063492063492,23.044776119402982,20.732835820895524,5.8,0.0,27.4,90.0
65563,387,17.795384615384613,21.46923076923077,20.53538461538461,5.9,0.0,27.4,91.0
66463,387,17.592537313432835,21.4140625,20.515625,6.1,0.0,27.4,90.0
67363,387,17.384745762711866,23.833333333333336,22.7,6.1,0.0,25.7,90.0
68263,387,17.28787878787879,24.08955223880597,23.286567164179104,6.1,0.0,24.1,89.0
69163,387,17.2,25.694915254237287,24.39152542372881,6.2,0.0,24.1,89.0
70063,387,17.2672131147541,27.6,25.94,6.1,0.0,25.7,89.0
70963,387,17.3,30.35,28.46,6.1,0.0,27.4,89.0
71863,387,17.369354838709675,30.605263157894733,28.842105263157897,6.1,0.0,24.1,89.0
72763,387,17.43684210526316,31.134615384615387,29.56346153846153,6.2,0.0,27.4,88.0
73663,387,17.5,30.259615384615387,28.58076923076923,6.2,0.0,25.7,88.0
74563,387,17.5,28.925,27.626666666666665,6.2,0.0,25.7,87.0
75463,387,17.47833333333333,27.375,26.0546875,6.2,0.0,25.7,87.0
76363,387,17.4,28.951612903225804,26.927419354838708,6.5,0.0,27.4,85.0
77263,387,17.579245283018867,47.99152542372882,42.97457627118644,6.0,0.0,20.9,87.0
78163,387,18.19137931034483,50.9296875,48.225,5.9,0.0,24.1,86.0
79063,387,18.58863636363636,36.1875,32.796875,5.9,0.0,20.9,86.0
79963,387,18.60277777777777,33.49090909090909,32.35454545454546,6.1,0.0,20.9,86.0
80863,387,18.469047619047625,31.8135593220339,29.77457627118644,5.9,0.0,19.3,85.0
81763,387,18.307692307692307,26.41935483870968,23.34193548387097,5.9,0.0,20.9,86.0
82663,387,18.126415094339624,23.120967741935484,23.68709677419355,5.8,0.0,22.5,87.0
83563,387,17.87741935483871,19.80188679245283,18.733962264150943,5.8,0.0,20.9,87.0
84463,387,17.65671641791045,18.18939393939394,18.009090909090908,5.9,0.0,20.9,88.0
85363,387,17.581818181818182,18.02941176470588,18.266176470588235,5.9,0.0,17.7,89.0
86263,387,17.34202898550725,16.734848484848484,16.145454545454548,5.7,0.0,16.1,90.0
763,388,17.1390625,15.954545454545451,15.321212121212122,5.8,0.0,16.1,90.0
1663,388,16.944117647058825,15.5,14.921875,6.3,0.0,25.7,88.0
2563,388,16.81060606060606,15.393939393939394,14.75,6.3,0.0,29.0,89.0
3463,388,16.66716417910448,15.0,14.5,6.3,0.0,30.6,89.0
4363,388,16.556716417910447,15.0,14.434285714285716,6.3,0.0,27.4,89.0
5263,388,16.466153846153848,15.0,14.3,6.4,0.0,27.4,89.0
6163,388,16.38923076923077,15.0,14.3,6.2,0.0,25.7,90.0
7063,388,16.3,14.857142857142858,14.077142857142857,6.3,0.0,30.6,90.0
7963,388,16.213235294117645,14.507462686567164,14.0,6.3,0.0,32.2,90.0
8863,388,16.183823529411764,14.5,14.0,6.4,0.0,37.0,90.0
9763,388,16.1,14.5,14.0,6.9,0.0,40.2,88.0
10663,388,16.047826086956523,14.5,13.844776119402985,7.1,0.0,38.6,88.0
11563,388,16.0,14.5,13.8,7.1,0.0,37.0,88.0
12463,388,15.9640625,14.5,13.8,7.1,0.0,37.0,90.0
13363,388,15.9,14.5,13.8,7.1,0.0,35.4,90.0
14263,388,15.9,14.5,13.8,7.6,0.0,38.6,89.0
15163,388,15.803125,14.5,13.8,7.8,0.0,40.2,88.0
16063,388,15.8,14.5,13.70735294117647,8.0,0.0,38.6,87.0
16963,388,15.76984126984127,14.492537313432836,13.5,8.2,0.0,37.0,87.0
17863,388,15.7,14.384615384615383,13.5,8.3,0.0,40.2,87.0
18763,388,15.7,14.1044776119403,13.5,8.3,0.0,40.2,87.0
19663,388,15.734848484848484,32.723880597014926,26.986567164179103,8.4,0.0,33.8,87.0
20563,388,16.3671875,46.284615384615385,44.58307692307692,8.6,0.0,33.8,86.0
21463,388,17.11296296296296,51.27586206896551,47.6551724137931,8.3,0.0,37.0,87.0
22363,388,17.81044776119403,42.70149253731343,40.05074626865672,8.3,0.0,37.0,87.0
23263,388,18.11060606060606,34.36029411764706,32.59117647058824,8.2,0.0,30.6,88.0
24163,388,18.140579710144927,32.830882352941174,31.41470588235294,8.0,0.0,25.7,89.0
25063,388,18.04328358208955,25.92753623188405,24.13188405797101,8.3,0.0,32.2,88.0
25963,388,17.838805970149256,22.402985074626866,21.42537313432836,8.2,0.0,30.6,89.0
26863,388,17.646153846153844,24.2,21.967142857142857,8.2,0.0,35.4,89.0
27763,388,17.564406779661017,24.43076923076924,23.450769230769232,8.2,0.0,33.8,89.0
28663,388,17.583076923076923,22.51492537313433,21.555223880597016,8.4,0.0,32.2,88.0
29563,388,17.514754098360655,37.3,32.05,8.3,0.0,33.8,89.0
30463,388,17.7327868852459,40.48550724637681,36.57391304347826,8.3,0.0,38.6,91.0
31363,388,17.99375,43.21212121212121,39.23030303030304,8.5,0.0,33.8,94.0
32263,388,18.18695652173913,41.64925373134328,38.18208955223881,9.0,0.0,35.4,93.0
33163,388,18.3484375,38.515625,34.0359375,9.1,11.0,33.8,92.0
34063,388,18.333333333333336,26.654411764705884,21.852941176470587,9.3,32.0,32.2,93.0
34963,388,18.14307692307693,21.19402985074627,18.22388059701493,9.2,53.0,30.6,92.0
35863,388,17.91492537313433,18.4,16.60153846153846,9.6,58.0,40.2,91.0
36763,388,17.68939393939394,16.919117647058822,15.736764705882354,9.8,74.0,40.2,90.0
37663,388,17.443548387096776,16.09285714285714,15.161428571428573,9.8,67.0,38.6,90.0
38563,388,17.2359375,15.507462686567164,14.819402985074626,9.8,77.0,35.4,90.0
39463,388,17.02295081967213,15.196969696969695,14.504545454545454,9.9,74.0,33.8,90.0
40363,388,16.8530303030303,15.0,14.309090909090909,10.0,67.0,30.6,90.0
41263,388,16.725757575757576,15.0,14.215625,9.7,65.0,32.2,92.0
42163,388,16.573015873015873,14.613636363636363,14.0,9.7,58.0,35.4,92.0
43063,388,16.47101449275362,14.5,13.985294117647058,10.1,86.0,30.6,90.0
43963,388,16.373015873015873,14.5,13.806060606060608,10.4,77.0,41.8,88.0
44863,388,16.271428571428572,14.5,13.8,10.3,83.0,29.0,89.0
45763,388,16.2,14.5,13.8,10.2,77.0,32.2,89.0
46663,388,16.112698412698414,14.5,13.78181818181818,10.1,69.0,38.6,88.0
47563,388,16.066666666666666,14.5,13.581428571428573,10.2,74.0,37.0,88.0
48463,388,16.0,14.5,13.5,10.3,88.0,37.0,87.0
49363,388,15.984848484848484,14.5,13.5,10.2,74.0,35.4,86.0
50263,388,15.9,14.44285714285714,13.5,10.2,21.0,30.6,85.0
51163,388,15.8984126984127,14.15151515151515,13.5,10.0,14.0,25.7,86.0
52063,388,15.811940298507462,14.156716417910449,13.5,9.6,69.0,12.9,88.0
52963,388,15.8,14.014705882352942,13.5,9.6,26.0,16.1,86.0
53863,388,15.77462686567164,14.0,13.5,8.6,9.0,16.1,89.0
54763,388,15.7,14.0,13.5,8.1,21.0,14.5,91.0
55663,388,15.69402985074627,14.0,13.5,7.8,14.0,12.9,91.0
56563,388,15.6,14.0,13.385294117647058,7.7,0.0,22.5,91.0
57463,388,15.6,14.0,13.3,7.2,0.0,33.8,90.0
58363,388,15.527868852459015,14.0,13.3,7.2,0.0,37.0,89.0
59263,388,15.563076923076924,33.51470588235294,27.51617647058824,6.3,0.0,29.0,93.0
60163,388,16.31111111111111,42.838235294117645,40.74264705882353,6.0,0.0,25.7,93.0
61063,388,17.046031746031748,49.507462686567166,45.92388059701493,6.1,0.0,24.1,93.0
61963,388,17.81111111111111,43.92537313432835,41.73582089552239,6.7,0.0,27.4,92.0
62863,388,18.1625,35.17910447761194,32.79850746268657,6.2,0.0,30.6,92.0
63763,388,18.182089552238807,32.231884057971016,30.73623188405797,5.8,0.0,32.2,93.0
64663,388,18.05084745762712,28.551470588235293,27.036764705882355,5.5,0.0,16.1,95.0
65563,388,17.875,26.88775510204082,25.683673469387752,5.3,0.0,22.5,93.0
66463,388,,,,5.7,0.0,33.8,90.0
67363,388,,,,5.6,0.0,29.0,91.0
68263,388,,,,5.3,0.0,30.6,91.0
69163,388,,,,5.3,0.0,30.6,91.0
70063,388,,,,5.4,0.0,30.6,90.0
70963,388,,,,5.5,0.0,30.6,89.0
71863,388,,,,5.4,0.0,30.6,88.0
72763,388,,,,5.5,0.0,30.6,88.0
73663,388,,,,5.6,0.0,33.8,87.0
74563,388,,,,5.5,0.0,30.6,87.0
75463,388,,,,5.3,0.0,24.1,88.0
76363,388,,,,5.6,0.0,29.0,87.0
77263,388,,,,5.8,0.0,24.1,86.0
78163,388,,,,5.9,0.0,25.7,85.0
79063,388,,,,5.9,0.0,25.7,85.0
79963,388,,,,6.0,0.0,25.7,86.0
80863,388,,,,6.3,0.0,24.1,85.0
81763,388,,,,6.2,0.0,24.1,85.0
82663,388,,,,6.3,0.0,24.1,85.0
83563,388,,,,6.4,0.0,24.1,86.0
84463,388,,,,6.8,0.0,25.7,85.0
85363,388,18.98636363636364,18.416666666666664,17.4,6.6,0.0,17.7,88.0
86263,388,18.73692307692308,17.582089552238806,16.66417910447761,6.6,0.0,22.5,90.0
763,389,18.387096774193548,16.768115942028984,16.0,6.7,0.0,22.5,91.0
1663,389,18.080303030303032,16.282608695652176,15.595652173913043,6.8,0.0,16.1,91.0
2563,389,17.82089552238806,16.0,15.332258064516129,6.7,0.0,16.1,91.0
3463,389,17.611428571428572,15.817460317460316,15.038095238095238,6.4,0.0,12.9,90.0
4363,389,17.433870967741935,15.5,14.98125,6.3,0.0,12.9,91.0
5263,389,17.263636363636362,15.5,14.8,5.8,0.0,11.3,93.0
6163,389,17.145454545454548,15.5,14.8,5.7,0.0,14.5,95.0
7063,389,17.016666666666666,15.49264705882353,14.530882352941177,7.3,0.0,29.0,92.0
7963,389,16.90967741935484,15.052238805970148,14.5,8.0,0.0,32.2,90.0
8863,389,16.836507936507935,15.0,14.48153846153846,8.4,0.0,30.6,90.0
9763,389,16.795454545454547,15.0,14.309090909090909,8.3,0.0,30.6,91.0
10663,389,16.7,15.0,14.3,8.4,0.0,27.4,92.0
11563,389,16.63478260869565,15.0,14.3,8.4,0.0,29.0,92.0
12463,389,16.6,15.0,14.3,8.5,0.0,29.0,92.0
13363,389,16.506060606060608,15.0,14.132857142857144,8.6,0.0,30.6,92.0
14263,389,16.498507462686568,15.0,14.0,8.7,0.0,33.8,92.0
15163,389,16.4,15.0,14.0,8.8,0.0,29.0,92.0
16063,389,16.387301587301586,14.796875,14.0,8.7,0.0,24.1,94.0
16963,389,16.3,14.507692307692306,14.0,8.9,0.0,27.4,94.0
17863,389,16.292307692307695,14.5,14.0,9.3,0.0,33.8,93.0
18763,389,16.2,14.5,13.945454545454549,9.3,0.0,33.8,93.0
19663,389,16.2,14.5,13.808955223880597,7.8,0.0,35.4,91.0
20563,389,16.1578125,14.5,13.8,8.1,0.0,32.2,91.0
21463,389,16.1,14.842857142857142,13.902857142857144,8.2,0.0,27.4,92.0
22363,389,16.26290322580645,41.60294117647059,33.57941176470588,8.3,0.0,25.7,92.0
23263,389,17.28548387096774,53.07971014492754,49.31739130434782,8.2,0.0,41.8,85.0
24163,389,18.266666666666666,52.01449275362319,49.39565217391304,7.9,0.0,38.6,84.0
25063,389,18.857142857142858,46.12307692307692,43.80615384615385,7.4,0.0,41.8,82.0
25963,389,19.08852459016393,39.13076923076923,36.512307692307694,7.3,0.0,41.8,83.0
26863,389,19.412903225806453,28.35384615384616,26.880000000000003,7.1,0.0,40.2,83.0
27763,389,19.296774193548387,23.31428571428572,22.74714285714285,6.9,0.0,35.4,83.0
28663,389,19.02,31.35507246376812,29.607246376811595,5.5,0.0,27.4,90.0
29563,389,18.74655172413793,41.873134328358205,38.69402985074627,6.0,0.0,43.5,83.0
30463,389,18.67230769230769,33.90625,30.175,5.8,0.0,40.2,81.0
31363,389,18.5203125,24.838461538461537,21.684615384615384,5.7,0.0,40.2,81.0
32263,389,18.2984375,20.717391304347824,18.82898550724638,5.4,6.0,38.6,83.0
33163,389,18.04827586206897,18.44696969696969,17.278787878787877,5.4,11.0,40.2,82.0
34063,389,17.804761904761904,17.186567164179102,16.361194029850743,5.4,30.0,43.5,80.0
34963,389,17.591428571428573,16.363636363636363,15.73181818181818,5.4,40.0,40.2,81.0
35863,389,17.39047619047619,15.956521739130434,15.336231884057971,5.3,44.0,37.0,80.0
36763,389,17.21846153846154,15.5,14.98095238095238,5.4,63.0,35.4,81.0
37663,389,17.047826086956523,15.477941176470589,14.8,5.7,49.0,35.4,82.0
38563,389,16.904225352112675,15.036231884057973,14.530434782608696,5.9,70.0,41.8,81.0
39463,389,16.78955223880597,15.0,14.48840579710145,6.2,63.0,43.5,79.0
40363,389,16.664615384615384,15.0,14.302777777777775,6.2,69.0,43.5,79.0
41263,389,16.558461538461536,15.0,14.3,6.2,47.0,43.5,80.0
42163,389,16.490000000000002,15.0,14.20952380952381,6.2,69.0,40.2,80.0
43063,389,16.4,14.90909090909091,14.0,6.3,60.0,45.1,79.0
43963,389,16.304545454545455,14.522727272727272,14.0,6.4,84.0,45.1,79.0
44863,389,16.24153846153846,14.5,14.0,6.6,120.0,43.5,79.0
45763,389,16.2,14.5,14.0,6.6,79.0,45.1,79.0
46663,389,16.139130434782608,14.5,13.87536231884058,6.5,67.0,40.2,80.0
47563,389,16.1,14.5,13.8,6.6,84.0,43.5,79.0
48463,389,16.04,14.5,13.8,6.4,70.0,40.2,80.0
49363,389,16.0,14.5,13.8,6.4,72.0,43.5,80.0
50263,389,15.94375,14.5,13.8,6.6,67.0,41.8,80.0
51163,389,15.9,14.5,13.8,6.6,67.0,41.8,80.0
52063,389,15.88235294117647,14.5,13.8,6.5,60.0,40.2,81.0
52963,389,15.8,14.5,13.8,6.6,49.0,35.4,80.0
53863,389,15.8,14.5,13.7953125,6.3,19.0,35.4,84.0
54763,389,15.710204081632654,14.5,13.5625,5.2,14.0,30.6,90.0
55663,389,15.7,14.5,13.5,5.1,32.0,22.5,91.0
56563,389,15.622222222222224,14.447761194029852,13.5,5.2,11.0,30.6,89.0
57463,389,15.6,14.09090909090909,13.5,4.8,7.0,30.6,92.0
58363,389,15.539705882352942,14.0,13.5,4.7,7.0,27.4,92.0
59263,389,15.527692307692307,28.94776119402985,23.735820895522387,4.9,0.0,29.0,91.0
60163,389,16.066666666666666,48.04347826086956,44.97391304347826,4.9,0.0,37.0,90.0
61063,389,17.053623188405798,53.0820895522388,49.62089552238806,4.8,0.0,37.0,87.0
61963,389,17.87936507936508,54.007575757575765,50.309090909090905,4.7,0.0,30.6,87.0
62863,389,18.48955223880597,46.15441176470589,43.775,4.4,0.0,35.4,89.0
63763,389,18.58955223880597,31.635714285714283,27.93285714285714,4.7,0.0,35.4,87.0
64663,389,18.407462686567165,24.34285714285714,21.658571428571427,5.4,0.0,41.8,84.0
65563,389,18.111764705882354,20.12686567164179,18.48507462686567,5.4,0.0,41.8,84.0
66463,389,17.804411764705883,21.79230769230769,21.198461538461537,5.1,0.0,29.0,87.0
67363,389,17.540625,24.087719298245613,23.198245614035088,5.1,0.0,27.4,86.0
68263,389,17.337878787878786,23.48550724637681,22.663768115942027,5.2,0.0,29.0,86.0
69163,389,17.15942028985507,26.485074626865675,23.82238805970149,5.3,0.0,29.0,85.0
70063,389,17.363636363636363,47.53731343283582,42.08358208955224,5.2,0.0,32.2,85.0
70963,389,17.92741935483871,38.41803278688525,36.17868852459016,5.1,0.0,32.2,86.0
71863,389,18.155384615384616,35.38970588235294,33.34264705882353,5.1,0.0,29.0,85.0
72763,389,18.2,32.5774647887324,30.833802816901407,5.1,0.0,27.4,85.0
73663,389,18.1375,29.34782608695652,27.775362318840585,4.9,0.0,29.0,85.0
74563,389,18.04406779661017,27.6864406779661,26.53728813559322,4.9,0.0,29.0,85.0
75463,389,17.918181818181818,25.4140625,24.3640625,4.6,0.0,27.4,86.0
76363,389,17.75593220338983,25.1896551724138,24.193103448275863,4.6,0.0,25.7,85.0
77263,389,17.591803278688523,24.09016393442623,23.124590163934425,4.6,0.0,25.7,84.0
78163,389,17.498461538461537,25.8135593220339,24.396610169491527,4.7,0.0,29.0,84.0
79063,389,17.45593220338983,26.15151515151515,24.78939393939394,4.6,0.0,27.4,84.0
79963,389,17.5,29.370689655172413,26.90172413793104,4.5,0.0,24.1,84.0
80863,389,17.70714285714286,40.30597014925373,35.63134328358209,4.6,0.0,29.0,83.0
81763,389,18.07301587301588,29.82575757575757,27.35151515151515,4.9,0.0,37.0,82.0
82663,389,18.04328358208955,23.963235294117645,23.69264705882353,4.6,0.0,25.7,83.0
83563,389,17.920895522388058,21.615942028985508,22.918840579710142,4.5,0.0,24.1,83.0
84463,389,18.643939393939394,19.892307692307693,20.71846153846154,4.4,0.0,24.1,84.0
85363,389,18.19090909090909,18.253846153846155,17.98,4.4,0.0,22.5,84.0
86263,389,17.70597014925373,16.917910447761194,16.276119402985074,4.3,0.0,20.9,85.0
763,390,17.38550724637681,16.15,15.455714285714285,4.4,0.0,20.9,86.0
1663,390,17.101492537313433,15.6,14.919999999999998,4.6,0.0,20.9,84.0
2563,390,16.896923076923077,15.493055555555554,14.75,4.7,0.0,24.1,85.0
3463,390,16.694202898550724,15.05714285714286,14.5,4.8,0.0,27.4,83.0
4363,390,16.519402985074628,15.0,14.307272727272728,4.5,0.0,17.7,84.0
5263,390,16.39090909090909,15.0,14.225,4.4,0.0,17.7,85.0
6163,390,,,,4.5,0.0,20.9,84.0
7063,390,,,,4.4,0.0,19.3,84.0
7963,390,,,,4.2,0.0,16.1,85.0
8863,390,,,,4.2,0.0,20.9,84.0
9763,390,,,,4.2,0.0,17.7,84.0
10663,390,,,,4.1,0.0,16.1,84.0
11563,390,,,,4.1,0.0,16.1,83.0
12463,390,,,,4.1,0.0,17.7,84.0
13363,390,15.6,14.0,13.483333333333334,4.2,0.0,20.9,84.0
14263,390,15.521428571428572,14.0,13.32608695652174,4.3,0.0,22.5,83.0
15163,390,15.5,14.0,13.3,4.1,0.0,17.7,83.0
16063,390,,,,4.0,0.0,19.3,84.0
16963,390,,,,4.0,0.0,22.5,84.0
17863,390,,,,4.1,0.0,24.1,84.0
18763,390,,,,4.1,0.0,24.1,85.0
19663,390,,,,4.1,0.0,25.7,85.0
20563,390,,,,4.3,0.0,27.4,85.0
21463,390,,,,4.2,0.0,22.5,85.0
22363,390,,,,4.2,0.0,22.5,85.0
23263,390,17.803703703703704,41.234042553191486,38.61063829787234,4.2,0.0,24.1,85.0
24163,390,17.897058823529413,38.88059701492537,36.51044776119403,4.3,0.0,24.1,85.0
25063,390,17.9,35.310810810810814,33.13243243243243,4.2,0.0,22.5,85.0
25963,390,,,,4.2,0.0,20.9,85.0
26863,390,,,,4.1,0.0,20.9,85.0
27763,390,,,,4.1,0.0,20.9,85.0
28663,390,,,,4.3,0.0,27.4,84.0
29563,390,,,,4.3,0.0,29.0,84.0
30463,390,,,,4.2,7.0,27.4,85.0
31363,390,,,,4.2,12.0,22.5,86.0
32263,390,,,,4.4,17.0,24.1,85.0
33163,390,16.4,15.5,14.875,4.4,26.0,24.1,85.0
34063,390,16.30952380952381,15.378048780487806,14.726829268292684,4.6,39.0,25.7,85.0
34963,390,16.131746031746033,15.0,14.402857142857144,4.7,42.0,27.4,84.0
35863,390,15.99402985074627,14.860294117647058,14.251470588235293,4.8,56.0,24.1,84.0
36763,390,15.893939393939394,14.5,14.0,4.9,65.0,22.5,83.0
37663,390,15.8,14.5,13.97878787878788,5.0,79.0,22.5,83.0
38563,390,15.7171875,14.5,13.8,5.1,83.0,20.9,82.0
39463,390,15.6890625,14.5,13.8,5.2,102.0,20.9,81.0
40363,390,15.6,14.5,13.8,5.3,111.0,19.3,80.0
41263,390,15.59846153846154,14.34090909090909,13.586363636363638,5.6,123.0,19.3,80.0
42163,390,15.501470588235293,14.007462686567164,13.5,5.9,153.0,17.7,79.0
43063,390,15.5,14.0,13.5,5.6,139.0,19.3,83.0
43963,390,15.463492063492064,14.0,13.5,5.0,84.0,17.7,86.0
44863,390,15.4,14.0,13.5,5.4,186.0,12.9,87.0
45763,390,15.3984375,14.0,13.5,6.3,246.0,17.7,81.0
46663,390,15.301492537313433,14.0,13.5,6.7,240.0,14.5,79.0
47563,390,15.3,14.0,13.485074626865671,6.9,227.0,14.5,77.0
48463,390,15.3,14.0,13.403030303030302,6.9,206.0,16.1,76.0
49363,390,15.223529411764709,14.0,13.354545454545454,6.7,188.0,12.9,76.0
50263,390,15.2,14.0,13.317910447761191,7.0,100.0,9.7,76.0
51163,390,15.180882352941175,14.0,13.3,6.9,77.0,9.7,76.0
52063,390,15.1,14.0,13.3,6.5,21.0,8.0,76.0
52963,390,15.080000000000002,14.0,13.3,6.2,19.0,3.2,78.0
53863,390,15.0,14.0,13.3,5.4,19.0,3.2,81.0
54763,390,15.0,14.0,13.3,5.2,30.0,1.6,82.0
55663,390,14.917741935483871,13.992307692307694,13.286153846153846,4.8,14.0,3.2,83.0
56563,390,14.9,13.724637681159418,13.02608695652174,4.7,19.0,3.2,85.0
57463,390,14.828787878787878,13.50735294117647,13.0,4.8,0.0,3.2,85.0
58363,390,14.8,13.5,13.0,4.8,0.0,8.0,85.0
59263,390,14.813636363636364,27.6969696969697,22.753030303030304,4.8,0.0,9.7,86.0
60163,390,15.3625,50.84375,46.4328125,4.7,0.0,8.0,87.0
61063,390,16.30793650793651,52.54761904761905,49.13968253968254,4.5,0.0,8.0,88.0
61963,390,16.980597014925372,44.014925373134325,41.17761194029851,4.4,0.0,6.4,88.0
62863,390,17.325,38.8671875,36.6015625,4.6,0.0,6.4,88.0
63763,390,17.4,37.41176470588236,35.37647058823529,4.6,0.0,6.4,88.0
64663,390,17.3921875,32.6865671641791,31.144776119402984,4.7,0.0,4.8,88.0
65563,390,17.253731343283583,29.03030303030303,27.840909090909093,4.7,0.0,4.8,88.0
66463,390,17.066153846153846,26.9469696969697,25.71212121212121,4.8,0.0,8.0,87.0
67363,390,16.84090909090909,26.161290322580648,25.07741935483871,4.8,0.0,4.8,88.0
68263,390,16.633333333333333,25.42028985507246,24.21159420289855,4.6,0.0,4.8,88.0
69163,390,16.461194029850745,26.04615384615385,24.615384615384617,4.4,0.0,4.8,89.0
70063,390,16.341269841269842,25.36290322580645,24.056451612903224,4.1,0.0,1.6,89.0
70963,390,16.22923076923077,25.166666666666664,24.03333333333333,3.8,0.0,0.0,90.0
71863,390,16.18125,24.073529411764707,22.54558823529412,3.4,0.0,0.0,91.0
72763,390,16.1,25.77611940298508,24.14776119402985,3.2,0.0,1.6,92.0
73663,390,16.190625,40.76515151515152,35.872727272727275,3.3,0.0,3.2,94.0
74563,390,16.707692307692305,52.32142857142857,48.39857142857143,3.1,0.0,1.6,94.0
75463,390,17.21785714285714,46.06896551724138,43.85689655172414,2.6,0.0,1.6,94.0
76363,390,17.453846153846154,42.82456140350877,40.5,2.5,0.0,1.6,95.0
77263,390,17.5,36.69166666666667,34.653333333333336,2.4,0.0,3.2,95.0
78163,390,17.48709677419355,33.714285714285715,32.26607142857143,2.4,0.0,3.2,96.0
79063,390,17.34909090909091,28.568965517241377,27.58793103448276,2.5,0.0,3.2,96.0
79963,390,17.21,37.131578947368425,32.73859649122807,2.5,0.0,4.8,96.0
80863,390,17.54285714285714,45.642857142857146,43.4125,2.6,0.0,4.8,96.0
81763,390,17.86315789473684,32.686440677966104,31.86610169491525,2.7,0.0,4.8,96.0
82663,390,17.83103448275862,25.39516129032258,24.43064516129032,2.6,0.0,4.8,95.0
83563,390,17.653030303030302,21.2,19.96307692307692,2.6,0.0,4.8,95.0
84463,390,17.38923076923077,19.37878787878788,19.656060606060606,2.4,0.0,4.8,95.0
85363,390,17.14,17.902985074626866,17.725373134328358,2.7,0.0,6.4,95.0
86263,390,16.871641791044777,17.333333333333336,17.65942028985507,2.8,0.0,4.8,94.0
763,391,16.628125,16.41044776119403,15.888059701492535,2.9,0.0,6.4,94.0
1663,391,16.43114754098361,15.715384615384616,15.076923076923077,2.9,0.0,6.4,93.0
2563,391,16.240000000000002,15.31060606060606,14.668181818181818,2.9,0.0,6.4,93.0
3463,391,16.114285714285714,15.0,14.396969696969697,2.9,0.0,6.4,92.0
4363,391,15.985714285714286,14.871428571428572,14.214285714285714,2.8,0.0,9.7,92.0
5263,391,15.88548387096774,14.5,14.0,2.8,0.0,3.2,91.0
6163,391,15.8,14.5,13.922388059701492,2.8,0.0,6.4,91.0
7063,391,15.7078125,14.5,13.8,2.7,0.0,8.0,91.0
7963,391,15.645,14.5,13.8,2.7,0.0,8.0,90.0
8863,391,15.596491228070176,14.376923076923076,13.564615384615385,2.8,0.0,4.8,90.0
9763,391,15.5,14.00735294117647,13.5,2.8,0.0,8.0,90.0
10663,391,15.461290322580648,14.0,13.5,2.6,0.0,6.4,89.0
11563,391,15.4,14.0,13.497014925373133,2.5,0.0,8.0,89.0
12463,391,15.325423728813558,14.0,13.315151515151516,2.7,0.0,6.4,89.0
13363,391,15.3,14.0,13.3,2.8,0.0,6.4,89.0
14263,391,15.226666666666668,14.0,13.3,2.7,0.0,6.4,88.0
15163,391,15.2,14.0,13.3,2.7,0.0,8.0,89.0
16063,391,15.140677966101697,14.0,13.3,2.6,0.0,4.8,89.0
16963,391,15.1,14.0,13.156923076923077,2.7,0.0,4.8,88.0
17863,391,15.036206896551723,13.963235294117649,13.0,2.5,0.0,6.4,88.0
18763,391,15.0,13.653225806451612,13.0,2.5,0.0,6.4,88.0
19663,391,14.998113207547169,24.65384615384616,19.96923076923077,2.4,0.0,8.0,88.0
20563,391,15.422222222222222,50.96212121212121,46.589393939393936,2.4,0.0,4.8,88.0
21463,391,16.43673469387755,51.492537313432834,48.55820895522388,2.6,0.0,6.4,88.0
22363,391,16.959615384615383,42.43181818181818,40.016666666666666,2.6,0.0,6.4,88.0
23263,391,17.228571428571428,40.64925373134328,37.94626865671641,2.7,0.0,6.4,88.0
24163,391,17.3,38.014925373134325,35.77164179104478,2.7,0.0,6.4,88.0
25063,391,17.3,34.29710144927536,32.233333333333334,2.9,0.0,6.4,88.0
25963,391,17.291803278688526,32.35507246376812,30.684057971014493,3.0,0.0,8.0,87.0
26863,391,17.15967741935484,28.08208955223881,26.68358208955224,3.1,0.0,8.0,87.0
27763,391,17.00526315789474,34.84615384615385,30.450769230769232,2.9,0.0,8.0,87.0
28663,391,17.234920634920634,41.93181818181818,38.89545454545454,2.8,0.0,6.4,87.0
29563,391,17.46290322580645,40.89230769230769,38.83692307692308,2.9,0.0,8.0,87.0
30463,391,17.6,32.23880597014925,28.532835820895524,3.0,7.0,4.8,87.0
31363,391,17.467241379310344,24.369230769230768,21.707692307692305,2.9,11.0,6.4,87.0
32263,391,17.238709677419354,20.29365079365079,18.504761904761903,2.9,23.0,8.0,87.0
33163,391,16.993333333333332,17.940298507462686,16.758208955223882,2.9,33.0,6.4,86.0
34063,391,16.744262295081967,16.630769230769232,15.77846153846154,3.1,44.0,4.8,86.0
34963,391,16.48148148148148,15.8515625,15.2125,3.2,51.0,4.8,86.0
35863,391,16.232,15.41044776119403,14.832835820895522,3.3,49.0,3.2,85.0
36763,391,16.04814814814815,15.0,14.485294117647058,3.3,60.0,4.8,85.0
37663,391,15.875862068965516,14.875,14.3,3.3,37.0,4.8,84.0
38563,391,15.757407407407408,14.5,14.013432835820897,3.4,60.0,1.6,84.0
39463,391,15.65344827586207,14.5,13.927272727272728,3.8,91.0,1.6,85.0
40363,391,15.58909090909091,14.5,13.8,4.0,100.0,4.8,83.0
41263,391,15.5,14.365671641791044,13.7955223880597,4.4,111.0,4.8,82.0
42163,391,15.447916666666666,14.0,13.51875,4.6,111.0,4.8,82.0
43063,391,15.4,14.0,13.5,4.9,105.0,6.4,81.0
43963,391,15.327586206896552,14.0,13.5,5.0,113.0,8.0,80.0
44863,391,15.3,14.0,13.3875,5.3,128.0,6.4,79.0
45763,391,15.285454545454543,14.0,13.3,5.7,200.0,6.4,79.0
46663,391,15.2,14.0,13.3,6.0,157.0,4.8,78.0
47563,391,15.2,14.0,13.3,6.7,267.0,8.0,74.0
48463,391,15.2,14.0,13.3,6.7,221.0,6.4,71.0
49363,391,15.115625,14.0,13.28095238095238,6.6,178.0,8.0,72.0
50263,391,15.1,13.984615384615385,13.032307692307691,6.2,117.0,8.0,74.0
51163,391,15.089655172413794,13.639705882352942,13.0,6.1,105.0,8.0,75.0
52063,391,15.0,13.507575757575756,13.0,5.8,69.0,6.4,75.0
52963,391,15.0,13.5,13.0,5.7,49.0,6.4,76.0
53863,391,14.947540983606558,13.5,13.0,5.4,33.0,6.4,77.0
54763,391,14.9,13.5,13.0,5.4,35.0,8.0,78.0
55663,391,14.84655172413793,13.5,12.965625,4.9,30.0,8.0,80.0
56563,391,14.8,13.5,12.812307692307693,4.7,26.0,9.7,81.0
57463,391,14.741071428571429,13.5,12.8,4.3,18.0,9.7,83.0
58363,391,14.7,13.5,12.8,4.2,12.0,8.0,83.0
59263,391,14.701694915254237,28.46031746031746,22.87619047619048,4.3,0.0,12.9,83.0
60163,391,15.290163934426229,50.04615384615384,46.77692307692308,4.3,0.0,12.9,84.0
61063,391,16.157627118644065,50.61538461538461,47.39423076923077,3.9,0.0,11.3,85.0
61963,391,16.818333333333335,52.67647058823529,49.13970588235294,3.9,0.0,11.3,85.0
62863,391,17.354,49.92142857142857,47.57,3.9,0.0,8.0,84.0
63763,391,17.732,38.03521126760563,36.35774647887324,3.9,0.0,6.4,84.0
64663,391,17.6984126984127,34.43333333333333,33.18,3.9,0.0,8.0,85.0
65563,391,17.570212765957447,32.054545454545455,30.907272727272726,3.9,0.0,4.8,85.0
66463,391,17.35918367346939,25.94736842105263,25.12982456140351,4.1,0.0,14.5,84.0
67363,391,17.1,25.0,24.2280701754386,3.9,0.0,14.5,85.0
68263,391,16.841666666666665,23.140625,22.5859375,3.6,0.0,17.7,86.0
69163,391,16.58076923076923,22.894736842105264,22.087719298245613,3.6,0.0,17.7,86.0
70063,391,16.316071428571426,21.9811320754717,21.15471698113208,3.8,0.0,19.3,86.0
70963,391,16.128571428571426,22.333333333333336,21.36842105263158,3.9,0.0,19.3,85.0
71863,391,15.963829787234042,22.616666666666667,21.42333333333333,4.2,0.0,24.1,85.0
72763,391,15.946938775510205,29.678571428571427,26.560714285714283,4.2,0.0,22.5,85.0
73663,391,16.628571428571426,49.43220338983051,46.123728813559325,4.0,0.0,20.9,86.0
74563,391,17.59318181818182,50.940677966101696,48.715254237288136,4.0,0.0,20.9,87.0
75463,391,18.280851063829783,51.612068965517246,49.28448275862069,4.1,0.0,20.9,87.0
76363,391,18.739583333333336,51.81147540983606,48.87049180327869,4.1,0.0,22.5,87.0
77263,391,18.96595744680851,52.81147540983606,48.69836065573771,4.1,0.0,20.9,88.0
78163,391,19.08809523809524,50.64393939393939,47.37878787878788,4.2,0.0,25.7,88.0
79063,391,19.201818181818183,53.6578947368421,49.47368421052632,4.2,0.0,22.5,89.0
79963,391,19.488,46.36111111111111,43.92037037037037,4.3,0.0,22.5,88.0
80863,391,19.441935483870967,40.142857142857146,36.97301587301588,4.4,0.0,19.3,89.0
81763,391,19.1203125,32.06818181818182,27.87878787878788,4.5,0.0,20.9,89.0
82663,391,18.74782608695652,24.5,21.6828125,4.7,0.0,20.9,88.0
83563,391,18.73076923076924,21.838709677419352,22.056451612903224,4.7,0.0,20.9,89.0
84463,391,18.80793650793651,20.346153846153847,21.141538461538463,4.6,0.0,14.5,89.0
85363,391,18.11269841269841,18.081967213114755,17.550819672131148,4.7,0.0,16.1,89.0
86263,391,17.735294117647058,17.224637681159418,17.192753623188405,4.7,0.0,16.1,89.0
763,392,17.466666666666665,17.507575757575758,17.721212121212123,4.8,0.0,16.1,89.0
1663,392,17.19402985074627,16.492537313432837,15.998507462686566,4.9,0.0,14.5,88.0
2563,392,16.97352941176471,15.907142857142858,15.377142857142855,5.1,0.0,17.7,88.0
3463,392,16.852941176470587,15.5,15.020689655172411,5.7,0.0,29.0,85.0
4363,392,,,,5.7,0.0,27.4,86.0
5263,392,,,,5.7,0.0,29.0,86.0
6163,392,,,,5.8,0.0,29.0,86.0
7063,392,,,,5.7,0.0,29.0,87.0
7963,392,,,,5.7,0.0,29.0,88.0
8863,392,,,,5.8,0.0,27.4,88.0
9763,392,,,,5.8,0.0,27.4,88.0
10663,392,,,,5.7,0.0,24.1,88.0
11563,392,16.0,14.5,13.8,5.7,0.0,25.7,89.0
12463,392,15.953125,14.5,13.8,6.0,0.0,35.4,89.0
13363,392,15.9,14.5,13.8,6.1,0.0,33.8,89.0
14263,392,,,,6.2,0.0,30.6,89.0
15163,392,,,,6.4,0.0,35.4,89.0
16063,392,,,,6.3,0.0,33.8,89.0
16963,392,,,,6.4,0.0,35.4,89.0
17863,392,,,,6.4,0.0,33.8,89.0
18763,392,,,,6.4,0.0,29.0,90.0
19663,392,,,,6.4,0.0,32.2,90.0
20563,392,,,,6.4,0.0,30.6,91.0
21463,392,15.7,51.375,46.15,6.5,0.0,32.2,91.0
22363,392,16.093939393939394,44.70289855072464,42.836231884057966,6.7,0.0,37.0,90.0
23263,392,16.75,52.612068965517246,47.96551724137931,6.8,0.0,35.4,89.0
24163,392,,,,6.8,0.0,38.6,89.0
25063,392,,,,6.9,0.0,37.0,90.0
25963,392,,,,7.0,0.0,33.8,90.0
26863,392,,,,7.2,0.0,29.0,89.0
27763,392,,,,7.1,0.0,27.4,90.0
28663,392,,,,7.2,0.0,27.4,91.0
29563,392,,,,7.2,0.0,30.6,91.0
30463,392,,,,7.3,5.0,29.0,92.0
31363,392,19.6,45.8125,44.6625,7.4,11.0,29.0,92.0
32263,392,19.64848484848485,46.03787878787879,43.68939393939394,7.6,19.0,30.6,93.0
33163,392,19.69814814814815,45.3,42.73090909090909,7.9,28.0,37.0,92.0
34063,392,,,,8.5,39.0,37.0,92.0
34963,392,,,,8.8,49.0,35.4,91.0
35863,392,,,,9.1,51.0,35.4,91.0
36763,392,,,,8.9,62.0,33.8,91.0
37663,392,,,,9.7,74.0,40.2,90.0
38563,392,,,,9.8,86.0,38.6,90.0
39463,392,,,,9.8,109.0,27.4,90.0
40363,392,,,,9.9,102.0,30.6,90.0
41263,392,,,,10.3,79.0,37.0,87.0
42163,392,19.2,35.890625,33.9796875,10.3,105.0,35.4,88.0
43063,392,19.253030303030304,41.50735294117647,37.69705882352942,10.4,125.0,32.2,87.0
43963,392,,,,10.4,125.0,30.6,87.0
44863,392,,,,10.6,84.0,33.8,85.0
45763,392,,,,10.5,74.0,32.2,85.0
46663,392,,,,10.4,109.0,35.4,85.0
47563,392,,,,10.4,107.0,32.2,82.0
48463,392,,,,10.2,72.0,27.4,83.0
49363,392,,,,10.1,98.0,24.1,84.0
50263,392,,,,10.2,67.0,33.8,81.0
51163,392,,,,10.1,88.0,30.6,81.0
52063,392,20.44736842105264,47.8875,45.15,9.8,46.0,32.2,83.0
52963,392,20.684210526315788,47.83582089552239,45.43134328358209,9.7,40.0,33.8,83.0
53863,392,20.8,42.125,40.125,9.6,44.0,32.2,79.0
54763,392,,,,9.6,47.0,37.0,73.0
55663,392,,,,9.2,16.0,35.4,75.0
56563,392,,,,8.9,14.0,30.6,77.0
57463,392,,,,8.6,9.0,33.8,78.0
58363,392,,,,8.4,7.0,30.6,76.0
59263,392,,,,8.3,0.0,32.2,72.0
60163,392,,,,8.2,0.0,33.8,75.0
61063,392,,,,8.2,0.0,38.6,77.0
61963,392,20.7,49.407407407407405,47.18148148148149,8.0,0.0,30.6,77.0
62863,392,20.9,43.78787878787879,41.72727272727273,7.6,0.0,32.2,84.0
63763,392,20.864705882352943,38.15217391304349,36.81449275362319,7.1,0.0,30.6,88.0
64663,392,20.67,32.95774647887324,31.878873239436626,6.6,0.0,32.2,87.0
65563,392,20.49074074074074,31.55223880597015,30.7044776119403,6.8,0.0,38.6,84.0
66463,392,20.218367346938773,29.977272727272727,29.01666666666667,6.6,0.0,32.2,85.0
67363,392,20.016666666666666,29.60714285714285,28.43857142857143,6.7,0.0,37.0,84.0
68263,392,19.826086956521745,27.686567164179102,26.68955223880597,6.9,0.0,32.2,82.0
69163,392,19.642,27.11904761904762,25.922222222222224,6.8,0.0,29.0,85.0
70063,392,19.44705882352941,26.03623188405797,24.98260869565217,6.2,0.0,33.8,88.0
70963,392,19.32857142857143,26.5078125,25.3,6.3,0.0,38.6,84.0
71863,392,19.24888888888889,37.86507936507937,32.46984126984127,6.5,0.0,35.4,81.0
72763,392,19.866666666666667,53.149253731343286,49.63134328358209,6.6,0.0,38.6,80.0
73663,392,20.59032258064516,52.13970588235294,49.53823529411765,6.2,0.0,35.4,82.0
74563,392,20.9,41.55714285714286,38.864285714285714,6.2,0.0,37.0,83.0
75463,392,20.88387096774193,38.869565217391305,37.24782608695652,6.3,0.0,33.8,84.0
76363,392,20.714492753623187,34.8768115942029,33.8231884057971,6.2,0.0,33.8,84.0
77263,392,20.446153846153845,31.970149253731343,30.87313432835821,6.1,0.0,27.4,83.0
78163,392,20.11746031746032,31.963235294117645,30.82647058823529,6.1,0.0,32.2,83.0
79063,392,19.824615384615385,29.395522388059703,28.273134328358207,6.2,0.0,32.2,81.0
79963,392,19.6015625,30.52857142857143,29.098571428571425,6.1,0.0,29.0,81.0
80863,392,19.45555555555556,32.97857142857143,31.002857142857145,6.1,0.0,30.6,83.0
81763,392,19.421875,37.8,35.716923076923074,6.3,0.0,37.0,83.0
82663,392,19.550819672131148,38.417808219178085,36.33972602739726,6.3,0.0,35.4,82.0
83563,392,19.785714285714285,45.21641791044776,42.147761194029854,6.3,0.0,33.8,82.0
84463,392,20.03030303030303,47.93283582089553,45.82835820895522,6.3,0.0,32.2,82.0
85363,392,20.17428571428572,45.98507462686568,43.995522388059705,6.4,0.0,33.8,82.0
86263,392,20.2,41.27857142857143,39.41428571428572,6.4,0.0,32.2,83.0
763,393,20.18115942028985,40.19852941176471,38.47058823529412,6.3,0.0,35.4,83.0
1663,393,20.08840579710145,37.23571428571428,35.65714285714286,6.3,0.0,33.8,84.0
2563,393,19.971875,37.68181818181818,35.9469696969697,6.3,0.0,35.4,84.0
3463,393,19.86764705882353,36.97727272727273,35.55,6.2,0.0,32.2,83.0
4363,393,19.7796875,38.13970588235294,36.40147058823529,6.3,0.0,33.8,82.0
5263,393,19.7,37.5,36.08985507246377,6.3,0.0,33.8,85.0
6163,393,19.66029411764706,38.52941176470589,36.77794117647058,6.3,0.0,33.8,84.0
7063,393,19.6,38.22794117647059,36.66176470588236,6.4,0.0,32.2,82.0
7963,393,19.6,39.41428571428572,37.462857142857146,6.4,0.0,32.2,81.0
8863,393,19.6,38.94117647058824,37.38676470588236,6.4,0.0,29.0,80.0
9763,393,19.6,40.20149253731343,38.35820895522388,6.5,0.0,32.2,79.0
10663,393,19.6,39.87857142857143,38.21857142857143,6.4,0.0,27.4,80.0
11563,393,19.6,41.45588235294117,39.55882352941176,6.4,0.0,27.4,80.0
12463,393,19.6,41.14925373134328,39.492537313432834,6.4,0.0,29.0,80.0
13363,393,19.6,42.43382352941176,40.436764705882354,6.4,0.0,27.4,82.0
14263,393,19.6,42.15151515151515,40.35757575757576,6.2,0.0,24.1,86.0
15163,393,19.65970149253732,43.47826086956522,41.417391304347824,6.3,0.0,25.7,86.0
16063,393,19.7,42.865671641791046,40.95074626865672,6.3,0.0,27.4,88.0
16963,393,19.7,43.823076923076925,41.73076923076923,6.3,0.0,25.7,90.0
17863,393,19.7,42.51449275362319,40.34782608695652,6.4,0.0,25.7,90.0
18763,393,19.784615384615385,44.17647058823529,41.88676470588236,6.4,0.0,25.7,89.0
19663,393,19.8,42.865671641791046,40.67611940298507,6.5,0.0,20.9,89.0
20563,393,19.8,43.15909090909091,41.019696969696966,6.4,0.0,20.9,90.0
21463,393,19.837096774193547,45.92537313432835,42.98059701492537,6.3,0.0,16.1,91.0
22363,393,20.146153846153844,44.76119402985075,43.276119402985074,6.2,0.0,17.7,91.0
23263,393,20.303030303030305,43.93382352941176,41.23235294117647,6.2,0.0,20.9,92.0
24163,393,20.392424242424244,33.81159420289855,32.836231884057966,6.1,0.0,20.9,92.0
25063,393,20.23333333333333,39.45774647887324,35.774647887323944,6.1,0.0,14.5,93.0
25963,393,20.469014084507045,53.46268656716418,50.4,6.1,0.0,14.5,93.0
26863,393,20.76818181818182,50.06818181818182,48.32878787878788,6.6,0.0,16.1,94.0
27763,393,20.877142857142857,47.82142857142857,45.83428571428571,7.5,0.0,20.9,94.0
28663,393,20.8,44.15492957746479,41.683098591549296,7.2,0.0,4.8,93.0
29563,393,21.03521126760564,43.27272727272727,42.156060606060606,6.8,0.0,4.8,94.0
30463,393,20.995454545454542,40.01470588235294,37.9,6.5,0.0,3.2,96.0
31363,393,20.765671641791045,39.5,37.89420289855072,6.4,0.0,0.0,96.0
32263,393,20.60757575757576,39.06153846153846,37.27692307692308,6.3,5.0,1.6,96.0
33163,393,20.493548387096773,39.50735294117647,37.75147058823529,6.1,7.0,1.6,96.0
34063,393,20.370149253731345,36.44117647058824,34.81764705882353,6.2,18.0,1.6,97.0
34963,393,20.29848484848485,36.97058823529412,34.98235294117647,6.7,19.0,1.6,97.0
35863,393,20.260294117647057,47.48507462686568,43.07761194029851,8.3,30.0,8.0,98.0
36763,393,20.583333333333336,50.0530303030303,46.67575757575757,9.2,53.0,14.5,98.0
37663,393,20.83103448275862,46.32089552238806,42.62388059701493,10.1,32.0,22.5,98.0
38563,393,20.95522388059701,39.90151515151515,36.60151515151515,10.2,37.0,25.7,97.0
39463,393,20.85606060606061,28.56617647058824,26.363235294117647,10.4,32.0,27.4,97.0
40363,393,20.64,35.515625,33.0546875,10.4,26.0,25.7,96.0
41263,393,20.583333333333336,52.6268656716418,48.78507462686567,10.4,26.0,22.5,96.0
42163,393,20.838709677419352,54.19230769230769,51.38769230769231,10.4,33.0,22.5,96.0
43063,393,21.07878787878788,47.76086956521739,46.25797101449275,10.4,33.0,22.5,96.0
43963,393,21.148529411764702,50.08571428571428,47.16428571428572,10.4,56.0,20.9,96.0
44863,393,21.2,52.60769230769231,49.63230769230769,10.6,72.0,20.9,96.0
45763,393,21.279310344827586,50.67910447761194,48.40447761194029,10.6,70.0,19.3,96.0
46663,393,21.4,43.98507462686568,41.43731343283582,10.7,79.0,17.7,96.0
47563,393,21.4,41.00735294117647,39.53676470588236,10.7,72.0,22.5,96.0
48463,393,21.26142857142857,30.609375,28.6484375,10.7,53.0,27.4,95.0
49363,393,21.02923076923077,31.840909090909093,31.06212121212121,10.7,56.0,27.4,95.0
50263,393,20.785714285714285,29.604477611940297,28.84776119402985,10.6,62.0,24.1,96.0
51163,393,20.616666666666667,36.81884057971014,32.405797101449274,10.7,95.0,22.5,96.0
52063,393,20.72295081967213,48.02272727272727,44.78333333333333,10.7,40.0,24.1,95.0
52963,393,21.019298245614035,45.34328358208956,43.53134328358209,10.7,44.0,20.9,95.0
53863,393,21.231578947368423,50.491379310344826,46.85517241379311,10.7,40.0,19.3,95.0
54763,393,21.45744680851064,51.1578947368421,48.85438596491228,10.7,44.0,22.5,95.0
55663,393,21.60833333333333,52.483050847457626,50.20677966101695,10.8,28.0,17.7,95.0
56563,393,21.7,51.314516129032256,48.67903225806452,10.9,23.0,20.9,95.0
57463,393,21.7,50.79850746268657,48.71044776119403,10.9,12.0,24.1,95.0
58363,393,21.7,52.2265625,49.196875,11.0,9.0,25.7,94.0
59263,393,21.7375,53.11363636363636,50.589393939393936,11.1,0.0,25.7,94.0
60163,393,21.758823529411764,49.310344827586206,47.44137931034483,11.2,0.0,29.0,94.0
61063,393,21.68679245283019,44.4344262295082,42.93114754098361,11.3,0.0,30.6,93.0
61963,393,21.6,41.47619047619048,39.72063492063492,11.4,0.0,32.2,92.0
62863,393,21.501724137931035,41.58955223880597,39.59701492537313,11.4,0.0,33.8,92.0
63763,393,21.53880597014925,51.94117647058823,48.088235294117645,11.3,0.0,33.8,92.0
64663,393,21.69696969696969,52.09285714285714,49.73714285714286,11.2,0.0,30.6,93.0
65563,393,21.8,50.80882352941176,48.79117647058824,11.2,0.0,30.6,92.0
66463,393,21.85238095238095,52.17164179104477,49.40597014925373,11.1,0.0,32.2,92.0
67363,393,21.94426229508197,51.08955223880597,49.16865671641792,11.1,0.0,37.0,92.0
68263,393,22.0,47.74166666666667,45.175,11.1,0.0,46.7,91.0
69163,393,22.0,50.31147540983606,47.98688524590164,11.1,0.0,46.7,91.0
70063,393,21.92407407407408,44.83333333333333,42.766666666666666,10.9,0.0,45.1,90.0
70963,393,21.794736842105262,32.784615384615385,29.39846153846154,10.8,0.0,46.7,89.0
71863,393,21.523728813559323,26.125,23.59464285714286,10.8,0.0,48.3,89.0
72763,393,21.228813559322035,25.89855072463768,25.12608695652174,10.9,0.0,49.9,89.0
73663,393,20.96716417910448,29.33076923076923,28.19538461538461,10.6,0.0,43.5,90.0
74563,393,20.72428571428572,28.8984375,27.4171875,10.7,0.0,48.3,90.0
75463,393,20.541666666666664,28.3030303030303,26.97121212121212,10.7,0.0,49.9,89.0
76363,393,20.41166666666667,28.328358208955223,26.75970149253731,10.8,0.0,51.5,88.0
77263,393,20.77096774193549,45.96153846153847,39.65538461538462,10.7,0.0,53.1,88.0
78163,393,21.15147058823529,49.36923076923077,46.995384615384616,10.7,0.0,51.5,88.0
79063,393,21.298360655737703,42.0546875,40.4625,10.6,0.0,49.9,88.0
79963,393,21.3,38.11029411764706,35.54558823529412,10.6,0.0,46.7,88.0
80863,393,21.17936507936508,29.09848484848485,26.95151515151515,10.6,0.0,45.1,88.0
81763,393,21.1,42.04615384615384,38.88,10.7,0.0,45.1,87.0
82663,393,21.1,41.19285714285714,38.03142857142857,11.0,0.0,45.1,87.0
83563,393,21.049230769230768,30.2536231884058,26.17826086956521,11.1,0.0,49.9,87.0
84463,393,20.8921875,24.46969696969697,21.78636363636364,10.6,0.0,40.2,89.0
85363,393,20.70757575757576,21.56818181818182,19.83484848484849,10.3,0.0,35.4,90.0
86263,393,20.50422535211268,19.926470588235293,18.70294117647059,10.3,0.0,38.6,91.0
763,394,20.28,19.014285714285712,18.018571428571427,10.4,0.0,40.2,90.0
1663,394,20.08529411764706,18.467741935483872,17.583870967741937,10.2,0.0,40.2,92.0
2563,394,19.91818181818181,18.0,17.269117647058824,10.2,0.0,41.8,91.0
3463,394,19.753846153846155,17.93181818181818,17.0,10.2,0.0,38.6,92.0
4363,394,19.60869565217392,17.5,16.80923076923077,10.1,0.0,35.4,92.0
5263,394,19.457971014492752,17.5,16.72941176470588,9.8,0.0,29.0,93.0
6163,394,19.342424242424244,17.5,16.5,9.5,0.0,33.8,92.0
7063,394,19.2546875,17.5,16.5,9.1,0.0,27.4,93.0
7963,394,19.164615384615384,17.227941176470587,16.47941176470588,8.9,0.0,27.4,93.0
8863,394,19.067692307692308,17.0,16.311764705882354,8.5,0.0,22.5,93.0
9763,394,19.0,17.0,16.3,8.3,0.0,20.9,93.0
10663,394,18.9089552238806,17.0,16.3,7.7,0.0,25.7,93.0
11563,394,18.85454545454545,17.0,16.3,7.6,0.0,20.9,94.0
12463,394,18.788571428571423,17.0,16.18695652173913,7.2,0.0,24.1,93.0
13363,394,18.7,17.0,16.004347826086956,7.1,0.0,22.5,93.0
14263,394,18.65072463768116,17.0,16.0,6.9,0.0,25.7,93.0
15163,394,18.6,17.0,16.0,6.8,0.0,22.5,93.0
16063,394,18.53030303030303,17.0,16.0,6.7,0.0,19.3,92.0
16963,394,18.5,16.985714285714288,16.0,6.6,0.0,24.1,91.0
17863,394,18.41111111111111,16.65671641791045,15.997014925373133,6.4,0.0,22.5,91.0
18763,394,18.4,16.5,15.855882352941176,6.4,0.0,24.1,92.0
19663,394,18.302857142857142,16.5,15.8,6.2,0.0,22.5,91.0
20563,394,18.266176470588235,19.223076923076924,17.646153846153844,6.1,0.0,22.5,91.0
21463,394,18.26825396825397,25.913043478260867,24.463768115942027,5.9,0.0,25.7,90.0
22363,394,18.41343283582089,29.11194029850746,27.75522388059701,5.8,0.0,24.1,90.0
23263,394,18.5546875,27.23880597014925,26.071641791044776,5.6,0.0,22.5,90.0
24163,394,18.6515625,28.75735294117647,27.11029411764706,5.5,0.0,17.7,90.0
25063,394,18.725757575757576,29.166666666666668,27.51014492753623,5.3,0.0,16.1,90.0
25963,394,18.844776119402987,31.154411764705884,29.298529411764708,5.3,0.0,14.5,89.0
26863,394,18.93623188405797,29.338235294117645,28.00588235294118,5.2,0.0,14.5,89.0
27763,394,19.05,29.528169014084504,28.140845070422536,5.1,0.0,16.1,89.0
28663,394,19.14126984126984,31.52238805970149,29.06716417910448,4.9,0.0,16.1,89.0
29563,394,19.1,26.285714285714285,23.037142857142857,4.9,0.0,17.7,90.0
30463,394,19.04179104477612,21.433823529411764,19.15735294117647,4.8,5.0,17.7,90.0
31363,394,18.92608695652174,19.231884057971016,17.743478260869566,4.8,5.0,19.3,88.0
32263,394,18.754285714285714,18.09701492537313,16.980597014925372,4.5,9.0,14.5,90.0
33163,394,18.58550724637681,17.380597014925375,16.483582089552236,4.4,11.0,16.1,89.0
34063,394,18.43636363636364,17.0,16.158823529411766,4.5,58.0,12.9,89.0
34963,394,18.32205882352941,16.638461538461538,15.923076923076923,4.8,77.0,12.9,88.0
35863,394,18.202857142857145,16.5,15.8,4.9,79.0,14.5,87.0
36763,394,18.103125,16.5,15.548529411764708,4.8,40.0,16.1,86.0
37663,394,18.0,16.32089552238806,15.5,4.6,81.0,14.5,86.0
38563,394,17.920689655172414,16.0,15.44857142857143,4.9,98.0,14.5,85.0
39463,394,17.855223880597016,16.0,15.3,5.3,127.0,19.3,83.0
40363,394,17.8,16.0,15.3,5.2,86.0,19.3,82.0
41263,394,17.721917808219178,16.0,15.3,5.2,86.0,19.3,82.0
42163,394,17.7,16.0,15.255882352941176,5.7,253.0,19.3,81.0
43063,394,17.638235294117646,16.0,15.012676056338028,5.7,244.0,22.5,78.0
43963,394,17.6,16.0,15.0,5.7,248.0,22.5,79.0
44863,394,17.574242424242424,16.0,15.0,5.9,250.0,22.5,79.0
45763,394,17.5,16.0,15.0,6.1,248.0,24.1,78.0
46663,394,17.5,15.921428571428573,15.0,6.6,257.0,17.7,77.0
47563,394,17.432352941176468,15.58955223880597,15.0,6.1,241.0,22.5,77.0
48463,394,17.4,15.5,14.985714285714286,5.9,229.0,19.3,76.0
49363,394,17.357575757575756,15.5,14.82058823529412,6.0,200.0,19.3,76.0
50263,394,17.3,15.5,14.8,5.7,86.0,22.5,77.0
51163,394,17.29848484848485,15.5,14.8,5.4,84.0,22.5,79.0
52063,394,17.201470588235292,15.5,14.8,5.4,40.0,19.3,80.0
52963,394,17.2,15.5,14.8,5.4,69.0,17.7,80.0
53863,394,17.146478873239438,15.5,14.8,5.4,39.0,25.7,74.0
54763,394,17.1,15.5,14.8,5.4,42.0,20.9,76.0
55663,394,17.043939393939393,15.5,14.716923076923075,5.2,33.0,16.1,77.0
56563,394,17.0,15.5,14.522058823529411,5.0,23.0,19.3,78.0
57463,394,16.928358208955224,15.5,14.5,4.8,16.0,20.9,79.0
58363,394,16.9,15.5,14.5,4.5,14.0,17.7,81.0
59263,394,16.91857142857143,32.09848484848485,27.3030303030303,4.2,7.0,19.3,80.0
60163,394,17.403076923076924,43.13076923076923,41.67230769230769,4.2,0.0,20.9,79.0
61063,394,17.7703125,42.1231884057971,39.33333333333333,4.0,0.0,19.3,80.0
61963,394,18.35820895522388,43.70454545454545,43.36818181818182,3.9,0.0,19.3,79.0
62863,394,18.81746031746032,35.92857142857143,35.17428571428572,3.8,0.0,16.1,80.0
63763,394,18.907692307692308,28.0,26.17,3.7,0.0,14.5,81.0
64663,394,18.85454545454545,22.72388059701493,20.797014925373134,3.6,0.0,14.5,83.0
65563,394,18.656060606060606,19.77941176470588,18.25,3.6,0.0,14.5,83.0
66463,394,18.41076923076923,18.31617647058824,17.275,3.4,0.0,14.5,83.0
67363,394,18.165217391304346,23.72222222222222,23.44126984126984,3.4,0.0,14.5,83.0
68263,394,17.990000000000002,23.333333333333336,23.06818181818182,3.3,0.0,14.5,84.0
69163,394,17.8734375,24.52238805970149,24.040298507462687,3.3,0.0,17.7,84.0
70063,394,17.8,24.432835820895523,23.95820895522388,3.2,0.0,20.9,84.0
70963,394,17.8,25.333333333333336,24.869565217391305,3.2,0.0,19.3,85.0
71863,394,17.754411764705882,24.753731343283583,24.45671641791045,3.1,0.0,19.3,85.0
72763,394,17.7,25.65942028985508,25.25217391304348,3.2,0.0,20.9,85.0
73663,394,17.7,25.28787878787879,24.895454545454548,3.3,0.0,16.1,86.0
74563,394,17.7,26.123076923076923,25.747692307692308,3.3,0.0,14.5,85.0
75463,394,17.701587301587303,25.77611940298508,25.370149253731345,3.3,0.0,17.7,85.0
76363,394,17.788709677419355,27.178571428571427,26.24428571428572,3.4,0.0,22.5,85.0
77263,394,17.8,26.7,25.488571428571426,3.2,0.0,19.3,86.0
78163,394,17.788235294117648,27.3030303030303,24.28181818181818,3.2,0.0,20.9,86.0
79063,394,17.7,26.35714285714285,25.075714285714287,3.1,0.0,17.7,87.0
79963,394,17.7,26.72222222222222,25.53650793650793,3.2,0.0,17.7,87.0
80863,394,17.63235294117647,28.10144927536232,25.872463768115946,3.4,0.0,24.1,87.0
81763,394,17.762295081967213,25.069230769230767,24.23692307692308,3.4,0.0,22.5,87.0
82663,394,17.8,21.35384615384616,20.943076923076923,3.6,0.0,24.1,86.0
83563,394,17.75,18.685714285714287,17.872857142857143,3.6,0.0,22.5,85.0
84463,394,17.63285714285714,17.397058823529413,16.713235294117645,3.6,0.0,22.5,87.0
85363,394,17.492537313432837,16.714285714285715,16.115714285714283,3.7,0.0,24.1,87.0
86263,394,17.347826086956523,16.37313432835821,15.770149253731343,3.7,0.0,20.9,87.0
763,395,17.22753623188406,16.0,15.494202898550723,3.7,0.0,20.9,87.0
1663,395,17.1125,16.0,15.3,3.9,0.0,24.1,86.0
2563,395,17.0,15.786764705882351,15.366176470588234,4.0,0.0,24.1,87.0
3463,395,16.956521739130434,16.411764705882355,16.351470588235294,3.9,0.0,19.3,88.0
4363,395,16.862068965517242,16.0,15.423214285714286,3.9,0.0,24.1,88.0
5263,395,16.8,15.654929577464788,15.046478873239437,3.8,0.0,27.4,89.0
6163,395,16.701470588235292,15.5,14.882758620689652,3.8,0.0,25.7,90.0
7063,395,16.632835820895522,15.5,14.8,3.9,0.0,27.4,90.0
7963,395,16.5875,15.5,14.79558823529412,3.9,0.0,27.4,90.0
8863,395,16.5,15.1796875,14.5375,4.2,0.0,22.5,90.0
9763,395,16.4765625,15.0,14.5,4.3,0.0,25.7,90.0
10663,395,16.4,15.0,14.5,4.3,0.0,25.7,89.0
11563,395,16.366666666666667,15.0,14.5,4.4,0.0,25.7,89.0
12463,395,16.3,15.0,14.365671641791044,4.6,0.0,22.5,89.0
13363,395,16.2515625,15.0,14.3,4.7,0.0,22.5,89.0
14263,395,16.2,15.0,14.3,4.8,0.0,17.7,89.0
15163,395,16.2,15.0,14.3,4.8,0.0,19.3,90.0
16063,395,16.123880597014924,15.0,14.3,4.7,0.0,22.5,90.0
16963,395,16.1,15.0,14.3,4.7,0.0,22.5,90.0
17863,395,16.064615384615387,15.0,14.251470588235293,4.8,0.0,20.9,89.0
18763,395,16.0,14.9921875,14.0234375,4.9,0.0,20.9,89.0
19663,395,16.034848484848485,33.01538461538461,27.052307692307693,4.9,0.0,19.3,89.0
20563,395,16.569230769230767,45.296875,43.8890625,4.8,0.0,19.3,89.0
21463,395,17.21875,52.22058823529412,47.754411764705885,4.7,0.0,24.1,89.0
22363,395,18.013432835820897,45.1796875,42.4046875,4.8,0.0,19.3,89.0
23263,395,18.3640625,35.56153846153846,33.46923076923077,4.9,0.0,22.5,89.0
24163,395,18.4,31.902985074626866,29.571641791044776,4.9,0.0,25.7,89.0
25063,395,18.30454545454545,23.640625,21.959375,4.9,0.0,27.4,88.0
25963,395,18.137878787878787,21.692307692307693,20.913846153846155,4.9,0.0,29.0,88.0
26863,395,18.022413793103446,21.723076923076924,20.746153846153845,4.9,0.0,30.6,88.0
27763,395,18.819444444444446,23.205882352941178,22.57941176470588,4.9,0.0,30.6,88.0
28663,395,17.895454545454548,27.269230769230766,25.29384615384616,4.8,0.0,27.4,88.0
29563,395,17.870833333333334,38.67424242424242,35.27878787878788,4.9,0.0,27.4,87.0
30463,395,17.98695652173913,33.95522388059702,29.96119402985075,4.8,11.0,25.7,88.0
31363,395,17.925,24.628571428571423,21.28142857142857,4.8,14.0,22.5,87.0
32263,395,17.770833333333336,20.295454545454547,18.324242424242424,5.0,30.0,24.1,88.0
33163,395,17.565625,18.083333333333336,16.795454545454547,5.1,26.0,27.4,88.0
34063,395,17.376190476190477,16.816176470588236,15.923529411764708,4.9,30.0,27.4,87.0
34963,395,17.204347826086956,16.11764705882353,15.37205882352941,5.0,33.0,27.4,88.0
35863,395,17.023333333333333,15.636363636363637,14.963636363636365,5.1,42.0,25.7,87.0
36763,395,16.868000000000002,15.5,14.770422535211267,5.1,77.0,27.4,87.0
37663,395,16.756,15.069230769230767,14.5,5.2,91.0,27.4,86.0
38563,395,16.621739130434783,15.0,14.364705882352942,5.2,111.0,24.1,85.0
39463,395,16.50588235294118,15.0,14.3,5.2,100.0,30.6,85.0
40363,395,16.425,15.0,14.152727272727272,5.2,49.0,30.6,85.0
41263,395,16.327777777777776,14.781690140845072,14.0,5.2,88.0,30.6,86.0
42163,395,16.25294117647059,14.5,14.0,5.3,97.0,33.8,85.0
43063,395,16.2,14.5,14.0,5.3,104.0,29.0,85.0
43963,395,16.15,14.5,13.85625,5.3,137.0,25.7,85.0
44863,395,16.1,14.5,13.8,5.3,69.0,29.0,86.0
45763,395,16.023529411764706,14.5,13.8,5.3,118.0,27.4,85.0
46663,395,16.0,14.5,13.8,5.4,81.0,29.0,84.0
47563,395,15.925,14.5,13.8,5.3,77.0,30.6,84.0
48463,395,15.9,14.5,13.71492537313433,5.4,104.0,29.0,83.0
49363,395,15.866666666666664,14.5,13.517391304347823,5.4,77.0,24.1,83.0
50263,395,15.8,14.5,13.5,5.4,74.0,29.0,82.0
51163,395,15.78181818181818,14.453846153846154,13.5,5.4,70.0,24.1,82.0
52063,395,15.7,14.123076923076924,13.5,5.4,54.0,27.4,81.0
52963,395,15.7,14.0,13.5,5.4,49.0,30.6,80.0
53863,395,15.6,14.0,13.5,5.3,44.0,32.2,80.0
54763,395,15.6,14.0,13.5,5.2,42.0,29.0,80.0
55663,395,15.53,14.0,13.45076923076923,5.1,23.0,32.2,80.0
56563,395,15.5,14.0,13.326470588235292,5.0,33.0,35.4,80.0
57463,395,15.44,14.0,13.303076923076924,4.7,19.0,33.8,82.0
58363,395,15.4,14.0,13.3,4.7,14.0,32.2,82.0
59263,395,,32.14705882352941,26.80588235294117,4.7,0.0,32.2,82.0
60163,395,16.125,36.03076923076923,34.8123076923077,4.6,0.0,32.2,82.0
61063,395,,47.40151515151515,45.60909090909091,4.5,0.0,33.8,83.0
61963,395,,42.138461538461534,41.83384615384615,4.5,0.0,33.8,83.0
62863,395,,34.485074626865675,33.66567164179104,4.4,0.0,33.8,84.0
63763,395,18.2,33.76229508196722,32.30983606557377,4.2,0.0,29.0,85.0
64663,395,18.05333333333333,30.838235294117645,29.11911764705882,4.0,0.0,29.0,86.0
65563,395,17.884999999999998,29.6484375,27.965625,4.1,0.0,32.2,86.0
66463,395,17.9,48.85606060606061,42.77121212121212,4.0,0.0,27.4,86.0
67363,395,18.586666666666662,53.730769230769226,50.18153846153847,4.1,0.0,32.2,85.0
68263,395,19.23333333333333,53.38095238095239,50.0904761904762,4.1,0.0,33.8,85.0
69163,395,19.75,51.57627118644068,48.39661016949152,4.1,0.0,32.2,86.0
70063,395,20.077777777777776,52.59166666666666,48.79833333333333,4.1,0.0,38.6,86.0
70963,395,20.2,52.109375,48.81875,4.1,0.0,37.0,86.0
71863,395,20.2,53.04464285714285,49.93928571428572,4.2,0.0,35.4,85.0
72763,395,20.2,51.9921875,49.09375,4.3,0.0,35.4,84.0
73663,395,20.15714285714286,52.61111111111111,48.988888888888894,4.3,0.0,33.8,84.0
74563,395,20.27272727272728,52.88235294117648,49.71176470588235,4.2,0.0,40.2,85.0
75463,395,20.4,52.1060606060606,49.27878787878788,4.1,0.0,30.6,87.0
76363,395,20.4,52.80597014925373,49.37611940298508,4.1,0.0,32.2,88.0
77263,395,,51.023809523809526,48.490476190476194,4.0,0.0,30.6,89.0
78163,395,20.4,53.43939393939394,50.00606060606061,3.9,0.0,29.0,90.0
79063,395,,52.0,49.29264705882353,3.8,0.0,32.2,91.0
79963,395,,51.26470588235294,48.175,3.7,0.0,30.6,91.0
80863,395,20.6,49.05882352941176,46.877941176470586,3.7,0.0,33.8,91.0
81763,395,20.91694915254237,35.904411764705884,35.476470588235294,3.7,0.0,38.6,91.0
82663,395,20.877551020408163,28.73188405797101,28.31159420289855,3.7,0.0,38.6,91.0
83563,395,20.38870967741936,23.79230769230769,22.71846153846154,3.7,0.0,33.8,92.0
84463,395,19.94375,20.984615384615385,19.96307692307692,3.8,0.0,30.6,91.0
85363,395,19.528358208955225,19.19117647058824,18.31764705882353,3.9,0.0,29.0,91.0
86263,395,19.16268656716418,18.174242424242426,17.383333333333333,4.2,0.0,29.0,90.0
763,396,18.85593220338983,17.388059701492537,16.716417910447763,4.3,0.0,30.6,90.0
1663,396,18.55555555555556,16.96212121212121,16.263636363636362,4.7,0.0,32.2,89.0
2563,396,18.30169491525424,16.5,15.908823529411766,4.8,0.0,30.6,90.0
3463,396,18.08,16.446969696969695,15.681818181818182,5.0,0.0,33.8,90.0
4363,396,17.87846153846154,16.0,15.472307692307693,5.2,0.0,30.6,90.0
5263,396,17.735384615384614,16.0,15.3,4.8,0.0,29.0,92.0
6163,396,17.59047619047619,16.0,15.250746268656716,4.9,0.0,27.4,92.0
7063,396,17.46825396825397,15.798507462686567,15.0,5.0,0.0,24.1,93.0
7963,396,17.374193548387098,15.5,15.0,4.7,0.0,25.7,93.0
8863,396,17.277611940298506,15.5,14.85,4.0,0.0,27.4,93.0
9763,396,17.19516129032258,15.5,14.8,3.8,0.0,25.7,92.0
10663,396,17.098360655737704,15.5,14.772727272727272,3.2,0.0,25.7,89.0
11563,396,17.00151515151515,15.5,14.534285714285716,3.1,0.0,24.1,90.0
12463,396,16.923880597014925,15.5,14.5,2.4,0.0,20.9,91.0
13363,396,16.872463768115942,15.2890625,14.5,2.5,0.0,20.9,91.0
14263,396,16.8,15.0,14.491428571428573,2.6,0.0,20.9,92.0
15163,396,16.735593220338984,15.0,14.32153846153846,2.4,0.0,17.7,93.0
16063,396,16.67076923076923,15.0,14.3,2.4,0.0,16.1,93.0
16963,396,16.6,15.0,14.3,2.3,0.0,14.5,94.0
17863,396,16.520634920634922,15.0,14.3,2.2,0.0,16.1,93.0
18763,396,16.4890625,15.0,14.268656716417912,2.1,0.0,17.7,92.0
19663,396,16.45245901639344,33.67910447761194,27.88805970149254,1.8,0.0,20.9,92.0
20563,396,17.025,46.457142857142856,44.73571428571428,1.8,0.0,22.5,89.0
21463,396,17.643333333333334,51.97014925373135,47.88507462686567,1.7,0.0,19.3,89.0
22363,396,18.456,43.515625,40.3671875,1.6,0.0,20.9,89.0
23263,396,18.97352941176471,34.48412698412698,32.56984126984127,1.4,0.0,24.1,91.0
24163,396,18.984615384615385,26.85714285714285,25.545714285714286,1.3,0.0,20.9,92.0
25063,396,18.747619047619047,22.454545454545453,22.05454545454545,0.8,0.0,27.4,93.0
25963,396,18.264285714285712,26.69117647058824,24.444117647058825,0.8,0.0,27.4,91.0
26863,396,18.05555555555556,50.97794117647059,45.46911764705882,0.7,0.0,19.3,95.0
27763,396,18.60363636363636,42.80597014925373,40.05223880597015,0.6,0.0,17.7,95.0
28663,396,18.44406779661017,41.17424242424242,38.692424242424245,0.7,0.0,22.5,94.0
29563,396,18.56515151515152,42.97692307692308,41.03846153846153,0.6,0.0,20.9,94.0
30463,396,18.6,34.19402985074627,29.92985074626866,0.7,5.0,20.9,94.0
31363,396,18.484745762711864,25.459016393442624,22.411475409836065,0.8,5.0,24.1,94.0
32263,396,18.27910447761194,21.26515151515152,19.36515151515152,1.0,37.0,27.4,93.0
33163,396,18.028358208955225,18.92537313432836,17.753731343283583,1.2,25.0,25.7,92.0
34063,396,17.774242424242424,17.53787878787879,16.736363636363638,1.3,9.0,24.1,92.0
34963,396,17.54848484848485,16.713235294117645,16.048529411764708,1.3,9.0,27.4,93.0
35863,396,17.334848484848486,16.142857142857142,15.604761904761904,1.4,37.0,24.1,93.0
36763,396,17.13606557377049,15.80952380952381,15.252380952380951,1.3,42.0,25.7,93.0
37663,396,16.950746268656715,15.5,14.959420289855071,1.4,67.0,24.1,94.0
38563,396,16.824193548387097,15.484615384615385,14.8,1.2,28.0,25.7,94.0
39463,396,16.696825396825396,15.057377049180328,14.529508196721313,1.7,184.0,25.7,93.0
40363,396,16.6,15.0,14.424324324324326,1.8,269.0,24.1,92.0
41263,396,16.5,15.0,14.3,2.2,269.0,24.1,91.0
42163,396,16.433333333333334,15.0,14.3,2.2,253.0,25.7,91.0
43063,396,16.36769230769231,15.0,14.15,2.1,118.0,24.1,90.0
43963,396,16.3,14.976923076923075,14.0,1.8,62.0,25.7,91.0
44863,396,16.2,14.553030303030305,14.0,1.9,46.0,20.9,92.0
45763,396,16.184615384615384,14.5,14.0,1.8,72.0,27.4,92.0
46663,396,16.1,14.5,13.822535211267606,1.5,19.0,22.5,93.0
47563,396,16.033846153846152,14.5,13.8,1.4,76.0,24.1,94.0
48463,396,15.996774193548386,14.5,13.8,1.4,54.0,20.9,93.0
49363,396,15.9,14.5,13.8,1.6,67.0,22.5,92.0
50263,396,15.863636363636363,14.5,13.7955223880597,1.9,105.0,22.5,91.0
51163,396,15.8,14.5,13.576119402985077,2.0,70.0,24.1,90.0
52063,396,15.758064516129034,14.5,13.5,2.1,70.0,24.1,88.0
52963,396,15.7,14.485074626865671,13.5,1.9,60.0,29.0,89.0
53863,396,15.647619047619049,14.227272727272728,13.5,1.7,26.0,24.1,90.0
54763,396,15.6,14.022388059701491,13.5,1.5,39.0,27.4,90.0
55663,396,15.537096774193548,14.0,13.5,1.6,21.0,29.0,91.0
56563,396,15.5,14.0,13.488571428571428,1.6,21.0,27.4,91.0
57463,396,15.41060606060606,14.0,13.32089552238806,1.7,14.0,24.1,91.0
58363,396,15.36764705882353,14.0,13.3,1.7,13.0,20.9,92.0
59263,396,15.34126984126984,32.64925373134328,27.095522388059702,1.5,5.0,16.1,93.0
60163,396,15.875,48.8671875,45.9359375,1.3,5.0,19.3,93.0
61063,396,16.675409836065576,51.86153846153847,49.11076923076924,1.2,0.0,22.5,93.0
61963,396,17.37543859649123,39.27857142857143,37.471428571428575,1.3,0.0,22.5,92.0
62863,396,17.658139534883723,36.8955223880597,35.05074626865672,1.6,0.0,19.3,91.0
63763,396,17.788095238095238,35.71969696969697,34.02272727272727,1.6,0.0,19.3,91.0
64663,396,17.790625,27.977272727272727,27.0969696969697,1.6,0.0,19.3,92.0
65563,396,17.65,26.54615384615385,25.27846153846154,1.7,0.0,19.3,92.0
66463,396,17.450943396226414,24.93548387096774,23.84516129032258,2.1,0.0,24.1,92.0
67363,396,17.240298507462686,24.411290322580648,23.412903225806453,1.9,0.0,19.3,92.0
68263,396,16.990000000000002,23.12121212121212,22.26515151515152,2.1,0.0,19.3,92.0
69163,396,16.7875,23.62121212121212,22.542424242424243,2.1,0.0,20.9,92.0
70063,396,16.632835820895522,34.126865671641795,28.72537313432836,1.9,0.0,17.7,92.0
70963,396,17.012280701754385,51.289855072463766,47.64057971014493,1.9,0.0,17.7,92.0
71863,396,17.525,44.6328125,41.853125,1.7,0.0,17.7,93.0
72763,396,17.77857142857143,43.77272727272727,40.97272727272728,1.7,0.0,19.3,93.0
73663,396,17.9,38.73913043478261,36.33913043478261,1.7,0.0,17.7,93.0
74563,396,17.88235294117647,35.419117647058826,33.661764705882355,1.7,0.0,14.5,93.0
75463,396,17.760294117647057,27.761538461538464,26.62923076923077,1.7,0.0,17.7,93.0
76363,396,17.61774193548387,44.514925373134325,39.13880597014925,1.6,0.0,17.7,93.0
77263,396,17.925806451612903,53.68181818181819,50.16666666666667,1.6,0.0,16.1,93.0
78163,396,18.47692307692308,53.65217391304348,49.88405797101449,1.6,0.0,16.1,92.0
79063,396,19.00923076923077,52.98507462686568,48.994029850746266,1.6,0.0,17.7,92.0
79963,396,19.324590163934424,51.45522388059702,47.74776119402985,1.7,0.0,19.3,92.0
80863,396,19.496969696969696,46.738461538461536,42.81384615384615,1.9,0.0,19.3,89.0
81763,396,19.38939393939394,33.2910447761194,31.643283582089555,1.9,0.0,19.3,89.0
82663,396,18.97384615384616,25.80555555555556,23.833333333333336,1.8,0.0,17.7,88.0
83563,396,18.52769230769231,21.470149253731343,19.92089552238805,1.8,0.0,17.7,87.0
84463,396,18.11492537313433,19.27941176470588,18.92205882352941,1.9,0.0,19.3,85.0
85363,396,17.876923076923077,19.463235294117645,20.525,1.8,0.0,20.9,84.0
86263,396,17.64558823529412,18.07246376811594,17.336231884057973,1.7,0.0,19.3,84.0
763,397,17.385294117647057,16.8515625,16.0546875,1.8,0.0,20.9,85.0
1663,397,17.15671641791045,16.15441176470588,15.423529411764708,1.6,0.0,19.3,86.0
2563,397,16.943076923076923,15.6953125,15.065625,1.5,0.0,20.9,87.0
3463,397,16.763636363636362,15.5,14.806153846153848,1.4,0.0,19.3,87.0
4363,397,16.601492537313433,15.083333333333334,14.535,1.5,0.0,19.3,87.0
5263,397,16.460317460317462,15.0,14.36984126984127,1.7,0.0,22.5,86.0
6163,397,16.341269841269842,15.0,14.3,1.6,0.0,22.5,86.0
7063,397,16.224242424242426,14.74626865671642,14.022388059701491,1.6,0.0,22.5,87.0
7963,397,16.138461538461538,14.5,14.0,1.6,0.0,20.9,87.0
8863,397,16.0515625,14.5,13.886956521739132,1.6,0.0,20.9,87.0
9763,397,15.975,14.5,13.8,1.6,0.0,22.5,86.0
10663,397,15.9,14.5,13.8,1.6,0.0,19.3,86.0
11563,397,15.80735294117647,14.5,13.6171875,1.6,0.0,20.9,86.0
12463,397,15.752631578947367,14.438596491228072,13.5,1.7,0.0,19.3,85.0
13363,397,15.684126984126983,14.0,13.5,1.7,0.0,19.3,85.0
14263,397,15.6,14.0,13.5,1.6,0.0,22.5,85.0
15163,397,15.54264705882353,14.0,13.46470588235294,1.5,0.0,20.9,86.0
16063,397,15.5,14.0,13.314492753623188,1.4,0.0,20.9,86.0
16963,397,15.414925373134327,14.0,13.3,1.5,0.0,22.5,86.0
17863,397,15.3734375,14.0,13.3,1.4,0.0,22.5,85.0
18763,397,15.3,14.0,13.3,1.4,0.0,20.9,85.0
19663,397,15.35373134328358,33.094202898550726,27.27971014492753,1.4,0.0,20.9,84.0
20563,397,15.956716417910448,34.71739130434783,33.28405797101449,1.4,0.0,20.9,85.0
21463,397,16.607142857142858,51.515625,46.83125,1.2,0.0,19.3,87.0
22363,397,17.41044776119403,48.6969696969697,46.18333333333333,1.2,0.0,19.3,87.0
23263,397,17.759420289855072,40.62698412698413,38.05396825396825,1.5,0.0,22.5,86.0
24163,397,17.8,36.24626865671642,34.23880597014925,1.5,0.0,19.3,85.0
25063,397,17.702898550724637,31.93846153846153,30.21538461538461,1.6,0.0,19.3,85.0
25963,397,17.49402985074627,27.13043478260869,26.168115942028987,1.7,0.0,22.5,84.0
26863,397,17.259090909090908,25.86764705882353,23.551470588235293,1.8,0.0,24.1,84.0
27763,397,17.2,29.96031746031746,25.67936507936508,2.0,0.0,25.7,84.0
28663,397,17.159649122807018,28.75,25.78970588235294,2.2,0.0,25.7,82.0
29563,397,17.06271186440678,37.67647058823529,33.601470588235294,2.5,0.0,29.0,81.0
30463,397,17.141538461538463,40.625,37.74411764705882,2.3,16.0,24.1,83.0
31363,397,17.277941176470588,39.15441176470589,35.69705882352942,2.3,19.0,25.7,82.0
32263,397,17.29,26.954545454545457,23.027272727272727,2.6,25.0,30.6,81.0
33163,397,17.144615384615385,21.3359375,18.93125,2.4,35.0,29.0,82.0
34063,397,16.915873015873014,18.514492753623188,17.09130434782609,2.6,51.0,27.4,80.0
34963,397,16.703125,16.905797101449274,16.007246376811594,2.9,54.0,25.7,78.0
35863,397,16.48688524590164,15.930769230769233,15.275384615384615,3.4,100.0,25.7,76.0
36763,397,16.295454545454547,15.397058823529411,14.83235294117647,3.5,97.0,24.1,76.0
37663,397,16.14385964912281,15.0,14.448648648648648,3.7,158.0,22.5,76.0
38563,397,15.977941176470589,14.7,14.230769230769232,3.7,153.0,22.5,77.0
39463,397,15.835384615384616,14.5,13.988059701492537,3.8,93.0,20.9,78.0
40363,397,15.715625,14.5,13.803174603174602,3.9,76.0,19.3,76.0
41263,397,15.603030303030303,14.237704918032788,13.740983606557377,4.0,88.0,24.1,76.0
42163,397,15.50625,14.0,13.5,4.0,95.0,22.5,77.0
43063,397,15.426153846153849,14.0,13.5,4.2,88.0,20.9,77.0
43963,397,15.337704918032788,14.0,13.366666666666664,4.2,90.0,19.3,77.0
44863,397,15.3,14.0,13.3,4.2,72.0,20.9,77.0
45763,397,15.213043478260868,14.0,13.3,4.4,100.0,20.9,77.0
46663,397,15.19076923076923,14.0,13.3,5.0,121.0,20.9,72.0
47563,397,15.1,13.916666666666666,13.01818181818182,5.0,114.0,20.9,72.0
48463,397,15.078260869565218,13.543478260869566,13.0,5.2,116.0,20.9,71.0
49363,397,15.0,13.5,13.0,5.2,105.0,22.5,72.0
50263,397,15.0,13.5,13.0,5.3,178.0,20.9,71.0
51163,397,14.927272727272728,13.5,12.971428571428572,5.4,162.0,22.5,70.0
52063,397,14.9,13.5,12.811940298507462,5.9,178.0,20.9,67.0
52963,397,14.84375,13.5,12.8,5.9,142.0,20.9,68.0
53863,397,14.8,13.5,12.8,5.4,81.0,27.4,69.0
54763,397,14.747692307692308,13.5,12.8,5.2,65.0,27.4,71.0
55663,397,14.7,13.5,12.8,5.0,23.0,25.7,71.0
56563,397,14.633823529411766,13.5,12.566176470588236,4.9,16.0,25.7,71.0
57463,397,14.6,13.485294117647058,12.5,4.8,19.0,20.9,71.0
58363,397,14.501694915254236,13.37121212121212,12.5,4.8,16.0,24.1,70.0
59263,397,14.52753623188406,30.884615384615387,24.52923076923077,4.8,5.0,19.3,69.0
60163,397,15.201666666666668,51.9927536231884,47.50579710144928,4.9,0.0,19.3,68.0
61063,397,16.15714285714286,52.99230769230769,49.21384615384615,4.6,0.0,16.1,72.0
61963,397,16.832203389830507,43.03623188405797,40.53188405797101,4.6,0.0,16.1,72.0
62863,397,17.06451612903226,35.02985074626866,33.32089552238806,4.4,0.0,14.5,74.0
63763,397,17.0,31.9469696969697,30.495454545454542,4.5,0.0,14.5,72.0
64663,397,16.85810810810811,27.90151515151515,26.83484848484849,4.4,0.0,12.9,72.0
65563,397,16.679032258064517,26.543478260869563,25.34202898550725,4.3,0.0,11.3,73.0
66463,397,16.48507462686567,25.508333333333333,24.383333333333333,4.3,0.0,16.1,74.0
67363,397,16.3875,32.53623188405797,29.208695652173912,4.3,0.0,14.5,74.0
68263,397,16.6796875,43.54477611940298,40.38656716417911,4.1,0.0,20.9,76.0
69163,397,17.120588235294118,40.75735294117647,38.62058823529412,3.9,0.0,19.3,76.0
70063,397,17.465151515151515,42.6484375,40.5140625,4.2,0.0,20.9,75.0
70963,397,17.707692307692305,40.43571428571428,38.57142857142857,4.3,0.0,20.9,75.0
71863,397,17.792307692307695,35.507462686567166,34.12835820895522,4.4,0.0,20.9,75.0
72763,397,17.678125,32.58571428571428,31.35428571428572,4.4,0.0,19.3,75.0
73663,397,17.563076923076924,29.338461538461537,28.13692307692308,4.5,0.0,22.5,74.0
74563,397,17.408823529411766,27.59848484848485,26.83484848484849,4.4,0.0,20.9,75.0
75463,397,17.182089552238807,25.4,24.689230769230768,4.3,0.0,20.9,76.0
76363,397,16.90735294117647,25.448529411764707,24.501470588235293,4.4,0.0,20.9,76.0
77263,397,16.707692307692305,25.02173913043478,24.015942028985503,4.5,0.0,19.3,76.0
78163,397,16.549253731343285,26.071428571428573,24.86714285714286,4.6,0.0,19.3,76.0
79063,397,16.44375,25.649253731343283,24.54328358208955,4.4,0.0,16.1,77.0
79963,397,16.375384615384615,26.69117647058824,25.47941176470588,4.4,0.0,17.7,77.0
80863,397,16.3,23.52542372881356,22.494915254237288,4.6,0.0,14.5,76.0
81763,397,16.3,32.61594202898551,27.342028985507245,4.8,0.0,16.1,76.0
82663,397,16.437313432835822,28.49242424242424,25.892424242424244,4.9,0.0,20.9,75.0
83563,397,17.469565217391303,21.81818181818182,20.066666666666663,4.7,0.0,19.3,76.0
84463,397,17.73968253968254,18.7536231884058,18.6231884057971,4.5,0.0,16.1,77.0
85363,397,16.98793103448276,17.955882352941178,18.31176470588236,4.5,0.0,16.1,77.0
86263,397,16.575757575757574,16.71212121212121,16.35,4.3,0.0,17.7,78.0
763,398,16.35,15.666666666666666,15.076190476190476,4.2,0.0,14.5,78.0
1663,398,16.140625,15.120967741935484,14.562903225806451,4.3,0.0,16.1,77.0
2563,398,15.946268656716418,14.772058823529411,14.286764705882351,4.2,0.0,16.1,77.0
3463,398,15.774242424242424,14.5,14.0,4.0,0.0,14.5,77.0
4363,398,15.641538461538463,14.5,13.87462686567164,4.0,0.0,16.1,78.0
5263,398,15.52622950819672,14.174242424242426,13.76818181818182,4.0,0.0,16.1,78.0
6163,398,15.425,14.0,13.5,3.9,0.0,11.3,78.0
7063,398,15.316666666666666,14.0,13.49402985074627,3.7,0.0,8.0,79.0
7963,398,15.252380952380951,14.0,13.3,3.9,0.0,9.7,78.0
8863,398,15.2,14.0,13.3,3.9,0.0,8.0,79.0
9763,398,15.1,13.97101449275362,13.069565217391304,3.9,0.0,11.3,78.0
10663,398,15.05820895522388,13.536764705882351,13.0,3.9,0.0,14.5,78.0
11563,398,15.0,13.5,13.0,3.9,0.0,17.7,78.0
12463,398,14.961538461538462,13.5,12.982352941176469,4.1,0.0,14.5,77.0
13363,398,14.9,13.5,12.81875,4.1,0.0,12.9,77.0
14263,398,14.865625,13.5,12.8,4.0,0.0,11.3,78.0
15163,398,14.8,13.5,12.8,3.9,0.0,11.3,78.0
16063,398,14.784375,13.5,12.8,3.8,0.0,11.3,79.0
16963,398,14.7,13.5,12.8,3.8,0.0,9.7,79.0
17863,398,14.7,13.5,12.786153846153846,3.7,0.0,9.7,79.0
18763,398,14.612903225806452,13.5,12.538028169014083,3.6,0.0,11.3,79.0
19663,398,14.639705882352942,32.11764705882353,26.354411764705883,3.4,0.0,12.9,80.0
20563,398,15.2734375,50.38636363636364,47.36818181818182,3.4,0.0,12.9,80.0
21463,398,16.12741935483871,51.68461538461538,48.99230769230769,3.4,0.0,12.9,80.0
22363,398,16.7671875,44.58088235294117,43.00735294117647,3.3,0.0,11.3,81.0
23263,398,17.02131147540984,38.25373134328358,36.42835820895522,3.1,0.0,8.0,82.0
24163,398,17.1,37.57352941176471,35.972058823529416,2.7,0.0,6.4,83.0
25063,398,17.1,33.80147058823529,32.419117647058826,2.7,0.0,9.7,84.0
25963,398,17.161764705882355,33.71969696969697,31.977272727272727,2.7,0.0,8.0,84.0
26863,398,17.331818181818182,38.69852941176471,34.82352941176471,2.7,0.0,9.7,85.0
27763,398,17.9625,49.761538461538464,47.40153846153847,2.7,0.0,8.0,85.0
28663,398,18.220338983050848,35.16901408450704,34.16901408450704,2.3,0.0,9.7,86.0
29563,398,18.011111111111113,38.12878787878788,36.156060606060606,2.5,5.0,9.7,85.0
30463,398,17.838983050847457,33.10294117647059,29.626470588235293,2.4,11.0,9.7,85.0
31363,398,17.6015873015873,24.580882352941178,22.008823529411764,2.4,12.0,11.3,85.0
32263,398,17.3,20.26865671641791,18.69402985074627,2.4,18.0,8.0,85.0
33163,398,17.0,18.0,16.969565217391303,2.4,19.0,6.4,85.0
34063,398,16.723333333333333,16.580882352941178,15.898529411764708,2.7,49.0,9.7,84.0
34963,398,16.45230769230769,15.713235294117649,15.17941176470588,3.2,30.0,12.9,82.0
35863,398,16.211666666666666,15.188524590163931,14.685245901639345,3.7,30.0,12.9,81.0
36763,398,16.033333333333335,14.86764705882353,14.352941176470589,3.7,33.0,14.5,81.0
37663,398,15.858064516129032,14.5,14.022727272727272,4.0,33.0,11.3,80.0
38563,398,15.724193548387095,14.5,13.845714285714283,4.2,195.0,12.9,79.0
39463,398,15.596666666666668,14.169230769230769,13.712307692307691,4.8,232.0,14.5,77.0
40363,398,15.5,14.0,13.5,4.9,197.0,14.5,77.0
41263,398,15.43,14.0,13.5,5.5,260.0,11.3,75.0
42163,398,15.377777777777776,14.0,13.425714285714289,5.8,264.0,12.9,74.0
43063,398,15.3,14.0,13.3,5.9,274.0,12.9,73.0
43963,398,15.3,14.0,13.3,6.1,274.0,12.9,73.0
44863,398,15.205000000000002,14.0,13.3,6.3,279.0,12.9,72.0
45763,398,15.2,14.0,13.116417910447762,6.2,281.0,12.9,72.0
46663,398,15.125,13.684615384615384,13.0,6.2,276.0,14.5,72.0
47563,398,15.1,13.5,13.0,6.5,271.0,12.9,71.0
48463,398,15.0421875,13.5,13.0,6.6,257.0,12.9,69.0
49363,398,15.0,13.5,13.0,6.3,220.0,12.9,70.0
50263,398,15.0,13.5,12.922857142857143,6.0,35.0,12.9,69.0
51163,398,14.911864406779662,13.5,12.802985074626866,5.8,111.0,12.9,71.0
52063,398,14.9,13.68548387096774,13.003225806451614,5.9,67.0,12.9,70.0
52963,398,14.91896551724138,13.852941176470589,13.314705882352944,5.9,72.0,12.9,69.0
53863,398,14.940298507462686,14.0,13.369565217391305,5.8,53.0,14.5,69.0
54763,398,14.9,13.637681159420293,13.02173913043478,5.6,25.0,11.3,70.0
55663,398,14.836231884057971,13.5,13.0,4.9,23.0,8.0,74.0
56563,398,14.798275862068966,13.5,12.823529411764708,4.7,26.0,8.0,74.0
57463,398,14.703076923076924,13.5,12.8,4.7,16.0,8.0,75.0
58363,398,14.669565217391304,13.5,12.8,4.6,16.0,6.4,75.0
59263,398,14.628985507246378,28.8359375,22.8296875,4.3,7.0,4.8,76.0
60163,398,15.328125,50.53968253968255,46.57301587301588,4.1,5.0,3.2,77.0
61063,398,16.32272727272727,52.94852941176471,49.05882352941176,3.7,0.0,3.2,78.0
61963,398,17.03939393939394,42.69565217391305,39.38985507246377,3.4,0.0,4.8,79.0
62863,398,17.28142857142857,44.98461538461539,41.783076923076926,2.9,0.0,3.2,80.0
63763,398,17.474242424242426,44.13768115942029,41.60144927536232,2.7,0.0,4.8,79.0
64663,398,17.595384615384614,39.03676470588236,36.93235294117647,2.6,0.0,4.8,79.0
65563,398,17.466129032258063,34.75373134328358,33.22835820895522,2.4,0.0,3.2,79.0
66463,398,17.2875,31.0,29.53484848484849,2.4,0.0,3.2,79.0
67363,398,17.055555555555554,29.975806451612904,28.66774193548387,2.3,0.0,3.2,79.0
68263,398,16.85223880597015,27.926470588235293,26.676470588235293,2.2,0.0,4.8,80.0
69163,398,16.692307692307693,28.314516129032256,27.003225806451617,2.4,0.0,4.8,79.0
70063,398,16.6,32.61363636363636,29.17878787878788,2.3,0.0,4.8,79.0
70963,398,16.61090909090909,37.25373134328358,34.30298507462687,2.3,0.0,3.2,80.0
71863,398,16.767857142857142,41.23134328358209,37.63731343283583,2.7,0.0,4.8,80.0
72763,398,17.098387096774193,48.515625,44.7828125,2.7,0.0,3.2,80.0
73663,398,17.52280701754386,47.02459016393443,42.85901639344262,3.2,0.0,6.4,82.0
74563,398,17.762295081967213,43.3134328358209,40.16716417910448,3.3,0.0,8.0,83.0
75463,398,17.8,40.375,36.781666666666666,3.7,0.0,12.9,82.0
76363,398,17.772413793103446,34.47457627118644,32.40677966101695,3.7,0.0,11.3,83.0
77263,398,17.616071428571427,30.564516129032256,29.27903225806452,3.7,0.0,11.3,84.0
78163,398,17.36,30.188524590163933,29.06885245901639,3.7,0.0,11.3,85.0
79063,398,17.09206349206349,28.411290322580648,27.34193548387097,3.7,0.0,16.1,85.0
79963,398,16.86714285714286,31.38732394366197,28.60845070422535,3.7,0.0,14.5,85.0
80863,398,16.8765625,44.5234375,41.1921875,3.7,0.0,14.5,85.0
81763,398,17.09607843137255,41.38059701492537,36.74925373134328,3.7,0.0,12.9,85.0
82663,398,17.261111111111113,30.7536231884058,26.481159420289856,3.4,0.0,6.4,86.0
83563,398,17.236923076923077,23.057142857142857,19.77285714285714,3.4,0.0,6.4,86.0
84463,398,17.113114754098362,19.144927536231883,17.11159420289855,3.4,0.0,4.8,86.0
85363,398,16.874137931034483,17.084615384615383,15.650769230769232,3.5,0.0,4.8,86.0
86263,398,16.62452830188679,17.035714285714285,17.39857142857143,3.8,0.0,11.3,84.0
763,399,16.509836065573772,16.464285714285715,16.31,3.9,0.0,8.0,84.0
1663,399,16.357627118644068,15.619718309859156,15.060563380281687,4.1,0.0,11.3,87.0
2563,399,16.219047619047622,15.037878787878787,14.533333333333337,4.0,0.0,8.0,87.0
3463,399,16.1,15.0,14.3,3.9,0.0,8.0,88.0
4363,399,,,,4.0,0.0,11.3,88.0
5263,399,,,,3.9,0.0,14.5,87.0
6163,399,,,,3.9,0.0,16.1,86.0
7063,399,,,,3.9,0.0,17.7,88.0
7963,399,,,,3.8,0.0,14.5,88.0
8863,399,,,,3.4,0.0,12.9,90.0
9763,399,,,,3.2,0.0,16.1,91.0
10663,399,,,,3.0,0.0,17.7,91.0
11563,399,15.3,14.0,13.3,2.9,0.0,16.1,91.0
12463,399,15.278571428571428,14.0,13.21,2.7,0.0,12.9,92.0
13363,399,,,,2.6,0.0,14.5,92.0
14263,399,,,,2.6,0.0,11.3,92.0
15163,399,,,,2.5,0.0,6.4,93.0
16063,399,,,,2.4,0.0,6.4,93.0
16963,399,,,,2.4,0.0,3.2,92.0
17863,399,,,,2.3,0.0,1.6,93.0
18763,399,,,,2.3,0.0,3.2,93.0
19663,399,,,,2.2,0.0,3.2,93.0
20563,399,,,,2.2,0.0,3.2,94.0
21463,399,14.802,32.12962962962963,25.11851851851852,2.3,0.0,1.6,93.0
22363,399,15.31311475409836,53.14615384615384,48.92923076923077,2.3,0.0,0.0,93.0
23263,399,,,,2.1,0.0,0.0,94.0
24163,399,,,,2.1,0.0,0.0,94.0
25063,399,,,,2.1,0.0,0.0,95.0
25963,399,,,,2.1,0.0,0.0,95.0
26863,399,,,,1.9,0.0,4.8,95.0
27763,399,,,,1.9,0.0,3.2,95.0
28663,399,,,,1.8,0.0,4.8,95.0
29563,399,,,,1.8,5.0,4.8,95.0
30463,399,18.8,44.04166666666667,41.63333333333333,1.9,12.0,6.4,96.0
31363,399,18.664285714285715,43.52985074626866,40.53283582089553,1.9,15.0,6.4,95.0
32263,399,18.55151515151515,42.27272727272727,39.88787878787879,2.0,19.0,8.0,95.0
33163,399,,,,2.0,26.0,8.0,95.0
34063,399,,,,2.1,23.0,6.4,95.0
34963,399,,,,2.1,26.0,6.4,96.0
35863,399,,,,2.2,40.0,8.0,96.0
36763,399,,,,2.2,40.0,8.0,96.0
37663,399,,,,2.2,51.0,8.0,96.0
38563,399,,,,2.2,49.0,8.0,96.0
39463,399,,,,2.3,54.0,6.4,96.0
40363,399,18.8,42.875,41.49375,2.3,51.0,6.4,96.0
41263,399,18.8,37.25,35.843548387096774,2.3,42.0,6.4,96.0
42163,399,18.8,42.25862068965517,39.88275862068966,2.2,40.0,4.8,96.0
43063,399,,,,2.3,47.0,4.8,96.0
43963,399,,,,2.4,49.0,4.8,96.0
44863,399,,,,2.4,47.0,3.2,97.0
45763,399,,,,2.4,47.0,4.8,96.0
46663,399,,,,2.4,28.0,4.8,97.0
47563,399,,,,2.4,21.0,4.8,97.0
48463,399,,,,2.3,25.0,4.8,97.0
49363,399,,,,2.2,30.0,3.2,97.0
50263,399,19.4,42.30882352941176,38.62058823529412,2.2,35.0,3.2,97.0
51163,399,19.41515151515152,50.46212121212121,46.20151515151515,2.1,33.0,3.2,97.0
52063,399,19.52,54.725,50.65,2.2,33.0,3.2,97.0
52963,399,,,,2.2,30.0,1.6,97.0
53863,399,,,,2.2,21.0,3.2,97.0
54763,399,,,,2.2,14.0,3.2,97.0
55663,399,,,,2.3,16.0,3.2,97.0
56563,399,,,,2.2,21.0,3.2,97.0
57463,399,,,,2.3,18.0,3.2,97.0
58363,399,,,,2.3,11.0,3.2,97.0
59263,399,,,,2.3,0.0,1.6,97.0
60163,399,19.9,51.833333333333336,49.09090909090909,2.3,0.0,1.6,97.0
61063,399,19.869230769230768,48.040983606557376,45.30819672131148,2.3,0.0,1.6,97.0
61963,399,,,,2.3,0.0,1.6,97.0
62863,399,19.666666666666664,37.375,36.49,2.3,0.0,0.0,97.0
63763,399,19.504761904761903,36.81159420289855,35.005797101449275,2.4,0.0,0.0,97.0
64663,399,19.27741935483871,37.51470588235294,35.46470588235294,2.4,0.0,0.0,97.0
65563,399,19.129166666666663,39.11029411764706,36.73529411764706,2.4,0.0,0.0,97.0
66463,399,19.007692307692302,39.69565217391305,36.88405797101449,2.6,0.0,1.6,97.0
67363,399,19.096666666666668,45.78030303030303,42.68484848484849,2.6,0.0,3.2,97.0
68263,399,19.33103448275862,51.34558823529412,47.71176470588235,2.6,0.0,1.6,97.0
69163,399,19.644262295081965,50.74242424242424,48.31060606060606,2.7,0.0,3.2,97.0
70063,399,19.78852459016393,42.207142857142856,39.25857142857143,2.6,0.0,3.2,97.0
70963,399,19.718333333333334,47.72058823529412,45.03970588235294,2.6,0.0,3.2,97.0
71863,399,19.8,48.40714285714286,45.90571428571429,2.6,0.0,3.2,97.0
72763,399,19.82586206896552,48.35714285714285,45.82698412698413,2.6,0.0,1.6,97.0
73663,399,19.946153846153845,47.838235294117645,45.58382352941176,2.5,0.0,3.2,97.0
74563,399,20.044776119402982,50.621428571428574,46.33,2.5,0.0,1.6,97.0
75463,399,20.1,48.36764705882353,44.37058823529412,2.4,0.0,3.2,97.0
76363,399,20.1,50.67164179104478,46.79253731343284,2.4,0.0,3.2,97.0
77263,399,20.1,48.10144927536232,45.21449275362319,2.4,0.0,3.2,97.0
78163,399,20.1,46.95384615384616,44.29384615384616,2.4,0.0,3.2,97.0
79063,399,20.1,47.81818181818182,44.84242424242424,2.6,0.0,3.2,97.0
79963,399,20.1,49.84328358208956,47.11492537313433,2.6,0.0,3.2,97.0
80863,399,20.1,49.07462686567165,46.40298507462687,2.4,0.0,3.2,97.0
81763,399,20.12878787878788,42.15384615384615,40.652307692307694,2.3,0.0,3.2,97.0
82663,399,19.966666666666665,38.873134328358205,36.25671641791045,2.1,0.0,4.8,97.0
83563,399,19.725,30.529411764705884,26.38235294117647,2.0,0.0,3.2,97.0
84463,399,19.3703125,23.833333333333336,20.99275362318841,2.1,0.0,4.8,98.0
85363,399,19.03692307692308,20.514492753623188,18.76231884057971,2.1,0.0,3.2,98.0
86263,399,18.691044776119405,18.647058823529413,17.47352941176471,2.2,0.0,3.2,98.0
763,400,18.402985074626866,17.671641791044777,16.701492537313435,2.3,0.0,4.8,98.0
1663,400,18.136666666666667,16.970149253731343,16.170149253731346,2.3,0.0,4.8,97.0
2563,400,17.953125,16.507462686567163,15.892537313432836,2.3,0.0,4.8,97.0
3463,400,17.8,16.75735294117647,16.38088235294118,2.4,0.0,4.8,98.0
4363,400,17.7234375,17.164285714285715,17.0,2.4,0.0,1.6,98.0
5263,400,17.641176470588235,16.521428571428572,15.89857142857143,2.5,0.0,3.2,98.0
6163,400,17.54705882352941,16.114285714285714,15.46,2.5,0.0,1.6,97.0
7063,400,17.45,16.0,15.3,2.6,0.0,3.2,97.0
7963,400,17.35873015873016,15.9,15.064615384615385,2.6,0.0,3.2,97.0
8863,400,17.26818181818182,15.5,15.0,2.6,0.0,4.8,97.0
9763,400,17.184848484848484,15.5,14.87246376811594,2.7,0.0,3.2,97.0
10663,400,17.086956521739133,15.5,14.8,2.7,0.0,4.8,97.0
11563,400,17.0,15.5,14.8,2.7,0.0,4.8,97.0
12463,400,16.908955223880596,15.5,14.732,2.7,0.0,4.8,97.0
13363,400,16.859375,15.5,14.5,2.7,0.0,3.2,97.0
14263,400,16.8,15.193333333333332,14.5,2.6,0.0,4.8,97.0
15163,400,16.72222222222222,15.0,14.5,2.6,0.0,3.2,97.0
16063,400,16.663235294117648,15.0,14.497183098591549,2.6,0.0,3.2,97.0
16963,400,16.6,15.0,14.379411764705882,2.6,0.0,3.2,97.0
17863,400,16.515873015873016,15.0,14.3,2.6,0.0,3.2,97.0
18763,400,16.48030303030303,15.0,14.3,2.7,0.0,1.6,97.0
19663,400,16.4,15.0,14.3,2.7,0.0,0.0,97.0
20563,400,16.35625,15.0,14.3,2.7,0.0,0.0,97.0
21463,400,16.33225806451613,32.46478873239437,26.605633802816904,2.7,0.0,0.0,97.0
22363,400,16.945,51.74626865671642,48.2,2.8,0.0,1.6,97.0
23263,400,17.826984126984126,47.66666666666667,44.92028985507246,2.8,0.0,0.0,97.0
24163,400,18.324615384615385,41.46875,39.2140625,2.8,0.0,0.0,97.0
25063,400,18.49322033898305,31.301470588235293,28.61029411764706,2.9,0.0,1.6,97.0
25963,400,18.533870967741937,50.36619718309859,46.5774647887324,2.9,0.0,3.2,97.0
26863,400,18.906451612903226,53.57857142857144,50.35285714285714,2.9,0.0,4.8,97.0
27763,400,19.27142857142857,50.114285714285714,47.87857142857143,2.8,0.0,4.8,97.0
28663,400,19.4,44.18382352941176,41.82205882352942,2.8,0.0,1.6,97.0
29563,400,19.4,45.85714285714285,43.114285714285714,2.8,0.0,1.6,97.0
30463,400,19.45714285714286,41.34558823529412,39.525,2.9,11.0,3.2,97.0
31363,400,19.35,47.33088235294117,44.17941176470588,2.9,12.0,3.2,97.0
32263,400,19.25625,38.07352941176471,36.03235294117647,3.0,16.0,0.0,97.0
33163,400,19.02647058823529,42.65441176470589,38.52205882352941,3.1,32.0,0.0,97.0
34063,400,19.06304347826087,45.43478260869565,43.23333333333333,3.2,53.0,3.2,97.0
34963,400,19.04705882352941,44.1865671641791,41.41194029850746,3.2,63.0,1.6,97.0
35863,400,18.845945945945942,46.29850746268657,44.48358208955224,3.4,63.0,1.6,97.0
36763,400,18.665384615384617,45.19285714285714,42.83,3.3,77.0,0.0,96.0
37663,400,18.41470588235294,40.52272727272727,38.662121212121214,3.4,84.0,0.0,96.0
38563,400,17.635185185185186,35.628571428571426,34.371428571428574,3.6,40.0,0.0,96.0
39463,400,16.881132075471697,34.06666666666667,32.026666666666664,3.4,84.0,1.6,95.0
40363,400,17.18181818181818,48.51515151515152,44.57424242424243,3.7,311.0,1.6,96.0
41263,400,17.7,50.26119402985075,46.56716417910447,3.7,77.0,1.6,94.0
42163,400,18.35454545454545,45.84090909090909,44.15909090909091,3.7,100.0,1.6,93.0
43063,400,18.57368421052632,32.29230769230769,30.64307692307692,3.8,40.0,0.0,93.0
43963,400,18.81176470588236,31.66417910447761,31.414925373134327,3.7,32.0,0.0,93.0
44863,400,18.9,32.07462686567165,32.42537313432835,3.5,40.0,3.2,93.0
45763,400,18.922222222222224,32.00806451612903,31.47741935483871,4.3,276.0,1.6,93.0
46663,400,18.822222222222223,36.427536231884055,34.427536231884055,4.5,58.0,1.6,89.0
47563,400,18.966666666666665,39.059701492537314,39.04029850746269,3.9,258.0,1.6,92.0
48463,400,19.2,36.36111111111111,36.74027777777778,4.7,237.0,1.6,90.0
49363,400,19.25714285714286,31.85606060606061,32.20454545454545,5.2,218.0,1.6,89.0
50263,400,19.10217391304348,30.705882352941178,29.298529411764708,5.0,125.0,3.2,87.0
51163,400,18.82307692307692,30.269841269841272,28.125396825396827,5.2,178.0,3.2,86.0
52063,400,18.821428571428573,46.30147058823529,42.21617647058824,5.7,139.0,4.8,82.0
52963,400,19.12,50.83333333333333,48.34347826086956,5.7,93.0,4.8,84.0
53863,400,19.43709677419355,48.7265625,46.3546875,5.4,67.0,4.8,84.0
54763,400,19.583870967741937,44.29850746268657,41.96268656716418,5.3,47.0,4.8,86.0
55663,400,19.563492063492063,35.18181818181818,33.940909090909095,4.7,53.0,3.2,88.0
56563,400,19.35593220338983,33.042857142857144,31.957142857142856,4.4,49.0,1.6,89.0
57463,400,19.09375,30.69402985074627,29.92238805970149,4.3,32.0,1.6,89.0
58363,400,18.847619047619048,34.75833333333333,31.801666666666662,4.1,18.0,0.0,90.0
59263,400,18.84,45.32352941176471,41.36029411764706,3.5,11.0,0.0,90.0
60163,400,,45.6171875,41.9171875,3.2,9.0,0.0,90.0
61063,400,,41.671875,37.5015625,2.6,2.0,0.0,91.0
61963,400,,50.00806451612903,45.63548387096775,2.6,0.0,1.6,92.0
62863,400,19.8,46.42647058823529,42.41029411764706,2.1,0.0,0.0,92.0
63763,400,19.880000000000003,42.62121212121212,39.95,1.9,0.0,0.0,93.0
64663,400,19.9,41.8125,39.1,1.4,0.0,0.0,93.0
65563,400,19.868,45.63636363636364,41.512121212121215,1.2,0.0,0.0,93.0
66463,400,19.8,51.515625,48.29375,1.7,0.0,1.6,95.0
67363,400,19.9,49.4672131147541,47.17377049180328,1.9,0.0,4.8,95.0
68263,400,19.9,46.75,44.3953125,1.8,0.0,3.2,95.0
69163,400,19.8,46.31060606060606,43.81969696969697,1.8,0.0,1.6,95.0
70063,400,,51.635714285714286,48.94857142857143,1.7,0.0,0.0,94.0
70963,400,19.5,40.5,38.215625,1.8,0.0,0.0,95.0
71863,400,19.4,38.91666666666667,37.16363636363637,1.9,0.0,0.0,95.0
72763,400,,34.890625,33.84375,1.9,0.0,0.0,95.0
73663,400,,30.544117647058822,29.61470588235294,1.8,0.0,3.2,95.0
74563,400,,29.80769230769231,28.64,1.7,0.0,0.0,95.0
75463,400,,32.78358208955224,30.41044776119403,1.9,0.0,1.6,95.0
76363,400,,37.03174603174603,34.488888888888894,2.2,0.0,1.6,95.0
77263,400,,39.231884057971016,36.95217391304348,2.3,0.0,3.2,94.0
78163,400,,41.22727272727273,39.02575757575757,2.2,0.0,4.8,93.0
79063,400,18.65714285714286,41.169230769230765,39.1,1.9,0.0,1.6,94.0
79963,400,18.915625,44.58461538461539,41.96153846153847,2.2,0.0,3.2,94.0
80863,400,19.258823529411764,48.246153846153845,45.090769230769226,2.4,0.0,1.6,93.0
81763,400,20.14444444444445,49.41538461538461,47.22615384615385,2.6,0.0,1.6,92.0
82663,400,20.1,43.73880597014925,42.2044776119403,2.4,0.0,0.0,92.0
83563,400,19.95576923076923,33.38059701492537,31.31492537313433,2.1,0.0,0.0,93.0
84463,400,19.68888888888889,25.727941176470587,23.72941176470588,2.1,0.0,0.0,93.0
85363,400,19.39512195121951,21.775362318840585,20.194202898550724,2.2,0.0,0.0,93.0
86263,400,19.082608695652176,19.551470588235293,18.314705882352943,2.4,0.0,3.2,91.0
763,401,18.762222222222224,18.25409836065574,17.214754098360654,2.3,0.0,4.8,91.0
1663,401,18.47962962962963,17.36764705882353,16.538235294117648,2.4,0.0,8.0,91.0
2563,401,18.208163265306123,16.83582089552239,16.062686567164178,2.6,0.0,9.7,90.0
3463,401,17.991304347826087,16.5,15.72173913043478,2.7,0.0,9.7,89.0
4363,401,17.814814814814817,16.12878787878788,15.445454545454549,2.7,0.0,8.0,89.0
5263,401,17.67058823529412,16.0,15.295652173913044,2.7,0.0,8.0,88.0
6163,401,17.54,15.977611940298509,15.013432835820897,2.7,0.0,9.7,89.0
7063,401,17.42745098039216,15.507462686567164,14.937313432835822,2.5,0.0,9.7,89.0
7963,401,17.315555555555555,15.5,14.8,2.5,0.0,12.9,89.0
8863,401,17.220408163265308,15.5,14.791044776119405,2.4,0.0,12.9,89.0
9763,401,17.138297872340424,15.5,14.513235294117646,2.3,0.0,11.3,89.0
10663,401,17.036956521739132,15.5,14.5,2.3,0.0,11.3,89.0
11563,401,16.964444444444446,15.07936507936508,14.5,2.2,0.0,11.3,89.0
12463,401,16.9,15.0,14.331746031746032,2.0,0.0,12.9,88.0
13363,401,16.81111111111111,15.0,14.3,1.9,0.0,12.9,88.0
14263,401,16.782222222222224,15.0,14.3,1.9,0.0,14.5,87.0
15163,401,16.7,15.0,14.3,1.9,0.0,12.9,87.0
16063,401,16.636111111111113,15.0,14.214864864864865,1.9,0.0,9.7,87.0
16963,401,16.594736842105263,15.0,14.004054054054055,1.9,0.0,8.0,87.0
17863,401,16.5,15.0,14.0,2.1,0.0,8.0,86.0
18763,401,16.47241379310345,14.992537313432836,14.0,2.2,0.0,6.4,85.0
19663,401,16.419444444444444,31.01587301587302,25.423809523809524,2.3,0.0,9.7,83.0
20563,401,16.97391304347826,47.36764705882353,44.65294117647058,2.3,0.0,8.0,83.0
21463,401,17.516666666666666,44.27941176470589,42.15294117647058,2.2,0.0,8.0,84.0
22363,401,18.006896551724136,50.059701492537314,45.78358208955224,2.1,0.0,8.0,85.0
23263,401,18.41904761904762,47.07352941176471,43.85735294117647,1.9,0.0,9.7,86.0
24163,401,18.676315789473684,41.86153846153847,39.081538461538464,1.8,0.0,11.3,86.0
25063,401,18.65882352941177,29.30769230769231,26.24307692307692,1.7,0.0,11.3,86.0
25963,401,18.49090909090909,34.30327868852459,33.208196721311474,1.7,0.0,12.9,85.0
26863,401,18.395,31.03623188405797,30.389855072463767,1.8,0.0,11.3,83.0
27763,401,18.2575,27.09848484848485,26.5969696969697,1.9,0.0,12.9,82.0
28663,401,18.084615384615383,27.11029411764706,24.086764705882352,1.8,0.0,12.9,83.0
29563,401,17.975,37.33582089552239,30.916417910447763,1.8,0.0,12.9,83.0
30463,401,17.895652173913042,31.74242424242424,28.40151515151515,1.7,5.0,12.9,84.0
31363,401,17.756666666666668,23.87878787878788,21.080303030303032,1.7,7.0,14.5,84.0
32263,401,17.593333333333334,20.1044776119403,18.42089552238805,1.7,11.0,11.3,83.0
33163,401,17.39090909090909,18.21538461538461,17.133846153846154,1.7,16.0,9.7,82.0
34063,401,17.210344827586205,17.1,16.336666666666666,1.7,23.0,14.5,81.0
34963,401,17.022222222222222,16.37962962962963,15.757407407407408,1.7,25.0,12.9,81.0
35863,401,16.87333333333333,16.0,15.394285714285717,1.8,39.0,14.5,80.0
36763,401,16.728571428571428,15.546153846153846,15.06,1.8,46.0,12.9,80.0
37663,401,16.612000000000002,15.5,14.83125,1.8,54.0,12.9,80.0
38563,401,16.5,15.172727272727272,14.60909090909091,1.7,56.0,16.1,81.0
39463,401,16.415384615384617,15.0,14.5,1.7,58.0,16.1,79.0
40363,401,16.338461538461537,15.0,14.36764705882353,1.8,60.0,14.5,78.0
41263,401,16.263636363636362,15.0,14.3,1.8,63.0,16.1,76.0
42163,401,16.2,15.0,14.290769230769232,1.8,65.0,16.1,75.0
43063,401,16.111764705882354,14.830985915492956,14.025352112676057,1.9,65.0,16.1,75.0
43963,401,16.081818181818182,14.5,14.0,1.9,65.0,17.7,73.0
44863,401,16.0,14.5,14.0,2.0,62.0,16.1,72.0
45763,401,15.948275862068964,14.5,13.93235294117647,2.1,58.0,14.5,71.0
46663,401,15.9,14.5,13.8,2.0,54.0,14.5,72.0
47563,401,15.84090909090909,14.5,13.8,1.8,49.0,16.1,73.0
48463,401,15.8,14.5,13.8,1.7,40.0,17.7,74.0
49363,401,15.76,14.5,13.8,1.7,39.0,17.7,73.0
50263,401,15.7,14.5,13.8,1.6,35.0,17.7,74.0
51163,401,15.658823529411766,14.5,13.643283582089552,1.7,32.0,16.1,74.0
52063,401,15.6,14.5,13.5,1.8,30.0,11.3,73.0
52963,401,15.568421052631578,14.186567164179104,13.5,1.9,28.0,12.9,71.0
53863,401,15.5,14.007142857142858,13.5,1.8,25.0,16.1,71.0
54763,401,15.488888888888887,14.0,13.5,1.7,23.0,17.7,72.0
55663,401,15.4,14.0,13.5,1.7,18.0,16.1,72.0
56563,401,15.372727272727271,14.0,13.5,1.7,16.0,16.1,72.0
57463,401,15.3,14.0,13.46470588235294,1.7,13.0,8.0,71.0
58363,401,15.265,14.0,13.3,1.7,11.0,8.0,72.0
59263,401,15.245454545454546,32.92424242424242,26.942424242424245,1.6,5.0,8.0,73.0
60163,401,15.6,50.34558823529412,47.32941176470588,1.6,0.0,12.9,72.0
61063,401,16.7,52.11904761904761,48.58095238095238,1.7,0.0,9.7,71.0
61963,401,17.6,46.90909090909091,43.656060606060606,1.6,0.0,6.4,74.0
62863,401,17.759999999999998,38.75,36.35588235294118,1.6,0.0,8.0,72.0
63763,401,17.8,36.11194029850746,34.25970149253731,1.4,0.0,4.8,73.0
64663,401,17.7,30.963235294117645,29.47352941176471,1.4,0.0,19.3,74.0
65563,401,17.48,22.88405797101449,21.85507246376812,1.4,0.0,20.9,72.0
66463,401,17.113793103448277,22.717391304347824,22.015942028985503,1.4,0.0,19.3,74.0
67363,401,16.92888888888889,26.909090909090907,25.36515151515152,1.4,0.0,19.3,74.0
68263,401,16.813636363636363,26.96875,25.0765625,1.5,0.0,6.4,75.0
69163,401,16.583333333333336,42.3955223880597,38.09701492537313,1.4,0.0,12.9,76.0
70063,401,16.90357142857143,36.94444444444444,36.55873015873016,1.3,0.0,19.3,76.0
70963,401,17.16,28.810606060606062,29.081818181818186,1.2,0.0,17.7,77.0
71863,401,17.2,29.52272727272728,28.20757575757576,1.1,0.0,17.7,76.0
72763,401,,32.57575757575758,30.53333333333333,1.2,0.0,19.3,76.0
73663,401,17.2,38.35384615384616,32.54769230769231,1.2,0.0,20.9,76.0
74563,401,17.557142857142857,45.49230769230769,41.04769230769231,1.1,0.0,17.7,76.0
75463,401,17.795652173913044,46.85074626865672,44.58507462686568,1.1,0.0,16.1,77.0
76363,401,18.17142857142857,46.16428571428572,43.50571428571429,1.0,0.0,17.7,77.0
77263,401,18.33125,41.29508196721312,38.46229508196721,0.9,0.0,20.9,77.0
78163,401,18.4,40.03846153846153,37.783076923076926,0.9,0.0,19.3,77.0
79063,401,18.326666666666668,38.42647058823529,36.114705882352936,0.9,0.0,17.7,77.0
79963,401,18.3,39.2265625,36.5265625,0.9,0.0,19.3,76.0
80863,401,18.26875,35.32089552238806,32.96268656716418,0.9,0.0,16.1,76.0
81763,401,,27.047619047619047,24.31428571428572,1.1,0.0,17.7,75.0
82663,401,,21.81451612903226,19.92258064516129,1.1,0.0,17.7,75.0
83563,401,17.6,19.47692307692308,18.88615384615385,1.1,0.0,19.3,75.0
84463,401,17.514285714285712,19.128571428571423,20.237142857142857,1.1,0.0,16.1,74.0
85363,401,17.211111111111112,17.58730158730159,16.99047619047619,1.1,0.0,14.5,73.0
86263,401,16.9,16.295454545454547,15.471212121212124,1.1,0.0,17.7,72.0
763,402,16.68,15.602941176470589,14.855882352941176,1.1,0.0,17.7,73.0
1663,402,16.44782608695652,15.114864864864863,14.454054054054057,1.1,0.0,16.1,73.0
2563,402,16.26086956521739,15.0,14.229411764705882,1.1,0.0,17.7,73.0
3463,402,16.145,14.575757575757574,14.0,0.9,0.0,14.5,76.0
4363,402,16.005000000000003,14.5,13.84375,0.7,0.0,14.5,80.0
5263,402,15.9,14.5,13.8,0.2,0.0,14.5,85.0
6163,402,,,,0.0,0.0,12.9,86.0
7063,402,,,,-0.1,0.0,17.7,87.0
7963,402,,,,-0.1,0.0,17.7,88.0
8863,402,,,,-0.2,0.0,16.1,90.0
9763,402,,,,-0.2,0.0,14.5,90.0
10663,402,,,,-0.2,0.0,19.3,90.0
11563,402,,,,-0.2,0.0,17.7,90.0
12463,402,,,,-0.1,0.0,16.1,90.0
13363,402,15.2,13.943396226415096,13.0,-0.1,0.0,14.5,91.0
14263,402,15.134782608695652,13.517241379310343,13.0,0.3,0.0,20.9,92.0
15163,402,,,,0.4,0.0,22.5,91.0
16063,402,,,,0.4,0.0,20.9,92.0
16963,402,,,,0.4,0.0,20.9,92.0
17863,402,,,,0.4,0.0,20.9,92.0
18763,402,,,,0.4,0.0,17.7,93.0
19663,402,,,,0.2,0.0,16.1,94.0
20563,402,,,,0.2,0.0,14.5,94.0
21463,402,,,,0.3,0.0,17.7,95.0
22363,402,16.733333333333334,44.25,42.1375,0.3,0.0,16.1,95.0
23263,402,16.905555555555555,39.43571428571428,37.425714285714285,0.3,0.0,14.5,95.0
24163,402,17.1,38.0945945945946,36.17837837837838,0.3,0.0,12.9,96.0
25063,402,,,,0.4,0.0,12.9,96.0
25963,402,,,,0.4,0.0,12.9,96.0
26863,402,,,,0.4,0.0,11.3,96.0
27763,402,,,,0.4,0.0,11.3,96.0
28663,402,,,,0.5,0.0,11.3,96.0
29563,402,,,,0.4,0.0,12.9,96.0
30463,402,,,,0.5,7.0,11.3,96.0
31363,402,17.35,48.81428571428572,46.53142857142857,0.5,9.0,11.3,95.0
32263,402,17.45185185185185,49.5,47.13970588235294,0.6,12.0,9.7,95.0
33163,402,17.57547169811321,49.185483870967744,46.79838709677419,0.6,16.0,8.0,94.0
34063,402,17.679310344827588,49.64615384615384,47.33692307692308,0.7,26.0,9.7,93.0
34963,402,17.77894736842105,49.21641791044776,46.78208955223881,0.7,35.0,9.7,92.0
35863,402,17.87037037037037,49.55555555555556,47.24126984126984,0.9,60.0,11.3,90.0
36763,402,17.93114754098361,49.27272727272727,46.71666666666667,0.9,74.0,11.3,89.0
37663,402,18.0,49.58333333333333,47.13939393939394,1.1,116.0,12.9,88.0
38563,402,18.07857142857143,49.19402985074627,46.6044776119403,1.1,156.0,11.3,87.0
39463,402,18.1,49.48507462686568,47.1,1.3,176.0,14.5,86.0
40363,402,18.1,45.25373134328358,42.995522388059705,1.6,176.0,12.9,86.0
41263,402,18.1,49.55147058823529,47.10735294117647,1.7,165.0,12.9,84.0
42163,402,18.179310344827588,49.885714285714286,47.02,1.7,167.0,12.9,83.0
43063,402,18.2,49.094202898550726,46.8768115942029,1.8,149.0,11.3,82.0
43963,402,18.2,49.85714285714285,46.998571428571424,1.8,130.0,12.9,81.0
44863,402,18.2,49.0,46.81060606060606,1.9,144.0,11.3,82.0
45763,402,18.2,49.83571428571428,47.05714285714286,1.9,151.0,11.3,79.0
46663,402,18.22153846153846,49.0,46.78405797101449,2.2,153.0,11.3,78.0
47563,402,18.3,49.885714285714286,47.06142857142857,2.2,155.0,12.9,77.0
48463,402,18.3,49.072463768115945,46.8231884057971,2.3,169.0,14.5,74.0
49363,402,18.3,49.9,47.105714285714285,2.3,153.0,11.3,75.0
50263,402,18.325714285714287,48.92424242424242,46.71666666666667,2.7,198.0,14.5,71.0
51163,402,18.4,50.064516129032256,47.37096774193548,2.8,162.0,14.5,70.0
52063,402,18.4,48.64516129032258,46.822580645161295,2.6,54.0,14.5,71.0
52963,402,18.4,49.96153846153847,47.15076923076923,2.6,132.0,14.5,72.0
53863,402,18.415517241379312,49.0072463768116,46.78550724637681,2.5,63.0,12.9,71.0
54763,402,18.48923076923077,49.98461538461539,47.246153846153845,2.3,37.0,14.5,71.0
55663,402,18.5,49.05223880597015,46.79850746268657,2.2,56.0,11.3,70.0
56563,402,18.5,49.88235294117647,47.18235294117647,2.2,39.0,12.9,69.0
57463,402,18.5,49.08461538461539,46.89846153846154,2.0,27.0,11.3,70.0
58363,402,18.5,49.83098591549296,47.21408450704225,1.9,37.0,11.3,71.0
59263,402,18.5,49.309859154929576,46.60704225352113,1.7,16.0,11.3,74.0
60163,402,18.654901960784315,47.365671641791046,45.570149253731344,1.5,14.0,9.7,75.0
61063,402,18.76,50.35294117647059,47.06764705882353,1.2,5.0,9.7,76.0
61963,402,19.008064516129032,53.21212121212121,50.23484848484848,1.0,0.0,8.0,77.0
62863,402,19.266666666666666,45.169117647058826,42.88235294117647,0.6,0.0,4.8,80.0
63763,402,19.253968253968253,41.2,39.90615384615385,0.3,0.0,6.4,81.0
64663,402,19.0875,33.16666666666667,31.81818181818182,0.2,0.0,8.0,79.0
65563,402,18.833333333333336,44.76428571428572,40.60142857142857,0.2,0.0,8.0,79.0
66463,402,18.95555555555556,49.8359375,46.771875,0.1,0.0,11.3,78.0
67363,402,19.296296296296298,52.50714285714285,49.30142857142857,0.1,0.0,11.3,78.0
68263,402,19.58,47.97058823529412,44.86764705882353,0.0,0.0,11.3,77.0
69163,402,19.61,52.90579710144928,49.54347826086956,-0.1,0.0,9.7,77.0
70063,402,,53.22950819672131,49.89672131147541,-0.2,0.0,11.3,77.0
70963,402,,52.36842105263158,49.86140350877193,-0.2,0.0,12.9,77.0
71863,402,19.9,53.11290322580645,49.96290322580645,-0.3,0.0,12.9,77.0
72763,402,19.9,51.99206349206349,49.34761904761905,-0.3,0.0,11.3,77.0
73663,402,19.877777777777776,53.35087719298245,50.34736842105263,-0.4,0.0,16.1,77.0
74563,402,19.9,49.58196721311475,48.22459016393442,-0.5,0.0,12.9,77.0
75463,402,20.0,51.59322033898305,50.26271186440678,-0.7,0.0,12.9,77.0
76363,402,20.1,50.095238095238095,49.01111111111111,-0.7,0.0,11.3,78.0
77263,402,20.2,49.94262295081968,49.2,-0.6,0.0,12.9,77.0
78163,402,20.24,50.83620689655173,49.48620689655173,-0.6,0.0,14.5,76.0
79063,402,20.3,49.6796875,48.846875,-0.8,0.0,14.5,77.0
79963,402,20.344444444444445,51.24264705882352,49.62647058823529,-0.9,0.0,12.9,78.0
80863,402,20.5,48.234375,46.2921875,-0.9,0.0,11.3,78.0
81763,402,20.4,35.51515151515152,33.53333333333333,-0.9,0.0,11.3,79.0
82663,402,20.175,27.761538461538464,26.001538461538463,-1.1,0.0,11.3,79.0
83563,402,19.8,22.99242424242424,21.395454545454548,-1.1,0.0,12.9,79.0
84463,402,19.4,20.015625,18.6078125,-1.1,0.0,12.9,80.0
85363,402,,18.43076923076924,17.216923076923077,-1.0,0.0,12.9,80.0
86263,402,18.47058823529412,17.817460317460316,17.38888888888889,-1.1,0.0,12.9,80.0
763,403,18.99333333333333,18.942622950819672,19.34426229508197,-1.1,0.0,11.3,80.0
1663,403,,17.808333333333334,17.080000000000002,-1.1,0.0,12.9,79.0
2563,403,,16.8125,15.9203125,-1.2,0.0,9.7,80.0
3463,403,,16.23134328358209,15.35373134328358,-1.1,0.0,11.3,79.0
4363,403,,15.961538461538462,14.972307692307693,-1.2,0.0,11.3,79.0
5263,403,,15.5,14.77,-1.4,0.0,11.3,79.0
6163,403,,15.5,14.5,-1.4,0.0,11.3,80.0
7063,403,,15.080882352941178,14.335294117647058,-1.2,0.0,12.9,79.0
7963,403,,15.0,14.270422535211267,-1.3,0.0,11.3,79.0
8863,403,,15.0,14.0,-1.4,0.0,12.9,80.0
9763,403,,14.99264705882353,14.0,-1.3,0.0,12.9,80.0
10663,403,,14.551470588235292,13.823529411764708,-1.3,0.0,12.9,79.0
11563,403,,14.5,13.8,-1.6,0.0,12.9,80.0
12463,403,,14.5,13.729411764705882,-1.3,0.0,14.5,79.0
13363,403,,14.5,13.5,-1.4,0.0,11.3,79.0
14263,403,,14.5,13.5,-1.7,0.0,11.3,81.0
15163,403,,14.492537313432836,13.5,-1.7,0.0,9.7,81.0
16063,403,,14.09558823529412,13.45,-1.5,0.0,9.7,80.0
16963,403,,14.0,13.3,-1.7,0.0,9.7,80.0
17863,403,,14.0,13.3,-1.6,0.0,11.3,80.0
18763,403,,14.0,13.3,-1.7,0.0,9.7,80.0
19663,403,,32.6,26.734285714285715,-1.6,0.0,12.9,80.0
20563,403,,46.70588235294117,44.38970588235294,-1.6,0.0,12.9,80.0
21463,403,,51.0072463768116,47.2231884057971,-1.6,0.0,9.7,79.0
22363,403,,44.49242424242424,41.92424242424242,-1.6,0.0,12.9,79.0
23263,403,,36.53676470588236,34.55147058823529,-1.7,0.0,12.9,79.0
24163,403,,37.14492753623188,35.150724637681165,-1.7,0.0,14.5,79.0
25063,403,17.380769230769232,31.689393939393938,30.46060606060606,-1.9,0.0,9.7,79.0
25963,403,17.288888888888888,26.99230769230769,26.360000000000003,-1.8,0.0,9.7,79.0
26863,403,17.206666666666667,25.171641791044777,24.36567164179105,-1.8,0.0,9.7,78.0
27763,403,17.133333333333333,24.734375,23.61875,-1.9,0.0,9.7,78.0
28663,403,,27.924242424242426,25.48030303030303,-1.8,2.0,11.3,77.0
29563,403,,36.14179104477612,32.62985074626866,-1.7,7.0,11.3,77.0
30463,403,,39.11940298507463,35.86865671641791,-1.7,12.0,9.7,77.0
31363,403,,42.26923076923077,38.89230769230769,-1.6,16.0,11.3,78.0
32263,403,,40.76119402985075,37.67313432835821,-1.2,19.0,11.3,76.0
33163,403,,29.69402985074627,25.214925373134328,-0.9,21.0,11.3,75.0
34063,403,,22.507692307692302,19.443076923076923,-0.7,25.0,11.3,74.0
34963,403,,19.02272727272728,17.207575757575757,-0.4,25.0,8.0,73.0
35863,403,,17.080882352941178,15.90735294117647,-0.1,28.0,12.9,72.0
36763,403,,15.977611940298509,15.149253731343284,-0.1,33.0,11.3,73.0
37663,403,,15.33846153846154,14.638461538461538,0.4,104.0,11.3,71.0
38563,403,,15.0,14.305633802816905,0.7,102.0,11.3,68.0
39463,403,,14.535211267605636,14.0,1.3,246.0,12.9,68.0
40363,403,,14.5,13.817910447761191,1.0,128.0,16.1,69.0
41263,403,,14.33846153846154,13.66153846153846,0.9,121.0,14.5,68.0
42163,403,,14.0,13.5,1.4,330.0,14.5,62.0
43063,403,,14.0,13.357142857142858,1.2,162.0,17.7,63.0
43963,403,,14.0,13.3,1.3,149.0,19.3,64.0
44863,403,,14.0,13.3,1.8,134.0,16.1,63.0
45763,403,,13.9921875,13.028125,1.9,139.0,16.1,67.0
46663,403,,13.637681159420293,13.0,2.4,156.0,16.1,68.0
47563,403,,13.5,13.0,2.3,158.0,14.5,69.0
48463,403,,13.5,12.990769230769232,2.2,121.0,17.7,68.0
49363,403,,13.5,12.858461538461537,2.2,98.0,16.1,69.0
50263,403,,13.5,12.8,2.3,89.0,17.7,70.0
51163,403,,13.5,12.8,2.2,70.0,19.3,68.0
52063,403,,13.5,12.8,2.3,81.0,22.5,73.0
52963,403,,13.5,12.8,2.3,83.0,24.1,73.0
53863,403,,13.5,12.765217391304349,1.9,65.0,25.7,75.0
54763,403,,13.5,12.517910447761194,1.9,69.0,25.7,77.0
55663,403,,13.5,12.5,1.7,56.0,29.0,79.0
56563,403,,13.294117647058822,12.5,1.6,65.0,27.4,79.0
57463,403,,13.007462686567164,12.5,1.4,37.0,25.7,81.0
58363,403,,13.0,12.5,1.3,26.0,24.1,81.0
59263,403,,31.10769230769231,25.75846153846154,1.4,7.0,22.5,80.0
60163,403,,51.23809523809524,47.11587301587302,1.4,5.0,19.3,81.0
61063,403,,52.93939393939394,49.190909090909095,1.5,0.0,22.5,80.0
61963,403,,46.6328125,43.4171875,1.6,0.0,22.5,80.0
62863,403,,37.02985074626866,34.75820895522388,1.4,0.0,27.4,82.0
63763,403,,34.94852941176471,33.30294117647058,1.5,0.0,29.0,82.0
64663,403,,29.419117647058822,28.13088235294118,1.7,0.0,27.4,83.0
65563,403,16.758823529411764,27.50735294117647,26.31176470588236,1.8,0.0,27.4,83.0
66463,403,16.55,26.56716417910448,25.11492537313433,2.1,0.0,32.2,83.0
67363,403,16.38888888888889,27.43382352941176,25.948529411764707,2.0,0.0,30.6,83.0
68263,403,16.261363636363637,26.369230769230768,25.147692307692303,2.2,0.0,25.7,84.0
69163,403,16.2,35.38235294117647,30.46617647058824,2.4,0.0,30.6,83.0
70063,403,16.4,41.15151515151515,36.77272727272727,2.4,0.0,32.2,84.0
70963,403,16.711111111111112,49.03076923076923,45.87538461538462,2.4,0.0,30.6,84.0
71863,403,17.366666666666667,41.125,39.03235294117647,2.6,0.0,30.6,85.0
72763,403,17.7,35.78125,33.6609375,2.6,0.0,32.2,85.0
73663,403,17.634999999999998,30.476190476190474,28.91428571428572,2.7,0.0,30.6,86.0
74563,403,17.546296296296298,44.53174603174603,39.30317460317461,2.8,0.0,29.0,86.0
75463,403,17.93888888888889,50.310344827586206,47.060344827586206,2.9,0.0,30.6,86.0
76363,403,18.27843137254902,51.16101694915254,48.17118644067797,3.0,0.0,25.7,87.0
77263,403,18.590566037735847,50.57936507936508,47.92698412698413,3.1,0.0,29.0,87.0
78163,403,18.75178571428572,51.76190476190476,48.16031746031746,3.2,0.0,30.6,87.0
79063,403,19.012280701754385,51.777777777777786,48.920634920634924,3.2,0.0,35.4,88.0
79963,403,19.1,50.34745762711864,46.99830508474576,3.2,0.0,32.2,88.0
80863,403,19.01153846153846,46.0,42.36363636363636,3.4,0.0,33.8,88.0
81763,403,18.903076923076924,33.0078125,30.609375,3.4,0.0,30.6,88.0
82663,403,18.521052631578947,26.06164383561644,25.84246575342466,3.9,0.0,30.6,88.0
83563,403,18.095652173913045,21.40579710144928,20.165217391304346,4.1,0.0,32.2,87.0
84463,403,17.703846153846154,18.611940298507463,17.544776119402986,4.1,0.0,29.0,88.0
85363,403,17.352830188679246,16.970149253731343,16.14776119402985,4.1,0.0,30.6,89.0
86263,403,17.13478260869565,16.484375,16.6921875,4.0,0.0,29.0,89.0
763,404,,16.051470588235293,15.822058823529412,3.9,0.0,29.0,90.0
1663,404,16.7,15.40909090909091,14.842424242424244,4.0,0.0,30.6,92.0
2563,404,,15.0,14.425925925925927,3.8,0.0,27.4,92.0
3463,404,,14.7265625,14.1921875,3.9,0.0,27.4,93.0
4363,404,,14.5,14.0,4.0,0.0,25.7,92.0
5263,404,,14.5,13.86,4.1,0.0,27.4,92.0
6163,404,15.9,14.5,13.8,4.2,0.0,25.7,92.0
7063,404,,14.219696969696969,13.663636363636362,4.2,0.0,22.5,92.0
7963,404,,14.0,13.5,4.3,0.0,24.1,92.0
8863,404,,14.0,13.5,4.4,0.0,22.5,93.0
9763,404,15.6,14.0,13.407246376811594,4.5,0.0,24.1,92.0
10663,404,,14.0,13.3,4.6,0.0,20.9,92.0
11563,404,,14.0,13.3,4.6,0.0,22.5,92.0
12463,404,,14.0,13.3,4.6,0.0,20.9,93.0
13363,404,,13.977611940298509,13.24626865671642,4.7,0.0,20.9,93.0
14263,404,15.2,13.62878787878788,13.0,4.7,0.0,19.3,94.0
15163,404,15.2,13.5,13.0,4.8,0.0,20.9,94.0
16063,404,15.1,13.5,13.0,5.1,0.0,22.5,94.0
16963,404,15.1,13.5,13.0,5.2,0.0,24.1,93.0
17863,404,,13.5,12.988059701492537,5.3,0.0,20.9,92.0
18763,404,,13.5,12.8231884057971,5.4,0.0,24.1,92.0
19663,404,,32.8968253968254,26.8984126984127,5.3,0.0,20.9,92.0
20563,404,,42.8125,41.15,5.4,0.0,24.1,93.0
21463,404,,50.71428571428572,46.60952380952381,5.2,0.0,24.1,93.0
22363,404,,47.63768115942029,44.70869565217392,5.2,0.0,22.5,92.0
23263,404,,42.03125,39.225,5.4,0.0,22.5,89.0
24163,404,,39.2910447761194,37.046268656716414,5.3,0.0,16.1,89.0
25063,404,,33.7,31.717142857142857,4.7,0.0,14.5,92.0
25963,404,17.6,29.5530303030303,28.3030303030303,4.8,0.0,14.5,92.0
26863,404,17.491666666666667,30.705882352941178,27.919117647058822,5.1,0.0,19.3,92.0
27763,404,18.05,40.51587301587302,35.022222222222226,5.2,0.0,20.9,91.0
28663,404,18.20731707317073,32.63235294117647,31.27058823529412,4.9,0.0,17.7,92.0
29563,404,18.045,39.8359375,36.446875,4.9,7.0,17.7,92.0
30463,404,17.91896551724138,40.80882352941176,37.56029411764706,5.2,16.0,16.1,91.0
31363,404,17.9,39.471014492753625,35.64782608695652,5.1,19.0,12.9,91.0
32263,404,17.773015873015872,27.727272727272727,23.45,5.4,26.0,20.9,90.0
33163,404,17.583050847457628,21.78333333333333,19.203333333333333,5.3,28.0,19.3,90.0
34063,404,17.328333333333333,18.734375,17.2296875,5.8,53.0,24.1,89.0
34963,404,17.059322033898304,17.0,16.095238095238095,5.8,54.0,24.1,88.0
35863,404,16.821666666666665,16.083333333333336,15.415151515151516,5.8,86.0,22.5,86.0
36763,404,16.60185185185185,15.463235294117649,14.911764705882351,5.9,81.0,19.3,86.0
37663,404,16.40701754385965,15.0,14.537837837837838,5.8,93.0,20.9,85.0
38563,404,16.22295081967213,14.724637681159418,14.291304347826088,5.9,171.0,20.9,86.0
39463,404,16.056923076923077,14.5,14.0,6.4,181.0,19.3,84.0
40363,404,15.929032258064517,14.5,13.843478260869563,6.4,241.0,22.5,83.0
41263,404,15.81451612903226,14.384615384615383,13.8,6.7,156.0,17.7,84.0
42163,404,15.712962962962962,14.0,13.641176470588237,7.1,265.0,17.7,82.0
43063,404,15.621428571428572,14.0,13.5,7.1,216.0,16.1,82.0
43963,404,15.568965517241375,14.0,13.5,7.1,278.0,16.1,82.0
44863,404,15.5,14.0,13.427272727272728,7.1,134.0,11.3,82.0
45763,404,15.429310344827588,14.0,13.3,6.9,162.0,16.1,81.0
46663,404,15.377966101694916,14.0,13.3,7.3,218.0,16.1,83.0
47563,404,15.3,14.0,13.3,7.1,125.0,19.3,82.0
48463,404,15.3,14.0,13.3,7.1,86.0,16.1,82.0
49363,404,15.2,13.961538461538462,13.286153846153846,6.9,100.0,19.3,83.0
50263,404,15.19622641509434,13.6044776119403,13.067164179104475,7.0,111.0,17.7,83.0
51163,404,15.1,13.5,13.0,6.9,107.0,16.1,82.0
52063,404,15.09814814814815,13.5,13.0,6.6,90.0,22.5,81.0
52963,404,15.001724137931037,13.5,13.0,6.6,63.0,17.7,83.0
53863,404,15.0,13.5,13.0,6.4,81.0,17.7,84.0
54763,404,14.93846153846154,13.5,12.99402985074627,6.3,63.0,20.9,84.0
55663,404,14.9,13.5,12.85151515151515,6.1,63.0,17.7,82.0
56563,404,14.85681818181818,13.5,12.8,6.0,56.0,17.7,83.0
57463,404,14.8,13.5,12.8,5.8,37.0,17.7,83.0
58363,404,14.774468085106385,13.5,12.8,5.7,28.0,17.7,84.0
59263,404,14.756363636363636,35.0,28.71060606060606,5.6,18.0,16.1,85.0
60163,404,15.40222222222222,36.60144927536232,34.8231884057971,5.5,12.0,14.5,85.0
61063,404,16.005769230769232,50.82835820895522,46.24776119402985,5.5,0.0,17.7,85.0
61963,404,16.832203389830507,52.967741935483865,49.4,5.4,0.0,19.3,85.0
62863,404,17.46046511627907,44.44927536231884,41.40289855072464,5.4,0.0,14.5,85.0
63763,404,17.669999999999998,43.40909090909091,40.874242424242425,5.5,0.0,14.5,85.0
64663,404,17.748979591836736,37.30882352941176,35.15147058823529,5.4,0.0,16.1,85.0
65563,404,17.654901960784315,32.31147540983606,31.024590163934427,5.4,0.0,17.7,84.0
66463,404,17.47111111111111,26.06617647058824,24.88088235294118,5.2,0.0,12.9,87.0
67363,404,17.239583333333336,24.611940298507463,23.570149253731344,5.2,0.0,16.1,86.0
68263,404,17.007894736842104,23.085714285714285,22.158571428571427,5.1,0.0,12.9,86.0
69163,404,16.76086956521739,25.0,23.689230769230768,5.1,0.0,12.9,86.0
70063,404,16.607843137254903,26.34426229508197,24.0,5.1,0.0,12.9,87.0
70963,404,16.517857142857142,30.99253731343284,28.495522388059705,5.0,0.0,16.1,87.0
71863,404,16.637931034482758,33.94285714285714,31.757142857142856,4.7,0.0,17.7,87.0
72763,404,16.860714285714288,37.0530303030303,34.67575757575757,4.6,0.0,14.5,87.0
73663,404,17.06279069767442,27.91538461538461,27.18,4.4,0.0,17.7,87.0
74563,404,,32.955882352941174,31.583823529411763,4.4,0.0,19.3,87.0
75463,404,,32.14925373134328,30.88059701492537,4.3,0.0,19.3,88.0
76363,404,,42.45384615384616,38.42307692307692,4.3,0.0,17.7,87.0
77263,404,17.4,38.30597014925373,36.25074626865672,4.1,0.0,17.7,87.0
78163,404,17.483333333333334,48.40151515151515,43.8469696969697,4.2,0.0,17.7,87.0
79063,404,17.91,52.044117647058826,48.67941176470588,4.6,0.0,17.7,86.0
79963,404,18.185714285714287,52.06338028169014,48.85070422535212,4.6,0.0,20.9,86.0
80863,404,,46.75373134328358,44.06417910447762,4.6,0.0,17.7,85.0
81763,404,18.7,33.87301587301587,32.81746031746032,4.6,0.0,19.3,85.0
82663,404,18.40625,26.0,25.195652173913043,4.3,0.0,16.1,85.0
83563,404,18.31836734693877,22.401408450704224,23.491549295774647,4.3,0.0,17.7,86.0
84463,404,18.86888888888889,20.48550724637681,21.242028985507247,4.8,0.0,22.5,84.0
85363,404,18.06458333333333,18.308823529411764,17.864705882352943,4.7,0.0,22.5,84.0
86263,404,17.732075471698113,17.06153846153846,16.836923076923078,4.5,0.0,25.7,84.0
763,405,17.356,16.621428571428574,16.582857142857144,4.5,0.0,30.6,84.0
1663,405,17.081132075471697,16.195652173913043,16.240579710144928,4.3,0.0,29.0,85.0
2563,405,16.894117647058824,16.232758620689655,16.24655172413793,4.3,0.0,25.7,84.0
3463,405,16.732692307692307,15.554794520547947,15.052054794520547,4.3,0.0,24.1,85.0
4363,405,16.561818181818182,15.17391304347826,14.630434782608695,4.2,0.0,20.9,85.0
5263,405,16.427868852459017,15.0,14.34788732394366,4.2,0.0,20.9,86.0
6163,405,16.306896551724137,14.771428571428572,14.162857142857144,4.2,0.0,20.9,86.0
7063,405,16.2,14.5,14.0,4.0,0.0,19.3,85.0
7963,405,16.11111111111111,14.5,13.85151515151515,3.7,0.0,16.1,86.0
8863,405,16.01967213114754,14.5,13.8,3.4,0.0,16.1,88.0
9763,405,15.93684210526316,14.5,13.656716417910449,3.3,0.0,16.1,88.0
10663,405,15.866129032258064,14.111940298507465,13.5,3.1,0.0,14.5,89.0
11563,405,15.8,14.0,13.5,3.0,0.0,9.7,89.0
12463,405,15.7125,14.0,13.43846153846154,3.1,0.0,14.5,90.0
13363,405,15.656140350877193,14.0,13.3,3.1,0.0,14.5,89.0
14263,405,15.6,14.0,13.3,2.9,0.0,12.9,90.0
15163,405,15.521666666666668,14.0,13.3,3.0,0.0,12.9,91.0
16063,405,15.498305084745764,14.0,13.3,2.7,0.0,14.5,90.0
16963,405,15.4,14.0,13.097058823529412,2.6,0.0,11.3,90.0
17863,405,15.365454545454543,14.0,13.0,2.4,0.0,11.3,92.0
18763,405,15.3,13.816901408450704,13.0,2.3,0.0,9.7,93.0
19663,405,15.35090909090909,33.89855072463768,27.773913043478263,2.0,0.0,11.3,93.0
20563,405,16.055,40.81147540983606,38.98360655737705,1.8,0.0,9.7,94.0
21463,405,16.846296296296295,52.014925373134325,46.63134328358209,1.4,0.0,12.9,94.0
22363,405,17.79814814814815,47.13768115942029,43.6,1.4,0.0,14.5,95.0
23263,405,18.1875,39.74242424242424,36.84090909090909,1.4,0.0,16.1,94.0
24163,405,18.254166666666663,38.23880597014925,35.74179104477612,1.4,0.0,16.1,95.0
25063,405,18.157894736842103,33.51470588235294,31.544117647058822,1.2,0.0,14.5,95.0
25963,405,18.001694915254237,30.796875,29.2296875,1.1,0.0,14.5,95.0
26863,405,17.76969696969697,26.48412698412698,25.36190476190476,1.1,0.0,16.1,96.0
27763,405,17.533333333333335,27.6969696969697,25.509090909090908,1.0,0.0,16.1,96.0
28663,405,17.5,28.73529411764706,26.798529411764708,0.9,0.0,14.5,95.0
29563,405,17.31846153846154,22.919117647058822,21.90441176470588,0.9,7.0,14.5,95.0
30463,405,17.059016393442626,19.1875,17.8171875,1.0,18.0,14.5,93.0
31363,405,16.84516129032258,17.1953125,16.25625,1.0,23.0,12.9,93.0
32263,405,16.608333333333334,16.02777777777778,15.352777777777778,1.1,30.0,14.5,92.0
33163,405,16.392424242424244,15.330769230769231,14.798461538461538,1.1,32.0,14.5,91.0
34063,405,16.196923076923078,15.0,14.407462686567165,0.9,21.0,12.9,90.0
34963,405,16.038095238095238,14.576923076923077,14.12,0.9,25.0,14.5,89.0
35863,405,15.88,14.5,13.907246376811594,1.5,35.0,12.9,87.0
36763,405,15.748888888888889,14.5,13.8,1.7,33.0,16.1,85.0
37663,405,15.6484375,14.1171875,13.6359375,2.0,33.0,14.5,83.0
38563,405,15.562903225806451,14.0,13.5,2.4,239.0,12.9,82.0
39463,405,15.5,14.0,13.5,3.3,262.0,11.3,77.0
40363,405,15.40153846153846,14.0,13.36086956521739,3.3,274.0,14.5,76.0
41263,405,15.4,14.0,13.3,3.6,297.0,16.1,74.0
42163,405,15.308064516129033,14.0,13.3,3.7,302.0,16.1,73.0
43063,405,15.3,14.0,13.3,3.8,316.0,17.7,71.0
43963,405,15.3,14.0,13.139285714285714,4.0,320.0,19.3,70.0
44863,405,15.25,13.923076923076923,13.0,4.1,323.0,16.1,68.0
45763,405,15.2,13.540983606557376,13.0,4.2,322.0,17.7,68.0
46663,405,15.184482758620687,13.5,13.0,4.3,320.0,19.3,64.0
47563,405,15.1,13.5,13.0,4.7,316.0,16.1,64.0
48463,405,15.1,13.5,13.0,4.4,306.0,17.7,61.0
49363,405,15.013114754098362,13.5,12.996923076923077,4.7,279.0,17.7,62.0
50263,405,15.0,13.5,12.898507462686569,4.2,76.0,16.1,65.0
51163,405,14.9864406779661,13.5,12.8,4.3,179.0,17.7,65.0
52063,405,14.9,13.5,12.8,4.4,98.0,16.1,67.0
52963,405,14.9,13.5,12.8,4.3,135.0,17.7,69.0
53863,405,14.871186440677963,13.5,12.8,4.0,84.0,14.5,68.0
54763,405,14.8,13.5,12.8,4.1,125.0,17.7,70.0
55663,405,14.79848484848485,13.5,12.8,3.9,107.0,17.7,71.0
56563,405,14.7,13.5,12.8,3.8,82.0,11.3,73.0
57463,405,14.698360655737703,13.5,12.759701492537314,3.1,25.0,16.1,74.0
58363,405,14.603278688524592,13.5,12.532307692307691,3.2,47.0,14.5,75.0
59263,405,14.651785714285714,32.71969696969697,27.389393939393937,2.8,17.0,14.5,75.0
60163,405,15.435087719298249,50.238461538461536,47.03384615384616,2.5,12.0,11.3,77.0
61063,405,16.391228070175437,52.00847457627119,48.79830508474576,2.0,6.0,8.0,79.0
61963,405,17.130909090909093,42.27205882352941,39.46617647058824,1.8,2.0,11.3,81.0
62863,405,17.388135593220337,36.46969696969697,34.5969696969697,1.6,0.0,11.3,81.0
63763,405,17.4,37.74242424242424,35.83030303030303,1.5,0.0,16.1,81.0
64663,405,17.347540983606557,35.22794117647059,33.625,1.6,0.0,16.1,81.0
65563,405,17.29137931034483,33.77692307692308,32.37692307692308,1.4,0.0,12.9,82.0
66463,405,17.255223880597015,41.6640625,36.671875,1.3,0.0,12.9,84.0
67363,405,17.83076923076923,53.20149253731344,49.21940298507463,1.3,0.0,12.9,84.0
68263,405,18.423214285714288,52.83050847457626,49.50169491525424,1.1,0.0,12.9,85.0
69163,405,18.65818181818182,52.389830508474574,49.72881355932204,1.2,0.0,14.5,83.0
70063,405,18.789795918367343,52.60377358490566,49.31886792452831,1.3,0.0,12.9,83.0
70963,405,18.96981132075472,53.708333333333336,50.83333333333333,1.3,0.0,16.1,83.0
71863,405,19.125,53.41129032258065,50.63225806451613,1.2,0.0,14.5,84.0
72763,405,19.2,50.91538461538461,48.47076923076923,1.3,0.0,16.1,83.0
73663,405,19.25,52.71929824561404,49.42105263157895,1.6,0.0,17.7,83.0
74563,405,19.28421052631579,49.91935483870968,47.17903225806452,1.7,0.0,17.7,84.0
75463,405,19.384745762711862,53.83050847457626,50.51694915254237,1.6,0.0,11.3,82.0
76363,405,19.5375,52.77272727272727,50.18727272727273,1.8,0.0,17.7,80.0
77263,405,19.6,51.4672131147541,49.06065573770492,1.8,0.0,19.3,84.0
78163,405,19.5890625,50.040983606557376,47.45573770491804,1.8,0.0,20.9,85.0
79063,405,19.53695652173913,50.83928571428572,48.330357142857146,1.9,0.0,22.5,85.0
79963,405,19.517857142857142,47.6140350877193,44.59649122807018,1.7,0.0,22.5,86.0
80863,405,19.532203389830507,48.5703125,46.3,1.8,0.0,20.9,86.0
81763,405,19.44032258064516,35.60606060606061,35.63939393939394,1.8,0.0,19.3,85.0
82663,405,19.14807692307692,27.166666666666668,25.525396825396825,1.5,0.0,14.5,84.0
83563,405,18.83606557377049,22.258064516129032,20.68387096774193,1.4,0.0,17.7,85.0
84463,405,18.46716417910448,19.453125,18.253125,1.4,0.0,22.5,85.0
85363,405,18.084482758620688,17.727941176470587,16.92205882352941,1.6,0.0,20.9,83.0
86263,405,17.70357142857143,17.955882352941178,19.123529411764707,1.9,0.0,22.5,81.0
763,406,17.443859649122807,17.734375,18.18125,1.8,0.0,20.9,81.0
1663,406,17.15576923076923,16.607692307692307,15.947692307692307,1.9,0.0,22.5,78.0
2563,406,16.884615384615383,15.92537313432836,15.370149253731345,1.8,0.0,24.1,79.0
3463,406,16.694230769230767,15.706896551724135,15.322413793103449,1.5,0.0,27.4,82.0
4363,406,16.536538461538463,15.234848484848484,14.743939393939394,1.5,0.0,27.4,83.0
5263,406,16.393478260869564,15.444444444444446,15.095238095238097,1.5,0.0,27.4,84.0
6163,406,16.25813953488372,14.985294117647058,14.22058823529412,1.6,0.0,27.4,84.0
7063,406,16.2,14.5,13.924242424242426,1.7,0.0,22.5,85.0
7963,406,16.2,15.227941176470589,14.808823529411764,1.8,0.0,25.7,84.0
8863,406,16.2,15.0,14.2734375,2.2,0.0,25.7,84.0
9763,406,16.2,14.5,13.99375,2.3,0.0,29.0,84.0
10663,406,16.132075471698112,14.5,13.802985074626866,2.6,0.0,30.6,84.0
11563,406,16.082758620689653,14.5,13.8,2.6,0.0,30.6,84.0
12463,406,16.0,14.5,13.705000000000002,2.7,0.0,25.7,85.0
13363,406,15.926415094339625,14.156716417910449,13.5,2.7,0.0,22.5,86.0
14263,406,15.873214285714289,14.0,13.5,2.8,0.0,19.3,85.0
15163,406,15.8,14.0,13.5,2.9,0.0,27.4,84.0
16063,406,15.742592592592592,14.0,13.459420289855071,3.0,0.0,25.7,83.0
16963,406,15.690740740740742,14.0,13.3,3.2,0.0,27.4,82.0
17863,406,15.6,14.0,13.3,3.5,0.0,29.0,82.0
18763,406,15.556521739130435,14.0,13.3,3.7,0.0,30.6,83.0
19663,406,15.5,14.0,13.3,3.4,0.0,33.8,87.0
20563,406,15.424561403508772,14.0,13.28235294117647,3.5,0.0,35.4,87.0
21463,406,15.408510638297871,25.5078125,20.396875,3.3,0.0,38.6,89.0
22363,406,15.941860465116278,42.50735294117647,40.58970588235294,3.1,0.0,41.8,91.0
23263,406,16.627027027027026,50.3,46.17076923076923,3.1,0.0,41.8,92.0
24163,406,17.488888888888887,48.54545454545455,46.2,3.2,0.0,45.1,91.0
25063,406,17.906666666666666,45.14925373134328,41.58805970149254,3.3,0.0,45.1,91.0
25963,406,18.371111111111112,53.47692307692307,49.9676923076923,3.4,0.0,46.7,91.0
26863,406,18.82368421052632,53.65625,50.4828125,3.7,0.0,45.1,91.0
27763,406,19.16315789473684,53.24285714285715,50.10857142857143,3.7,0.0,46.7,91.0
28663,406,19.39622641509434,50.95588235294117,47.877941176470586,3.9,0.0,40.2,91.0
29563,406,19.677777777777777,48.17910447761194,45.81044776119403,4.1,0.0,43.5,91.0
30463,406,,54.138461538461534,50.68,4.2,23.0,43.5,91.0
31363,406,,53.66935483870968,50.94677419354839,4.3,30.0,45.1,90.0
32263,406,,53.76190476190476,50.46666666666667,4.8,49.0,41.8,89.0
33163,406,,51.69047619047619,48.5,5.1,54.0,43.5,89.0
34063,406,20.2,53.780303030303024,50.28636363636364,5.2,46.0,38.6,91.0
34963,406,20.07647058823529,50.1864406779661,46.9135593220339,5.3,47.0,38.6,91.0
35863,406,19.884615384615383,48.246153846153845,45.39846153846154,5.6,62.0,30.6,92.0
36763,406,20.460714285714285,45.10769230769231,42.6,5.9,65.0,30.6,92.0
37663,406,19.978048780487804,52.507936507936506,49.007936507936506,6.4,69.0,25.7,92.0
38563,406,19.55555555555556,51.746153846153845,49.55538461538462,6.6,53.0,25.7,92.0
39463,406,19.4,53.47692307692307,50.20461538461539,7.0,253.0,29.0,91.0
40363,406,19.6,52.34920634920635,49.20952380952381,7.0,260.0,30.6,90.0
41263,406,19.65384615384616,50.31896551724138,46.86551724137931,7.7,278.0,20.9,89.0
42163,406,19.68181818181818,46.79824561403509,44.00526315789473,7.8,287.0,19.3,88.0
43063,406,19.6,41.49122807017544,39.06491228070176,8.0,285.0,24.1,86.0
43963,406,19.6,41.07017543859649,39.03859649122807,8.2,309.0,22.5,85.0
44863,406,19.580357142857142,39.67796610169491,37.6406779661017,8.0,297.0,24.1,83.0
45763,406,19.47936507936508,36.73015873015873,35.04761904761905,8.1,311.0,24.1,81.0
46663,406,19.357407407407408,31.22222222222222,30.15873015873016,8.2,121.0,22.5,80.0
47563,406,19.20714285714286,29.1271186440678,27.73898305084746,7.6,130.0,19.3,82.0
48463,406,19.07272727272727,34.75,30.8109375,7.8,149.0,22.5,78.0
49363,406,19.36896551724137,46.08730158730158,43.6936507936508,8.2,285.0,24.1,77.0
50263,406,19.4,35.588235294117645,34.726470588235294,8.2,153.0,22.5,75.0
51163,406,19.32033898305085,29.95384615384616,28.984615384615388,7.8,90.0,24.1,76.0
52063,406,19.15614035087719,26.830645161290324,25.932258064516127,7.3,56.0,22.5,80.0
52963,406,18.961016949152544,24.508196721311474,23.79344262295082,7.1,35.0,20.9,83.0
53863,406,18.76851851851852,23.03076923076923,22.207692307692305,6.7,88.0,17.7,87.0
54763,406,18.55454545454545,22.73275862068965,21.974137931034484,6.7,116.0,22.5,85.0
55663,406,18.386000000000003,21.8968253968254,21.16984126984127,6.6,37.0,16.1,86.0
56563,406,18.203508771929823,22.14516129032258,21.27741935483871,6.3,58.0,17.7,85.0
57463,406,18.04705882352941,21.828125,21.0546875,6.1,21.0,17.7,84.0
58363,406,17.897058823529413,22.30597014925373,21.423880597014925,5.9,26.0,17.7,83.0
59263,406,17.77058823529412,22.0,21.177611940298508,5.8,23.0,24.1,80.0
60163,406,17.68148148148148,22.62878787878788,21.58939393939394,5.8,9.0,25.7,80.0
61063,406,17.6,22.402985074626866,21.507462686567163,5.5,0.0,24.1,83.0
61963,406,17.504545454545454,23.0390625,21.9515625,5.5,0.0,22.5,85.0
62863,406,17.49375,22.545454545454547,21.675757575757576,5.6,0.0,25.7,84.0
63763,406,17.405263157894737,26.44915254237288,24.31864406779661,5.4,0.0,20.9,85.0
64663,406,17.581481481481482,34.46491228070175,32.44736842105263,4.9,0.0,16.1,87.0
65563,406,18.016666666666666,39.814516129032256,38.59516129032258,4.7,0.0,14.5,87.0
66463,406,18.53529411764706,42.62096774193548,41.11129032258064,4.6,0.0,17.7,89.0
67363,406,19.01578947368421,44.90350877192982,43.34912280701754,4.4,0.0,14.5,90.0
68263,406,19.4,45.33333333333333,43.47619047619048,4.1,0.0,8.0,92.0
69163,406,19.685185185185183,47.68852459016394,44.959016393442624,4.0,0.0,6.4,93.0
70063,406,19.7,49.34745762711864,46.13898305084746,3.7,0.0,4.8,93.0
70963,406,19.764705882352946,49.02678571428572,46.433928571428574,3.6,0.0,4.8,93.0
71863,406,19.725,44.60833333333333,42.24166666666667,3.3,0.0,3.2,93.0
72763,406,19.654545454545453,39.75,38.00344827586207,3.2,0.0,3.2,94.0
73663,406,19.442857142857143,36.22131147540984,34.41803278688525,3.1,0.0,1.6,94.0
74563,406,19.327272727272728,44.7734375,40.0109375,3.0,0.0,0.0,94.0
75463,406,19.880000000000003,51.94166666666666,47.355,2.9,0.0,0.0,94.0
76363,406,20.22,47.84166666666667,43.88,2.9,0.0,0.0,94.0
77263,406,20.4,43.88392857142857,40.473214285714285,2.6,0.0,1.6,94.0
78163,406,20.266666666666666,40.443548387096776,37.69193548387097,2.4,0.0,3.2,94.0
79063,406,20.022222222222226,36.7734375,34.85625,2.3,0.0,3.2,95.0
79963,406,19.704761904761902,34.33620689655173,33.08620689655173,2.2,0.0,4.8,95.0
80863,406,19.469565217391303,31.626984126984127,30.304761904761904,1.8,0.0,6.4,95.0
81763,406,19.331818181818186,34.33620689655173,32.57586206896552,1.6,0.0,8.0,96.0
82663,406,19.264285714285712,31.34259259259259,29.73888888888889,0.8,0.0,8.0,96.0
83563,406,19.095652173913045,24.14655172413793,21.11896551724137,0.6,0.0,6.4,96.0
84463,406,18.884615384615383,20.29230769230769,18.16923076923077,0.4,0.0,9.7,97.0
85363,406,18.635135135135137,18.96969696969697,18.477272727272727,0.4,0.0,11.3,97.0
86263,406,18.376470588235293,18.5078125,18.425,0.4,0.0,11.3,97.0
763,407,18.109375,17.25,16.61764705882353,0.5,0.0,11.3,98.0
1663,407,17.92142857142857,16.612903225806452,15.937096774193549,1.1,0.0,16.1,98.0
2563,407,17.757894736842104,16.23134328358209,15.549253731343285,1.2,0.0,16.1,98.0
3463,407,17.625,16.0,15.36842105263158,1.3,0.0,9.7,97.0
4363,407,,,,1.4,0.0,6.4,98.0
5263,407,,,,1.4,0.0,14.5,97.0
6163,407,,,,1.4,0.0,12.9,97.0
7063,407,,,,1.4,0.0,11.3,97.0
7963,407,,,,1.5,0.0,12.9,97.0
8863,407,,,,1.5,0.0,12.9,97.0
9763,407,,,,1.4,0.0,11.3,97.0
10663,407,,,,1.3,0.0,12.9,95.0
11563,407,16.7,15.0,14.5,1.3,0.0,12.9,95.0
12463,407,16.661538461538463,15.0,14.419999999999998,1.1,0.0,16.1,94.0
13363,407,16.6,15.0,14.3,1.1,0.0,16.1,93.0
14263,407,,,,0.9,0.0,14.5,91.0
15163,407,,,,0.8,0.0,16.1,91.0
16063,407,,,,0.7,0.0,14.5,89.0
16963,407,,,,0.6,0.0,14.5,89.0
17863,407,,,,0.6,0.0,14.5,88.0
18763,407,,,,0.6,0.0,14.5,87.0
19663,407,,,,0.3,0.0,16.1,88.0
20563,407,,,,0.3,0.0,16.1,88.0
21463,407,16.0,17.5,16.836363636363636,0.4,0.0,19.3,88.0
22363,407,16.095454545454547,42.48484848484848,35.79848484848485,0.4,0.0,19.3,89.0
23263,407,16.708333333333336,53.409090909090914,49.81212121212121,0.6,0.0,19.3,89.0
24163,407,,,,0.5,0.0,19.3,90.0
25063,407,,,,0.5,0.0,19.3,90.0
25963,407,,,,0.4,0.0,20.9,91.0
26863,407,,,,0.4,0.0,19.3,91.0
27763,407,,,,0.3,0.0,20.9,92.0
28663,407,,,,0.3,11.0,19.3,93.0
29563,407,,,,0.4,12.0,20.9,93.0
30463,407,,,,0.6,21.0,20.9,92.0
31363,407,19.833333333333336,43.8,41.52,0.6,35.0,20.9,92.0
32263,407,19.9,42.88805970149254,40.27313432835821,0.6,18.0,19.3,92.0
33163,407,19.9,44.69565217391305,41.94782608695652,0.4,18.0,17.7,92.0
34063,407,,,,0.5,26.0,17.7,91.0
34963,407,,,,0.8,37.0,17.7,91.0
35863,407,,,,0.9,30.0,22.5,90.0
36763,407,,,,1.1,33.0,19.3,90.0
37663,407,,,,1.3,39.0,19.3,90.0
38563,407,,,,1.6,316.0,19.3,87.0
39463,407,,,,2.2,325.0,19.3,83.0
40363,407,,,,2.2,139.0,19.3,82.0
41263,407,,44.46153846153847,41.92307692307692,2.7,323.0,17.7,84.0
42163,407,20.53333333333333,44.4140625,41.790625,2.3,146.0,22.5,84.0
43063,407,,40.84285714285714,38.38,2.6,211.0,20.9,81.0
43963,407,,,,2.2,316.0,24.1,81.0
44863,407,,,,2.1,149.0,24.1,85.0
45763,407,,,,1.9,144.0,22.5,85.0
46663,407,,,,2.2,339.0,20.9,84.0
47563,407,,,,2.7,332.0,20.9,82.0
48463,407,,,,2.6,234.0,22.5,79.0
49363,407,,,,2.8,297.0,20.9,80.0
50263,407,,,,2.7,167.0,20.9,81.0
51163,407,20.4,38.19444444444444,35.37222222222222,2.8,142.0,20.9,80.0
52063,407,20.35,38.9765625,37.14375,2.9,77.0,20.9,79.0
52963,407,,42.05263157894737,40.142105263157895,2.7,62.0,24.1,78.0
53863,407,,,,2.7,98.0,25.7,78.0
54763,407,,,,2.7,176.0,25.7,78.0
55663,407,,,,1.9,37.0,22.5,81.0
56563,407,,,,1.6,39.0,24.1,82.0
57463,407,,,,1.2,51.0,22.5,86.0
58363,407,,,,1.2,42.0,20.9,86.0
59263,407,,,,1.1,12.0,16.1,85.0
60163,407,,,,0.9,9.0,19.3,84.0
61063,407,,40.83333333333333,38.63333333333333,0.7,5.0,20.9,82.0
61963,407,,41.39230769230769,39.48769230769231,0.7,0.0,24.1,81.0
62863,407,,40.65384615384615,38.71153846153847,0.6,0.0,19.3,82.0
63763,407,,,,0.4,0.0,19.3,83.0
64663,407,,,,0.2,0.0,19.3,85.0
65563,407,,,,0.1,0.0,20.9,86.0
66463,407,,,,-0.1,0.0,22.5,87.0
67363,407,,,,-0.3,0.0,19.3,88.0
68263,407,,53.303921568627445,48.87058823529412,-0.4,0.0,19.3,88.0
69163,407,19.5,54.83582089552239,51.026865671641794,-0.2,0.0,22.5,87.0
70063,407,19.5,52.16666666666666,50.577777777777776,-0.2,0.0,22.5,87.0
70963,407,,,,-0.3,0.0,22.5,88.0
71863,407,,,,-0.4,0.0,17.7,89.0
72763,407,,,,-0.4,0.0,16.1,90.0
73663,407,,,,-0.5,0.0,17.7,89.0
74563,407,,,,-0.4,0.0,16.1,89.0
75463,407,,,,-0.3,0.0,19.3,87.0
76363,407,,,,-0.3,0.0,20.9,85.0
77263,407,,,,-0.4,0.0,19.3,85.0
78163,407,,,,-0.4,0.0,20.9,85.0
79063,407,19.40925925925925,36.68939393939394,35.192424242424245,-0.6,0.0,19.3,86.0
79963,407,19.252777777777776,34.92,34.012,-0.6,0.0,19.3,87.0
80863,407,,,,-0.7,0.0,20.9,87.0
81763,407,,,,-0.7,0.0,20.9,87.0
82663,407,,,,-0.8,0.0,20.9,88.0
83563,407,,,,-0.8,0.0,20.9,88.0
84463,407,,,,-0.7,0.0,20.9,88.0
85363,407,,,,-0.7,0.0,19.3,88.0
86263,407,,,,-0.8,0.0,19.3,88.0
763,408,,,,-0.7,0.0,19.3,89.0
1663,408,,,,-0.7,0.0,19.3,90.0
2563,408,18.160416666666663,16.5,15.71346153846154,-0.7,0.0,17.7,90.0
3463,408,17.969767441860466,16.259615384615383,15.419230769230769,-0.7,0.0,19.3,90.0
4363,408,,,,-0.6,0.0,19.3,90.0
5263,408,,,,-0.6,0.0,17.7,88.0
6163,408,,,,-0.5,0.0,17.7,87.0
7063,408,,,,-0.4,0.0,17.7,87.0
7963,408,,,,-0.3,0.0,17.7,86.0
8863,408,,,,-0.3,0.0,19.3,87.0
9763,408,,,,-0.3,0.0,20.9,88.0
10663,408,,,,-0.4,0.0,22.5,89.0
11563,408,,,,-0.2,0.0,27.4,88.0
12463,408,16.687755102040818,14.62037037037037,14.012962962962964,-0.3,0.0,22.5,89.0
13363,408,16.6,19.649122807017545,18.029824561403508,-0.3,0.0,24.1,89.0
14263,408,,,,-0.3,0.0,19.3,89.0
15163,408,,,,-0.2,0.0,19.3,89.0
16063,408,,,,0.0,0.0,22.5,89.0
16963,408,,,,0.1,0.0,19.3,90.0
17863,408,,,,0.2,0.0,25.7,90.0
18763,408,,,,0.3,0.0,25.7,91.0
19663,408,,,,0.4,0.0,25.7,91.0
20563,408,,,,0.4,0.0,27.4,91.0
21463,408,,,,0.5,0.0,29.0,91.0
22363,408,18.0375,50.4,46.73111111111111,0.5,0.0,29.0,90.0
23263,408,18.41929824561404,42.35087719298245,40.01754385964912,0.4,0.0,27.4,89.0
24163,408,,,,0.4,0.0,25.7,90.0
25063,408,,,,0.3,0.0,22.5,90.0
25963,408,,,,0.4,0.0,24.1,90.0
26863,408,,,,0.6,0.0,25.7,91.0
27763,408,,,,0.7,0.0,20.9,91.0
28663,408,,,,0.8,16.0,22.5,90.0
29563,408,19.15849056603773,33.83620689655173,31.262068965517244,0.9,14.0,24.1,89.0
30463,408,18.94032258064516,26.31538461538461,24.343076923076925,1.0,16.0,22.5,89.0
31363,408,18.641379310344828,21.70634920634921,20.11269841269841,0.9,19.0,22.5,89.0
32263,408,18.32542372881356,19.09375,17.9,1.1,60.0,22.5,89.0
33163,408,17.990000000000002,17.50793650793651,16.617460317460317,1.3,33.0,27.4,89.0
34063,408,17.69047619047619,16.62878787878788,15.825757575757574,1.5,69.0,22.5,89.0
34963,408,17.406451612903226,15.991935483870966,15.341935483870966,1.6,35.0,22.5,88.0
35863,408,17.155,15.508196721311474,14.947540983606558,1.7,58.0,22.5,89.0
36763,408,16.93220338983051,15.375,14.696875,1.7,54.0,24.1,89.0
37663,408,16.760655737704916,15.0,14.473333333333333,1.9,79.0,22.5,88.0
38563,408,16.616666666666667,15.0,14.3,1.9,123.0,24.1,87.0
39463,408,16.490322580645163,14.984615384615385,14.166153846153849,2.1,63.0,24.1,86.0
40363,408,16.381818181818183,14.544117647058822,14.0,2.1,72.0,22.5,85.0
41263,408,16.275862068965516,14.5,13.982089552238808,2.6,316.0,25.7,84.0
42163,408,16.2,14.5,13.808955223880597,2.4,56.0,24.1,85.0
43063,408,16.112727272727273,14.5,13.8,2.6,77.0,24.1,84.0
43963,408,16.045454545454547,14.5,13.8,2.8,338.0,25.7,84.0
44863,408,15.98360655737705,14.5,13.5796875,2.9,336.0,24.1,83.0
45763,408,15.9,14.469696969696969,13.5,3.1,330.0,24.1,83.0
46663,408,15.848333333333333,14.097014925373134,13.5,3.1,334.0,29.0,82.0
47563,408,15.8,14.0,13.5,3.2,329.0,25.7,82.0
48463,408,15.722033898305083,14.0,13.361538461538462,2.9,309.0,27.4,82.0
49363,408,15.691228070175438,14.0,13.3,2.6,91.0,30.6,82.0
50263,408,15.6,14.0,13.3,2.3,69.0,30.6,82.0
51163,408,15.575862068965517,14.0,13.3,2.1,72.0,29.0,83.0
52063,408,15.5,14.0,13.3,2.5,123.0,24.1,82.0
52963,408,15.466101694915256,14.0,13.228358208955225,2.7,160.0,30.6,78.0
53863,408,15.4,14.0,13.004545454545454,2.3,58.0,25.7,81.0
54763,408,15.325,14.0,13.0,2.2,47.0,27.4,82.0
55663,408,15.3,13.977272727272728,13.0,1.9,37.0,25.7,82.0
56563,408,15.205454545454549,13.546875,13.0,1.9,60.0,25.7,83.0
57463,408,15.178571428571429,13.5,13.0,1.9,30.0,24.1,83.0
58363,408,15.1,13.522727272727272,13.00909090909091,1.9,28.0,25.7,82.0
59263,408,15.1,24.72058823529412,18.35735294117647,1.9,25.0,14.5,83.0
60163,408,15.412244897959184,48.75,42.96764705882353,1.7,14.0,16.1,82.0
61063,408,16.248076923076923,47.39393939393939,44.25454545454546,1.4,5.0,20.9,82.0
61963,408,16.94651162790698,51.96212121212121,47.49242424242424,1.4,0.0,17.7,83.0
62863,408,17.5,50.25,47.03235294117647,1.3,0.0,19.3,83.0
63763,408,17.83529411764706,44.17460317460318,41.142857142857146,1.4,0.0,24.1,82.0
64663,408,17.984375,51.58064516129032,47.65483870967742,1.2,0.0,22.5,83.0
65563,408,18.2,50.67460317460318,48.2936507936508,1.4,0.0,27.4,83.0
66463,408,18.3,49.53225806451613,47.00806451612903,1.6,0.0,27.4,84.0
67363,408,,46.80281690140845,42.71126760563381,1.6,0.0,25.7,83.0
68263,408,18.55,46.266129032258064,43.51451612903226,1.8,0.0,27.4,84.0
69163,408,18.60204081632653,45.43846153846154,42.44461538461538,1.8,0.0,24.1,84.0
70063,408,18.698,39.53030303030303,37.95,2.1,0.0,27.4,84.0
70963,408,18.559649122807016,35.24242424242424,35.025757575757574,2.2,0.0,25.7,84.0
71863,408,18.28723404255319,32.64545454545454,31.92727272727273,2.3,0.0,24.1,82.0
72763,408,17.987692307692306,31.265625,30.8265625,2.4,0.0,25.7,81.0
73663,408,17.769841269841272,28.774193548387096,28.770967741935483,2.4,0.0,25.7,81.0
74563,408,17.665384615384617,44.55147058823529,41.16764705882353,2.3,0.0,24.1,81.0
75463,408,17.973333333333333,39.30769230769231,39.2876923076923,2.0,0.0,14.5,82.0
76363,408,18.0,36.52238805970149,34.84477611940299,2.3,0.0,17.7,82.0
77263,408,18.052307692307693,40.8359375,39.2890625,2.4,0.0,14.5,82.0
78163,408,18.10153846153846,41.49315068493151,40.417808219178085,2.6,0.0,20.9,83.0
79063,408,18.191044776119405,34.93055555555556,34.80972222222222,2.2,0.0,16.1,85.0
79963,408,18.08985507246377,33.38235294117647,33.17941176470588,2.7,0.0,20.9,85.0
80863,408,17.9140625,26.29850746268657,24.85820895522388,2.4,0.0,16.1,89.0
81763,408,17.628333333333334,21.349206349206348,19.86031746031746,2.2,0.0,11.3,89.0
82663,408,17.4125,19.846153846153847,20.033846153846152,2.6,0.0,20.9,88.0
83563,408,17.247826086956522,18.68939393939394,18.119696969696967,2.7,0.0,22.5,87.0
84463,408,17.138805970149257,16.65671641791045,15.7044776119403,2.9,0.0,22.5,86.0
85363,408,16.953846153846154,15.619402985074624,14.723880597014926,2.7,0.0,17.7,87.0
86263,408,16.803636363636365,15.0,14.303571428571429,2.7,0.0,22.5,88.0
763,409,16.64126984126984,14.672413793103448,13.979310344827589,2.7,0.0,20.9,88.0
1663,409,16.46769230769231,14.5,13.8,2.6,0.0,19.3,88.0
2563,409,16.33529411764706,14.5,13.688059701492538,2.6,0.0,19.3,88.0
3463,409,16.204615384615387,14.298507462686567,13.5,2.8,0.0,24.1,86.0
4363,409,16.094202898550726,14.0,13.5,2.8,0.0,25.7,86.0
5263,409,16.0,14.0,13.5,2.8,0.0,24.1,85.0
6163,409,,,,2.8,0.0,24.1,85.0
7063,409,,,,2.8,0.0,22.5,85.0
7963,409,,,,2.8,0.0,25.7,85.0
8863,409,,,,2.5,0.0,19.3,86.0
9763,409,,,,2.4,0.0,17.7,87.0
10663,409,,,,2.2,0.0,19.3,87.0
11563,409,,,,2.2,0.0,17.7,87.0
12463,409,,,,2.4,0.0,22.5,86.0
13363,409,15.428888888888888,13.5,12.8,2.4,0.0,20.9,87.0
14263,409,15.4,13.5,12.722857142857142,2.4,0.0,24.1,87.0
15163,409,15.385714285714286,13.5,12.542857142857144,2.4,0.0,22.5,87.0
16063,409,,,,2.2,0.0,22.5,88.0
16963,409,,,,2.3,0.0,24.1,87.0
17863,409,,,,2.2,0.0,20.9,88.0
18763,409,,,,2.3,0.0,22.5,88.0
19663,409,,,,2.2,0.0,24.1,90.0
20563,409,,,,2.2,0.0,25.7,90.0
21463,409,,,,2.1,0.0,24.1,90.0
22363,409,,,,2.3,0.0,30.6,89.0
23263,409,16.78135593220339,40.65,39.66333333333333,2.2,0.0,29.0,89.0
24163,409,16.9,38.09649122807018,37.11228070175439,2.1,0.0,35.4,90.0
25063,409,,,,2.2,0.0,40.2,89.0
25963,409,,,,2.2,0.0,43.5,89.0
26863,409,,,,2.2,0.0,38.6,89.0
27763,409,,,,2.2,0.0,38.6,90.0
28663,409,,,,2.1,7.0,32.2,91.0
29563,409,,,,2.1,11.0,29.0,91.0
30463,409,,,,1.9,12.0,27.4,92.0
31363,409,,,,1.7,16.0,27.4,93.0
32263,409,16.596875,16.97058823529412,16.264705882352942,1.4,25.0,12.9,94.0
33163,409,16.390625,16.15942028985507,15.52173913043478,1.6,39.0,19.3,94.0
34063,409,16.182539682539684,15.476190476190476,14.952380952380953,1.4,37.0,19.3,93.0
34963,409,16.028358208955222,15.0,14.56338028169014,1.3,47.0,16.1,94.0
35863,409,15.865079365079364,14.719696969696969,14.277272727272727,1.3,46.0,19.3,94.0
36763,409,15.746153846153844,14.5,14.0,1.4,47.0,20.9,93.0
37663,409,15.629850746268655,14.5,13.814705882352944,1.7,65.0,17.7,91.0
38563,409,15.534426229508195,14.138461538461538,13.684615384615384,1.9,67.0,17.7,89.0
39463,409,15.4421875,14.0,13.5,2.2,63.0,14.5,87.0
40363,409,15.3515625,14.0,13.3955223880597,2.2,77.0,14.5,88.0
41263,409,15.3,14.0,13.3,2.0,102.0,14.5,88.0
42163,409,15.215873015873017,14.0,13.3,1.9,97.0,16.1,87.0
43063,409,15.184375,13.984848484848484,13.13181818181818,2.1,114.0,17.7,86.0
43963,409,15.1,13.608695652173912,13.004347826086956,2.2,128.0,16.1,86.0
44863,409,15.082539682539684,13.5,13.0,2.6,144.0,14.5,84.0
45763,409,15.0,13.5,13.0,2.8,179.0,16.1,83.0
46663,409,15.0,13.5,13.0,3.3,213.0,14.5,83.0
47563,409,14.993846153846151,13.5,12.963636363636365,3.6,225.0,16.1,81.0
48463,409,14.9,13.5,12.815384615384616,3.6,181.0,17.7,77.0
49363,409,14.9,13.5,12.8,3.6,169.0,19.3,76.0
50263,409,14.880597014925376,13.5,12.8,3.6,104.0,22.5,72.0
51163,409,14.8,13.5,12.8,3.4,137.0,20.9,72.0
52063,409,14.8,13.5,12.8,4.1,151.0,16.1,71.0
52963,409,14.73684210526316,13.5,12.8,4.2,149.0,17.7,70.0
53863,409,14.7,13.5,12.8,4.2,121.0,16.1,69.0
54763,409,14.679032258064517,13.5,12.8,4.3,107.0,16.1,68.0
55663,409,14.6,13.5,12.8,4.2,105.0,12.9,65.0
56563,409,14.55483870967742,13.5,12.8,4.1,63.0,14.5,66.0
57463,409,14.5,13.469230769230768,12.8,3.9,77.0,6.4,69.0
58363,409,14.447222222222225,13.207692307692309,12.703076923076924,3.3,30.0,8.0,73.0
59263,409,14.41320754716981,25.94029850746269,20.98358208955224,3.1,46.0,14.5,72.0
60163,409,14.92753623188406,49.75,46.04285714285714,3.0,18.0,14.5,74.0
61063,409,15.772727272727272,52.80434782608696,49.13188405797101,2.3,7.0,12.9,76.0
61963,409,16.466666666666665,46.11594202898551,42.91159420289855,2.0,5.0,12.9,77.0
62863,409,16.8,36.71014492753624,34.36521739130435,1.8,0.0,12.9,79.0
63763,409,16.870967741935484,34.734848484848484,33.016666666666666,1.9,0.0,16.1,79.0
64663,409,16.7864406779661,30.092857142857145,28.83,1.8,0.0,12.9,80.0
65563,409,16.638333333333332,27.07857142857143,25.93285714285714,1.6,0.0,11.3,81.0
66463,409,16.43064516129032,25.291044776119403,24.10597014925373,1.3,0.0,16.1,84.0
67363,409,16.222058823529412,28.227272727272727,25.44696969696969,1.4,0.0,17.7,85.0
68263,409,16.367241379310347,51.38805970149254,45.56268656716418,1.2,0.0,14.5,85.0
69163,409,17.080000000000002,43.85,41.04,1.5,0.0,17.7,83.0
70063,409,17.383333333333333,32.98529411764706,31.075,1.7,0.0,17.7,81.0
70963,409,17.4,32.082089552238806,30.54328358208956,1.2,0.0,16.1,83.0
71863,409,17.3,28.659090909090907,27.71515151515151,1.0,0.0,16.1,82.0
72763,409,17.138709677419353,36.582089552238806,31.462686567164177,0.9,0.0,12.9,83.0
73663,409,17.357142857142858,52.01470588235294,48.36323529411764,0.9,0.0,14.5,83.0
74563,409,17.806451612903224,45.88636363636364,42.96060606060606,1.0,0.0,16.1,82.0
75463,409,17.967741935483872,35.733870967741936,33.711290322580645,1.0,0.0,17.7,83.0
76363,409,17.83137254901961,31.8015873015873,30.46031746031746,0.9,0.0,17.7,82.0
77263,409,17.56818181818182,27.82258064516129,26.70967741935484,0.9,0.0,16.1,82.0
78163,409,17.20487804878049,25.9453125,25.3140625,0.9,0.0,14.5,82.0
79063,409,16.882926829268293,24.330645161290324,23.691935483870967,0.9,0.0,20.9,82.0
79963,409,16.636363636363637,42.765625,37.2015625,0.9,0.0,19.3,82.0
80863,409,16.820454545454545,48.873134328358205,46.93880597014925,1.1,0.0,20.9,81.0
81763,409,16.977272727272727,43.91538461538461,42.22153846153846,1.1,0.0,20.9,81.0
82663,409,17.09375,34.734375,32.9875,1.0,0.0,19.3,82.0
83563,409,17.09122807017544,25.917910447761194,24.44179104477612,1.1,0.0,19.3,81.0
84463,409,17.12033898305085,21.65277777777778,20.3375,1.5,0.0,19.3,79.0
85363,409,18.337096774193547,19.65942028985507,20.665217391304346,1.5,0.0,24.1,79.0
86263,409,17.63285714285714,18.43181818181818,18.256060606060608,1.6,0.0,25.7,77.0
763,410,16.95625,16.875,16.0,1.7,0.0,29.0,76.0
1663,410,16.442857142857143,15.712121212121213,14.906060606060606,0.8,0.0,24.1,80.0
2563,410,16.16764705882353,14.971428571428572,14.22,0.9,0.0,24.1,80.0
3463,410,15.938805970149255,14.5,13.836764705882354,1.4,0.0,25.7,79.0
4363,410,15.772727272727272,14.308510638297872,13.506382978723405,1.6,0.0,27.4,78.0
5263,410,,,,1.6,0.0,27.4,80.0
6163,410,,,,1.7,0.0,29.0,80.0
7063,410,,,,1.7,0.0,27.4,80.0
7963,410,,,,1.8,0.0,27.4,80.0
8863,410,,,,1.7,0.0,19.3,80.0
9763,410,,,,1.1,0.0,16.1,83.0
10663,410,,,,0.8,0.0,14.5,83.0
11563,410,,,,0.7,0.0,14.5,84.0
12463,410,14.7,13.0,12.37878787878788,0.9,0.0,16.1,85.0
13363,410,14.602985074626869,13.0,12.3,0.8,0.0,12.9,85.0
14263,410,14.6,13.0,12.3,0.9,0.0,9.7,85.0
15163,410,,,,1.1,0.0,12.9,84.0
16063,410,,,,1.3,0.0,16.1,84.0
16963,410,,,,1.3,0.0,14.5,84.0
17863,410,,,,1.2,0.0,16.1,84.0
18763,410,,,,1.3,0.0,17.7,84.0
19663,410,,,,1.3,0.0,24.1,83.0
20563,410,,,,1.4,0.0,30.6,82.0
21463,410,,,,1.3,0.0,27.4,82.0
22363,410,16.4,44.39772727272727,44.80681818181818,1.4,0.0,27.4,81.0
23263,410,16.672972972972975,41.35897435897436,40.77692307692308,1.2,0.0,17.7,82.0
24163,410,,,,1.2,0.0,16.1,81.0
25063,410,,,,1.2,0.0,14.5,80.0
25963,410,16.79111111111111,28.21311475409836,27.01475409836065,1.2,0.0,16.1,79.0
26863,410,16.50344827586207,25.14179104477612,24.150746268656714,1.1,0.0,16.1,80.0
27763,410,16.741999999999997,26.439393939393938,25.133333333333333,1.1,0.0,12.9,80.0
28663,410,15.543333333333331,31.185714285714283,28.93857142857143,1.3,0.0,11.3,77.0
29563,410,15.8,38.53846153846153,35.7123076923077,1.6,0.0,16.1,74.0
30463,410,,41.11940298507463,38.495522388059705,1.8,11.0,24.1,74.0
31363,410,16.1,39.04347826086956,35.710144927536234,1.7,16.0,30.6,75.0
32263,410,16.2,27.015625,22.98125,1.6,33.0,38.6,76.0
33163,410,16.05,21.029850746268657,18.62537313432836,1.6,53.0,40.2,76.0
34063,410,15.8,18.036231884057973,16.678260869565218,1.7,44.0,33.8,76.0
34963,410,15.633333333333336,16.428571428571427,15.58095238095238,1.9,84.0,30.6,75.0
35863,410,15.383333333333336,15.346153846153843,14.770769230769227,1.9,72.0,35.4,75.0
36763,410,15.266666666666666,14.780303030303031,14.272727272727272,2.0,107.0,38.6,75.0
37663,410,,14.373134328358208,13.880597014925376,2.1,67.0,41.8,75.0
38563,410,15.0,14.0,13.569230769230767,2.1,30.0,33.8,75.0
39463,410,14.8,14.0,13.348571428571429,2.7,251.0,37.0,78.0
40363,410,14.75,13.544776119402986,13.183582089552235,2.8,221.0,40.2,77.0
41263,410,14.7,13.5,13.0,2.2,84.0,40.2,82.0
42163,410,,13.5,12.888235294117646,2.0,118.0,40.2,84.0
43063,410,,13.5,12.8,2.1,169.0,41.8,85.0
43963,410,14.466666666666663,13.446969696969695,12.790909090909093,2.1,63.0,40.2,86.0
44863,410,14.4,13.015384615384615,12.601538461538462,2.1,162.0,41.8,88.0
45763,410,14.383333333333336,13.0,12.5,2.8,396.0,40.2,86.0
46663,410,14.3,13.0,12.5,2.8,207.0,35.4,85.0
47563,410,14.3,13.0,12.5,2.6,105.0,37.0,87.0
48463,410,14.283333333333337,13.0,12.496923076923077,2.6,141.0,35.4,88.0
49363,410,14.2,13.0,12.36086956521739,2.9,186.0,35.4,87.0
50263,410,14.2,13.0,12.3,3.2,132.0,33.8,87.0
51163,410,14.1,13.0,12.3,3.4,139.0,32.2,86.0
52063,410,14.1,13.0,12.3,3.9,54.0,32.2,84.0
52963,410,14.0,13.0,12.3,4.1,204.0,29.0,85.0
53863,410,14.0,13.0,12.3,5.1,181.0,30.6,83.0
54763,410,14.0,13.0,12.268656716417912,5.5,111.0,29.0,81.0
55663,410,13.9,13.0,12.03970588235294,5.4,132.0,29.0,82.0
56563,410,13.9,12.84558823529412,12.0,5.4,53.0,35.4,81.0
57463,410,13.9,12.52142857142857,12.0,5.3,39.0,35.4,84.0
58363,410,13.8,12.5,12.0,5.3,33.0,33.8,85.0
59263,410,13.8,26.19117647058824,20.90735294117647,5.1,32.0,32.2,88.0
60163,410,14.2,51.3955223880597,46.92835820895522,4.8,11.0,30.6,90.0
61063,410,,52.56060606060606,49.266666666666666,4.6,7.0,27.4,90.0
61963,410,,50.169117647058826,47.41470588235294,4.6,5.0,29.0,91.0
62863,410,,43.05882352941176,40.60294117647059,4.4,0.0,29.0,90.0
63763,410,16.8,38.56521739130435,37.45507246376812,4.5,0.0,30.6,90.0
64663,410,,32.39230769230769,31.183076923076925,4.8,0.0,25.7,88.0
65563,410,16.533333333333335,28.666666666666668,27.87575757575757,4.8,0.0,25.7,88.0
66463,410,16.5,37.44852941176471,33.11323529411764,4.7,0.0,20.9,89.0
67363,410,17.11904761904762,52.67647058823529,48.819117647058825,4.6,0.0,19.3,89.0
68263,410,17.615625,44.0625,41.4921875,4.4,0.0,22.5,90.0
69163,410,17.652631578947368,36.223880597014926,35.10149253731343,4.5,0.0,22.5,90.0
70063,410,17.41891891891892,30.765625,29.5953125,4.8,0.0,22.5,86.0
70963,410,17.15681818181818,28.189393939393938,27.256060606060608,5.2,0.0,24.1,83.0
71863,410,16.846511627906978,25.6969696969697,24.99090909090909,5.3,0.0,20.9,79.0
72763,410,16.616666666666667,25.223076923076924,24.32,5.1,0.0,19.3,78.0
73663,410,16.433333333333334,40.93283582089553,34.8044776119403,5.0,0.0,22.5,79.0
74563,410,16.8,52.24264705882352,48.819117647058825,4.7,0.0,17.7,81.0
75463,410,,39.55384615384615,36.71846153846154,4.9,0.0,17.7,83.0
76363,410,,41.419117647058826,39.06470588235294,4.8,0.0,19.3,84.0
77263,410,,36.02142857142857,34.205714285714286,4.6,0.0,16.1,84.0
78163,410,17.26829268292683,31.68115942028985,31.07826086956522,4.4,0.0,17.7,84.0
79063,410,17.13125,36.93478260869565,33.80724637681159,4.6,0.0,20.9,81.0
79963,410,17.320754716981135,41.32835820895522,39.67910447761194,4.7,0.0,22.5,79.0
80863,410,17.53953488372093,38.47761194029851,35.10746268656716,4.8,0.0,25.7,79.0
81763,410,17.559574468085106,32.02205882352941,29.34117647058824,4.8,0.0,25.7,78.0
82663,410,17.38095238095238,24.52857142857143,22.77857142857143,4.7,0.0,24.1,77.0
83563,410,17.13157894736842,21.5,22.13088235294118,4.7,0.0,27.4,77.0
84463,410,16.919999999999998,19.35507246376812,20.00289855072464,4.6,0.0,25.7,76.0
85363,410,16.666666666666664,17.21212121212121,16.513636363636362,4.8,0.0,29.0,77.0
86263,410,16.345454545454547,15.887096774193548,15.143548387096777,5.0,0.0,29.0,77.0
763,411,16.138461538461538,15.12121212121212,14.48181818181818,4.8,0.0,24.1,78.0
1663,411,16.0,14.646153846153846,14.092307692307694,4.1,0.0,30.6,84.0
2563,411,15.825,14.5,13.827272727272728,3.2,0.0,29.0,89.0
3463,411,15.7,14.25,13.8,2.4,0.0,20.9,92.0
4363,411,,,,2.4,0.0,17.7,92.0
5263,411,15.3,14.0,13.3,2.4,0.0,14.5,93.0
6163,411,15.189473684210526,13.91044776119403,13.277611940298508,2.5,0.0,17.7,92.0
7063,411,15.078571428571427,13.5,13.004411764705882,2.8,0.0,19.3,90.0
7963,411,15.0,13.5,13.0,3.0,0.0,24.1,87.0
8863,411,14.908695652173911,13.5,12.991176470588234,3.2,0.0,24.1,85.0
9763,411,14.821428571428571,13.5,12.805882352941175,3.2,0.0,20.9,85.0
10663,411,14.73684210526316,13.5,12.8,3.2,0.0,20.9,85.0
11563,411,14.7,13.5,12.8,3.2,0.0,20.9,85.0
12463,411,14.6,13.5,12.76470588235294,3.3,0.0,20.9,84.0
13363,411,14.592592592592592,13.440298507462686,12.5044776119403,3.4,0.0,20.9,82.0
14263,411,14.5,13.02941176470588,12.5,3.5,0.0,24.1,82.0
15163,411,14.484615384615385,13.0,12.5,3.6,0.0,24.1,81.0
16063,411,14.4,13.0,12.5,3.5,0.0,24.1,82.0
16963,411,14.4,13.0,12.5,3.6,0.0,25.7,81.0
17863,411,14.316666666666666,13.0,12.493939393939394,3.6,0.0,25.7,81.0
18763,411,14.3,13.0,12.32857142857143,3.6,0.0,24.1,79.0
19663,411,14.28181818181818,27.261538461538464,22.026153846153846,3.4,0.0,25.7,78.0
20563,411,14.78,40.63636363636364,39.374242424242425,3.2,0.0,27.4,77.0
21463,411,15.363636363636363,48.90441176470589,44.93382352941176,2.8,0.0,22.5,79.0
22363,411,16.047619047619047,52.4927536231884,49.35217391304348,2.8,0.0,25.7,78.0
23263,411,16.676923076923078,48.5859375,46.2171875,2.6,0.0,24.1,79.0
24163,411,16.91111111111111,41.69852941176471,39.35441176470589,2.4,0.0,22.5,80.0
25063,411,17.015384615384615,39.94202898550724,37.939130434782605,2.5,0.0,25.7,80.0
25963,411,17.174193548387098,41.30882352941176,38.33529411764706,2.6,0.0,24.1,79.0
26863,411,17.27777777777778,39.53676470588236,36.33970588235294,2.2,0.0,24.1,85.0
27763,411,17.419999999999998,43.60294117647059,39.47794117647059,2.1,0.0,24.1,86.0
28663,411,17.675,39.86029411764706,37.00882352941176,2.3,21.0,25.7,83.0
29563,411,,40.26470588235294,36.65,2.3,21.0,25.7,83.0
30463,411,,34.18840579710145,29.818840579710145,2.4,23.0,29.0,82.0
31363,411,,24.87903225806452,21.56774193548388,2.3,26.0,25.7,82.0
32263,411,,20.161538461538463,18.19076923076923,2.4,35.0,29.0,82.0
33163,411,,17.71969696969697,16.496969696969696,2.3,47.0,25.7,82.0
34063,411,,16.335714285714285,15.491428571428573,2.5,35.0,24.1,82.0
34963,411,,15.441176470588236,14.8,2.6,35.0,25.7,82.0
35863,411,,14.934782608695652,14.384057971014494,2.8,44.0,29.0,80.0
36763,411,,14.5,13.99,2.8,46.0,27.4,80.0
37663,411,,14.323529411764708,13.8,2.9,47.0,29.0,79.0
38563,411,,14.0,13.512857142857143,3.0,283.0,29.0,79.0
39463,411,,14.0,13.447692307692307,3.3,295.0,35.4,78.0
40363,411,,14.0,13.3,3.4,193.0,35.4,78.0
41263,411,,13.786764705882351,13.273529411764708,3.2,102.0,33.8,80.0
42163,411,,13.5,13.0,3.2,86.0,32.2,78.0
43063,411,,13.5,13.0,3.7,371.0,33.8,77.0
43963,411,,13.5,13.0,3.8,341.0,33.8,77.0
44863,411,,13.5,12.9,3.8,350.0,32.2,76.0
45763,411,,13.5,12.8,4.2,297.0,30.6,75.0
46663,411,,13.5,12.8,3.8,132.0,33.8,77.0
47563,411,,13.5,12.8,4.3,387.0,35.4,75.0
48463,411,,13.5,12.8,3.9,218.0,33.8,76.0
49363,411,,13.492537313432836,12.611940298507465,3.7,128.0,35.4,77.0
50263,411,,13.09558823529412,12.5,3.9,153.0,37.0,76.0
51163,411,,13.0,12.5,3.8,123.0,37.0,76.0
52063,411,,13.0,12.5,3.9,160.0,30.6,77.0
52963,411,,13.0,12.5,3.9,86.0,32.2,76.0
53863,411,,13.0,12.472727272727273,4.0,98.0,37.0,75.0
54763,411,,13.0,12.31090909090909,3.8,63.0,32.2,77.0
55663,411,,13.0,12.3,3.5,56.0,37.0,81.0
56563,411,,13.0,12.3,3.3,49.0,35.4,82.0
57463,411,,13.0,12.3,2.9,72.0,37.0,85.0
58363,411,,13.0,12.3,3.1,56.0,38.6,84.0
59263,411,,27.5625,22.3296875,3.0,18.0,37.0,84.0
60163,411,,49.71739130434783,46.06376811594203,3.0,14.0,40.2,84.0
61063,411,,52.91549295774648,49.18169014084507,2.8,7.0,33.8,87.0
61963,411,,50.328125,47.2921875,2.6,0.0,30.6,88.0
62863,411,,40.02941176470589,37.222058823529416,2.3,0.0,29.0,90.0
63763,411,,42.5,39.60579710144928,2.3,0.0,33.8,89.0
64663,411,,39.55797101449276,37.494202898550725,2.4,0.0,33.8,89.0
65563,411,,37.61363636363636,35.60909090909091,2.6,0.0,37.0,88.0
66463,411,17.086111111111112,36.94776119402985,35.37761194029851,2.4,0.0,37.0,89.0
67363,411,17.182258064516127,38.93650793650794,36.48095238095238,2.2,0.0,33.8,90.0
68263,411,17.3,38.64492753623188,36.256521739130434,1.9,0.0,32.2,91.0
69163,411,17.50793650793651,50.30645161290322,45.58064516129032,2.0,0.0,33.8,91.0
70063,411,18.0,53.73913043478261,50.14927536231884,2.3,0.0,30.6,90.0
70963,411,18.48235294117647,49.45454545454545,46.37121212121212,2.4,0.0,32.2,89.0
71863,411,18.66,47.8030303030303,44.81818181818182,2.2,0.0,32.2,91.0
72763,411,18.69402985074627,37.93846153846154,35.34461538461538,2.0,0.0,32.2,92.0
73663,411,18.549230769230768,34.41935483870968,32.79032258064516,1.8,0.0,27.4,93.0
74563,411,18.36885245901639,34.41666666666667,32.68333333333333,1.8,0.0,24.1,94.0
75463,411,18.130769230769232,44.014925373134325,39.25820895522388,1.7,0.0,20.9,94.0
76363,411,18.29253731343284,51.873134328358205,48.035820895522384,1.6,0.0,22.5,94.0
77263,411,18.569230769230767,47.26056338028169,44.56901408450704,1.6,0.0,20.9,94.0
78163,411,18.58653846153846,37.49264705882353,35.20441176470588,1.8,0.0,24.1,92.0
79063,411,18.428571428571427,35.80882352941176,33.61911764705882,2.1,0.0,30.6,90.0
79963,411,18.202222222222225,33.83582089552239,31.953731343283582,2.1,0.0,30.6,89.0
80863,411,18.005769230769232,29.08333333333333,27.72121212121212,2.2,0.0,30.6,89.0
81763,411,17.784782608695654,23.32857142857143,21.74428571428572,2.1,0.0,29.0,89.0
82663,411,18.035714285714285,20.84558823529412,20.69117647058824,2.1,0.0,30.6,89.0
83563,411,,19.13846153846153,18.84,2.2,0.0,29.0,89.0
84463,411,,17.24264705882353,16.341176470588234,2.1,0.0,29.0,89.0
85363,411,,16.224637681159418,15.468115942028984,2.1,0.0,25.7,88.0
86263,411,,15.659722222222223,15.016666666666666,2.1,0.0,29.0,88.0
763,412,,15.213235294117649,14.645588235294118,2.1,0.0,29.0,88.0
1663,412,,15.0,14.395652173913044,2.0,0.0,32.2,89.0
2563,412,,14.69402985074627,14.201492537313433,2.1,0.0,33.8,88.0
3463,412,,14.5,14.0,2.1,0.0,32.2,87.0
4363,412,,,,2.1,0.0,29.0,88.0
5263,412,,,,1.8,0.0,24.1,90.0
6163,412,,,,1.6,0.0,27.4,92.0
7063,412,,,,1.6,0.0,27.4,93.0
7963,412,,,,1.7,0.0,29.0,92.0
8863,412,,,,2.0,0.0,30.6,90.0
9763,412,,,,2.0,0.0,30.6,90.0
10663,412,,,,1.8,0.0,27.4,91.0
11563,412,,13.5,13.0,1.8,0.0,27.4,90.0
12463,412,,13.5,13.0,1.9,0.0,27.4,90.0
13363,412,,13.5,13.0,1.9,0.0,25.7,90.0
14263,412,,,,2.0,0.0,27.4,89.0
15163,412,,,,2.0,0.0,27.4,89.0
16063,412,,,,2.0,0.0,22.5,89.0
16963,412,,,,2.1,0.0,25.7,89.0
17863,412,,,,2.3,0.0,30.6,88.0
18763,412,,,,2.2,0.0,25.7,88.0
19663,412,,,,2.2,0.0,25.7,89.0
20563,412,,,,2.2,0.0,22.5,89.0
21463,412,16.233333333333334,52.75,49.862,2.4,0.0,19.3,88.0
22363,412,16.553333333333335,43.91666666666667,42.41875,2.3,0.0,16.1,89.0
23263,412,,,,2.3,0.0,22.5,89.0
24163,412,,,,2.3,0.0,22.5,89.0
25063,412,,,,2.4,0.0,24.1,90.0
25963,412,,,,2.5,0.0,20.9,90.0
26863,412,,,,2.5,0.0,22.5,89.0
27763,412,17.733333333333334,26.65714285714285,25.880000000000003,2.4,5.0,24.1,89.0
28663,412,17.45,25.869230769230768,24.75230769230769,2.6,12.0,27.4,88.0
29563,412,17.112000000000002,28.029411764705884,26.28382352941176,2.6,14.0,25.7,87.0
30463,412,16.855555555555554,25.03846153846154,22.86769230769231,2.7,25.0,27.4,86.0
31363,412,16.6125,19.575,17.833333333333336,2.8,54.0,25.7,87.0
32263,412,16.378260869565217,17.192307692307693,16.08153846153846,2.9,28.0,27.4,87.0
33163,412,16.147058823529413,15.873015873015872,15.144444444444446,2.9,33.0,25.7,86.0
34063,412,15.969565217391304,15.15873015873016,14.54285714285714,3.2,49.0,24.1,86.0
34963,412,15.786363636363635,14.643939393939394,14.163636363636362,3.3,51.0,25.7,86.0
35863,412,15.6375,14.5,13.876470588235293,3.6,60.0,27.4,84.0
36763,412,15.508,14.052238805970148,13.670149253731344,3.7,56.0,29.0,84.0
37663,412,15.4,14.0,13.5,3.9,246.0,20.9,85.0
38563,412,,,,4.0,294.0,25.7,84.0
39463,412,,,,4.6,304.0,24.1,82.0
40363,412,,,,4.8,316.0,20.9,81.0
41263,412,,,,5.0,299.0,20.9,80.0
42163,412,,,,5.2,348.0,20.9,79.0
43063,412,,,,5.7,338.0,20.9,78.0
43963,412,,13.5,12.84,5.9,338.0,20.9,77.0
44863,412,,,,6.6,350.0,16.1,75.0
45763,412,14.833333333333334,13.5,12.8,6.6,160.0,17.7,75.0
46663,412,14.8,13.5,12.8,6.0,176.0,20.9,78.0
47563,412,14.8,13.5,12.8,5.7,69.0,16.1,79.0
48463,412,14.76153846153846,13.5,12.8,5.4,148.0,19.3,80.0
49363,412,14.7,13.5,12.8,5.6,151.0,20.9,80.0
50263,412,14.7,13.5,12.8,6.3,183.0,16.1,79.0
51163,412,14.604347826086956,13.5,12.8,5.9,120.0,19.3,80.0
52063,412,14.6,13.441176470588236,12.782352941176471,6.0,97.0,17.7,81.0
52963,412,14.558333333333334,13.174603174603174,12.69047619047619,6.2,111.0,17.7,80.0
53863,412,14.5,13.014492753623188,12.517391304347829,6.1,98.0,19.3,80.0
54763,412,14.5,13.0,12.5,6.2,113.0,14.5,80.0
55663,412,14.404166666666663,13.0,12.5,6.2,98.0,19.3,80.0
56563,412,14.4,13.0,12.5,6.1,104.0,19.3,80.0
57463,412,14.4,13.0,12.5,6.4,98.0,20.9,79.0
58363,412,14.3,13.0,12.5,6.3,81.0,19.3,79.0
59263,412,14.305,28.6328125,23.1953125,6.1,40.0,17.7,79.0
60163,412,14.813333333333333,49.88405797101449,46.29565217391304,5.9,23.0,14.5,80.0
61063,412,15.713333333333331,52.83050847457626,49.23050847457627,5.8,12.0,11.3,81.0
61963,412,16.46,47.60294117647059,44.62352941176471,5.7,5.0,16.1,81.0
62863,412,16.761904761904763,40.92857142857143,38.66666666666667,5.4,0.0,11.3,82.0
63763,412,16.931578947368422,41.761538461538464,39.32769230769231,5.5,0.0,12.9,82.0
64663,412,17.0,37.725,35.92,5.1,0.0,9.7,82.0
65563,412,17.0,35.23880597014925,33.67611940298507,4.9,0.0,9.7,83.0
66463,412,16.96923076923077,32.59230769230769,30.943076923076923,5.0,0.0,14.5,82.0
67363,412,16.9,32.734375,31.0234375,5.2,0.0,16.1,81.0
68263,412,16.833333333333336,42.58088235294117,37.87352941176471,5.3,0.0,16.1,80.0
69163,412,17.1,52.63636363636364,49.45757575757575,5.4,0.0,17.7,80.0
70063,412,17.6,53.828125,50.575,5.4,0.0,19.3,80.0
70963,412,,53.570422535211264,50.394366197183096,5.4,0.0,19.3,80.0
71863,412,,53.69230769230769,50.4,5.5,0.0,20.9,81.0
72763,412,,50.02272727272727,47.11666666666667,5.5,0.0,19.3,81.0
73663,412,18.6,52.99264705882352,50.49264705882353,5.4,0.0,17.7,82.0
74563,412,18.575,50.64583333333333,48.92083333333333,5.4,0.0,20.9,83.0
75463,412,18.5,50.368421052631575,47.53859649122807,5.4,0.0,20.9,83.0
76363,412,18.61428571428572,53.24444444444445,50.13333333333333,5.3,0.0,19.3,84.0
77263,412,18.871428571428574,44.48809523809524,41.509523809523806,5.1,0.0,19.3,87.0
78163,412,18.86,46.33,43.828,4.8,0.0,27.4,88.0
79063,412,18.84285714285714,43.4609375,40.996875,4.3,0.0,24.1,88.0
79963,412,18.705263157894738,35.296875,34.1140625,4.2,0.0,25.7,88.0
80863,412,18.477272727272727,32.61029411764706,31.03970588235294,4.3,0.0,22.5,88.0
81763,412,18.27777777777778,38.169117647058826,35.154411764705884,4.4,0.0,24.1,89.0
82663,412,18.2,39.84848484848485,36.809090909090905,4.7,0.0,29.0,86.0
83563,412,18.2,39.50769230769231,35.78615384615385,4.6,0.0,20.9,86.0
84463,412,18.118181818181817,38.28787878787879,33.983333333333334,4.7,0.0,22.5,86.0
85363,412,18.216666666666665,48.8,46.68333333333333,4.7,0.0,27.4,85.0
86263,412,18.458823529411767,41.175,36.88333333333333,4.7,0.0,27.4,85.0
763,413,18.4640625,29.705882352941178,26.204411764705885,4.6,0.0,29.0,85.0
1663,413,18.30166666666667,23.09230769230769,20.49076923076923,4.5,0.0,22.5,86.0
2563,413,18.05873015873016,19.7421875,18.0109375,4.5,0.0,24.1,86.0
3463,413,17.9,18.5,17.05,4.5,0.0,27.4,86.0
4363,413,,,,4.4,0.0,29.0,87.0
5263,413,,,,4.1,0.0,24.1,88.0
6163,413,,,,3.8,0.0,29.0,90.0
7063,413,,,,3.5,0.0,29.0,91.0
7963,413,,,,3.6,0.0,32.2,90.0
8863,413,,,,3.3,0.0,25.7,91.0
9763,413,,,,3.2,0.0,25.7,92.0
10663,413,16.16111111111111,14.5,14.0,3.2,0.0,27.4,92.0
11563,413,16.091525423728815,14.5,14.0,3.1,0.0,27.4,92.0
12463,413,,,,3.0,0.0,25.7,93.0
13363,413,,,,3.1,0.0,32.2,92.0
14263,413,,,,3.0,0.0,29.0,93.0
15163,413,,,,3.2,0.0,29.0,92.0
16063,413,,,,3.1,0.0,25.7,92.0
16963,413,,,,3.0,0.0,27.4,92.0
17863,413,,,,2.9,0.0,27.4,92.0
18763,413,,,,2.8,0.0,24.1,92.0
19663,413,15.4,14.0,13.3,2.9,0.0,22.5,92.0
20563,413,15.4,14.0,13.3,2.7,0.0,19.3,92.0
21463,413,15.395238095238096,14.09090909090909,13.363636363636363,2.7,0.0,17.7,92.0
22363,413,,,,2.9,0.0,20.9,92.0
23263,413,,,,3.3,0.0,17.7,92.0
24163,413,,,,3.4,0.0,16.1,91.0
25063,413,,,,3.2,0.0,16.1,91.0
25963,413,,,,3.1,0.0,14.5,91.0
26863,413,,,,3.1,0.0,16.1,91.0
27763,413,,,,2.9,5.0,16.1,92.0
28663,413,,,,2.9,12.0,16.1,92.0
29563,413,18.53333333333333,50.16279069767442,47.58372093023256,3.1,30.0,16.1,92.0
30463,413,18.5,50.71428571428572,47.98035714285714,3.2,19.0,11.3,90.0
31363,413,,,,3.3,21.0,12.9,90.0
32263,413,,,,3.5,23.0,19.3,90.0
33163,413,,,,3.6,25.0,17.7,90.0
34063,413,,,,3.9,26.0,20.9,89.0
34963,413,,,,4.1,28.0,17.7,88.0
35863,413,,,,4.3,111.0,14.5,89.0
36763,413,,,,4.4,37.0,16.1,88.0
37663,413,,,,4.9,134.0,16.1,87.0
38563,413,,,,5.1,149.0,16.1,87.0
39463,413,19.473333333333333,50.741379310344826,48.30689655172414,5.2,104.0,19.3,85.0
40363,413,19.6,50.7,48.67333333333333,5.1,113.0,22.5,85.0
41263,413,,,,6.1,352.0,16.1,83.0
42163,413,,,,6.2,366.0,16.1,83.0
43063,413,19.9,46.29032258064516,44.04354838709678,5.6,199.0,22.5,83.0
43963,413,19.98,51.93283582089553,49.01194029850746,6.1,376.0,17.7,82.0
44863,413,20.1375,52.71014492753624,49.95217391304348,5.5,77.0,19.3,84.0
45763,413,20.282758620689656,50.45238095238095,48.42539682539682,6.5,374.0,17.7,80.0
46663,413,20.572222222222223,44.59701492537313,42.64328358208955,6.5,142.0,17.7,79.0
47563,413,20.54375,48.23076923076923,43.99692307692308,6.3,91.0,20.9,80.0
48463,413,20.65217391304348,48.64406779661017,45.66779661016949,6.6,130.0,19.3,79.0
49363,413,20.54102564102564,37.46969696969697,36.24393939393939,7.2,218.0,17.7,79.0
50263,413,20.28,34.83064516129032,32.95322580645161,6.9,239.0,20.9,76.0
51163,413,20.09767441860465,45.98461538461539,41.95692307692308,7.0,171.0,19.3,75.0
52063,413,20.26774193548388,50.89516129032258,47.91290322580645,6.8,65.0,20.9,77.0
52963,413,20.55,51.75384615384616,48.56461538461538,6.9,128.0,17.7,75.0
53863,413,20.72153846153846,52.25,48.71774193548387,6.9,90.0,16.1,73.0
54763,413,20.8,51.5530303030303,48.60454545454546,6.8,39.0,17.7,73.0
55663,413,20.844615384615384,51.69117647058823,48.23529411764706,6.4,67.0,12.9,77.0
56563,413,20.9,50.328125,47.63125,6.3,33.0,11.3,78.0
57463,413,20.9,49.096774193548384,45.8016129032258,6.3,70.0,9.7,76.0
58363,413,20.826666666666668,48.67741935483871,44.75645161290323,6.1,39.0,17.7,75.0
59263,413,20.925806451612903,48.594202898550726,45.20289855072464,5.4,21.0,16.1,79.0
60163,413,21.0,49.94852941176471,46.38235294117647,5.3,25.0,17.7,81.0
61063,413,21.0,50.33333333333333,46.26515151515152,5.1,14.0,16.1,81.0
61963,413,21.0,50.34328358208956,47.12985074626866,4.9,9.0,16.1,81.0
62863,413,20.931343283582088,49.73015873015873,47.05396825396825,4.6,0.0,12.9,82.0
63763,413,20.821428571428573,50.79850746268657,48.37611940298508,4.5,0.0,14.5,84.0
64663,413,20.705,46.40476190476191,44.23492063492064,4.4,0.0,12.9,85.0
65563,413,20.494444444444447,36.27777777777778,34.9984126984127,4.4,0.0,16.1,86.0
66463,413,20.166666666666664,32.47727272727273,31.377272727272725,4.2,0.0,12.9,87.0
67363,413,19.892857142857142,30.31914893617021,29.148936170212767,4.2,0.0,12.9,87.0
68263,413,19.84,43.63636363636364,38.019696969696966,4.1,0.0,11.3,85.0
69163,413,20.144736842105264,51.483870967741936,46.91935483870968,4.2,0.0,12.9,85.0
70063,413,20.52857142857143,50.05357142857143,45.6,4.4,0.0,12.9,85.0
70963,413,20.698275862068964,41.98412698412698,37.62857142857143,4.3,0.0,16.1,84.0
71863,413,20.77611940298508,36.38059701492537,31.21194029850746,4.3,0.0,16.1,85.0
72763,413,20.61044776119403,39.238461538461536,35.104615384615386,4.3,0.0,17.7,86.0
73663,413,20.56969696969697,50.39855072463768,48.30869565217391,4.3,0.0,19.3,86.0
74563,413,20.6,48.8671875,46.990625,4.2,0.0,16.1,86.0
75463,413,20.62794117647059,45.32352941176471,43.33088235294117,4.2,0.0,19.3,85.0
76363,413,20.74137931034483,51.47727272727273,46.77272727272727,4.1,0.0,16.1,85.0
77263,413,20.889285714285712,51.25,47.04838709677419,3.8,0.0,12.9,86.0
78163,413,20.91525423728813,50.31428571428572,46.29714285714286,3.7,0.0,12.9,86.0
79063,413,20.9,50.15972222222222,45.7625,4.1,0.0,12.9,81.0
79963,413,20.9,51.79166666666666,47.7875,4.2,0.0,12.9,81.0
80863,413,20.825454545454544,51.230158730158735,47.23333333333333,4.4,0.0,11.3,78.0
81763,413,20.75454545454545,49.64925373134328,45.9,4.4,0.0,11.3,77.0
82663,413,20.658139534883723,36.2109375,31.2296875,4.6,0.0,11.3,78.0
83563,413,20.398360655737704,26.70289855072464,22.35217391304348,4.5,0.0,4.8,79.0
84463,413,20.078125,24.37121212121212,24.984848484848484,4.4,0.0,4.8,82.0
85363,413,19.71269841269841,20.8015873015873,19.577777777777776,4.3,0.0,8.0,82.0
86263,413,19.35820895522388,18.775362318840585,17.60144927536232,4.2,0.0,9.7,83.0
763,414,19.03333333333333,17.707692307692305,16.75076923076923,4.2,0.0,11.3,83.0
1663,414,18.76969696969697,18.045454545454547,18.19090909090909,4.1,0.0,8.0,83.0
2563,414,18.588059701492536,19.05072463768116,19.244927536231884,3.9,0.0,6.4,83.0
3463,414,18.47878787878788,18.66417910447761,17.82686567164179,2.6,0.0,6.4,87.0
4363,414,18.3546875,16.956521739130434,15.979710144927536,2.1,0.0,6.4,89.0
5263,414,18.2031746031746,16.196969696969695,15.321212121212122,1.8,0.0,6.4,89.0
6163,414,18.06428571428572,15.865671641791044,14.97910447761194,1.8,0.0,4.8,90.0
7063,414,17.94626865671642,15.5,14.8,1.7,0.0,6.4,90.0
7963,414,17.828787878787878,15.5,14.598507462686566,1.6,0.0,4.8,90.0
8863,414,17.722388059701494,15.5,14.5,1.8,0.0,3.2,90.0
9763,414,17.626470588235293,15.073529411764708,14.426470588235292,1.8,0.0,3.2,90.0
10663,414,17.521212121212123,15.0,14.3,2.2,0.0,6.4,89.0
11563,414,17.434848484848484,15.0,14.3,2.3,0.0,6.4,88.0
12463,414,17.37462686567164,15.0,14.269565217391303,2.5,0.0,3.2,88.0
13363,414,17.3,15.0,14.00909090909091,2.2,0.0,3.2,88.0
14263,414,17.212307692307693,15.0,14.0,2.2,0.0,3.2,89.0
15163,414,17.153030303030302,15.0,14.0,2.2,0.0,4.8,88.0
16063,414,17.076119402985075,14.773584905660377,14.0,2.1,0.0,3.2,88.0
16963,414,17.0,14.5,13.958064516129031,1.8,0.0,6.4,89.0
17863,414,16.903076923076924,14.5,13.809375,1.6,0.0,1.6,90.0
18763,414,16.8546875,14.5,13.8,1.6,0.0,1.6,90.0
19663,414,16.8,14.5,13.8,2.1,0.0,4.8,89.0
20563,414,16.7015625,14.5,13.8,2.0,0.0,1.6,88.0
21463,414,16.67945205479452,30.8030303030303,25.937878787878788,1.9,0.0,1.6,91.0
22363,414,17.19402985074627,44.43220338983051,44.49322033898305,1.9,0.0,1.6,91.0
23263,414,17.65735294117647,38.04032258064516,38.170967741935485,1.8,0.0,4.8,92.0
24163,414,17.887096774193548,33.6,33.92923076923077,1.9,0.0,4.8,91.0
25063,414,18.042424242424243,42.01538461538461,39.56,1.8,0.0,1.6,91.0
25963,414,18.46769230769231,48.75,48.33970588235294,1.7,0.0,1.6,92.0
26863,414,18.90289855072464,48.82352941176471,48.49411764705882,1.9,0.0,4.8,92.0
27763,414,19.271875,50.16129032258065,47.803225806451614,2.1,5.0,3.2,92.0
28663,414,19.32758620689655,49.3,46.35384615384616,2.3,14.0,4.8,91.0
29563,414,19.46,48.84090909090909,45.625757575757575,2.1,18.0,6.4,92.0
30463,414,19.41875,41.69117647058824,39.51323529411765,2.0,28.0,3.2,93.0
31363,414,19.21969696969697,38.22307692307693,36.010769230769235,2.1,32.0,1.6,93.0
32263,414,19.0072463768116,33.049180327868854,31.080327868852457,3.9,47.0,11.3,90.0
33163,414,18.8344262295082,35.095238095238095,31.43492063492064,4.2,56.0,11.3,89.0
34063,414,18.98787878787879,52.85714285714285,47.04,4.8,76.0,14.5,87.0
34963,414,19.58,52.45,48.836,4.9,84.0,12.9,87.0
35863,414,19.85625,49.98529411764706,46.24852941176471,5.2,86.0,12.9,87.0
36763,414,19.95820895522388,51.2463768115942,47.19565217391305,5.1,88.0,14.5,87.0
37663,414,20.0,48.815384615384616,45.92153846153846,5.3,111.0,12.9,88.0
38563,414,20.08095238095238,44.7890625,42.2609375,5.5,105.0,14.5,86.0
39463,414,20.1,47.66666666666667,45.845454545454544,5.7,109.0,12.9,86.0
40363,414,20.08939393939394,41.47794117647059,40.05147058823529,5.8,127.0,14.5,86.0
41263,414,20.419672131147543,41.6,38.10923076923077,6.1,104.0,16.1,87.0
42163,414,20.44029850746269,37.57692307692308,36.43384615384616,5.9,107.0,16.1,87.0
43063,414,19.97761194029851,34.108695652173914,32.675362318840584,6.0,120.0,16.1,86.0
43963,414,19.424242424242426,51.230769230769226,46.57538461538461,5.9,125.0,16.1,87.0
44863,414,19.794117647058822,53.63768115942029,50.81159420289855,5.9,128.0,12.9,87.0
45763,414,20.01129032258065,49.65909090909091,47.52878787878788,6.0,128.0,12.9,87.0
46663,414,20.1,49.57857142857143,47.27857142857143,6.7,167.0,11.3,87.0
47563,414,20.16029411764706,51.61940298507462,49.17014925373134,6.6,142.0,11.3,86.0
48463,414,20.236764705882354,51.36231884057971,47.94202898550724,6.6,148.0,11.3,87.0
49363,414,20.4375,48.80645161290322,46.80483870967742,6.4,121.0,14.5,88.0
50263,414,20.45,38.0,36.46268656716418,6.3,128.0,12.9,88.0
51163,414,20.246268656716417,33.21739130434783,31.772463768115944,6.3,130.0,11.3,88.0
52063,414,20.03538461538461,32.417910447761194,30.77910447761194,6.5,90.0,6.4,87.0
52963,414,19.85373134328358,33.68181818181818,31.4530303030303,6.5,83.0,6.4,87.0
53863,414,19.72222222222222,33.18939393939394,31.525757575757574,6.6,62.0,4.8,88.0
54763,414,19.55454545454545,33.705882352941174,32.080882352941174,6.5,44.0,4.8,88.0
55663,414,19.458823529411767,32.276119402985074,30.985074626865675,6.4,40.0,9.7,88.0
56563,414,19.33,32.40714285714286,30.722857142857144,6.4,42.0,9.7,89.0
57463,414,19.25,33.028985507246375,31.171014492753624,6.4,95.0,11.3,89.0
58363,414,19.13714285714285,36.96478873239437,33.5887323943662,6.6,134.0,11.3,89.0
59263,414,19.14444444444445,52.80597014925373,48.89402985074626,6.6,23.0,9.7,89.0
60163,414,19.9,53.26515151515152,50.35757575757576,6.5,21.0,8.0,90.0
61063,414,20.20555555555556,51.6328125,49.1859375,6.4,7.0,4.8,91.0
61963,414,20.39701492537313,43.18253968253968,41.614285714285714,6.3,0.0,6.4,91.0
62863,414,20.3546875,37.9296875,36.659375,6.2,0.0,8.0,92.0
63763,414,20.230508474576272,37.25396825396825,35.72063492063492,6.1,0.0,9.7,93.0
64663,414,20.17205882352941,35.35074626865672,33.74925373134328,5.9,0.0,8.0,93.0
65563,414,20.074193548387097,35.50769230769231,33.72615384615385,5.9,0.0,9.7,93.0
66463,414,19.9828125,41.3046875,36.8109375,6.0,0.0,14.5,93.0
67363,414,20.25409836065574,54.0,50.49672131147541,6.0,0.0,9.7,93.0
68263,414,20.713114754098363,50.13970588235294,47.377941176470586,5.9,0.0,8.0,93.0
69163,414,20.9,40.06818181818182,36.89090909090909,5.9,0.0,4.8,94.0
70063,414,20.824242424242424,40.05384615384615,37.87230769230769,5.9,0.0,4.8,94.0
70963,414,20.682089552238807,35.669117647058826,34.25,5.9,0.0,6.4,94.0
71863,414,20.453225806451613,30.96969696969697,29.7469696969697,6.0,0.0,8.0,94.0
72763,414,20.18,30.238461538461536,29.087692307692304,6.0,0.0,8.0,94.0
73663,414,19.91044776119403,28.72131147540984,27.73606557377049,6.0,0.0,8.0,94.0
74563,414,19.6609375,27.91803278688525,26.757377049180327,6.0,0.0,3.2,94.0
75463,414,19.435,35.51515151515152,31.331818181818186,5.9,0.0,1.6,95.0
76363,414,19.584375,51.76515151515152,48.4030303030303,5.9,0.0,3.2,95.0
77263,414,19.90634920634921,50.45238095238095,48.58253968253968,6.1,0.0,6.4,94.0
78163,414,20.14,48.0,46.02459016393443,6.1,0.0,3.2,94.0
79063,414,20.24328358208956,47.17164179104478,44.95223880597015,6.1,0.0,1.6,95.0
79963,414,20.3,44.81060606060606,41.589393939393936,6.1,0.0,1.6,95.0
80863,414,20.28208955223881,37.45652173913044,35.30434782608695,6.1,0.0,1.6,95.0
81763,414,20.14848484848485,34.265625,32.3453125,6.0,0.0,1.6,95.0
82663,414,19.96865671641791,29.81818181818182,28.654545454545456,6.1,0.0,3.2,96.0
83563,414,19.74920634920635,23.205882352941178,21.819117647058825,6.1,0.0,3.2,96.0
84463,414,19.62727272727273,22.330882352941178,22.602941176470587,6.1,0.0,1.6,96.0
85363,414,19.442424242424245,20.25,19.72205882352941,6.1,0.0,1.6,96.0
86263,414,19.259090909090908,18.5,17.70294117647059,6.2,0.0,4.8,97.0
763,415,19.086567164179105,17.684615384615384,16.90153846153846,6.2,0.0,3.2,97.0
1663,415,18.94776119402985,17.208333333333336,16.466666666666665,6.1,0.0,3.2,97.0
2563,415,18.80869565217392,17.0,16.238235294117647,6.1,0.0,3.2,97.0
3463,415,18.67101449275362,16.75,16.0,6.2,0.0,3.2,97.0
4363,415,18.558823529411764,16.5,15.89206349206349,6.3,0.0,3.2,97.0
5263,415,18.45652173913044,16.5,15.8,6.2,0.0,3.2,97.0
6163,415,18.380281690140844,16.5,15.8,6.2,0.0,1.6,97.0
7063,415,18.288235294117648,16.5,15.55217391304348,6.1,0.0,1.6,97.0
7963,415,18.2,16.429577464788732,15.5,6.1,0.0,3.2,97.0
8863,415,18.136507936507936,16.02941176470588,15.5,6.0,0.0,0.0,97.0
9763,415,18.069230769230767,16.0,15.45,5.9,0.0,1.6,98.0
10663,415,18.0,16.0,15.30597014925373,5.9,0.0,1.6,97.0
11563,415,17.92535211267606,16.0,15.3,5.8,0.0,3.2,98.0
12463,415,17.885714285714286,16.0,15.3,5.7,0.0,3.2,98.0
13363,415,17.8,16.0,15.3,5.7,0.0,3.2,98.0
14263,415,17.776923076923076,16.0,15.230434782608697,5.6,0.0,3.2,98.0
15163,415,17.7,16.0,15.0,5.6,0.0,3.2,98.0
16063,415,17.66764705882353,15.953846153846154,15.0,5.7,0.0,4.8,98.0
16963,415,17.6,15.610294117647058,15.0,5.8,0.0,6.4,98.0
17863,415,17.56376811594203,15.5,15.0,5.8,0.0,8.0,98.0
18763,415,17.5,15.5,15.0,5.8,0.0,8.0,98.0
19663,415,17.5109375,32.330882352941174,26.76323529411765,5.8,0.0,8.0,98.0
20563,415,17.911428571428573,45.371428571428574,43.572857142857146,5.8,0.0,6.4,98.0
21463,415,18.3439393939394,45.41176470588236,42.54558823529412,5.9,0.0,6.4,99.0
22363,415,18.78939393939394,47.91666666666667,45.04848484848485,6.0,0.0,8.0,98.0
23263,415,19.21791044776119,40.82352941176471,38.73529411764706,6.6,0.0,8.0,99.0
24163,415,19.39846153846154,38.794117647058826,36.76617647058824,7.1,0.0,9.7,99.0
25063,415,19.4,34.0703125,32.221875,7.8,0.0,14.5,99.0
25963,415,19.341538461538462,26.10144927536232,23.67101449275362,7.8,0.0,14.5,99.0
26863,415,19.176470588235293,20.97761194029851,19.65820895522388,8.0,0.0,14.5,99.0
27763,415,18.96,19.470149253731343,19.182089552238807,8.1,0.0,14.5,99.0
28663,415,19.01,18.007462686567163,17.571641791044776,8.2,5.0,14.5,99.0
29563,415,18.14,17.42741935483871,17.29032258064516,8.3,7.0,14.5,99.0
30463,415,18.15535714285714,17.646153846153844,17.54,8.3,16.0,14.5,98.0
31363,415,18.020833333333336,16.84848484848485,16.224242424242426,8.3,16.0,12.9,99.0
32263,415,17.859574468085107,16.460317460317462,15.733333333333334,8.4,14.0,12.9,98.0
33163,415,17.75227272727273,16.0,15.43939393939394,8.4,33.0,12.9,98.0
34063,415,17.648214285714285,16.0,15.3,8.6,44.0,14.5,98.0
34963,415,17.537777777777777,15.885964912280702,15.105263157894736,8.6,40.0,14.5,98.0
35863,415,17.477083333333333,15.5,15.0,8.7,77.0,16.1,98.0
36763,415,17.4,15.5,15.0,8.8,107.0,14.5,98.0
37663,415,17.377551020408163,15.5,14.942424242424243,9.0,84.0,14.5,98.0
38563,415,17.3,15.5,14.8,9.1,102.0,14.5,98.0
39463,415,17.3,15.5,14.8,9.2,97.0,12.9,97.0
40363,415,17.297435897435896,15.5,14.8,9.3,118.0,11.3,97.0
41263,415,17.2,15.5,14.8,9.5,121.0,12.9,96.0
42163,415,17.2,15.5,14.8,9.5,128.0,14.5,96.0
43063,415,17.2,15.5,14.8,9.7,111.0,14.5,96.0
43963,415,17.146341463414636,15.5,14.75909090909091,9.7,135.0,14.5,96.0
44863,415,17.1,15.5,14.560869565217391,9.8,127.0,12.9,95.0
45763,415,17.1,15.5,14.504225352112677,10.0,163.0,12.9,95.0
46663,415,17.1,15.44285714285714,14.5,10.3,176.0,14.5,94.0
47563,415,17.1,15.269230769230768,14.5,10.4,153.0,12.9,94.0
48463,415,17.011111111111113,15.036363636363635,14.5,10.6,142.0,12.9,93.0
49363,415,17.0,15.0,14.5,10.6,146.0,14.5,93.0
50263,415,17.0,15.0,14.5,10.7,178.0,12.9,92.0
51163,415,16.973809523809525,15.0,14.5,10.9,149.0,11.3,92.0
52063,415,16.9,15.0,14.5,10.9,123.0,12.9,91.0
52963,415,16.9,15.0,14.5,10.9,125.0,12.9,91.0
53863,415,16.9,15.0,14.5,10.9,60.0,11.3,91.0
54763,415,16.81304347826087,15.0,14.437313432835822,10.8,90.0,11.3,91.0
55663,415,16.8,15.0,14.358461538461537,10.9,142.0,12.9,90.0
56563,415,16.8,15.0,14.309375,10.9,123.0,11.3,90.0
57463,415,16.790697674418603,15.0,14.3,10.8,79.0,11.3,90.0
58363,415,16.7,15.0,14.3,10.7,47.0,11.3,90.0
59263,415,16.717073170731705,27.881944444444446,22.841666666666665,10.6,32.0,9.7,91.0
60163,415,17.10238095238095,48.095238095238095,45.16349206349207,10.4,23.0,11.3,91.0
61063,415,17.634999999999998,43.082089552238806,40.331343283582086,10.1,14.0,9.7,91.0
61963,415,18.18653846153846,48.96875,45.725,9.9,9.0,9.7,92.0
62863,415,18.67692307692308,42.09848484848485,39.28484848484849,9.6,0.0,14.5,92.0
63763,415,18.943859649122807,38.91044776119403,36.75223880597015,9.4,0.0,12.9,92.0
64663,415,19.0,30.06666666666667,27.40833333333333,9.3,0.0,11.3,92.0
65563,415,18.9296875,23.10483870967742,20.84193548387097,9.1,0.0,12.9,92.0
66463,415,18.78196721311476,20.761904761904763,20.366666666666667,8.9,0.0,14.5,93.0
67363,415,18.59384615384615,21.571428571428573,21.2,8.9,0.0,16.1,93.0
68263,415,18.359375,23.661538461538463,23.03538461538461,8.7,0.0,16.1,93.0
69163,415,18.17704918032787,24.205882352941178,23.135294117647057,8.6,0.0,14.5,93.0
70063,415,18.03666666666667,33.064516129032256,28.47096774193548,8.3,0.0,12.9,93.0
70963,415,18.374603174603173,53.46153846153847,49.1876923076923,8.1,0.0,12.9,93.0
71863,415,18.96764705882353,53.06521739130435,48.70144927536232,8.0,0.0,12.9,93.0
72763,415,19.3,39.92424242424242,36.33333333333333,8.1,0.0,11.3,93.0
73663,415,19.38032786885245,37.02941176470589,34.74264705882353,8.2,0.0,12.9,93.0
74563,415,19.3,34.330882352941174,32.22058823529412,8.1,0.0,12.9,93.0
75463,415,19.20483870967742,31.26865671641791,29.414925373134327,8.2,0.0,12.9,94.0
76363,415,19.081818181818186,30.413043478260867,28.714492753623187,8.3,0.0,14.5,93.0
77263,415,18.956060606060607,27.977272727272727,26.46060606060606,8.4,0.0,11.3,93.0
78163,415,18.838709677419352,28.80769230769231,27.04615384615385,8.4,0.0,11.3,93.0
79063,415,18.74242424242424,28.246153846153845,26.77692307692308,8.4,0.0,12.9,94.0
79963,415,18.7,30.588235294117645,27.988235294117647,8.3,0.0,12.9,95.0
80863,415,18.82361111111112,32.30597014925373,29.77611940298508,8.3,0.0,14.5,95.0
81763,415,18.9,25.424242424242426,22.525757575757574,8.2,0.0,16.1,95.0
82663,415,18.849206349206348,21.85606060606061,20.93636363636364,8.1,0.0,17.7,95.0
83563,415,18.77166666666667,21.1171875,21.89375,8.1,0.0,19.3,94.0
84463,415,18.648333333333333,19.47692307692308,19.232307692307693,7.7,0.0,20.9,94.0
85363,415,18.470967741935485,17.89855072463768,17.104347826086958,7.4,0.0,19.3,94.0
86263,415,18.31142857142857,17.109375,16.38125,7.0,0.0,20.9,95.0
763,416,18.14848484848485,16.59558823529412,15.991176470588234,6.9,0.0,22.5,94.0
1663,416,18.026666666666667,16.5,15.8,6.8,0.0,20.9,93.0
2563,416,17.898387096774194,16.134920634920636,15.585714285714284,6.7,0.0,19.3,92.0
3463,416,17.8,16.0,15.5,6.6,0.0,14.5,92.0
4363,416,,,,6.6,0.0,16.1,93.0
5263,416,,,,6.4,0.0,19.3,93.0
6163,416,,,,6.4,0.0,22.5,93.0
7063,416,,,,6.2,0.0,20.9,92.0
7963,416,,,,5.9,0.0,20.9,91.0
8863,416,,,,5.7,0.0,22.5,89.0
9763,416,,,,5.5,0.0,20.9,89.0
10663,416,,,,5.2,0.0,17.7,89.0
11563,416,17.2,15.5,14.8,5.1,0.0,14.5,89.0
12463,416,17.13653846153846,15.5,14.8,4.9,0.0,16.1,89.0
13363,416,,,,4.9,0.0,16.1,89.0
14263,416,,,,4.9,0.0,16.1,90.0
15163,416,,,,4.9,0.0,16.1,90.0
16063,416,,,,4.7,0.0,14.5,91.0
16963,416,,,,4.6,0.0,17.7,91.0
17863,416,,,,4.4,0.0,14.5,91.0
18763,416,,,,4.4,0.0,14.5,91.0
19663,416,,,,4.4,0.0,16.1,91.0
20563,416,,,,4.3,0.0,14.5,90.0
21463,416,17.755737704918033,41.33620689655173,38.6948275862069,4.1,0.0,11.3,90.0
22363,416,18.087179487179487,53.152777777777786,48.26111111111111,4.0,0.0,12.9,91.0
23263,416,,,,3.9,0.0,12.9,90.0
24163,416,,,,3.9,0.0,12.9,90.0
25063,416,,,,4.0,0.0,16.1,89.0
25963,416,,,,4.0,0.0,14.5,88.0
26863,416,,,,4.1,5.0,12.9,87.0
27763,416,,,,4.0,7.0,12.9,87.0
28663,416,19.7,35.785714285714285,33.0,4.3,28.0,12.9,85.0
29563,416,19.611475409836068,30.29230769230769,28.918461538461536,4.4,35.0,16.1,85.0
30463,416,19.343076923076925,24.298507462686565,22.762686567164177,4.4,21.0,16.1,85.0
31363,416,19.072413793103447,21.044776119402982,19.83582089552239,4.4,23.0,16.1,85.0
32263,416,18.810769230769232,19.0390625,18.1109375,4.7,28.0,14.5,85.0
33163,416,18.55151515151515,17.84375,17.11875,4.9,28.0,14.5,84.0
34063,416,18.31875,17.138461538461538,16.49076923076923,5.3,30.0,17.7,83.0
34963,416,18.10952380952381,16.597014925373134,16.055223880597016,5.4,30.0,16.1,82.0
35863,416,17.923529411764708,16.353846153846156,15.763076923076923,5.7,37.0,14.5,81.0
36763,416,17.759090909090908,16.0,15.5,5.8,39.0,9.7,82.0
37663,416,17.64179104477612,16.0,15.331746031746032,6.6,294.0,12.9,80.0
38563,416,17.5375,16.0,15.3,7.1,313.0,12.9,78.0
39463,416,17.467741935483872,16.0,15.290769230769232,7.6,346.0,11.3,75.0
40363,416,17.4,15.714285714285714,15.028571428571428,7.9,373.0,12.9,75.0
41263,416,17.32089552238806,15.5,15.0,8.5,490.0,11.3,71.0
42163,416,17.27391304347826,15.5,15.0,8.7,411.0,12.9,70.0
43063,416,17.2,15.5,14.875862068965516,8.8,408.0,11.3,68.0
43963,416,17.178688524590164,15.5,14.8,9.2,410.0,12.9,69.0
44863,416,17.1,15.5,14.8,9.1,410.0,12.9,68.0
45763,416,17.09852941176471,15.5,14.8,8.8,397.0,11.3,67.0
46663,416,17.006451612903227,15.5,14.8,9.2,387.0,12.9,66.0
47563,416,17.0,15.5,14.58695652173913,9.0,383.0,14.5,65.0
48463,416,16.94705882352941,15.464285714285714,14.5,8.9,352.0,12.9,65.0
49363,416,16.9,15.111940298507465,14.5,9.1,206.0,12.9,63.0
50263,416,16.9,15.0,14.5,9.1,251.0,14.5,62.0
51163,416,16.82,15.0,14.5,9.1,135.0,12.9,64.0
52063,416,16.8,15.0,14.5,8.9,172.0,11.3,64.0
52963,416,16.79032258064516,15.0,14.493846153846151,9.1,105.0,11.3,64.0
53863,416,16.7,15.0,14.416666666666666,9.1,156.0,11.3,63.0
54763,416,16.68032786885246,15.0,14.302898550724638,8.6,83.0,11.3,63.0
55663,416,16.6,15.0,14.3,8.5,81.0,9.7,64.0
56563,416,16.6,15.0,14.3,8.3,95.0,8.0,65.0
57463,416,16.51764705882353,15.0,14.3,8.0,63.0,9.7,64.0
58363,416,16.5,15.0,14.3,8.1,79.0,9.7,64.0
59263,416,16.506349206349206,27.8828125,23.0546875,8.2,49.0,8.0,62.0
60163,416,16.97966101694915,46.75806451612903,45.02903225806452,8.2,33.0,4.8,62.0
61063,416,17.566153846153846,49.94444444444444,47.16984126984127,7.8,28.0,3.2,64.0
61963,416,18.22388059701493,50.53174603174603,47.57142857142857,7.6,12.0,4.8,65.0
62863,416,18.66031746031746,44.6031746031746,41.85873015873016,7.3,0.0,6.4,68.0
63763,416,18.86857142857143,41.08088235294117,38.95588235294117,7.2,0.0,3.2,69.0
64663,416,18.852459016393443,31.537313432835823,29.058208955223883,6.9,0.0,1.6,70.0
65563,416,18.74137931034483,24.03125,22.9609375,6.8,0.0,3.2,71.0
66463,416,18.64126984126984,20.11904761904762,19.05396825396825,6.8,0.0,8.0,70.0
67363,416,18.43015873015873,20.828125,20.46875,6.8,0.0,6.4,71.0
68263,416,18.116666666666667,22.73684210526316,22.097368421052632,6.6,0.0,4.8,73.0
69163,416,17.897368421052633,24.147058823529413,23.03235294117647,6.4,0.0,3.2,74.0
70063,416,17.684375,23.803571428571427,22.807142857142857,6.2,0.0,3.2,75.0
70963,416,17.558333333333334,25.89166666666667,24.32,6.1,0.0,4.8,75.0
71863,416,17.494285714285716,25.632653061224488,24.587755102040816,5.9,0.0,4.8,76.0
72763,416,17.4,24.192307692307693,22.84038461538461,5.7,0.0,4.8,77.0
73663,416,17.321951219512194,27.090909090909093,25.5939393939394,5.2,0.0,3.2,79.0
74563,416,17.317948717948717,29.20192307692308,27.54230769230769,4.9,0.0,3.2,80.0
75463,416,17.4,29.70833333333333,28.02083333333333,4.1,0.0,3.2,82.0
76363,416,17.442372881355933,33.4375,31.16428571428572,3.9,0.0,1.6,82.0
77263,416,17.592424242424244,35.28125,32.609375,3.3,0.0,0.0,85.0
78163,416,17.75245901639344,36.892857142857146,34.44857142857143,3.1,0.0,0.0,85.0
79063,416,17.841538461538462,34.03787878787879,31.995454545454542,2.7,0.0,1.6,87.0
79963,416,17.869230769230768,31.13235294117647,29.627941176470586,2.7,0.0,1.6,86.0
80863,416,17.8,30.318840579710145,28.10579710144928,2.3,0.0,0.0,87.0
81763,416,17.712244897959184,26.19402985074627,24.6089552238806,2.4,0.0,0.0,88.0
82663,416,17.676923076923078,21.883333333333333,20.945,2.8,0.0,3.2,86.0
83563,416,17.58679245283019,19.7536231884058,19.76086956521739,2.8,0.0,3.2,86.0
84463,416,18.02857142857143,19.444444444444446,20.35238095238095,2.9,0.0,3.2,85.0
85363,416,18.942,18.63432835820896,19.31044776119403,2.6,0.0,3.2,85.0
86263,416,18.38387096774193,17.5234375,17.2625,2.7,0.0,4.8,85.0
763,417,17.96153846153846,16.649253731343286,16.065671641791045,2.9,0.0,4.8,84.0
1663,417,17.5015625,16.176470588235293,15.614705882352942,2.9,0.0,4.8,84.0
2563,417,17.172857142857143,16.0,15.336363636363638,3.0,0.0,4.8,83.0
3463,417,17.021428571428572,15.738095238095235,15.20714285714286,3.3,0.0,4.8,82.0
4363,417,,,,3.3,0.0,3.2,82.0
5263,417,16.7,15.5,14.8,3.6,0.0,3.2,81.0
6163,417,16.684615384615384,15.5,14.8,3.6,0.0,3.2,81.0
7063,417,16.6,15.430769230769233,14.795384615384616,3.6,0.0,1.6,82.0
7963,417,16.507462686567163,15.022058823529411,14.526470588235291,3.6,0.0,1.6,81.0
8863,417,16.5,15.0,14.5,3.4,0.0,1.6,81.0
9763,417,,,,3.3,0.0,0.0,82.0
10663,417,,,,3.3,0.0,1.6,83.0
11563,417,,,,3.4,0.0,3.2,83.0
12463,417,,,,3.4,0.0,1.6,82.0
13363,417,,,,3.4,0.0,1.6,83.0
14263,417,,,,3.3,0.0,1.6,83.0
15163,417,,,,3.2,0.0,0.0,83.0
16063,417,,,,2.9,0.0,0.0,84.0
16963,417,16.0,14.516129032258064,14.0,2.8,0.0,0.0,84.0
17863,417,15.964864864864865,14.5,14.0,2.7,0.0,0.0,85.0
18763,417,,,,2.7,0.0,0.0,85.0
19663,417,,,,2.5,0.0,0.0,85.0
20563,417,,,,2.4,0.0,0.0,85.0
21463,417,,,,2.4,0.0,1.6,84.0
22363,417,,,,2.3,0.0,0.0,85.0
23263,417,,,,2.0,0.0,0.0,86.0
24163,417,,,,1.8,0.0,1.6,87.0
25063,417,,,,1.7,0.0,0.0,87.0
25963,417,17.7,27.125,26.9625,1.6,0.0,0.0,88.0
26863,417,17.643333333333334,25.357142857142858,24.646031746031746,1.5,5.0,0.0,89.0
27763,417,17.58235294117647,26.83333333333333,24.066666666666663,1.6,9.0,0.0,89.0
28663,417,,,,1.7,23.0,0.0,89.0
29563,417,,,,1.7,32.0,0.0,89.0
30463,417,,,,1.7,35.0,0.0,89.0
31363,417,,,,1.8,39.0,0.0,89.0
32263,417,,,,2.1,46.0,0.0,89.0
33163,417,17.252083333333335,17.80952380952381,17.30952380952381,2.3,44.0,0.0,88.0
34063,417,17.06290322580645,17.0,16.53181818181818,2.7,44.0,3.2,87.0
34963,417,16.9,16.347826086956523,15.914492753623188,3.3,47.0,3.2,86.0
35863,417,16.773529411764706,16.0,15.469230769230768,4.4,53.0,4.8,81.0
36763,417,16.658730158730158,15.507575757575756,15.15909090909091,4.9,56.0,6.4,79.0
37663,417,16.6,15.5,14.964383561643835,6.0,287.0,6.4,75.0
38563,417,16.5046875,15.376923076923076,14.8,6.1,302.0,8.0,75.0
39463,417,16.5,15.0,14.69047619047619,6.5,371.0,6.4,73.0
40363,417,16.4359375,15.0,14.5,6.7,346.0,8.0,73.0
41263,417,16.4,15.0,14.5,6.9,360.0,9.7,71.0
42163,417,16.4,15.0,14.402857142857144,7.4,367.0,8.0,71.0
43063,417,16.32923076923077,15.0,14.3,7.3,371.0,8.0,68.0
43963,417,16.3,15.0,14.3,7.7,376.0,6.4,69.0
44863,417,16.3,15.0,14.3,8.1,383.0,8.0,64.0
45763,417,16.2578125,14.96875,14.3,8.3,383.0,6.4,60.0
46663,417,16.2,14.5327868852459,14.068852459016393,8.8,436.0,3.2,60.0
47563,417,16.17966101694915,14.5,14.0,8.7,478.0,4.8,58.0
48463,417,16.1,14.5,14.0,7.1,149.0,9.7,73.0
49363,417,16.088709677419352,14.5,14.0,7.1,243.0,9.7,73.0
50263,417,16.0,14.5,14.0,7.0,139.0,6.4,74.0
51163,417,15.98709677419355,14.5,13.98840579710145,6.9,162.0,6.4,75.0
52063,417,15.9,14.5,13.87826086956522,6.7,174.0,6.4,77.0
52963,417,15.9,14.5,13.808823529411764,6.7,149.0,6.4,76.0
53863,417,15.8171875,14.5,13.8,6.6,109.0,4.8,77.0
54763,417,15.8,14.5,13.8,6.4,95.0,4.8,78.0
55663,417,15.75079365079365,14.5,13.8,6.1,67.0,4.8,79.0
56563,417,15.7,14.5,13.8,6.1,53.0,4.8,80.0
57463,417,15.68695652173913,14.5,13.8,5.8,39.0,3.2,81.0
58363,417,15.6,14.5,13.8,5.8,33.0,3.2,82.0
59263,417,15.604615384615386,27.38970588235294,22.423529411764708,5.9,39.0,3.2,82.0
60163,417,15.938805970149255,45.38028169014085,43.96901408450704,5.9,33.0,3.2,81.0
61063,417,16.44142857142857,49.64925373134328,46.30149253731343,5.8,14.0,4.8,83.0
61963,417,17.133333333333333,48.41964285714285,45.95892857142857,5.8,11.0,6.4,83.0
62863,417,17.559322033898304,40.789855072463766,38.68260869565218,5.6,0.0,6.4,82.0
63763,417,17.723076923076924,39.040983606557376,37.34426229508197,5.5,0.0,4.8,83.0
64663,417,17.737704918032787,33.83064516129032,32.19032258064516,5.3,0.0,6.4,84.0
65563,417,17.66875,31.96875,30.659375,5.3,0.0,6.4,84.0
66463,417,17.555384615384618,26.21212121212121,25.581818181818186,5.2,0.0,8.0,83.0
67363,417,17.423529411764708,25.041666666666664,24.24833333333333,5.1,0.0,9.7,80.0
68263,417,17.256923076923076,24.045454545454547,23.337878787878783,4.8,0.0,9.7,80.0
69163,417,17.10615384615385,23.97826086956522,23.163768115942027,4.9,0.0,11.3,80.0
70063,417,16.938095238095237,23.36567164179105,22.61492537313433,4.8,0.0,11.3,79.0
70963,417,16.81846153846154,24.111940298507463,23.002985074626867,4.8,0.0,9.7,79.0
71863,417,16.714754098360654,23.52173913043478,22.56231884057971,4.6,0.0,11.3,80.0
72763,417,16.75846153846154,42.91935483870968,36.501612903225805,4.5,0.0,9.7,80.0
73663,417,17.30151515151515,40.43650793650794,38.38095238095238,4.4,0.0,11.3,80.0
74563,417,17.684615384615384,39.669230769230765,38.0323076923077,4.3,0.0,12.9,81.0
75463,417,17.876470588235293,37.0,35.105970149253736,4.2,0.0,9.7,81.0
76363,417,18.02413793103448,37.0546875,35.2484375,4.2,0.0,9.7,81.0
77263,417,18.1,34.39393939393939,32.734848484848484,4.3,0.0,8.0,79.0
78163,417,18.0890625,32.377049180327866,31.14590163934426,4.3,0.0,8.0,79.0
79063,417,17.9390625,26.838709677419352,26.101612903225806,3.9,0.0,4.8,81.0
79963,417,17.70175438596491,28.70338983050848,26.80508474576272,3.9,0.0,8.0,81.0
80863,417,17.560294117647057,41.784615384615385,38.08769230769231,3.8,0.0,12.9,83.0
81763,417,17.689230769230768,32.78358208955224,32.42388059701493,3.8,0.0,11.3,83.0
82663,417,17.597101449275364,25.83333333333333,25.67272727272728,3.7,0.0,11.3,83.0
83563,417,17.422727272727272,21.65441176470588,21.294117647058822,3.6,0.0,8.0,84.0
84463,417,17.204545454545453,19.12686567164179,18.67313432835821,3.5,0.0,9.7,84.0
85363,417,16.963235294117645,17.66417910447761,17.440298507462686,3.5,0.0,11.3,84.0
86263,417,16.8968253968254,17.735714285714288,19.07857142857143,3.3,0.0,12.9,85.0
763,418,16.8,16.992537313432837,16.617910447761194,3.2,0.0,11.3,85.0
1663,418,16.715873015873015,16.176470588235293,15.519117647058824,3.0,0.0,12.9,86.0
2563,418,16.586956521739133,15.65,15.04857142857143,3.0,0.0,11.3,86.0
3463,418,16.484057971014494,15.440298507462686,14.782089552238808,3.1,0.0,12.9,84.0
4363,418,16.377611940298507,15.0,14.5,3.1,0.0,11.3,84.0
5263,418,16.27846153846154,15.0,14.398461538461538,3.1,0.0,11.3,83.0
6163,418,16.2,15.0,14.3,3.1,0.0,11.3,83.0
7063,418,16.1078125,14.946153846153845,14.263076923076923,3.1,0.0,11.3,82.0
7963,418,16.038235294117648,14.507462686567164,14.0,3.0,0.0,12.9,83.0
8863,418,15.973015873015871,14.5,14.0,2.8,0.0,12.9,79.0
9763,418,15.9,14.5,14.0,2.8,0.0,12.9,77.0
10663,418,,,,2.6,0.0,14.5,79.0
11563,418,,,,2.5,0.0,16.1,80.0
12463,418,,,,2.4,0.0,14.5,79.0
13363,418,,,,2.6,0.0,12.9,78.0
14263,418,,,,2.6,0.0,16.1,76.0
15163,418,,,,2.4,0.0,14.5,78.0
16063,418,,,,2.2,0.0,12.9,80.0
16963,418,,,,2.1,0.0,12.9,82.0
17863,418,15.3,14.0,13.5,1.6,0.0,14.5,84.0
18763,418,15.3,14.0,13.5,1.7,0.0,12.9,84.0
19663,418,15.258823529411766,16.4875,14.3775,1.9,0.0,14.5,82.0
20563,418,,,,1.9,0.0,16.1,82.0
21463,418,,,,2.2,0.0,17.7,81.0
22363,418,,,,2.2,0.0,19.3,81.0
23263,418,,,,2.2,0.0,16.1,80.0
24163,418,,,,2.2,0.0,17.7,84.0
25063,418,,,,1.9,0.0,17.7,87.0
25963,418,,,,1.8,0.0,19.3,87.0
26863,418,17.0,26.0,24.5,1.8,9.0,20.9,88.0
27763,418,17.0,27.338709677419352,25.65806451612903,1.9,16.0,20.9,87.0
28663,418,16.928,30.04901960784314,26.30588235294117,1.8,35.0,19.3,88.0
29563,418,,,,2.5,47.0,19.3,85.0
30463,418,,,,2.5,25.0,22.5,85.0
31363,418,,,,2.3,28.0,20.9,86.0
32263,418,,,,2.4,32.0,20.9,86.0
33163,418,,,,2.4,33.0,19.3,85.0
34063,418,,,,2.8,40.0,22.5,83.0
34963,418,,,,3.1,42.0,19.3,83.0
35863,418,,,,3.4,46.0,17.7,82.0
36763,418,15.801818181818184,14.5,13.814814814814817,3.6,54.0,16.1,80.0
37663,418,15.8,14.5,13.8,4.4,322.0,16.1,79.0
38563,418,,,,4.5,338.0,16.1,78.0
39463,418,,,,5.2,362.0,14.5,75.0
40363,418,,,,5.6,385.0,11.3,74.0
41263,418,,,,6.2,422.0,9.7,72.0
42163,418,,,,6.3,401.0,8.0,73.0
43063,418,,,,6.5,197.0,8.0,70.0
43963,418,15.6,14.0,13.3,5.9,218.0,6.4,72.0
44863,418,15.534375,14.0,13.3,6.3,265.0,9.7,67.0
45763,418,15.5,14.0,13.3,6.1,195.0,9.7,70.0
46663,418,15.5,14.0,13.3,5.7,123.0,9.7,71.0
47563,418,15.443076923076925,13.992537313432836,13.116417910447762,5.6,130.0,8.0,71.0
48463,418,15.4,13.920289855072465,13.0,5.7,79.0,6.4,72.0
49363,418,15.329850746268656,13.582089552238807,13.0,5.4,67.0,8.0,73.0
50263,418,15.3,13.5,13.0,5.2,62.0,9.7,73.0
51163,418,15.269230769230768,13.5,13.0,5.1,56.0,12.9,73.0
52063,418,15.2,13.5,13.0,4.9,77.0,9.7,74.0
52963,418,15.192537313432837,13.5,13.0,4.9,62.0,9.7,74.0
53863,418,15.1,13.5,12.88,4.7,33.0,12.9,74.0
54763,418,15.09375,13.5,12.8,4.6,32.0,11.3,74.0
55663,418,15.0,13.5,12.8,4.4,28.0,11.3,75.0
56563,418,15.0,13.5,12.8,4.3,21.0,11.3,76.0
57463,418,14.9296875,13.5,12.8,4.2,23.0,9.7,76.0
58363,418,14.9,13.5,12.8,4.0,18.0,9.7,77.0
59263,418,14.892424242424244,27.30769230769231,22.12,3.9,16.0,9.7,78.0
60163,418,15.532258064516128,37.323076923076925,35.35692307692308,3.8,9.0,9.7,78.0
61063,418,16.285074626865672,48.75,43.78676470588236,3.8,5.0,4.8,79.0
61963,418,17.271875,51.21311475409836,47.47868852459017,3.7,0.0,8.0,79.0
62863,418,17.887301587301586,44.919117647058826,41.27794117647058,3.6,0.0,4.8,80.0
63763,418,18.096666666666668,41.09230769230769,38.09538461538462,3.6,0.0,6.4,79.0
64663,418,17.971212121212123,36.95588235294117,34.45735294117647,3.5,0.0,4.8,80.0
65563,418,17.93125,48.63432835820896,43.03731343283582,3.4,0.0,4.8,80.0
66463,418,18.47258064516129,53.5072463768116,48.992753623188406,3.3,0.0,6.4,80.0
67363,418,18.868115942028982,43.06153846153846,40.58769230769231,3.3,0.0,4.8,80.0
68263,418,18.8231884057971,48.80882352941176,44.06764705882353,2.8,0.0,11.3,80.0
69163,418,19.0089552238806,50.67460317460318,47.03333333333333,2.6,0.0,9.7,81.0
70063,418,19.1,50.60714285714285,46.471428571428575,2.4,0.0,16.1,80.0
70963,418,19.12153846153846,48.90151515151515,45.02878787878788,2.3,0.0,16.1,80.0
71863,418,19.2688524590164,50.7109375,46.5875,2.2,0.0,17.7,80.0
72763,418,19.39807692307692,51.560344827586206,47.57241379310345,2.1,0.0,17.7,79.0
73663,418,19.47931034482759,47.595238095238095,44.44603174603175,2.2,0.0,19.3,77.0
74563,418,19.214285714285715,49.3125,44.8375,2.2,0.0,19.3,77.0
75463,418,19.11449275362319,52.0,48.54333333333334,2.1,0.0,16.1,76.0
76363,418,19.083870967741937,43.95652173913044,41.62608695652174,1.7,0.0,14.5,79.0
77263,418,18.84285714285714,36.86764705882353,36.12205882352941,1.6,0.0,14.5,79.0
78163,418,18.57205882352941,32.21774193548387,32.35967741935484,1.4,0.0,14.5,80.0
79063,418,18.325806451612905,29.295454545454543,29.639393939393937,1.4,0.0,16.1,80.0
79963,418,18.0703125,27.59016393442624,27.508196721311474,1.6,0.0,22.5,80.0
80863,418,17.814754098360655,26.0530303030303,25.65151515151515,1.2,0.0,20.9,81.0
81763,418,17.605882352941176,21.77272727272728,19.71060606060606,1.2,0.0,24.1,81.0
82663,418,17.413432835820895,20.25423728813559,20.14237288135593,0.9,0.0,19.3,82.0
83563,418,17.45230769230769,18.77777777777778,18.51904761904762,0.9,0.0,19.3,82.0
84463,418,18.564615384615387,18.52380952380953,18.795238095238098,0.9,0.0,22.5,82.0
85363,418,18.02063492063492,17.308823529411764,16.786764705882355,0.9,0.0,20.9,82.0
86263,418,17.45820895522388,16.321428571428573,15.697142857142856,0.7,0.0,12.9,82.0
763,419,16.98548387096774,15.828358208955224,15.165671641791045,0.7,0.0,14.5,82.0
1663,419,16.765671641791045,15.5,14.887323943661972,0.6,0.0,6.4,83.0
2563,419,16.630434782608695,15.176923076923078,14.62,0.5,0.0,4.8,83.0
3463,419,16.6,,,0.3,0.0,3.2,84.0
4363,419,,,,0.3,0.0,4.8,83.0
5263,419,,,,0.1,0.0,4.8,84.0
6163,419,,,,-0.1,0.0,6.4,84.0
7063,419,,,,0.0,0.0,4.8,84.0
7963,419,,,,-0.1,0.0,4.8,84.0
8863,419,,,,-0.6,0.0,3.2,85.0
9763,419,,,,-0.7,0.0,4.8,86.0
10663,419,15.732142857142858,14.0,13.5,-0.8,0.0,4.8,87.0
11563,419,15.7,14.0,13.5,-0.9,0.0,6.4,87.0
12463,419,15.603846153846154,14.0,13.5,-0.9,0.0,6.4,87.0
13363,419,,,,-1.0,0.0,6.4,87.0
14263,419,,,,-1.1,0.0,4.8,88.0
15163,419,,,,-1.2,0.0,3.2,88.0
16063,419,,,,-0.8,0.0,9.7,86.0
16963,419,,,,-1.1,0.0,6.4,87.0
17863,419,,,,-1.3,0.0,4.8,88.0
18763,419,,,,-1.3,0.0,6.4,88.0
19663,419,15.2,50.125,44.15,-1.3,0.0,4.8,88.0
20563,419,15.436363636363636,42.13235294117647,40.41176470588236,-1.5,0.0,3.2,88.0
21463,419,15.83728813559322,49.903225806451616,44.94193548387097,-1.9,0.0,3.2,89.0
22363,419,,,,-2.0,0.0,1.6,89.0
23263,419,,,,-1.9,0.0,4.8,90.0
24163,419,,,,-1.6,0.0,8.0,89.0
25063,419,,,,-1.2,0.0,8.0,87.0
25963,419,,,,-1.0,0.0,8.0,86.0
26863,419,,,,-1.9,9.0,8.0,89.0
27763,419,,,,-2.0,12.0,8.0,89.0
28663,419,,,,-1.8,26.0,6.4,89.0
29563,419,16.6,38.131578947368425,35.38421052631579,-1.7,47.0,6.4,89.0
30463,419,16.6,38.338235294117645,35.675,-1.4,51.0,4.8,89.0
31363,419,16.6,39.01538461538461,36.34923076923077,-1.3,65.0,4.8,89.0
32263,419,16.6,32.63970588235294,29.21617647058824,-0.6,74.0,4.8,87.0
33163,419,16.503174603174603,23.57692307692308,20.66923076923077,-0.2,69.0,6.4,84.0
34063,419,16.31230769230769,19.42753623188406,17.755072463768116,-0.1,76.0,6.4,81.0
34963,419,16.133333333333333,17.34328358208955,16.338805970149256,0.1,76.0,4.8,81.0
35863,419,15.95151515151515,16.2,15.487692307692308,0.5,86.0,6.4,80.0
36763,419,15.82058823529412,15.441666666666666,14.893333333333334,0.6,90.0,4.8,80.0
37663,419,15.70735294117647,15.0,14.459375,1.4,283.0,6.4,77.0
38563,419,15.616666666666664,14.635714285714286,14.214285714285714,1.6,316.0,6.4,76.0
39463,419,15.554545454545451,14.5,13.991044776119404,2.7,346.0,6.4,75.0
40363,419,15.5,14.462686567164178,13.80597014925373,2.6,338.0,9.7,74.0
41263,419,15.431818181818182,14.0,13.716176470588234,3.2,288.0,8.0,73.0
42163,419,15.4,14.0,13.5,3.3,285.0,6.4,72.0
43063,419,15.316666666666666,14.0,13.5,4.0,207.0,6.4,68.0
43963,419,15.3,14.0,13.388524590163934,4.1,243.0,9.7,66.0
44863,419,15.267142857142858,14.0,13.3,4.7,329.0,14.5,66.0
45763,419,15.2,14.0,13.3,4.8,313.0,14.5,66.0
46663,419,15.2,13.858208955223882,13.3,5.4,357.0,11.3,64.0
47563,419,15.132307692307691,13.515873015873016,13.123809523809523,5.2,320.0,12.9,65.0
48463,419,15.1,13.5,13.0,5.6,269.0,14.5,65.0
49363,419,15.096969696969698,13.5,13.0,5.7,278.0,11.3,64.0
50263,419,15.005714285714284,13.5,13.0,5.2,241.0,16.1,66.0
51163,419,15.0,13.5,13.0,5.2,100.0,17.7,64.0
52063,419,14.968656716417913,13.5,12.99047619047619,5.1,156.0,16.1,68.0
52963,419,14.9,13.5,12.815384615384616,4.8,171.0,17.7,69.0
53863,419,14.89090909090909,13.5,12.8,4.6,116.0,17.7,67.0
54763,419,14.8,13.5,12.8,4.4,116.0,17.7,67.0
55663,419,14.8,13.5,12.8,4.8,181.0,11.3,68.0
56563,419,14.70735294117647,13.5,12.8,4.6,134.0,16.1,67.0
57463,419,14.7,13.5,12.8,4.3,84.0,12.9,68.0
58363,419,14.609523809523813,13.5,12.8,4.2,74.0,11.3,68.0
59263,419,14.604761904761904,28.291666666666668,22.73,3.9,51.0,12.9,71.0
60163,419,14.946875,49.873134328358205,46.54477611940298,3.8,44.0,16.1,72.0
61063,419,15.656716417910449,52.57692307692307,48.63384615384616,3.4,23.0,14.5,73.0
61963,419,16.309375,46.27272727272727,43.084848484848486,3.4,18.0,12.9,73.0
62863,419,16.635384615384616,35.78260869565217,33.6231884057971,2.9,0.0,8.0,77.0
63763,419,16.7,36.2,34.196666666666665,2.8,0.0,9.7,77.0
64663,419,16.665079365079364,32.08620689655173,30.53448275862069,2.7,0.0,14.5,78.0
65563,419,16.568656716417912,29.22058823529412,27.93382352941176,2.5,0.0,14.5,78.0
66463,419,16.443939393939395,27.01470588235294,25.86617647058824,2.3,0.0,14.5,78.0
67363,419,16.31230769230769,27.74242424242424,26.184848484848487,2.3,0.0,17.7,78.0
68263,419,16.2,27.1,25.660000000000004,2.3,0.0,19.3,77.0
69163,419,16.090625,27.58196721311475,25.94590163934426,2.2,0.0,20.9,77.0
70063,419,15.990769230769232,27.11904761904762,25.655555555555555,2.2,0.0,27.4,77.0
70963,419,15.9,27.95384615384616,26.261538461538464,2.2,0.0,22.5,78.0
71863,419,15.9,27.2910447761194,25.88955223880597,1.9,0.0,19.3,78.0
72763,419,15.847619047619048,28.616666666666667,26.781666666666663,1.9,0.0,24.1,78.0
73663,419,15.8,27.92753623188405,26.43478260869565,1.6,0.0,22.5,78.0
74563,419,15.8,29.053846153846155,27.273846153846154,1.6,0.0,25.7,78.0
75463,419,15.8,28.753846153846155,27.104615384615386,1.6,0.0,29.0,78.0
76363,419,15.883333333333336,29.962686567164177,28.156716417910445,1.5,0.0,25.7,78.0
77263,419,15.9,29.407692307692308,27.787692307692303,1.6,0.0,22.5,78.0
78163,419,15.933846153846153,30.340909090909093,28.527272727272724,1.6,0.0,22.5,79.0
79063,419,16.0,29.88805970149254,28.23134328358209,1.4,0.0,20.9,79.0
79963,419,16.06818181818182,31.65079365079365,29.46190476190476,1.4,0.0,20.9,79.0
80863,419,16.2859375,44.25757575757576,40.412121212121214,1.2,0.0,19.3,79.0
81763,419,16.701470588235292,42.2457627118644,40.81016949152543,1.1,0.0,17.7,79.0
82663,419,16.8859375,38.40909090909091,35.93484848484849,0.8,0.0,14.5,80.0
83563,419,17.152173913043477,48.72222222222222,46.56507936507937,0.7,0.0,16.1,80.0
84463,419,17.45593220338983,50.92982456140351,47.83859649122808,0.7,0.0,24.1,77.0
85363,419,17.792307692307695,49.81617647058824,46.85735294117647,0.6,0.0,22.5,78.0
86263,419,17.983870967741936,40.09322033898305,36.57627118644068,0.5,0.0,20.9,78.0
763,420,17.89090909090909,28.67391304347826,27.5536231884058,0.4,0.0,22.5,78.0
1663,420,17.5859375,22.977272727272727,22.574242424242424,0.4,0.0,20.9,78.0
2563,420,17.310526315789474,19.7625,18.285,0.2,0.0,19.3,79.0
3463,420,,,,0.1,0.0,19.3,80.0
4363,420,16.437037037037037,16.442307692307693,15.73846153846154,0.1,0.0,20.9,80.0
5263,420,16.22153846153846,15.757142857142858,15.088571428571427,-0.1,0.0,20.9,81.0
6163,420,15.99090909090909,15.1171875,14.4859375,-0.1,0.0,19.3,81.0
7063,420,15.8,14.746153846153844,14.156923076923077,-0.1,0.0,19.3,81.0
7963,420,15.62794117647059,14.5,13.891428571428571,-0.2,0.0,19.3,81.0
8863,420,15.472058823529412,14.217391304347824,13.634782608695652,-0.2,0.0,16.1,81.0
9763,420,15.340579710144928,14.0,13.473529411764709,-0.3,0.0,12.9,82.0
10663,420,15.2390625,14.0,13.3,-0.3,0.0,12.9,82.0
11563,420,15.132835820895522,14.0,13.2765625,-0.4,0.0,9.7,82.0
12463,420,15.042424242424245,13.62878787878788,13.013636363636362,-0.4,0.0,8.0,82.0
13363,420,14.97391304347826,13.5,13.0,-0.4,0.0,6.4,82.0
14263,420,14.896969696969697,13.5,12.94782608695652,-0.8,0.0,3.2,84.0
15163,420,14.8,13.5,12.802985074626866,-0.8,0.0,6.4,84.0
16063,420,14.732835820895522,13.5,12.8,-0.6,0.0,8.0,84.0
16963,420,14.675714285714289,13.5,12.8,-0.7,0.0,8.0,84.0
17863,420,14.6,13.5,12.571641791044776,-0.7,0.0,8.0,85.0
18763,420,14.50983606557377,13.164179104477611,12.5,-0.7,0.0,6.4,85.0
19663,420,14.464383561643835,13.0,12.5,-0.8,0.0,8.0,85.0
20563,420,14.4,13.0,12.5,-0.7,0.0,12.9,85.0
21463,420,14.365151515151515,24.86231884057971,20.10434782608696,-0.7,0.0,12.9,85.0
22363,420,14.659574468085106,46.98461538461539,43.86,-0.7,0.0,11.3,85.0
23263,420,15.130769230769232,44.028985507246375,41.11449275362319,-0.8,0.0,9.7,86.0
24163,420,15.543478260869566,47.23529411764706,44.83235294117647,-0.9,0.0,8.0,86.0
25063,420,15.9,40.68382352941176,38.18235294117647,-1.3,0.0,1.6,87.0
25963,420,16.203076923076924,49.96923076923077,45.43384615384616,-1.6,0.0,3.2,88.0
26863,420,16.6,51.06349206349206,48.05714285714286,-0.8,12.0,11.3,86.0
27763,420,16.8,51.761538461538464,48.55230769230769,-0.8,21.0,8.0,86.0
28663,420,16.897014925373135,52.51470588235294,48.94117647058824,-0.6,42.0,6.4,86.0
29563,420,17.057971014492754,52.14084507042254,48.61971830985915,-0.3,56.0,4.8,86.0
30463,420,17.274242424242424,47.713235294117645,44.73823529411764,0.1,69.0,4.8,84.0
31363,420,17.3375,52.62698412698413,49.20952380952381,0.2,62.0,6.4,84.0
32263,420,17.641176470588235,53.34558823529412,49.62352941176471,0.3,69.0,11.3,84.0
33163,420,17.9796875,52.77536231884058,49.494202898550725,0.3,79.0,11.3,84.0
34063,420,18.216129032258063,50.72307692307693,47.51384615384615,1.0,97.0,12.9,83.0
34963,420,18.388059701492537,48.10144927536232,45.35652173913044,1.4,113.0,19.3,81.0
35863,420,18.49180327868853,46.53787878787879,43.66363636363637,1.7,114.0,19.3,80.0
36763,420,18.54262295081967,46.77941176470589,43.87352941176471,2.3,156.0,17.7,78.0
37663,420,18.671666666666667,47.76086956521739,44.5536231884058,2.7,271.0,20.9,76.0
38563,420,18.826829268292684,47.16176470588236,44.56617647058824,2.7,216.0,19.3,75.0
39463,420,18.97826086956522,37.02205882352941,35.0,2.9,216.0,16.1,74.0
40363,420,18.815,45.78787878787879,42.85909090909091,3.3,230.0,14.5,73.0
41263,420,18.80983606557377,45.1,42.55538461538462,3.4,355.0,17.7,71.0
42163,420,18.93,47.58088235294117,44.72352941176471,3.6,304.0,17.7,70.0
43063,420,19.0515625,49.60869565217392,46.60434782608696,3.7,306.0,19.3,69.0
43963,420,19.223728813559323,51.42028985507246,48.7536231884058,4.2,378.0,19.3,68.0
44863,420,19.3,50.73076923076923,47.93384615384616,4.6,436.0,19.3,66.0
45763,420,19.3,47.85294117647059,45.57205882352942,4.9,397.0,17.7,63.0
46663,420,19.3439393939394,48.088235294117645,45.22352941176471,5.2,413.0,19.3,61.0
47563,420,19.4359375,50.223880597014926,47.27014925373134,5.3,397.0,19.3,59.0
48463,420,19.550819672131148,51.10769230769231,48.24,5.5,339.0,17.7,58.0
49363,420,19.6,51.31617647058823,48.686764705882354,5.6,290.0,17.7,57.0
50263,420,19.66307692307692,51.421875,48.3515625,5.6,193.0,17.7,54.0
51163,420,19.7,51.19402985074627,48.25671641791045,5.6,144.0,17.7,53.0
52063,420,19.76734693877551,53.10144927536233,49.29420289855072,5.9,109.0,16.1,53.0
52963,420,19.76,51.11764705882353,48.55735294117647,6.2,127.0,12.9,52.0
53863,420,19.575,48.05384615384615,45.02923076923077,6.1,146.0,16.1,54.0
54763,420,19.486666666666668,48.73015873015873,45.7031746031746,6.1,193.0,14.5,53.0
55663,420,19.4,48.67460317460318,45.86507936507937,5.9,121.0,14.5,53.0
56563,420,19.3,46.887931034482754,44.20172413793104,5.7,93.0,16.1,52.0
57463,420,19.0936170212766,35.69,33.186,5.6,88.0,12.9,55.0
58363,420,19.082758620689653,46.57758620689656,42.87241379310345,5.4,65.0,14.5,55.0
59263,420,19.389130434782608,53.088235294117645,49.22549019607843,5.1,32.0,12.9,59.0
60163,420,,,,4.8,23.0,9.7,62.0
61063,420,,,,4.2,26.0,11.3,65.0
61963,420,,,,4.1,18.0,11.3,67.0
62863,420,,,,3.6,5.0,9.7,68.0
63763,420,20.10434782608696,42.61111111111111,39.74444444444445,3.4,0.0,12.9,69.0
64663,420,19.99122807017544,52.6,49.32,2.7,0.0,14.5,73.0
65563,420,19.9,53.95454545454545,50.63818181818182,2.4,0.0,17.7,73.0
66463,420,19.884375,52.7578125,49.71875,2.3,0.0,12.9,74.0
67363,420,19.8,49.88135593220339,47.95762711864407,2.2,0.0,12.9,74.0
68263,420,19.70487804878049,52.16666666666666,49.1,2.0,0.0,17.7,76.0
69163,420,19.764150943396224,51.92857142857143,49.426785714285714,1.8,0.0,14.5,77.0
70063,420,19.85681818181818,53.48979591836735,50.40612244897959,1.2,0.0,12.9,79.0
70963,420,20.03333333333333,53.0,50.00625,1.2,0.0,16.1,80.0
71863,420,20.155384615384616,53.71311475409836,50.45573770491804,1.0,0.0,19.3,82.0
72763,420,20.2,49.60655737704919,47.38688524590164,1.3,0.0,22.5,82.0
73663,420,20.2,51.41666666666666,48.25757575757576,1.5,0.0,22.5,81.0
74563,420,20.11639344262295,52.659090909090914,48.07424242424243,1.7,0.0,25.7,81.0
75463,420,20.175806451612903,52.7536231884058,48.40434782608696,1.4,0.0,20.9,81.0
76363,420,20.288235294117648,48.86363636363636,45.584848484848486,1.4,0.0,19.3,82.0
77263,420,20.215151515151515,48.53676470588236,44.39264705882353,1.4,0.0,20.9,82.0
78163,420,20.18125,43.5859375,40.5703125,1.3,0.0,22.5,82.0
79063,420,20.01818181818182,37.86153846153847,35.206153846153846,1.1,0.0,25.7,83.0
79963,420,19.803030303030305,35.10294117647059,32.902941176470584,0.9,0.0,27.4,84.0
80863,420,19.47826086956522,31.78030303030303,29.995454545454542,0.7,0.0,27.4,85.0
81763,420,19.185714285714287,33.2089552238806,30.98059701492537,0.7,0.0,27.4,85.0
82663,420,18.90735294117647,29.285714285714285,27.587301587301585,0.8,0.0,29.0,84.0
83563,420,18.71384615384616,23.772058823529413,22.114705882352943,0.8,0.0,27.4,84.0
84463,420,18.4609375,19.924242424242426,18.28030303030303,0.7,0.0,22.5,84.0
85363,420,18.2125,18.083333333333336,16.918181818181818,0.6,0.0,17.7,84.0
86263,420,18.042424242424243,17.161971830985916,16.171830985915495,0.3,0.0,16.1,85.0
763,421,17.84848484848485,16.75,16.35441176470588,0.2,0.0,16.1,86.0
1663,421,17.682608695652174,17.116666666666667,16.988333333333333,-0.1,0.0,11.3,87.0
2563,421,17.563636363636363,16.59848484848485,16.03787878787879,-0.3,0.0,9.7,87.0
3463,421,17.6,17.0,16.65,-0.6,0.0,11.3,87.0
4363,421,,,,-0.4,0.0,14.5,88.0
5263,421,,,,-0.2,0.0,11.3,87.0
6163,421,,,,-0.3,0.0,11.3,87.0
7063,421,,,,0.0,0.0,11.3,87.0
7963,421,,,,-0.3,0.0,8.0,87.0
8863,421,,,,-0.6,0.0,6.4,89.0
9763,421,,,,-0.6,0.0,9.7,89.0
10663,421,17.1,15.0,14.0,-0.6,0.0,8.0,88.0
11563,421,17.00588235294118,15.0,14.0,-0.6,0.0,8.0,89.0
12463,421,16.934,15.0,14.0,-0.6,0.0,11.3,89.0
13363,421,,,,-0.6,0.0,12.9,89.0
14263,421,,,,-0.6,0.0,12.9,89.0
15163,421,,,,-0.5,0.0,12.9,89.0
16063,421,,,,-0.4,0.0,11.3,89.0
16963,421,,,,-0.4,0.0,11.3,88.0
17863,421,,,,-0.4,0.0,11.3,88.0
18763,421,,,,-0.5,0.0,12.9,88.0
19663,421,,,,-0.7,0.0,11.3,89.0
20563,421,16.3,23.275,21.49,-0.6,0.0,11.3,89.0
21463,421,16.3,23.49206349206349,22.312698412698413,-0.7,0.0,12.9,89.0
22363,421,16.3,23.04385964912281,21.95263157894737,-0.4,0.0,16.1,88.0
23263,421,,,,-0.2,0.0,14.5,88.0
24163,421,,,,-0.2,0.0,12.9,87.0
25063,421,,,,-0.3,0.0,12.9,88.0
25963,421,,,,-0.3,0.0,12.9,88.0
26863,421,,,,0.1,9.0,16.1,86.0
27763,421,,,,0.2,12.0,16.1,86.0
28663,421,,,,0.8,37.0,16.1,85.0
29563,421,,,,1.0,53.0,16.1,84.0
30463,421,18.58723404255319,42.33695652173913,40.67826086956522,1.2,26.0,16.1,83.0
31363,421,18.488235294117647,41.56818181818182,39.25909090909091,1.3,26.0,17.7,82.0
32263,421,18.4,42.355555555555554,39.92888888888889,1.7,28.0,19.3,81.0
33163,421,,,,1.9,30.0,17.7,80.0
34063,421,,,,2.2,32.0,17.7,79.0
34963,421,,,,2.4,33.0,14.5,78.0
35863,421,,,,2.7,39.0,12.9,77.0
36763,421,,,,2.9,200.0,12.9,76.0
37663,421,,,,3.7,323.0,16.1,74.0
38563,421,,,,3.7,339.0,17.7,74.0
39463,421,,,,3.8,364.0,19.3,73.0
40363,421,19.741935483870968,49.59090909090909,46.14545454545454,4.2,374.0,17.7,73.0
41263,421,19.8,47.88636363636364,44.81515151515151,4.3,392.0,17.7,72.0
42163,421,,,,4.4,396.0,17.7,71.0
43063,421,,,,4.4,406.0,19.3,71.0
43963,421,,,,4.7,408.0,19.3,70.0
44863,421,,,,5.0,417.0,19.3,68.0
45763,421,,,,5.2,415.0,16.1,68.0
46663,421,,,,5.1,410.0,19.3,68.0
47563,421,,,,5.1,404.0,17.7,67.0
48463,421,,,,5.4,376.0,16.1,65.0
49363,421,20.19428571428572,51.65714285714286,47.65714285714286,5.3,220.0,16.1,64.0
50263,421,20.203636363636363,51.25471698113207,47.93962264150944,5.2,192.0,17.7,65.0
51163,421,,,,5.4,127.0,16.1,65.0
52063,421,,,,5.3,97.0,14.5,65.0
52963,421,20.25365853658537,42.02272727272727,40.04545454545455,5.4,153.0,16.1,63.0
53863,421,20.080701754385963,35.873134328358205,34.54776119402985,5.3,169.0,14.5,65.0
54763,421,19.806153846153848,32.1171875,30.4625,5.2,178.0,14.5,65.0
55663,421,19.60579710144928,42.43478260869565,38.07536231884058,5.1,169.0,16.1,65.0
56563,421,19.65806451612904,50.45454545454545,46.81666666666667,4.9,105.0,17.7,65.0
57463,421,19.81290322580645,51.24264705882352,47.65735294117647,4.7,100.0,16.1,65.0
58363,421,19.959375,50.59848484848485,47.806060606060605,4.4,70.0,17.7,66.0
59263,421,19.967241379310344,50.33636363636364,47.11818181818182,4.1,56.0,17.7,67.0
60163,421,19.90681818181818,52.05681818181819,48.49318181818182,3.9,35.0,16.1,68.0
61063,421,20.0,43.30612244897959,40.33469387755102,3.4,23.0,14.5,71.0
61963,421,20.0,47.809090909090905,44.75272727272727,3.1,16.0,16.1,72.0
62863,421,20.02173913043478,46.98461538461539,43.94461538461538,2.3,7.0,16.1,75.0
63763,421,20.0983870967742,46.05263157894737,42.62368421052632,2.1,0.0,16.1,75.0
64663,421,20.135185185185183,54.22727272727273,49.92424242424242,1.5,0.0,12.9,77.0
65563,421,20.33888888888889,53.25,49.8,1.4,0.0,12.9,78.0
66463,421,20.46578947368421,52.78378378378378,49.0945945945946,1.1,0.0,12.9,79.0
67363,421,20.5,52.765306122448976,49.52244897959184,0.9,0.0,12.9,79.0
68263,421,20.40701754385965,52.0,48.80196078431372,0.4,0.0,11.3,81.0
69163,421,20.34,51.741379310344826,49.58620689655173,0.4,0.0,12.9,80.0
70063,421,20.17843137254902,37.87037037037037,35.09444444444445,0.4,0.0,12.9,79.0
70963,421,19.94561403508772,43.38095238095238,40.006349206349206,0.2,0.0,11.3,79.0
71863,421,19.92666666666667,53.578125,50.1921875,-0.2,0.0,9.7,80.0
72763,421,20.05588235294117,51.97619047619048,49.27619047619048,-0.3,0.0,9.7,81.0
73663,421,20.1,52.34848484848485,49.46515151515151,-0.4,0.0,9.7,82.0
74563,421,20.1,52.64084507042254,49.73943661971831,-0.5,0.0,9.7,82.0
75463,421,20.1,52.55932203389831,50.2593220338983,-0.8,0.0,8.0,83.0
76363,421,20.05151515151515,47.98550724637681,45.7463768115942,-0.9,0.0,8.0,83.0
77263,421,20.0,50.22222222222222,47.77619047619048,-1.1,0.0,8.0,84.0
78163,421,20.18088235294117,53.45138888888889,49.88611111111111,-1.1,0.0,8.0,84.0
79063,421,20.55538461538461,53.47058823529412,50.15147058823529,-1.2,0.0,8.0,84.0
79963,421,20.748529411764707,52.07462686567165,48.744776119402985,-1.3,0.0,9.7,84.0
80863,421,20.88888888888889,47.76119402985075,44.51044776119403,-1.4,0.0,9.7,84.0
81763,421,20.81864406779661,35.507936507936506,33.387301587301586,-1.4,0.0,9.7,84.0
82663,421,20.51014492753623,26.0,23.919402985074623,-1.3,0.0,12.9,84.0
83563,421,20.033846153846152,22.37878787878788,20.271212121212123,-1.3,0.0,12.9,84.0
84463,421,19.575,20.02941176470588,18.727941176470587,-1.3,0.0,6.4,85.0
85363,421,19.65076923076923,20.094202898550726,20.63478260869565,-1.3,0.0,6.4,86.0
86263,421,20.133962264150945,18.83620689655172,18.35,-1.2,0.0,3.2,86.0
763,422,19.437704918032782,17.865671641791046,16.962686567164177,-1.2,0.0,4.8,86.0
1663,422,19.010169491525424,17.067164179104477,16.15223880597015,-0.9,0.0,4.8,85.0
2563,422,18.68448275862069,16.5,15.536111111111111,-0.8,0.0,4.8,85.0
3463,422,18.441538461538464,16.045454545454547,15.181818181818182,-0.4,0.0,9.7,84.0
4363,422,18.2,15.87878787878788,14.966666666666663,-0.3,0.0,9.7,83.0
5263,422,17.993846153846153,15.5,14.8,-0.2,0.0,8.0,83.0
6163,422,17.82295081967213,15.5,14.5609375,-0.2,0.0,6.4,83.0
7063,422,17.6578125,15.325757575757574,14.475757575757576,0.0,0.0,6.4,83.0
7963,422,17.491525423728813,15.0,14.3,0.0,0.0,6.4,83.0
8863,422,17.35820895522388,15.0,14.245,0.0,0.0,4.8,83.0
9763,422,17.242622950819673,15.0,14.0,0.0,0.0,4.8,83.0
10663,422,17.14,15.0,14.0,0.0,0.0,4.8,82.0
11563,422,17.029310344827586,14.669354838709676,13.893548387096777,0.0,0.0,3.2,83.0
12463,422,16.926984126984127,14.5,13.8,-0.1,0.0,4.8,82.0
13363,422,16.849180327868854,14.5,13.8,0.1,0.0,8.0,81.0
14263,422,16.786206896551725,14.5,13.795384615384616,0.2,0.0,6.4,81.0
15163,422,16.695081967213117,14.5,13.51875,0.2,0.0,8.0,81.0
16063,422,16.6,14.5,13.5,0.2,0.0,4.8,82.0
16963,422,16.528333333333332,14.5,13.5,0.2,0.0,6.4,82.0
17863,422,16.45245901639344,14.5,13.5,0.2,0.0,11.3,86.0
18763,422,16.37966101694915,14.5,13.5,0.2,0.0,11.3,86.0
19663,422,16.321875,30.1,25.28428571428572,0.4,0.0,12.9,88.0
20563,422,16.725396825396825,43.76470588235294,43.88970588235294,0.4,0.0,14.5,87.0
21463,422,17.136507936507936,42.54477611940298,42.55223880597015,0.5,0.0,12.9,85.0
22363,422,17.470491803278687,47.42424242424242,46.58181818181818,0.5,0.0,12.9,85.0
23263,422,17.804545454545455,45.82575757575758,44.345454545454544,0.5,0.0,11.3,83.0
24163,422,18.036206896551725,45.0,42.173529411764704,0.4,0.0,9.7,83.0
25063,422,18.1609375,36.25,32.91470588235294,0.5,0.0,12.9,81.0
25963,422,18.1,25.646153846153844,23.104615384615386,0.5,0.0,12.9,81.0
26863,422,17.95,25.42753623188406,24.43188405797101,0.6,0.0,14.5,80.0
27763,422,17.8,33.3515625,29.7671875,0.6,7.0,14.5,80.0
28663,422,17.92142857142857,46.25757575757576,43.19848484848485,0.7,12.0,14.5,80.0
29563,422,18.0,43.64492753623188,40.72753623188406,0.7,18.0,12.9,79.0
30463,422,18.1,36.07142857142857,31.96666666666667,0.7,25.0,12.9,78.0
31363,422,17.95714285714286,26.65277777777778,23.586111111111112,0.8,28.0,14.5,77.0
32263,422,17.739705882352943,21.7089552238806,19.811940298507466,0.8,60.0,17.7,78.0
33163,422,17.525396825396825,19.01538461538461,17.826153846153847,0.9,69.0,16.1,79.0
34063,422,17.343939393939394,17.47692307692308,16.663076923076922,1.0,70.0,14.5,79.0
34963,422,17.176470588235293,16.65151515151515,15.954545454545451,1.1,74.0,12.9,79.0
35863,422,17.036923076923078,16.02173913043478,15.420289855072465,1.2,100.0,12.9,79.0
36763,422,16.901449275362317,15.530303030303031,15.016666666666666,1.3,120.0,9.7,78.0
37663,422,16.7921875,15.384615384615383,14.726153846153846,1.4,60.0,12.9,78.0
38563,422,16.685294117647057,15.0,14.5,1.3,51.0,9.7,77.0
39463,422,16.6,15.0,14.349230769230768,1.6,169.0,12.9,77.0
40363,422,16.510606060606058,15.0,14.3,1.7,127.0,14.5,76.0
41263,422,16.452380952380953,14.86111111111111,14.072222222222225,1.7,200.0,17.7,75.0
42163,422,16.4,14.5,14.0,1.9,165.0,16.1,75.0
43063,422,16.356716417910448,14.5,13.9875,2.4,221.0,14.5,73.0
43963,422,16.267741935483873,14.5,13.809090909090909,2.4,141.0,14.5,71.0
44863,422,16.2,14.5,13.8,2.0,109.0,20.9,68.0
45763,422,16.142857142857142,14.5,13.8,1.8,120.0,19.3,73.0
46663,422,16.1,14.5,13.791044776119405,1.9,139.0,14.5,69.0
47563,422,16.013432835820897,14.5,13.526470588235291,1.9,172.0,14.5,72.0
48463,422,16.0,14.346153846153843,13.5,2.9,295.0,19.3,63.0
49363,422,15.902985074626866,14.007575757575756,13.5,2.9,169.0,17.7,62.0
50263,422,15.866176470588234,14.0,13.5,2.3,165.0,17.7,64.0
51163,422,15.8,14.0,13.5,2.2,114.0,16.1,64.0
52063,422,15.743076923076924,14.0,13.5,1.9,116.0,16.1,66.0
52963,422,15.7,14.2734375,13.6875,1.9,121.0,14.5,67.0
53863,422,15.67536231884058,14.0,13.5,1.6,158.0,16.1,67.0
54763,422,15.6,14.0,13.40153846153846,1.9,127.0,14.5,63.0
55663,422,15.5734375,14.0,13.303125,1.7,102.0,12.9,65.0
56563,422,15.5,14.0,13.3,1.8,56.0,12.9,63.0
57463,422,15.440625,14.0,13.366666666666664,1.6,62.0,14.5,63.0
58363,422,15.4,14.00735294117647,13.444117647058825,1.5,44.0,14.5,62.0
59263,422,15.404545454545453,31.602941176470587,26.10735294117647,1.2,26.0,14.5,61.0
60163,422,15.759701492537314,40.1484375,38.925,0.9,58.0,14.5,61.0
61063,422,16.228070175438596,46.985915492957744,43.47464788732394,0.8,37.0,9.7,62.0
61963,422,16.815873015873017,48.08461538461539,43.94615384615385,0.8,28.0,8.0,63.0
62863,422,17.258181818181818,40.36923076923077,37.598461538461535,0.5,11.0,6.4,62.0
63763,422,17.4,36.97727272727273,34.6469696969697,0.4,5.0,6.4,63.0
64663,422,17.36842105263158,30.171641791044777,27.69253731343284,0.3,0.0,4.8,65.0
65563,422,17.345762711864406,48.27941176470589,42.97352941176471,0.3,0.0,4.8,65.0
66463,422,17.753125,52.492537313432834,49.51641791044776,0.3,0.0,3.2,66.0
67363,422,18.22272727272728,53.4375,50.5203125,0.3,0.0,3.2,67.0
68263,422,18.59090909090909,52.60869565217392,49.8768115942029,0.2,0.0,1.6,68.0
69163,422,18.87741935483871,52.3955223880597,50.01194029850746,0.1,0.0,1.6,68.0
70063,422,19.04375,53.44202898550725,50.52173913043478,-0.2,0.0,0.0,70.0
70963,422,19.18805970149253,49.873134328358205,47.5,-0.4,0.0,0.0,70.0
71863,422,19.25633802816901,53.70588235294117,50.798529411764704,-1.3,0.0,0.0,73.0
72763,422,19.45909090909091,52.2421875,49.5171875,-1.7,0.0,0.0,75.0
73663,422,19.5719298245614,48.48550724637681,48.00434782608696,-1.9,0.0,0.0,76.0
74563,422,19.7,44.59558823529412,44.47941176470589,-1.8,0.0,0.0,77.0
75463,422,19.61090909090909,38.6865671641791,39.08805970149254,-1.4,0.0,0.0,77.0
76363,422,19.334482758620688,31.61029411764706,32.38088235294118,-1.2,0.0,0.0,77.0
77263,422,19.0044776119403,34.33846153846154,31.46,-1.0,0.0,0.0,76.0
78163,422,18.8,38.29545454545455,34.03787878787879,-1.0,0.0,0.0,77.0
79063,422,18.76969696969697,31.609375,29.9640625,-0.8,0.0,4.8,78.0
79963,422,18.62985074626865,47.11594202898551,42.37826086956522,-0.8,0.0,4.8,79.0
80863,422,18.833333333333336,50.80555555555556,48.730555555555554,-0.7,0.0,4.8,80.0
81763,422,19.0,43.87096774193548,41.84193548387097,-0.6,0.0,4.8,81.0
82663,422,19.0,43.76811594202898,41.65507246376812,-0.9,0.0,3.2,82.0
83563,422,18.96617647058824,34.80434782608695,32.14057971014493,-1.1,0.0,3.2,83.0
84463,422,18.75454545454545,25.9,23.591428571428573,-1.2,0.0,6.4,85.0
85363,422,18.47611940298508,22.12878787878788,21.32878787878788,-1.2,0.0,4.8,84.0
86263,422,18.15,19.1044776119403,17.738805970149254,-1.2,0.0,6.4,85.0
763,423,17.862121212121213,17.717391304347824,17.156521739130433,-1.3,0.0,8.0,85.0
1663,423,17.64776119402985,18.10144927536232,18.547826086956523,-1.3,0.0,8.0,85.0
2563,423,17.496825396825397,17.684210526315788,17.950877192982453,-1.4,0.0,9.7,85.0
3463,423,17.28125,16.765151515151516,16.042424242424243,-1.6,0.0,8.0,84.0
4363,423,17.07,15.88888888888889,15.106349206349208,-1.6,0.0,9.7,84.0
5263,423,16.887096774193548,15.5,14.64776119402985,-1.6,0.0,9.7,84.0
6163,423,16.75873015873016,15.024590163934423,14.395081967213116,-1.6,0.0,11.3,84.0
7063,423,16.62686567164179,15.0,14.220833333333337,-1.6,0.0,11.3,84.0
7963,423,16.506060606060608,14.801724137931036,14.0,-1.5,0.0,11.3,84.0
8863,423,16.4,14.5,13.936231884057973,-1.2,0.0,9.7,82.0
9763,423,16.29848484848485,14.5,13.8,-1.1,0.0,9.7,82.0
10663,423,16.2,14.5,13.8,-1.0,0.0,11.3,81.0
11563,423,16.13623188405797,14.5,13.59402985074627,-1.0,0.0,9.7,81.0
12463,423,16.068421052631578,14.476190476190476,13.5,-0.8,0.0,12.9,79.0
13363,423,16.0,14.037878787878787,13.5,-0.7,0.0,12.9,78.0
14263,423,15.910144927536232,14.0,13.49375,-0.7,0.0,12.9,80.0
15163,423,15.844444444444443,14.0,13.318181818181818,-0.7,0.0,12.9,79.0
16063,423,15.791935483870969,14.0,13.3,-0.7,0.0,11.3,79.0
16963,423,15.7,14.0,13.3,-0.7,0.0,9.7,79.0
17863,423,15.63235294117647,14.0,13.3,-0.5,0.0,8.0,81.0
18763,423,15.573333333333332,14.0,13.1078125,-0.4,0.0,8.0,80.0
19663,423,15.516417910447762,30.36764705882353,24.705882352941178,-0.3,0.0,6.4,90.0
20563,423,16.049230769230768,46.98529411764706,44.76617647058824,0.2,0.0,8.0,91.0
21463,423,16.6828125,50.621428571428574,47.09857142857143,0.1,0.0,11.3,91.0
22363,423,17.275,47.53521126760563,44.86619718309859,0.1,0.0,9.7,91.0
23263,423,17.580645161290324,36.19402985074627,33.76119402985075,0.3,0.0,8.0,90.0
24163,423,17.6,34.507462686567166,32.47761194029851,0.5,0.0,9.7,89.0
25063,423,17.471641791044778,30.63636363636364,29.00151515151515,0.6,0.0,14.5,91.0
25963,423,17.223880597014926,28.23134328358209,26.914925373134327,0.2,0.0,12.9,94.0
26863,423,16.96818181818182,25.81617647058824,24.76323529411765,0.3,12.0,9.7,95.0
27763,423,17.774603174603175,44.17692307692308,38.878461538461536,0.5,23.0,14.5,95.0
28663,423,17.821739130434782,48.36231884057971,46.33913043478261,0.6,26.0,14.5,93.0
29563,423,18.16818181818181,35.582089552238806,35.004477611940295,0.9,153.0,16.1,91.0
30463,423,18.189855072463768,27.2463768115942,26.48260869565217,0.8,114.0,17.7,89.0
31363,423,18.0203125,22.297101449275363,21.121739130434783,0.7,58.0,16.1,90.0
32263,423,17.760294117647057,19.23076923076924,18.049230769230768,0.6,84.0,16.1,90.0
33163,423,17.46969696969697,17.455882352941178,16.448529411764707,0.8,60.0,17.7,87.0
34063,423,17.155072463768114,16.275362318840582,15.510144927536231,0.9,49.0,17.7,85.0
34963,423,16.87605633802817,15.625,14.951666666666668,0.9,47.0,17.7,85.0
35863,423,16.65147058823529,15.118055555555554,14.5375,1.2,134.0,19.3,81.0
36763,423,16.454545454545453,15.0,14.271875,1.1,197.0,17.7,81.0
37663,423,16.286153846153844,14.52173913043478,14.0,1.4,185.0,17.7,79.0
38563,423,16.14920634920635,14.5,13.853125,1.4,128.0,19.3,74.0
39463,423,16.030645161290323,14.5,13.795238095238096,1.1,165.0,17.7,74.0
40363,423,15.928358208955222,14.212121212121213,13.50909090909091,1.4,167.0,19.3,73.0
41263,423,15.837878787878788,14.0,13.5,1.4,176.0,20.9,66.0
42163,423,15.76086956521739,14.0,13.424242424242426,1.6,244.0,17.7,64.0
43063,423,15.68,14.0,13.3,2.2,148.0,14.5,62.0
43963,423,15.6,14.0,13.3,1.6,123.0,16.1,65.0
44863,423,15.501538461538464,14.0,13.225,0.2,158.0,14.5,82.0
45763,423,15.459677419354838,14.0,13.00483870967742,0.8,197.0,12.9,80.0
46663,423,15.4,13.69402985074627,13.0,0.9,301.0,17.7,74.0
47563,423,15.3390625,13.5,13.0,1.1,109.0,16.1,74.0
48463,423,15.3,13.5,13.0,1.9,53.0,12.9,76.0
49363,423,15.237878787878788,13.5,13.0,0.7,139.0,16.1,82.0
50263,423,15.180882352941175,13.5,12.854545454545454,0.3,32.0,22.5,84.0
51163,423,15.1,13.5,12.8,-0.1,53.0,20.9,85.0
52063,423,15.087692307692308,13.5,12.8,0.4,137.0,14.5,85.0
52963,423,15.0,13.5,12.8,0.9,146.0,17.7,82.0
53863,423,15.0,13.5,12.8,0.2,81.0,14.5,87.0
54763,423,14.9140625,13.5,12.8,0.8,162.0,11.3,83.0
55663,423,14.858461538461537,13.5,12.73731343283582,-0.7,65.0,19.3,91.0
56563,423,14.8,13.485074626865671,12.508955223880596,-0.8,63.0,17.7,92.0
57463,423,14.74126984126984,13.11764705882353,12.5,-0.9,153.0,14.5,90.0
58363,423,14.7,13.0,12.5,-0.4,84.0,11.3,88.0
59263,423,14.718032786885246,29.895522388059703,24.507462686567163,-0.2,39.0,12.9,87.0
60163,423,15.37818181818182,47.91269841269842,45.595238095238095,-0.6,33.0,14.5,90.0
61063,423,16.330645161290324,50.11194029850746,48.23432835820896,-0.9,46.0,14.5,88.0
61963,423,17.17462686567164,42.7109375,40.1859375,-1.0,18.0,12.9,90.0
62863,423,17.489393939393942,34.28358208955224,31.28208955223881,-1.3,5.0,9.7,93.0
63763,423,17.465151515151515,31.69230769230769,30.103076923076923,-1.3,0.0,8.0,93.0
64663,423,17.28939393939394,27.2,25.84,-1.5,0.0,9.7,94.0
65563,423,17.006896551724136,26.55882352941176,24.875,-1.5,0.0,8.0,94.0
66463,423,16.95846153846154,48.06153846153846,43.67846153846154,-1.7,0.0,14.5,93.0
67363,423,17.590196078431372,44.04464285714285,42.198214285714286,-1.8,0.0,12.9,92.0
68263,423,17.891228070175437,35.49038461538461,33.363461538461536,-1.4,0.0,14.5,86.0
69163,423,17.841379310344827,36.02777777777778,34.41666666666667,-1.3,0.0,16.1,83.0
70063,423,17.7,33.25,31.5,-1.4,0.0,14.5,80.0
70963,423,17.22105263157895,26.36842105263158,25.426315789473684,-1.5,0.0,12.9,80.0
71863,423,17.008333333333333,23.875,23.4375,-1.9,0.0,16.1,79.0
72763,423,16.806060606060605,41.24561403508772,36.33333333333333,-2.1,0.0,17.7,77.0
73663,423,17.04516129032258,46.11666666666667,44.24333333333333,-1.9,0.0,12.9,79.0
74563,423,17.388709677419353,45.77049180327869,43.66885245901639,-1.8,0.0,12.9,79.0
75463,423,17.68548387096774,50.959016393442624,49.160655737704914,-1.8,0.0,14.5,81.0
76363,423,18.037313432835823,45.98214285714285,45.78035714285714,-1.9,0.0,19.3,79.0
77263,423,18.19298245614035,45.71875,43.6640625,-2.3,0.0,17.7,76.0
78163,423,18.2686274509804,47.82539682539682,45.89047619047619,-2.4,0.0,11.3,77.0
79063,423,18.4953125,50.37301587301587,48.07619047619048,-2.6,0.0,14.5,83.0
79963,423,18.746774193548383,46.58333333333333,44.75833333333333,-2.8,0.0,17.7,86.0
80863,423,18.8,43.31147540983606,40.93114754098361,-3.1,0.0,16.1,90.0
81763,423,18.68679245283019,39.65873015873016,37.49523809523809,-3.1,0.0,12.9,91.0
82663,423,18.92692307692308,46.2063492063492,44.73174603174603,-3.9,0.0,17.7,92.0
83563,423,19.66774193548387,35.753846153846155,33.94769230769231,-4.0,0.0,14.5,90.0
84463,423,18.78852459016393,26.63492063492064,24.83015873015873,-3.6,0.0,16.1,93.0
85363,423,18.221212121212123,21.63492063492064,20.31111111111111,-3.7,0.0,16.1,94.0
86263,423,17.673015873015874,18.801470588235293,17.77058823529412,-4.1,0.0,9.7,94.0
763,424,17.226666666666667,17.07246376811594,16.292753623188407,-4.0,0.0,12.9,94.0
1663,424,16.846875,16.03787878787879,15.38030303030303,-3.9,0.0,17.7,90.0
2563,424,16.546875,17.698529411764707,16.78970588235294,-3.8,0.0,19.3,92.0
3463,424,16.291176470588233,23.63235294117647,23.014705882352946,-4.0,0.0,14.5,94.0
4363,424,16.14,26.95,25.645714285714284,-4.2,0.0,14.5,93.0
5263,424,16.01969696969697,27.57575757575757,26.477272727272727,-4.2,0.0,11.3,93.0
6163,424,15.912307692307692,30.22058823529412,28.823529411764707,-4.1,0.0,14.5,93.0
7063,424,15.8984375,30.522058823529413,29.34852941176471,-4.2,0.0,17.7,92.0
7963,424,15.862121212121211,30.6969696969697,28.913636363636364,-4.5,0.0,16.1,90.0
8863,424,15.8,22.61904761904762,20.355555555555554,-4.3,0.0,16.1,89.0
9763,424,15.7,18.23913043478261,16.991304347826087,-4.3,0.0,16.1,87.0
10663,424,15.54179104477612,21.0,20.36231884057971,-4.3,0.0,14.5,82.0
11563,424,15.416129032258064,25.83571428571428,24.595714285714287,-4.3,0.0,12.9,83.0
12463,424,15.303125,26.75,25.79516129032258,-4.4,0.0,17.7,85.0
13363,424,15.3,28.984848484848488,27.590909090909093,-4.7,0.0,17.7,85.0
14263,424,15.3,28.6796875,27.6375,-4.9,0.0,11.3,87.0
15163,424,15.3,30.58333333333333,29.113636363636363,-4.8,0.0,11.3,87.0
16063,424,15.3,29.643939393939394,28.4469696969697,-4.7,0.0,17.7,88.0
16963,424,15.3,31.746153846153845,30.324615384615385,-4.8,0.0,17.7,88.0
17863,424,15.33939393939394,31.090909090909093,29.984848484848488,-5.1,0.0,11.3,87.0
18763,424,15.4,31.186567164179102,29.974626865671645,-4.6,0.0,16.1,86.0
19663,424,15.4,36.0625,33.175,-4.7,0.0,9.7,91.0
20563,424,15.647058823529411,51.32352941176471,48.49117647058824,-4.3,0.0,12.9,91.0
21463,424,16.068656716417912,51.04545454545455,48.47121212121212,-3.8,0.0,16.1,91.0
22363,424,16.419402985074626,48.41176470588236,45.733823529411765,-3.9,0.0,19.3,84.0
23263,424,16.6,38.97794117647059,36.525,-3.9,0.0,20.9,87.0
24163,424,16.6,36.30882352941176,34.69264705882353,-4.0,0.0,20.9,87.0
25063,424,16.551470588235293,31.919117647058822,30.777941176470584,-3.9,0.0,17.7,82.0
25963,424,16.5,27.953125,27.44375,-3.7,0.0,20.9,78.0
26863,424,16.45671641791045,27.15151515151515,25.96060606060606,-4.3,11.0,22.5,90.0
27763,424,16.26969696969697,24.93846153846154,24.021538461538466,-4.2,11.0,17.7,87.0
28663,424,16.133846153846154,24.307692307692307,23.084615384615383,-4.2,5.0,20.9,91.0
29563,424,15.974626865671642,20.77611940298508,19.201492537313435,-4.5,28.0,20.9,94.0
30463,424,15.8625,17.53472222222222,16.31111111111111,-3.9,121.0,14.5,93.0
31363,424,15.722388059701492,15.887931034482758,15.024137931034485,-3.6,84.0,19.3,86.0
32263,424,15.55625,15.030303030303031,14.321212121212122,-3.3,58.0,22.5,83.0
33163,424,15.438235294117646,14.5,13.87462686567164,-3.3,49.0,17.7,82.0
34063,424,15.32608695652174,14.06060606060606,13.537878787878787,-3.5,79.0,22.5,86.0
34963,424,15.261764705882351,14.0,13.312307692307693,-3.4,160.0,24.1,88.0
35863,424,15.162121212121212,13.719696969696969,13.122727272727271,-2.6,134.0,17.7,76.0
36763,424,15.1,13.5,13.0,-2.3,244.0,19.3,72.0
37663,424,15.010169491525422,13.5,12.92537313432836,-1.7,186.0,19.3,68.0
38563,424,14.946478873239435,13.5,12.8,-2.3,216.0,22.5,74.0
39463,424,14.887692307692308,13.5,12.8,-2.4,206.0,19.3,77.0
40363,424,14.798507462686567,13.5,12.71,-2.6,179.0,22.5,81.0
41263,424,14.7,13.13157894736842,12.5,-3.7,67.0,20.9,88.0
42163,424,14.643103448275864,13.0,12.5,-3.5,95.0,17.7,87.0
43063,424,14.547761194029851,13.0,12.5,-4.0,46.0,25.7,92.0
43963,424,14.5,13.0,12.393939393939394,-4.3,86.0,24.1,92.0
44863,424,14.47826086956522,13.0,12.3,-3.8,181.0,16.1,94.0
45763,424,14.4,13.0,12.3,-3.6,167.0,17.7,94.0
46663,424,14.349180327868854,13.0,12.3,-3.9,23.0,19.3,93.0
47563,424,14.293220338983051,13.0,12.3,-4.1,28.0,19.3,94.0
48463,424,14.2,12.929577464788732,12.038028169014083,-4.4,26.0,22.5,95.0
49363,424,14.136507936507936,12.55,12.0,-4.5,21.0,22.5,95.0
50263,424,14.075,12.5,12.0,-4.4,12.0,22.5,96.0
51163,424,14.0,12.5,12.0,-4.4,21.0,19.3,96.0
52063,424,13.941176470588236,12.5,12.0,-4.3,16.0,11.3,96.0
52963,424,13.9,12.5,12.0,-4.3,88.0,16.1,96.0
53863,424,13.8327868852459,12.5,11.89375,-4.2,21.0,12.9,96.0
54763,424,13.798507462686567,12.5,11.8,-4.3,16.0,20.9,96.0
55663,424,13.701538461538462,12.5,11.8,-4.7,53.0,20.9,96.0
56563,424,13.7,12.5,11.8,-4.6,58.0,20.9,95.0
57463,424,13.667164179104478,12.5,11.8,-4.6,49.0,19.3,95.0
58363,424,13.6,12.5,11.8,-4.4,95.0,16.1,94.0
59263,424,13.523529411764708,22.84090909090909,17.966666666666665,-4.4,0.0,16.1,95.0
60163,424,13.903030303030302,50.5078125,45.109375,-4.7,7.0,24.1,95.0
61063,424,14.735384615384614,52.0078125,48.90625,-4.9,11.0,12.9,95.0
61963,424,15.441176470588236,51.8828125,49.0171875,-4.9,11.0,12.9,95.0
62863,424,15.905882352941177,38.80597014925373,36.45223880597015,-5.1,7.0,12.9,95.0
63763,424,15.963492063492064,43.02238805970149,41.1955223880597,-5.1,0.0,11.3,95.0
64663,424,16.0,41.53846153846153,39.01846153846154,-5.0,0.0,16.1,94.0
65563,424,16.00714285714286,49.08490566037736,45.107547169811326,-4.9,0.0,14.5,95.0
66463,424,16.196969696969695,51.47014925373135,48.97611940298508,-4.9,0.0,11.3,95.0
67363,424,16.463793103448275,51.66666666666666,49.09298245614035,-4.9,0.0,11.3,94.0
68263,424,16.863793103448277,49.016666666666666,46.11333333333333,-5.1,0.0,16.1,92.0
69163,424,17.085185185185185,47.28947368421053,45.01929824561403,-5.1,0.0,9.7,92.0
70063,424,17.233333333333334,52.21929824561404,49.02456140350877,-5.3,0.0,17.7,93.0
70963,424,17.44761904761905,47.92105263157895,46.03947368421053,-5.3,0.0,14.5,91.0
71863,424,17.63142857142857,47.42307692307692,45.215384615384615,-5.0,0.0,12.9,88.0
72763,424,17.943589743589744,51.05405405405405,47.73783783783784,-5.0,0.0,12.9,89.0
73663,424,18.18936170212766,45.8425925925926,43.19814814814815,-4.8,0.0,14.5,90.0
74563,424,18.2,44.27272727272727,41.48333333333333,-4.7,0.0,12.9,93.0
75463,424,18.194736842105264,50.46666666666667,46.66833333333334,-4.6,0.0,11.3,95.0
76363,424,18.2,49.5,48.0,-4.7,0.0,11.3,95.0
77263,424,18.31111111111111,50.71875,47.321875,-4.9,0.0,17.7,94.0
78163,424,18.4,48.68852459016394,45.70655737704918,-5.1,0.0,14.5,94.0
79063,424,18.4,48.67307692307692,45.67115384615384,-4.8,0.0,12.9,95.0
79963,424,18.44324324324324,43.578947368421055,41.79473684210527,-4.8,0.0,14.5,95.0
80863,424,18.36774193548387,39.41964285714285,37.69464285714285,-4.8,0.0,19.3,95.0
81763,424,18.145714285714284,28.39795918367347,27.706122448979592,-4.8,0.0,16.1,95.0
82663,424,17.913999999999998,23.925,23.335,-4.7,0.0,14.5,95.0
83563,424,17.489655172413794,19.411764705882355,17.926470588235293,-4.7,0.0,12.9,95.0
84463,424,17.090566037735847,17.59016393442623,16.495081967213117,-4.5,0.0,22.5,95.0
85363,424,16.705000000000002,16.291044776119403,15.471641791044778,-4.6,0.0,17.7,96.0
86263,424,16.415,15.546511627906977,14.813953488372093,-4.6,0.0,17.7,95.0
763,425,16.03235294117647,14.775,14.12,-4.6,0.0,20.9,95.0
1663,425,15.850819672131149,14.5,13.878125,-5.0,0.0,16.1,95.0
2563,425,15.643333333333334,14.11904761904762,13.585714285714284,-4.9,0.0,17.7,95.0
3463,425,15.456140350877192,14.0,13.373846153846154,-4.7,0.0,20.9,94.0
4363,425,15.317543859649124,13.88235294117647,13.202941176470588,-4.6,0.0,19.3,94.0
5263,425,15.167796610169493,13.5,13.0,-4.3,0.0,19.3,96.0
6163,425,15.0453125,13.5,12.864615384615384,-4.3,0.0,14.5,96.0
7063,425,14.946774193548388,13.5,12.8,-4.4,0.0,19.3,95.0
7963,425,14.838571428571427,13.447761194029852,12.634328358208956,-4.4,0.0,20.9,96.0
8863,425,14.74848484848485,13.015151515151516,12.5,-4.3,0.0,19.3,96.0
9763,425,14.656923076923077,13.0,12.5,-4.2,0.0,20.9,96.0
10663,425,14.5625,13.0,12.398507462686569,-4.1,0.0,19.3,96.0
11563,425,14.475806451612902,13.0,12.3,-4.3,0.0,20.9,96.0
12463,425,14.4,13.0,12.3,-4.4,0.0,17.7,96.0
13363,425,,,,-4.3,0.0,16.1,96.0
14263,425,,,,-4.2,0.0,20.9,96.0
15163,425,,,,-4.3,0.0,17.7,96.0
16063,425,,,,-4.1,0.0,27.4,96.0
16963,425,,,,-4.2,0.0,22.5,96.0
17863,425,,,,-4.2,0.0,20.9,96.0
18763,425,,,,-4.1,0.0,22.5,96.0
19663,425,,,,-4.1,0.0,14.5,96.0
20563,425,14.597560975609756,51.91463414634146,48.01951219512195,-4.1,0.0,17.7,96.0
21463,425,15.255737704918031,51.80882352941177,48.38676470588236,-4.2,0.0,19.3,96.0
22363,425,15.7,52.74074074074074,49.22222222222222,-4.2,0.0,20.9,96.0
23263,425,,,,-4.1,0.0,20.9,96.0
24163,425,,,,-4.1,0.0,24.1,96.0
25063,425,,,,-4.1,0.0,20.9,96.0
25963,425,,,,-4.0,0.0,22.5,96.0
26863,425,,,,-3.8,5.0,24.1,96.0
27763,425,,,,-3.8,9.0,19.3,96.0
28663,425,,,,-3.4,14.0,20.9,97.0
29563,425,,,,-3.4,12.0,19.3,97.0
30463,425,16.296296296296298,39.50925925925926,37.79444444444445,-3.4,11.0,25.7,97.0
31363,425,16.712244897959184,50.87755102040816,46.84489795918368,-3.4,16.0,24.1,97.0
32263,425,,,,-3.1,30.0,19.3,97.0
33163,425,17.726190476190474,53.05555555555556,49.07111111111111,-3.1,35.0,20.9,97.0
34063,425,18.07121212121212,53.869230769230775,50.19076923076923,-2.9,65.0,20.9,97.0
34963,425,18.3344262295082,48.47761194029851,45.82089552238806,-2.8,58.0,22.5,97.0
35863,425,18.4,46.75384615384616,44.05538461538462,-2.8,70.0,20.9,94.0
36763,425,18.4,44.53076923076923,42.14,-2.9,40.0,24.1,90.0
37663,425,18.33484848484849,41.635714285714286,39.08857142857143,-2.8,98.0,25.7,93.0
38563,425,18.3,44.63559322033898,41.55593220338983,-2.6,69.0,20.9,92.0
39463,425,18.3,43.85714285714285,41.07619047619048,-2.3,111.0,22.5,94.0
40363,425,18.39375,45.51639344262295,42.644262295081965,-2.3,102.0,24.1,93.0
41263,425,18.4,42.21774193548387,39.69516129032258,-1.7,171.0,24.1,88.0
42163,425,18.435211267605634,44.67857142857143,41.525,-1.7,169.0,22.5,86.0
43063,425,18.536231884057973,46.1953125,43.0828125,-1.2,404.0,19.3,87.0
43963,425,18.6,47.98550724637681,44.78405797101449,-1.0,316.0,20.9,84.0
44863,425,18.61864406779661,43.75384615384616,41.61076923076924,-2.1,148.0,27.4,93.0
45763,425,18.6,42.16417910447761,40.01194029850746,-2.0,381.0,22.5,94.0
46663,425,18.67619047619048,49.68840579710145,45.78840579710145,-1.9,227.0,25.7,92.0
47563,425,18.71044776119403,50.01470588235294,47.379411764705885,-1.7,192.0,27.4,91.0
48463,425,18.85333333333333,52.890625,49.228125,-1.7,186.0,29.0,89.0
49363,425,18.99230769230769,47.68461538461538,45.79538461538461,-1.4,163.0,24.1,89.0
50263,425,18.97636363636364,48.823076923076925,44.604615384615386,-1.3,121.0,24.1,89.0
51163,425,19.0,52.41428571428571,49.43571428571428,-1.4,197.0,25.7,89.0
52063,425,19.068965517241377,41.54032258064516,39.3,-1.7,165.0,29.0,90.0
52963,425,18.909756097560976,41.73148148148148,39.61111111111111,-2.3,151.0,32.2,93.0
53863,425,18.769491525423728,40.215384615384615,38.15538461538462,-1.7,193.0,27.4,87.0
54763,425,18.631034482758626,42.01587301587302,39.52222222222223,-1.7,260.0,29.0,88.0
55663,425,18.53,40.84166666666667,38.86333333333333,-2.4,39.0,27.4,94.0
56563,425,18.56290322580645,50.97761194029851,46.32686567164179,-2.6,28.0,24.1,96.0
57463,425,18.848214285714285,53.19354838709677,50.00645161290323,-2.5,56.0,24.1,97.0
58363,425,19.063492063492063,45.69565217391305,42.98985507246377,-2.5,35.0,24.1,97.0
59263,425,19.05,46.546875,42.05625,-2.5,42.0,24.1,97.0
60163,425,19.0,46.559701492537314,43.68358208955224,-2.4,23.0,25.7,95.0
61063,425,18.911320754716986,46.29166666666667,43.58333333333333,-2.6,14.0,22.5,95.0
61963,425,18.86428571428572,46.0,43.64827586206896,-2.6,12.0,20.9,96.0
62863,425,18.88387096774193,44.57352941176471,42.108823529411765,-2.7,11.0,22.5,96.0
63763,425,18.79655172413793,42.763636363636365,39.46181818181818,-2.6,5.0,27.4,94.0
64663,425,18.7,44.83606557377049,42.26229508196722,-2.6,0.0,25.7,94.0
65563,425,18.63846153846153,43.29591836734694,40.94897959183673,-2.6,0.0,24.1,94.0
66463,425,18.6,44.83333333333333,41.86222222222222,-2.5,0.0,22.5,96.0
67363,425,18.81639344262295,45.5390625,42.5015625,-2.4,0.0,19.3,96.0
68263,425,18.94468085106383,43.45161290322581,41.15967741935484,-2.2,0.0,22.5,94.0
69163,425,19.12909090909091,42.84722222222222,40.50277777777778,-2.2,0.0,22.5,93.0
70063,425,19.26615384615385,44.94827586206897,42.144827586206894,-2.3,0.0,22.5,94.0
70963,425,19.32647058823529,47.46825396825397,44.67936507936508,-2.2,0.0,22.5,94.0
71863,425,19.23384615384615,45.76923076923077,43.52923076923077,-2.2,0.0,20.9,93.0
72763,425,19.0609375,40.54838709677419,38.87258064516129,-2.1,0.0,20.9,93.0
73663,425,18.933333333333334,34.90625,33.425,-2.1,0.0,25.7,91.0
74563,425,18.67704918032787,33.97916666666667,32.3,-2.0,0.0,25.7,91.0
75463,425,18.395454545454548,32.58870967741935,30.682258064516127,-2.1,0.0,29.0,93.0
76363,425,18.3,40.43478260869565,37.50144927536232,-2.1,0.0,25.7,93.0
77263,425,18.28636363636364,35.1640625,34.05,-1.9,0.0,29.0,89.0
78163,425,18.155384615384616,32.93181818181818,31.45,-2.1,0.0,30.6,93.0
79063,425,17.96984126984127,31.02380952380953,29.847619047619048,-2.2,0.0,24.1,96.0
79963,425,17.826153846153847,30.61904761904762,29.152380952380952,-2.2,0.0,24.1,95.0
80863,425,17.690625,30.1984126984127,28.906349206349205,-2.2,0.0,27.4,95.0
81763,425,17.585245901639347,33.507462686567166,30.83432835820896,-2.2,0.0,25.7,96.0
82663,425,17.913333333333334,36.656716417910445,33.74626865671642,-2.1,0.0,24.1,95.0
83563,425,18.333898305084745,28.75,28.4640625,-2.2,0.0,29.0,96.0
84463,425,17.92105263157895,22.433823529411764,20.53382352941177,-2.0,0.0,22.5,94.0
85363,425,17.67704918032787,19.264705882352946,17.820588235294117,-1.8,0.0,24.1,92.0
86263,425,17.411290322580648,17.526315789473685,16.566666666666666,-1.7,0.0,24.1,90.0
763,426,17.170689655172414,16.539682539682538,15.812698412698412,-1.7,0.0,20.9,90.0
1663,426,16.951724137931034,15.917910447761193,15.356716417910448,-1.8,0.0,24.1,95.0
2563,426,16.78666666666667,15.5,14.931147540983607,-1.9,0.0,24.1,96.0
3463,426,16.64262295081967,15.08955223880597,14.634328358208956,-1.9,0.0,24.1,96.0
4363,426,16.488524590163934,15.0,14.384375,-1.9,0.0,22.5,97.0
5263,426,16.37076923076923,14.684615384615384,14.156923076923077,-1.9,0.0,22.5,96.0
6163,426,16.25,14.5,13.984126984126984,-1.9,0.0,24.1,92.0
7063,426,16.171186440677964,14.5,13.802941176470588,-1.7,0.0,25.7,91.0
7963,426,16.078125,14.5,13.744615384615384,-1.7,0.0,24.1,91.0
8863,426,15.984615384615385,14.083333333333334,13.5,-1.6,0.0,25.7,90.0
9763,426,15.9,14.0,13.5,-1.6,0.0,22.5,90.0
10663,426,15.81206896551724,14.0,13.389855072463767,-1.7,0.0,24.1,93.0
11563,426,15.739655172413794,14.0,13.3,-1.7,0.0,25.7,94.0
12463,426,15.673684210526314,16.693548387096776,15.51290322580645,-1.6,0.0,22.5,92.0
13363,426,15.6,20.963768115942027,19.514492753623188,-1.6,0.0,24.1,92.0
14263,426,15.6,22.32307692307692,21.095384615384614,-1.4,0.0,27.4,88.0
15163,426,15.588235294117649,22.671875,21.346875,-1.4,0.0,25.7,88.0
16063,426,15.5,17.935714285714287,16.904285714285713,-1.3,0.0,27.4,87.0
16963,426,15.480701754385963,15.861538461538462,15.112307692307692,-1.3,0.0,27.4,87.0
17863,426,15.4,14.861538461538462,14.3,-1.3,0.0,24.1,87.0
18763,426,15.314583333333337,14.415384615384616,13.855384615384615,-1.2,0.0,27.4,87.0
19663,426,15.278846153846157,18.02307692307692,17.01846153846154,-1.3,0.0,24.1,89.0
20563,426,15.2,23.84375,22.075,-1.5,0.0,25.7,92.0
21463,426,15.248076923076924,35.359375,30.0453125,-1.5,0.0,22.5,94.0
22363,426,15.864285714285714,51.93846153846154,48.02769230769231,-1.5,0.0,22.5,94.0
23263,426,16.789795918367346,53.31147540983606,49.69016393442623,-1.6,0.0,24.1,95.0
24163,426,17.521052631578947,45.06060606060606,42.46818181818182,-1.6,0.0,19.3,96.0
25063,426,17.80483870967742,33.77272727272727,32.08636363636364,-1.5,0.0,22.5,93.0
25963,426,18.20694444444445,30.96875,29.8671875,-1.3,0.0,29.0,91.0
26863,426,17.953968253968252,50.45588235294117,46.002941176470586,-1.3,7.0,29.0,89.0
27763,426,18.35833333333333,46.85483870967742,43.71935483870968,-1.2,9.0,30.6,87.0
28663,426,18.601612903225806,53.642857142857146,49.77777777777778,-1.2,12.0,29.0,87.0
29563,426,19.04,50.54477611940298,48.05671641791045,-1.2,23.0,27.4,86.0
30463,426,19.01818181818182,36.62307692307692,35.747692307692304,-1.1,35.0,27.4,86.0
31363,426,18.75079365079365,28.0,27.190625,-1.2,37.0,27.4,87.0
32263,426,18.355,24.28787878787879,23.35909090909091,-1.1,37.0,25.7,86.0
33163,426,17.859375,29.32307692307692,26.89076923076923,-1.1,46.0,27.4,86.0
34063,426,17.7296875,49.25384615384616,45.16307692307692,-1.1,53.0,25.7,88.0
34963,426,18.312698412698413,52.8984375,49.1734375,-1.1,47.0,24.1,88.0
35863,426,19.003030303030304,54.21875,50.159375,-1.0,46.0,27.4,89.0
36763,426,19.52413793103448,53.46875,50.1640625,-0.9,62.0,25.7,88.0
37663,426,19.438805970149254,44.38888888888889,44.3968253968254,-0.8,62.0,29.0,86.0
38563,426,18.86716417910448,34.838235294117645,33.34411764705882,-0.8,56.0,27.4,85.0
39463,426,18.665671641791043,43.65217391304349,40.4536231884058,-0.8,58.0,25.7,86.0
40363,426,18.82741935483871,52.58461538461538,48.88,-0.8,54.0,24.1,86.0
41263,426,19.1344262295082,53.33802816901408,49.92394366197183,-0.7,79.0,27.4,86.0
42163,426,19.369696969696967,51.59848484848485,48.57727272727273,-0.7,74.0,27.4,86.0
43063,426,19.53709677419355,48.58571428571428,46.481428571428566,-0.7,83.0,27.4,85.0
43963,426,19.52537313432836,44.8125,42.5703125,-0.6,63.0,25.7,86.0
44863,426,19.39375,38.69117647058824,37.305882352941175,-0.6,67.0,22.5,86.0
45763,426,19.15873015873016,35.79230769230769,33.92307692307692,-0.6,63.0,24.1,87.0
46663,426,18.90757575757576,33.04477611940298,31.462686567164177,-0.6,70.0,25.7,88.0
47563,426,18.67205882352941,36.082089552238806,32.58805970149254,-0.4,83.0,27.4,87.0
48463,426,18.76363636363636,52.5078125,48.153125,-0.4,65.0,25.7,87.0
49363,426,19.23076923076924,52.707142857142856,49.934285714285714,-0.5,63.0,25.7,89.0
50263,426,19.55625,51.93076923076923,48.70307692307692,-0.4,63.0,27.4,88.0
51163,426,19.7609375,50.51515151515152,47.98787878787879,-0.3,67.0,25.7,87.0
52063,426,19.88095238095238,52.09701492537314,48.92089552238806,-0.3,69.0,27.4,86.0
52963,426,19.9910447761194,48.24626865671642,45.9910447761194,-0.5,67.0,25.7,89.0
53863,426,20.033846153846152,51.52380952380952,48.285714285714285,-0.4,58.0,22.5,89.0
54763,426,20.127692307692307,50.71875,48.30625,-0.4,46.0,22.5,89.0
55663,426,20.2,50.19852941176471,47.44558823529412,-0.4,44.0,22.5,89.0
56563,426,20.225,51.05,48.25714285714285,-0.4,35.0,22.5,89.0
57463,426,20.3,47.91538461538461,45.84923076923077,-0.5,33.0,22.5,91.0
58363,426,20.24920634920635,46.74242424242424,44.13636363636364,-0.7,33.0,20.9,92.0
59263,426,20.2,47.88888888888889,45.1968253968254,-0.6,25.0,24.1,91.0
60163,426,20.2,48.57462686567165,46.18208955223881,-0.5,21.0,25.7,89.0
61063,426,20.19253731343284,45.79545454545455,43.60909090909091,-0.3,14.0,29.0,87.0
61963,426,20.12463768115942,48.046875,45.3015625,-0.3,11.0,27.4,86.0
62863,426,20.2,49.19117647058824,46.48088235294118,-0.3,5.0,22.5,86.0
63763,426,20.2,47.21875,44.971875,-0.3,0.0,27.4,86.0
64663,426,20.2,46.39705882352941,43.75588235294118,-0.3,0.0,24.1,88.0
65563,426,20.2,49.28676470588236,46.51911764705882,-0.5,0.0,25.7,90.0
66463,426,20.2,46.6640625,44.3671875,-0.3,0.0,20.9,89.0
67363,426,20.2,48.365671641791046,45.63283582089552,-0.2,0.0,24.1,88.0
68263,426,20.24909090909091,49.790909090909096,46.57818181818182,-0.3,0.0,20.9,89.0
69163,426,20.38571428571429,54.0,50.41276595744681,-0.3,0.0,20.9,89.0
70063,426,20.5375,53.71428571428571,50.471428571428575,-0.2,0.0,22.5,89.0
70963,426,20.686,53.45348837209302,50.24186046511628,-0.3,0.0,24.1,90.0
71863,426,20.66078431372549,52.94736842105264,49.54210526315789,-0.3,0.0,25.7,91.0
72763,426,20.6,52.63541666666666,50.10208333333333,-0.5,0.0,22.5,92.0
73663,426,20.68372093023256,53.2,50.15777777777778,-0.3,0.0,22.5,89.0
74563,426,20.71388888888889,52.16304347826088,48.98478260869565,-0.3,0.0,19.3,89.0
75463,426,20.80877192982456,51.48936170212765,48.41276595744681,-0.5,0.0,20.9,92.0
76363,426,20.59555555555556,50.81707317073171,48.43170731707317,-0.6,0.0,19.3,93.0
77263,426,20.5,52.6829268292683,49.75121951219512,-0.5,0.0,17.7,91.0
78163,426,20.62,53.104651162790695,50.43720930232558,-0.3,0.0,20.9,89.0
79063,426,20.7,51.76851851851852,48.86296296296296,-0.3,0.0,24.1,90.0
79963,426,20.7,51.75531914893617,49.14468085106383,-0.4,0.0,27.4,91.0
80863,426,20.69433962264151,49.30263157894737,46.46052631578947,-0.7,0.0,20.9,94.0
81763,426,20.51346153846153,30.40196078431372,28.094117647058823,-0.6,0.0,19.3,93.0
82663,426,20.175,24.930232558139533,22.25581395348837,-0.4,0.0,20.9,90.0
83563,426,19.77,22.107142857142858,20.55,-0.3,0.0,19.3,90.0
84463,426,19.382456140350875,19.683823529411764,19.211764705882352,-0.3,0.0,20.9,90.0
85363,426,19.196666666666665,18.64179104477612,20.002985074626867,-0.3,0.0,20.9,90.0
86263,426,18.95384615384616,17.838028169014084,17.728169014084507,-0.1,0.0,20.9,87.0
763,427,18.586764705882352,16.7,15.956923076923076,-0.2,0.0,19.3,87.0
1663,427,18.26818181818182,15.984848484848484,15.203030303030303,-0.1,0.0,22.5,87.0
2563,427,17.985714285714288,15.5,14.713432835820896,-0.1,0.0,22.5,87.0
3463,427,17.736923076923077,15.12878787878788,14.387878787878789,-0.2,0.0,22.5,89.0
4363,427,17.54264705882353,15.0,14.156923076923077,-0.3,0.0,22.5,91.0
5263,427,17.3578125,14.8125,13.980555555555554,-0.4,0.0,19.3,91.0
6163,427,17.214285714285715,14.5,13.803389830508474,-0.3,0.0,20.9,90.0
7063,427,17.0609375,14.5,13.774647887323942,-0.2,0.0,19.3,89.0
7963,427,16.938095238095237,14.5,13.504918032786884,-0.2,0.0,19.3,88.0
8863,427,16.827868852459016,14.37878787878788,13.5,-0.3,0.0,19.3,90.0
9763,427,16.730158730158728,14.0,13.376923076923076,-0.3,0.0,16.1,90.0
10663,427,16.624615384615385,14.0,13.3,-0.4,0.0,14.5,90.0
11563,427,16.5234375,14.0,13.3,-0.4,0.0,14.5,91.0
12463,427,16.43939393939394,14.0,13.119117647058824,-0.4,0.0,16.1,91.0
13363,427,16.349275362318842,14.0,13.0,-0.4,0.0,16.1,91.0
14263,427,16.255223880597015,14.0,13.0,-0.4,0.0,12.9,89.0
15163,427,16.19206349206349,13.776119402985074,13.0,-0.4,0.0,12.9,89.0
16063,427,16.1,13.5,12.852307692307694,-0.2,0.0,16.1,88.0
16963,427,16.025,13.5,12.8,-0.2,0.0,19.3,88.0
17863,427,15.961904761904762,13.5,12.8,-0.7,0.0,20.9,93.0
18763,427,15.89848484848485,13.5,12.8,-0.7,0.0,19.3,94.0
19663,427,15.8,13.5,12.712307692307691,-0.8,0.0,16.1,94.0
20563,427,15.74,18.83582089552239,17.28955223880597,-0.8,0.0,14.5,94.0
21463,427,15.715384615384616,31.707142857142856,26.912857142857145,-0.7,0.0,17.7,91.0
22363,427,16.25,49.66666666666667,46.97826086956522,-0.6,0.0,17.7,90.0
23263,427,16.939344262295084,44.927536231884055,42.3,-0.6,0.0,16.1,89.0
24163,427,17.48923076923077,51.52380952380952,47.65873015873016,-0.6,0.0,17.7,88.0
25063,427,18.008695652173913,46.17692307692308,43.91538461538461,-0.6,0.0,19.3,88.0
25963,427,18.322222222222223,51.39855072463767,47.90579710144928,-0.6,5.0,17.7,88.0
26863,427,18.610714285714288,51.26865671641791,48.09850746268657,-0.5,12.0,19.3,87.0
27763,427,18.834375,53.5655737704918,49.75901639344262,-0.6,40.0,17.7,88.0
28663,427,18.986153846153847,47.36666666666667,45.075,-0.5,37.0,16.1,89.0
29563,427,19.09375,39.28358208955224,37.48507462686568,-0.5,39.0,19.3,89.0
30463,427,19.053125,37.25,35.736363636363635,-0.4,42.0,19.3,89.0
31363,427,18.82647058823529,38.99206349206349,36.7952380952381,-0.5,30.0,19.3,89.0
32263,427,18.70634920634921,36.41304347826087,33.77536231884058,-0.5,37.0,20.9,89.0
33163,427,18.86451612903226,52.03968253968255,47.18730158730158,-0.4,42.0,20.9,88.0
34063,427,19.35593220338983,50.471014492753625,47.22898550724638,-0.3,76.0,17.7,86.0
34963,427,19.575,45.72463768115942,42.34782608695652,-0.3,56.0,17.7,86.0
35863,427,19.85833333333333,50.2109375,47.540625,-0.2,93.0,17.7,86.0
36763,427,19.89672131147541,45.59230769230769,43.19692307692308,-0.1,88.0,17.7,86.0
37663,427,19.753125,44.5072463768116,42.25797101449275,-0.6,72.0,20.9,92.0
38563,427,19.59516129032258,44.10714285714285,41.84285714285714,-0.6,98.0,19.3,91.0
39463,427,19.422857142857143,36.81746031746032,35.646031746031746,-0.2,102.0,22.5,86.0
40363,427,19.23880597014925,36.2109375,34.35,-0.2,109.0,22.5,85.0
41263,427,19.090140845070422,36.943548387096776,35.133870967741935,-0.1,116.0,24.1,84.0
42163,427,18.9921875,40.01639344262295,36.339344262295086,-0.1,142.0,20.9,83.0
43063,427,19.213114754098363,53.23636363636364,49.97636363636364,-0.1,151.0,19.3,83.0
43963,427,19.543548387096774,50.55,48.08,-0.2,127.0,22.5,82.0
44863,427,19.75873015873016,51.238461538461536,48.45538461538462,-0.2,123.0,19.3,83.0
45763,427,19.934375,45.73880597014925,43.9089552238806,-0.2,130.0,19.3,84.0
46663,427,19.796774193548387,37.93333333333333,36.43666666666667,-0.1,118.0,17.7,84.0
47563,427,19.641538461538463,39.76119402985075,36.723880597014926,-0.1,132.0,17.7,85.0
48463,427,19.624615384615385,43.66417910447761,41.146268656716416,-0.1,67.0,16.1,85.0
49363,427,19.7758064516129,49.2421875,46.290625,-0.2,111.0,19.3,86.0
50263,427,19.990322580645163,51.09848484848485,48.16666666666667,-0.1,62.0,19.3,86.0
51163,427,20.169117647058822,51.81428571428571,49.02285714285715,-0.1,70.0,19.3,86.0
52063,427,20.25217391304348,51.3015873015873,48.55714285714286,-0.1,83.0,17.7,85.0
52963,427,20.2015625,48.58461538461539,46.995384615384616,-0.1,49.0,16.1,86.0
53863,427,20.087755102040816,46.70408163265306,44.59795918367347,-0.2,21.0,17.7,86.0
54763,427,19.922222222222224,35.783018867924525,34.366037735849055,-0.2,30.0,17.7,86.0
55663,427,19.71333333333333,47.68055555555556,43.93611111111111,-0.3,72.0,16.1,89.0
56563,427,19.78636363636364,47.46153846153847,44.746153846153845,-0.3,58.0,14.5,89.0
57463,427,19.8,44.91666666666667,42.24444444444445,-0.3,26.0,14.5,89.0
58363,427,19.8,47.52777777777778,44.98333333333333,-0.3,21.0,14.5,89.0
59263,427,19.741666666666667,43.38095238095238,41.57619047619048,-0.4,14.0,12.9,90.0
60163,427,19.59642857142857,42.12962962962963,40.4037037037037,-0.4,18.0,12.9,90.0
61063,427,19.45,37.18181818181818,35.91818181818182,-0.4,11.0,17.7,90.0
61963,427,19.331818181818186,38.425,36.56,-0.4,9.0,19.3,90.0
62863,427,19.206,38.22340425531915,36.46382978723405,-0.6,5.0,17.7,90.0
63763,427,19.107692307692307,40.142857142857146,37.871428571428574,-0.6,0.0,16.1,90.0
64663,427,19.0,39.142857142857146,37.6,-0.6,0.0,14.5,90.0
65563,427,18.93111111111111,40.85714285714285,38.90714285714286,-0.6,0.0,12.9,90.0
66463,427,18.9,40.47222222222222,38.766666666666666,-0.6,0.0,12.9,89.0
67363,427,18.9,41.85714285714285,39.832142857142856,-0.6,0.0,16.1,89.0
68263,427,18.9,41.36734693877551,38.64489795918367,-0.5,0.0,16.1,88.0
69163,427,19.06,50.39622641509434,48.10566037735849,-0.5,0.0,14.5,87.0
70063,427,19.246875,48.173913043478265,45.58985507246377,-0.5,0.0,12.9,86.0
70963,427,19.35238095238095,49.784615384615385,47.28923076923077,-0.5,0.0,11.3,86.0
71863,427,19.5327868852459,46.26190476190476,44.509523809523806,-0.5,0.0,14.5,86.0
72763,427,20.09841269841269,42.492537313432834,40.8044776119403,-0.5,0.0,17.7,86.0
73663,427,19.95,40.16417910447761,38.33731343283582,-0.6,0.0,17.7,86.0
74563,427,19.796969696969697,41.35,39.24142857142857,-0.6,0.0,14.5,86.0
75463,427,19.659375,40.66176470588236,38.94852941176471,-0.6,0.0,12.9,87.0
76363,427,19.54153846153846,42.459016393442624,40.15573770491803,-0.6,0.0,14.5,87.0
77263,427,19.45846153846154,41.22222222222222,39.37777777777778,-0.6,0.0,14.5,86.0
78163,427,19.4,44.40151515151515,41.27272727272727,-0.7,0.0,12.9,87.0
79063,427,19.44375,48.85606060606061,46.03181818181818,-0.6,0.0,14.5,86.0
79963,427,19.5703125,50.572463768115945,47.78115942028985,-0.6,0.0,16.1,85.0
80863,427,19.7,46.67857142857143,44.26142857142857,-0.6,0.0,17.7,85.0
81763,427,19.7,46.03968253968255,43.52222222222223,-0.6,0.0,16.1,85.0
82663,427,19.63823529411765,42.546875,40.3140625,-0.6,0.0,14.5,85.0
83563,427,19.524242424242424,41.72058823529412,39.475,-0.7,0.0,14.5,85.0
84463,427,19.38030303030304,39.83571428571428,38.03285714285714,-0.7,0.0,14.5,85.0
85363,427,19.26,40.92424242424242,38.75,-0.7,0.0,14.5,86.0
86263,427,19.1375,39.94615384615385,38.206153846153846,-0.7,0.0,14.5,86.0
763,428,19.01515151515152,41.284615384615385,39.03384615384616,-0.7,0.0,14.5,86.0
1663,428,18.954545454545453,40.3955223880597,38.76417910447761,-0.6,0.0,14.5,86.0
2563,428,18.9,41.84375,39.65625,-0.7,0.0,14.5,87.0
3463,428,18.81818181818182,41.421875,39.6765625,-0.7,0.0,14.5,87.0
4363,428,18.8,42.87121212121212,40.556060606060605,-0.6,0.0,14.5,87.0
5263,428,18.746969696969696,42.45454545454545,40.72575757575758,-0.6,0.0,12.9,88.0
6163,428,18.7,43.85384615384616,41.45230769230769,-0.5,0.0,16.1,87.0
7063,428,18.7,43.373134328358205,41.58955223880597,-0.5,0.0,16.1,87.0
7963,428,18.7,44.70161290322581,42.30967741935484,-0.5,0.0,14.5,87.0
8863,428,18.7,44.41935483870968,42.435483870967744,-0.4,0.0,16.1,88.0
9763,428,18.7,45.52238805970149,43.04477611940298,-0.4,0.0,14.5,88.0
10663,428,18.7,42.41044776119403,41.0865671641791,-0.4,0.0,12.9,88.0
11563,428,18.64782608695652,41.38888888888889,39.26984126984127,-0.4,0.0,12.9,88.0
12463,428,18.6,42.971428571428575,41.05714285714286,-0.4,0.0,14.5,89.0
13363,428,18.6,45.54838709677419,43.04516129032258,-0.4,0.0,14.5,89.0
14263,428,18.6,46.0078125,43.9453125,-0.3,0.0,14.5,89.0
15163,428,18.66923076923077,47.76984126984127,45.14920634920635,-0.3,0.0,12.9,89.0
16063,428,18.7,47.35606060606061,45.28636363636364,-0.4,0.0,14.5,89.0
16963,428,18.74,48.76428571428572,46.07,-0.4,0.0,12.9,90.0
17863,428,18.8,48.25757575757576,46.07424242424243,-0.4,0.0,16.1,90.0
18763,428,18.8,45.10769230769231,43.24,-0.4,0.0,14.5,90.0
19663,428,18.72222222222222,44.75384615384616,42.49846153846154,-0.4,0.0,12.9,90.0
20563,428,18.7,48.17424242424242,45.43484848484849,-0.3,0.0,12.9,90.0
21463,428,18.73384615384615,49.91538461538461,46.964615384615385,-0.3,0.0,12.9,89.0
22363,428,18.99344262295082,50.33064516129032,47.92741935483871,-0.3,0.0,12.9,89.0
23263,428,19.230882352941176,48.13492063492063,45.48095238095238,-0.3,0.0,12.9,89.0
24163,428,19.361538461538466,48.00769230769231,45.22769230769231,-0.2,0.0,12.9,89.0
25063,428,19.47352941176471,50.31818181818182,46.88030303030303,-0.2,0.0,12.9,90.0
25963,428,19.6,51.26470588235294,48.44705882352942,-0.2,5.0,11.3,90.0
26863,428,19.69696969696969,51.4609375,48.9703125,-0.1,7.0,9.7,90.0
27763,428,19.7,46.92424242424242,44.8530303030303,-0.1,11.0,9.7,90.0
28663,428,19.564705882352943,43.27777777777778,41.5031746031746,0.2,21.0,11.3,90.0
29563,428,19.461290322580645,45.83846153846154,42.96,0.2,16.0,9.7,90.0
30463,428,19.64090909090909,42.3955223880597,40.92089552238806,0.3,30.0,9.7,90.0
31363,428,19.77164179104478,42.765625,40.7484375,0.4,32.0,11.3,89.0
32263,428,19.87313432835821,49.34328358208956,45.16417910447761,0.5,19.0,9.7,89.0
33163,428,20.18059701492537,52.06818181818181,49.28484848484849,0.5,28.0,9.7,90.0
34063,428,20.415384615384617,51.9375,49.009375,0.6,81.0,11.3,92.0
34963,428,20.5640625,51.38636363636364,48.52575757575757,0.6,90.0,11.3,92.0
35863,428,20.65909090909091,50.26119402985075,47.75074626865672,0.7,120.0,14.5,93.0
36763,428,20.652941176470588,47.2536231884058,44.5608695652174,0.6,77.0,12.9,94.0
37663,428,20.45692307692308,45.507462686567166,42.90597014925373,0.5,95.0,16.1,95.0
38563,428,20.30806451612904,45.5,42.7688524590164,0.6,88.0,16.1,95.0
39463,428,20.22063492063492,45.04545454545455,42.46515151515151,0.6,139.0,14.5,96.0
40363,428,20.17246376811594,42.99242424242424,40.7,0.6,127.0,14.5,96.0
41263,428,20.04032258064516,41.48550724637681,39.082608695652176,0.6,95.0,12.9,96.0
42163,428,19.84516129032258,33.315384615384616,32.08307692307692,0.6,98.0,11.3,96.0
43063,428,19.60454545454545,28.90151515151515,27.634848484848487,0.8,151.0,12.9,96.0
43963,428,19.36,28.550724637681164,27.092753623188408,0.8,109.0,11.3,96.0
44863,428,19.12686567164179,27.84782608695652,26.537681159420288,1.1,202.0,12.9,96.0
45763,428,18.92295081967213,29.06521739130435,27.343478260869563,1.1,83.0,11.3,96.0
46663,428,18.7453125,28.90625,27.634375,1.1,76.0,12.9,96.0
47563,428,18.64516129032258,35.53125,31.6859375,1.1,79.0,12.9,96.0
48463,428,18.966666666666665,44.96969696969697,41.49545454545454,1.1,70.0,11.3,96.0
49363,428,19.503174603174603,51.41666666666666,48.06212121212121,1.1,67.0,14.5,96.0
50263,428,19.96769230769231,50.890625,47.5671875,1.1,56.0,16.1,96.0
51163,428,20.22923076923077,50.51515151515152,47.78939393939394,1.0,35.0,14.5,96.0
52063,428,20.2,49.19402985074627,45.85074626865672,1.0,54.0,16.1,96.0
52963,428,20.23768115942029,51.16428571428572,47.995714285714286,1.0,44.0,12.9,96.0
53863,428,20.318032786885247,50.77272727272727,47.21515151515151,1.0,19.0,11.3,96.0
54763,428,20.45625,50.56716417910447,47.15074626865672,1.0,26.0,9.7,97.0
55663,428,20.51774193548388,49.8030303030303,46.37121212121212,1.1,19.0,11.3,97.0
56563,428,20.58636363636364,50.15217391304349,47.05507246376812,1.1,21.0,12.9,97.0
57463,428,20.6,49.76923076923077,46.41538461538461,1.1,21.0,11.3,97.0
58363,428,20.6,50.950819672131146,47.826229508196725,1.1,18.0,11.3,97.0
59263,428,20.6,50.46212121212121,47.35757575757576,1.2,16.0,11.3,97.0
60163,428,20.6,48.61940298507463,45.6955223880597,1.1,12.0,11.3,97.0
61063,428,20.6,48.56818181818182,45.64090909090909,1.0,7.0,11.3,97.0
61963,428,20.669696969696968,50.81617647058824,47.42647058823529,1.0,7.0,11.3,97.0
62863,428,20.765625,48.09848484848485,44.97727272727273,0.9,0.0,11.3,97.0
63763,428,20.731746031746034,37.69852941176471,35.451470588235296,0.9,0.0,12.9,97.0
64663,428,20.5703125,46.35714285714285,42.3079365079365,0.9,0.0,12.9,97.0
65563,428,20.6359375,53.18461538461538,49.43692307692308,0.9,0.0,12.9,98.0
66463,428,20.834375,50.66176470588236,47.59852941176471,0.9,0.0,11.3,98.0
67363,428,20.88225806451613,42.2890625,39.0546875,0.9,0.0,12.9,98.0
68263,428,20.76716417910448,43.36029411764706,40.51617647058824,1.0,0.0,12.9,98.0
69163,428,20.665573770491804,42.6640625,39.975,1.0,0.0,12.9,98.0
70063,428,20.6,40.60144927536232,39.18985507246377,1.1,0.0,12.9,98.0
70963,428,20.39848484848485,35.59701492537313,34.70746268656716,1.2,0.0,11.3,98.0
71863,428,20.0234375,30.3015873015873,29.46825396825397,1.1,0.0,6.4,98.0
72763,428,19.650819672131146,28.80882352941176,27.704411764705885,1.1,0.0,4.8,98.0
73663,428,19.31969696969697,27.16935483870968,26.153225806451616,1.3,0.0,11.3,98.0
74563,428,19.041935483870965,27.923076923076923,25.89692307692308,1.4,0.0,9.7,98.0
75463,428,18.97878787878788,50.776119402985074,44.93880597014925,1.4,0.0,8.0,98.0
76363,428,19.39354838709677,53.19014084507042,50.1,1.5,0.0,8.0,98.0
77263,428,19.8179104477612,46.992537313432834,45.29402985074627,1.5,0.0,8.0,98.0
78163,428,19.87619047619048,39.56060606060606,36.33636363636364,1.6,0.0,8.0,98.0
79063,428,19.9,46.65909090909091,43.77575757575757,1.7,0.0,9.7,98.0
79963,428,19.9,47.79508196721312,45.03114754098361,1.7,0.0,8.0,98.0
80863,428,19.902985074626866,43.28358208955224,40.71940298507463,1.7,0.0,8.0,98.0
81763,428,19.84126984126984,30.22222222222222,28.146031746031746,1.7,0.0,3.2,98.0
82663,428,19.7031746031746,32.38636363636364,28.75757575757576,2.0,0.0,9.7,99.0
83563,428,19.63548387096774,27.79230769230769,24.783076923076923,2.0,0.0,9.7,99.0
84463,428,19.433333333333334,21.45,20.208571428571428,1.9,0.0,9.7,98.0
85363,428,19.18695652173913,19.05,18.07857142857143,2.0,0.0,9.7,98.0
86263,428,18.90142857142857,17.78787878787879,16.96212121212121,2.0,0.0,9.7,98.0
763,429,18.606349206349208,17.104166666666664,16.319444444444446,2.1,0.0,8.0,98.0
1663,429,18.35757575757576,16.591549295774648,15.901408450704224,2.2,0.0,8.0,99.0
2563,429,18.12089552238806,16.386363636363637,15.577272727272728,2.2,0.0,9.7,99.0
3463,429,17.92535211267606,16.0,15.396969696969697,2.1,0.0,8.0,99.0
4363,429,17.75166666666667,16.0,15.295384615384616,2.1,0.0,6.4,99.0
5263,429,17.61230769230769,15.86764705882353,15.013235294117646,2.2,0.0,9.7,99.0
6163,429,17.469565217391303,15.5,15.0,2.2,0.0,8.0,99.0
7063,429,17.354285714285716,15.5,14.858823529411763,2.1,0.0,6.4,99.0
7963,429,17.2546875,15.5,14.8,2.1,0.0,6.4,99.0
8863,429,17.16,15.5,14.7765625,2.0,0.0,8.0,99.0
9763,429,17.054545454545455,15.5,14.517391304347823,2.0,0.0,8.0,99.0
10663,429,16.9703125,15.221428571428572,14.5,2.0,0.0,4.8,99.0
11563,429,16.9,15.0,14.5,2.0,0.0,4.8,99.0
12463,429,16.806060606060605,15.0,14.432307692307692,2.0,0.0,8.0,99.0
13363,429,16.76231884057971,15.0,14.3,2.1,0.0,8.0,99.0
14263,429,16.695238095238096,15.0,14.3,2.1,0.0,6.4,99.0
15163,429,16.6,15.0,14.3,2.1,0.0,6.4,99.0
16063,429,16.543939393939393,15.0,14.3,1.9,0.0,9.7,99.0
16963,429,16.5,16.238805970149254,14.964179104477612,1.8,0.0,6.4,99.0
17863,429,16.4078125,20.51515151515152,19.63939393939394,1.7,0.0,1.6,99.0
18763,429,16.47462686567164,24.2109375,22.7796875,1.7,0.0,1.6,99.0
19663,429,16.56417910447761,26.713235294117645,25.42205882352941,1.6,0.0,1.6,99.0
20563,429,16.728125,28.45070422535212,26.501408450704226,1.5,0.0,0.0,99.0
21463,429,16.875757575757575,36.88970588235294,32.438235294117646,1.6,0.0,0.0,99.0
22363,429,17.47391304347826,43.95652173913044,42.18115942028986,1.6,0.0,0.0,99.0
23263,429,18.056716417910447,49.21969696969697,45.0530303030303,1.8,0.0,1.6,99.0
24163,429,18.769230769230766,48.28676470588236,45.97058823529412,1.8,0.0,1.6,99.0
25063,429,18.95090909090909,42.72857142857143,39.36142857142857,1.9,0.0,4.8,99.0
25963,429,19.27164179104478,50.18461538461538,47.27846153846154,1.9,5.0,4.8,99.0
26863,429,19.5265625,49.8968253968254,47.11587301587302,1.9,11.0,4.8,99.0
27763,429,19.666666666666664,48.22727272727273,44.28787878787879,1.9,18.0,4.8,99.0
28663,429,19.859016393442623,53.44852941176471,49.06617647058824,2.2,39.0,9.7,99.0
29563,429,20.12686567164179,50.373134328358205,46.86716417910448,2.2,44.0,8.0,99.0
30463,429,20.151612903225807,39.78676470588236,36.67205882352941,2.2,69.0,9.7,99.0
31363,429,20.016417910447764,48.80434782608695,44.20144927536232,2.2,62.0,9.7,99.0
32263,429,20.1,48.1171875,44.715625,2.2,60.0,8.0,99.0
33163,429,20.14927536231884,50.869565217391305,46.686956521739134,2.0,46.0,6.4,99.0
34063,429,20.21875,48.3030303030303,44.85606060606061,1.8,70.0,8.0,99.0
34963,429,20.283870967741937,49.85507246376812,45.53043478260869,1.8,67.0,9.7,99.0
35863,429,20.349206349206348,50.36153846153847,46.675384615384615,1.7,90.0,12.9,99.0
36763,429,20.4,48.38059701492537,44.538805970149255,1.7,76.0,9.7,99.0
37663,429,20.426,50.764150943396224,46.764150943396224,1.5,77.0,11.3,99.0
38563,429,20.5,49.58333333333333,46.78333333333333,1.4,69.0,9.7,99.0
39463,429,,,,1.3,60.0,8.0,99.0
40363,429,,,,1.4,76.0,6.4,98.0
41263,429,20.6,47.71875,43.1625,1.4,76.0,6.4,98.0
42163,429,20.67611940298508,51.08196721311475,47.22786885245902,1.3,84.0,9.7,98.0
43063,429,20.7,49.61538461538461,45.72615384615385,1.4,93.0,9.7,98.0
43963,429,20.7,50.50806451612903,46.28548387096775,1.4,58.0,9.7,98.0
44863,429,20.7,48.35245901639344,45.088524590163935,1.5,53.0,8.0,99.0
45763,429,20.66111111111111,44.81746031746032,41.78888888888889,1.6,58.0,6.4,99.0
46663,429,20.52622950819672,45.88059701492537,42.31791044776119,1.7,44.0,6.4,98.0
47563,429,20.5,49.823076923076925,45.45538461538462,1.7,44.0,8.0,98.0
48463,429,20.6,50.046875,46.3734375,1.9,65.0,9.7,99.0
49363,429,20.6,46.766129032258064,43.38548387096775,1.9,63.0,8.0,99.0
50263,429,20.6,47.34090909090909,43.77727272727272,2.0,65.0,12.9,99.0
51163,429,20.6,48.39855072463768,44.55072463768117,2.0,44.0,12.9,99.0
52063,429,20.6,48.40625,44.6296875,2.1,42.0,12.9,99.0
52963,429,20.62272727272727,51.390625,47.0125,2.1,39.0,12.9,99.0
53863,429,20.7,48.32352941176471,45.125,2.1,33.0,11.3,99.0
54763,429,20.7,47.88059701492537,44.11194029850746,2.1,37.0,11.3,99.0
55663,429,20.7,50.09090909090909,46.16515151515152,2.1,32.0,9.7,99.0
56563,429,20.77846153846154,50.79850746268657,47.01343283582089,2.1,26.0,9.7,99.0
57463,429,20.8,48.49230769230769,44.989230769230765,2.1,26.0,8.0,99.0
58363,429,20.8,49.34090909090909,45.35454545454546,2.2,19.0,9.7,99.0
59263,429,20.85538461538461,50.52941176470589,46.40294117647058,2.2,23.0,8.0,99.0
60163,429,20.9,50.46774193548387,46.81612903225807,2.2,30.0,9.7,99.0
61063,429,20.9,45.44852941176471,42.055882352941175,2.2,18.0,9.7,99.0
61963,429,20.82,44.91935483870968,41.8016129032258,2.2,7.0,11.3,99.0
62863,429,20.65172413793104,39.23880597014925,37.095522388059706,2.2,5.0,9.7,99.0
63763,429,20.4765625,40.65909090909091,37.33030303030303,2.2,0.0,11.3,99.0
64663,429,20.4,43.45522388059702,40.06716417910447,2.2,0.0,11.3,99.0
65563,429,20.4,48.06617647058824,44.01029411764706,2.2,0.0,11.3,99.0
66463,429,20.4864406779661,43.76119402985075,41.23283582089552,2.2,0.0,9.7,99.0
67363,429,20.4,43.875,40.396875,2.2,0.0,12.9,99.0
68263,429,20.4,45.76470588235294,42.21911764705882,2.3,0.0,12.9,99.0
69163,429,20.4,46.16417910447761,42.71492537313433,2.3,0.0,11.3,99.0
70063,429,20.4,44.7421875,41.5765625,2.3,0.0,11.3,99.0
70963,429,20.47205882352941,46.72794117647059,42.95735294117647,2.3,0.0,11.3,99.0
71863,429,20.538,48.95384615384616,45.20461538461539,2.3,0.0,8.0,99.0
72763,429,20.66268656716418,51.09090909090909,47.46969696969697,2.3,0.0,11.3,99.0
73663,429,20.7,49.919117647058826,47.23529411764706,2.3,0.0,12.9,99.0
74563,429,21.0203125,50.21641791044776,48.362686567164175,2.4,0.0,12.9,99.0
75463,429,20.83768115942029,51.9765625,48.884375,2.4,0.0,11.3,99.0
76363,429,19.98805970149254,49.98461538461539,48.01538461538461,2.4,0.0,12.9,99.0
77263,429,18.90909090909091,47.61764705882353,45.41470588235294,2.4,0.0,16.1,99.0
78163,429,18.090140845070422,44.1,42.424615384615386,2.4,0.0,14.5,99.0
79063,429,17.144117647058824,38.04477611940298,36.96268656716418,2.3,0.0,14.5,99.0
79963,429,16.323880597014927,33.03731343283582,33.01194029850746,2.3,0.0,14.5,99.0
80863,429,16.063076923076924,30.69402985074627,30.361194029850747,2.3,0.0,17.7,99.0
81763,429,16.042424242424243,34.0234375,32.665625,2.3,0.0,16.1,99.0
82663,429,15.879411764705882,29.83076923076923,28.97692307692308,2.3,0.0,14.5,99.0
83563,429,15.89402985074627,24.421875,23.715625,2.3,0.0,14.5,99.0
84463,429,16.544444444444444,21.48611111111111,20.884722222222223,2.3,0.0,12.9,99.0
85363,429,16.894444444444446,18.661290322580648,17.411290322580648,2.3,0.0,14.5,99.0
86263,429,17.06875,17.275362318840582,16.163768115942027,2.3,0.0,16.1,99.0
763,430,17.174418604651162,16.615384615384617,15.61076923076923,2.3,0.0,16.1,99.0
1663,430,17.2,16.113636363636363,15.29848484848485,2.3,0.0,17.7,99.0
2563,430,17.2,16.0,15.023809523809524,2.4,0.0,17.7,99.0
3463,430,17.153488372093022,15.67910447761194,14.886567164179104,2.3,0.0,16.1,99.0
4363,430,17.1,15.5,14.8,2.3,0.0,16.1,99.0
5263,430,17.014285714285712,15.5,14.615714285714285,2.2,0.0,12.9,98.0
6163,430,16.974,15.5,14.5,2.2,0.0,12.9,98.0
7063,430,16.9,15.421428571428573,14.5,2.3,0.0,12.9,98.0
7963,430,16.855263157894736,15.015151515151516,14.36969696969697,2.3,0.0,14.5,98.0
8863,430,16.8,15.0,14.3,2.3,0.0,11.3,98.0
9763,430,16.73,15.0,14.3,2.3,0.0,12.9,98.0
10663,430,16.677083333333336,15.0,14.3,2.4,0.0,14.5,98.0
11563,430,16.6,15.0,14.129850746268655,2.3,0.0,11.3,98.0
12463,430,16.55,15.0,14.0,2.3,0.0,12.9,98.0
13363,430,16.5,15.0,14.0,2.4,0.0,14.5,98.0
14263,430,16.432558139534883,14.92622950819672,14.0,2.3,0.0,12.9,98.0
15163,430,16.384999999999998,14.527397260273972,14.0,2.2,0.0,14.5,98.0
16063,430,16.3,14.5,13.905714285714286,2.1,0.0,19.3,98.0
16963,430,16.230555555555554,14.5,13.8,2.1,0.0,16.1,97.0
17863,430,16.2,14.5,13.8,2.1,0.0,17.7,97.0
18763,430,16.125531914893617,16.095238095238095,14.763492063492064,2.1,0.0,16.1,97.0
19663,430,16.1,19.8046875,18.8796875,1.9,0.0,17.7,97.0
20563,430,16.1,23.444444444444446,21.946031746031743,1.9,0.0,14.5,98.0
21463,430,16.115686274509805,35.20161290322581,30.3,1.9,0.0,17.7,98.0
22363,430,16.663636363636364,50.84328358208956,47.55820895522388,1.9,0.0,16.1,98.0
23263,430,17.57272727272727,52.41538461538462,49.76769230769231,1.7,0.0,17.7,98.0
24163,430,18.106944444444444,38.97619047619048,36.6920634920635,1.6,0.0,17.7,98.0
25063,430,18.280597014925373,30.5,27.85333333333333,1.1,0.0,20.9,98.0
25963,430,18.25230769230769,45.80597014925373,40.8,0.7,0.0,16.1,97.0
26863,430,18.766666666666666,53.11290322580645,50.10483870967742,0.5,0.0,11.3,98.0
27763,430,19.123809523809523,51.71014492753624,48.881159420289855,0.4,7.0,9.7,98.0
28663,430,19.31311475409836,48.33582089552239,45.97611940298508,0.4,0.0,8.0,98.0
29563,430,19.295454545454547,42.86923076923077,41.45384615384616,0.4,5.0,11.3,98.0
30463,430,19.153623188405795,37.484375,36.2234375,0.4,14.0,9.7,98.0
31363,430,18.932352941176468,33.5,31.44142857142857,0.4,9.0,9.7,98.0
32263,430,18.74117647058824,39.6044776119403,37.1910447761194,0.6,11.0,8.0,98.0
33163,430,18.77166666666667,51.50877192982456,47.14561403508772,0.6,14.0,11.3,98.0
34063,430,19.09692307692308,50.59848484848485,48.404545454545456,0.6,19.0,14.5,98.0
34963,430,19.26774193548388,50.96268656716418,47.8044776119403,0.8,25.0,12.9,98.0
35863,430,19.352307692307694,49.80882352941176,47.44705882352942,1.1,19.0,11.3,98.0
36763,430,19.4,47.43478260869565,45.2695652173913,1.2,26.0,11.3,99.0
37663,430,19.32698412698413,39.21969696969697,37.662121212121214,1.4,35.0,11.3,99.0
38563,430,19.22388059701493,40.088235294117645,37.7,1.6,42.0,11.3,99.0
39463,430,19.139705882352946,41.12307692307692,38.76307692307692,1.7,84.0,11.3,98.0
40363,430,19.16307692307692,50.6875,46.8453125,1.8,60.0,9.7,99.0
41263,430,19.302985074626868,49.45522388059702,46.69850746268657,1.8,56.0,9.7,99.0
42163,430,19.414516129032258,51.025,48.13333333333333,1.8,62.0,8.0,98.0
43063,430,19.514492753623188,51.09558823529412,47.88970588235294,1.8,54.0,9.7,98.0
43963,430,19.67794117647059,51.440298507462686,48.440298507462686,1.8,67.0,9.7,98.0
44863,430,19.8,50.693548387096776,48.20322580645161,1.9,39.0,8.0,98.0
45763,430,19.837878787878783,50.80769230769231,47.738461538461536,1.9,33.0,8.0,98.0
46663,430,19.9,51.19230769230769,48.18615384615385,2.0,35.0,6.4,98.0
47563,430,19.9390625,51.3955223880597,49.11791044776119,2.1,46.0,4.8,98.0
48463,430,20.0,50.738461538461536,47.716923076923074,2.2,62.0,4.8,98.0
49363,430,20.036764705882355,51.61594202898552,48.78405797101449,2.3,49.0,4.8,98.0
50263,430,20.11428571428572,51.21428571428571,48.13650793650793,2.3,40.0,4.8,98.0
51163,430,20.2,51.28676470588236,48.49117647058824,2.0,44.0,3.2,98.0
52063,430,20.2,52.036231884057976,49.31449275362319,2.2,56.0,0.0,98.0
52963,430,20.2,49.38095238095238,47.1015873015873,2.2,33.0,1.6,98.0
53863,430,20.2,51.023809523809526,48.10952380952381,2.1,51.0,1.6,98.0
54763,430,20.2,50.3203125,47.671875,2.2,65.0,1.6,98.0
55663,430,20.237313432835823,51.65322580645161,48.39354838709677,2.3,46.0,3.2,98.0
56563,430,20.3,50.38805970149254,48.20149253731343,2.2,46.0,3.2,98.0
57463,430,20.27230769230769,41.66666666666667,38.67460317460318,2.3,18.0,4.8,98.0
58363,430,20.2,50.40163934426229,47.9672131147541,2.2,16.0,3.2,98.0
59263,430,20.2,50.71212121212121,47.77121212121212,2.3,21.0,3.2,98.0
60163,430,20.2,50.00806451612903,47.45645161290322,2.4,39.0,3.2,98.0
61063,430,20.275757575757574,49.32352941176471,46.91764705882353,2.5,16.0,4.8,98.0
61963,430,20.316666666666663,51.39705882352941,48.74558823529412,2.6,19.0,3.2,98.0
62863,430,20.4,51.01538461538461,48.11384615384616,2.4,7.0,4.8,98.0
63763,430,20.4,49.921875,47.665625,2.3,0.0,8.0,98.0
64663,430,20.4,50.89230769230769,47.84923076923077,2.2,0.0,4.8,98.0
65563,430,20.4,50.93076923076923,48.26769230769231,2.1,0.0,6.4,98.0
66463,430,20.508196721311474,51.38333333333334,49.373333333333335,2.3,0.0,11.3,97.0
67363,430,20.721212121212123,49.960317460317455,49.48253968253968,2.3,0.0,9.7,97.0
68263,430,20.91549295774648,49.58064516129032,48.57903225806452,2.3,0.0,8.0,96.0
69163,430,21.046774193548387,48.68382352941176,47.78970588235294,2.3,0.0,6.4,96.0
70063,430,21.09,44.69852941176471,43.36911764705882,2.2,0.0,6.4,96.0
70963,430,20.92,40.46923076923077,37.63230769230769,2.3,0.0,6.4,95.0
71863,430,20.59848484848485,30.35606060606061,28.695454545454545,2.4,0.0,8.0,95.0
72763,430,20.22272727272728,24.852941176470587,23.15441176470588,2.4,0.0,8.0,94.0
73663,430,19.84464285714286,21.05084745762712,19.63050847457627,2.5,0.0,8.0,93.0
74563,430,19.45967741935484,18.74242424242424,17.78636363636364,2.4,0.0,6.4,93.0
75463,430,19.15967741935484,21.69402985074627,21.11044776119403,2.5,0.0,9.7,93.0
76363,430,18.9015625,24.75,23.74848484848485,2.6,0.0,11.3,92.0
77263,430,18.68769230769231,25.375,24.355882352941176,2.7,0.0,9.7,92.0
78163,430,18.54264705882353,27.0625,25.69375,2.5,0.0,8.0,92.0
79063,430,18.5,27.85714285714285,25.495238095238097,2.3,0.0,6.4,93.0
79963,430,18.5,29.99242424242424,26.995454545454542,2.3,0.0,6.4,93.0
80863,430,18.5234375,33.0625,29.675,2.2,0.0,9.7,93.0
81763,430,18.656060606060606,36.16417910447761,33.85074626865672,2.4,0.0,11.3,92.0
82663,430,19.03,47.41269841269842,42.4015873015873,2.3,0.0,6.4,92.0
83563,430,19.65714285714286,49.963235294117645,47.34411764705882,2.0,0.0,4.8,92.0
84463,430,19.66229508196721,39.85294117647059,37.60294117647059,1.4,0.0,8.0,94.0
85363,430,19.533846153846152,40.99242424242424,38.91969696969697,1.5,0.0,6.4,95.0
86263,430,19.401587301587305,37.47727272727273,35.71212121212121,1.3,0.0,1.6,94.0
763,431,19.259375,37.44776119402985,35.62537313432836,1.3,0.0,3.2,95.0
1663,431,19.11774193548387,35.38709677419355,33.693548387096776,1.4,0.0,4.8,94.0
2563,431,18.973015873015875,36.52173913043478,34.59130434782609,1.1,0.0,1.6,94.0
3463,431,18.86865671641791,35.50757575757576,33.734848484848484,1.1,0.0,4.8,96.0
4363,431,18.77058823529412,36.93076923076923,34.76461538461538,1.4,0.0,8.0,96.0
5263,431,18.7,36.3046875,34.3125,2.2,0.0,11.3,95.0
6163,431,18.654545454545453,37.669230769230765,35.146153846153844,2.3,0.0,11.3,94.0
7063,431,18.6,36.49166666666667,34.35333333333334,2.5,0.0,3.2,92.0
7963,431,18.59523809523809,37.76515151515152,35.3,2.4,0.0,1.6,92.0
8863,431,18.503278688524592,36.77941176470589,34.46911764705882,2.1,0.0,1.6,93.0
9763,431,18.5,38.05555555555556,35.55555555555556,2.2,0.0,4.8,94.0
10663,431,18.5,37.33088235294117,35.036764705882355,2.5,0.0,11.3,92.0
11563,431,18.5,38.43076923076923,35.99076923076923,2.6,0.0,14.5,91.0
12463,431,18.5,37.059701492537314,34.85074626865672,2.7,0.0,19.3,90.0
13363,431,18.40441176470588,38.38888888888889,35.95555555555556,2.7,0.0,17.7,90.0
14263,431,18.4,37.27205882352941,35.10441176470589,2.7,0.0,14.5,90.0
15163,431,18.4,38.76470588235294,36.32058823529412,2.8,0.0,16.1,90.0
16063,431,18.4,37.838235294117645,35.64705882352941,2.7,0.0,12.9,91.0
16963,431,18.4,39.64393939393939,37.412121212121214,2.9,0.0,14.5,90.0
17863,431,18.392753623188405,38.97619047619048,37.04285714285714,3.1,0.0,16.1,90.0
18763,431,18.34126984126984,40.46376811594203,38.16231884057972,3.0,0.0,12.9,90.0
19663,431,18.37333333333333,44.52307692307692,40.566153846153846,2.9,0.0,16.1,90.0
20563,431,18.675806451612903,54.06818181818181,49.96818181818182,2.9,0.0,14.5,91.0
21463,431,19.069230769230767,53.213235294117645,49.15588235294118,2.9,0.0,11.3,92.0
22363,431,19.31967213114754,41.685483870967744,38.59032258064516,2.8,0.0,11.3,91.0
23263,431,19.31176470588236,41.1268656716418,38.31641791044776,2.4,0.0,12.9,93.0
24163,431,19.3,45.99242424242424,42.32424242424243,2.4,0.0,14.5,93.0
25063,431,19.32153846153846,42.669117647058826,40.17058823529412,2.3,5.0,14.5,93.0
25963,431,19.484848484848484,32.1,29.377142857142854,2.2,9.0,16.1,93.0
26863,431,19.275,28.00757575757576,27.4,2.2,39.0,16.1,93.0
27763,431,19.1,32.29710144927536,30.24347826086956,2.5,63.0,19.3,92.0
28663,431,19.0,39.109375,36.1265625,3.3,120.0,19.3,90.0
29563,431,19.0,31.893939393939394,28.5439393939394,3.2,100.0,19.3,90.0
30463,431,18.922727272727272,24.55223880597015,22.288059701492536,3.6,76.0,16.1,88.0
31363,431,18.749253731343284,20.875,19.328125,3.5,54.0,16.1,89.0
32263,431,18.55166666666667,18.8515625,17.7703125,3.4,46.0,14.5,90.0
33163,431,18.35384615384616,17.683823529411764,16.84264705882353,3.3,51.0,12.9,91.0
34063,431,18.16212121212121,16.941176470588236,16.3,3.5,118.0,6.4,91.0
34963,431,17.977272727272727,16.5,15.876923076923076,3.7,77.0,4.8,91.0
35863,431,17.8,16.03846153846154,15.513846153846156,3.6,123.0,8.0,90.0
36763,431,17.653030303030302,16.0,15.326470588235292,3.7,229.0,8.0,91.0
37663,431,17.52941176470588,15.707692307692309,15.087692307692308,4.7,315.0,12.9,88.0
38563,431,17.4265625,15.5,15.0,4.8,183.0,14.5,87.0
39463,431,17.316666666666666,15.5,14.863768115942028,4.9,306.0,14.5,86.0
40363,431,17.213432835820896,15.5,14.8,4.9,151.0,14.5,86.0
41263,431,17.131884057971014,15.5,14.78181818181818,4.8,172.0,8.0,86.0
42163,431,17.027272727272727,15.469696969696969,14.5,4.6,200.0,8.0,88.0
43063,431,16.94927536231884,15.02173913043478,14.5,4.3,209.0,11.3,90.0
43963,431,16.9,15.0,14.5,4.7,255.0,11.3,89.0
44863,431,16.812121212121212,15.0,14.425,5.1,236.0,9.7,86.0
45763,431,16.8,15.0,14.302857142857144,4.8,257.0,9.7,88.0
46663,431,16.751470588235293,15.0,14.3,5.2,313.0,6.4,87.0
47563,431,16.7,15.0,14.3,5.2,367.0,9.7,87.0
48463,431,16.64,15.0,14.3,5.1,132.0,8.0,88.0
49363,431,16.6,15.0,14.248571428571427,4.8,163.0,8.0,90.0
50263,431,16.528787878787877,15.0,14.0046875,4.8,169.0,11.3,89.0
51163,431,16.5,14.992424242424244,14.0,4.9,105.0,12.9,89.0
52063,431,16.45151515151515,14.705882352941178,14.0,4.7,156.0,16.1,86.0
52963,431,16.4,14.50735294117647,14.0,4.8,183.0,14.5,85.0
53863,431,16.376470588235293,14.5,14.0,4.8,114.0,14.5,86.0
54763,431,16.3,14.5,13.99705882352941,5.1,84.0,11.3,86.0
55663,431,16.253846153846155,14.5,13.885294117647058,4.7,83.0,12.9,86.0
56563,431,16.2,14.5,13.8,4.6,58.0,12.9,86.0
57463,431,16.17230769230769,14.5,13.8,4.7,232.0,8.0,88.0
58363,431,16.1,14.5,13.8,4.6,76.0,14.5,87.0
59263,431,16.12089552238806,32.984375,27.2453125,4.4,111.0,11.3,88.0
60163,431,16.574242424242424,40.13076923076923,38.51076923076924,4.3,121.0,14.5,88.0
61063,431,17.105882352941176,51.06818181818182,47.00909090909091,4.3,46.0,9.7,88.0
61963,431,17.805882352941175,44.3984375,41.3046875,4.3,67.0,8.0,89.0
62863,431,18.16190476190476,35.84375,33.3625,4.1,23.0,12.9,89.0
63763,431,18.2,34.83333333333333,33.00909090909091,3.9,18.0,14.5,89.0
64663,431,18.16769230769231,32.11363636363636,30.337878787878783,3.7,0.0,16.1,89.0
65563,431,18.04615384615385,29.560606060606062,28.384848484848487,3.7,0.0,17.7,88.0
66463,431,17.867605633802818,25.985074626865675,25.019402985074628,3.7,0.0,17.7,88.0
67363,431,17.684375,25.37692307692308,24.46307692307692,4.0,0.0,20.9,87.0
68263,431,17.516923076923078,23.64179104477612,22.932835820895523,3.7,0.0,19.3,89.0
69163,431,17.355555555555554,23.646153846153844,22.62923076923077,3.5,0.0,17.7,90.0
70063,431,17.3,22.75,22.116666666666667,3.3,0.0,19.3,90.0
70963,431,17.1,26.785714285714285,25.77142857142857,3.1,0.0,22.5,90.0
71863,431,17.190322580645162,33.08196721311475,29.88360655737705,2.7,0.0,20.9,91.0
72763,431,17.72063492063492,48.738461538461536,43.98615384615385,2.7,0.0,16.1,91.0
73663,431,18.3234375,41.7578125,39.6640625,2.7,0.0,16.1,89.0
74563,431,18.567692307692308,38.75342465753425,37.02191780821918,2.7,0.0,14.5,89.0
75463,431,18.6,31.369230769230768,29.503076923076925,3.1,0.0,19.3,89.0
76363,431,18.48923076923077,23.815384615384616,21.686153846153847,3.3,0.0,20.9,88.0
77263,431,18.2171875,20.07575757575757,18.85757575757576,3.2,0.0,22.5,88.0
78163,431,17.960317460317462,28.93846153846153,27.544615384615383,3.1,0.0,20.9,89.0
79063,431,17.830303030303032,29.55633802816901,27.12676056338028,3.2,0.0,19.3,88.0
79963,431,17.722033898305085,31.54225352112676,29.61830985915493,3.3,0.0,20.9,87.0
80863,431,17.667241379310347,36.6,33.51692307692308,3.3,0.0,19.3,87.0
81763,431,17.80793650793651,31.11194029850746,29.77611940298508,3.3,0.0,19.3,87.0
82663,431,17.9,23.8828125,21.8109375,3.0,0.0,17.7,88.0
83563,431,17.78970588235294,19.865079365079364,18.31904761904762,2.8,0.0,16.1,89.0
84463,431,17.635384615384616,17.880597014925375,16.888059701492537,2.8,0.0,17.7,89.0
85363,431,17.4359375,16.7890625,16.075,2.9,0.0,17.7,88.0
86263,431,17.224615384615383,16.143939393939394,15.51818181818182,2.9,0.0,16.1,88.0
763,432,17.01969696969697,15.68840579710145,15.169565217391304,2.9,0.0,16.1,88.0
1663,432,16.84558823529412,15.5,14.877611940298507,2.8,0.0,12.9,89.0
2563,432,16.692424242424245,15.101449275362318,14.708695652173912,2.7,0.0,12.9,89.0
3463,432,16.558208955223883,15.0,14.5,2.7,0.0,14.5,88.0
4363,432,16.433846153846154,15.0,14.373239436619718,2.7,0.0,14.5,88.0
5263,432,16.31969696969697,15.0,14.3,2.6,0.0,14.5,88.0
6163,432,16.209230769230768,14.730769230769232,14.22153846153846,2.6,0.0,14.5,88.0
7063,432,16.134375,14.5,14.0,2.4,0.0,12.9,88.0
7963,432,16.075384615384614,14.5,14.0,2.3,0.0,12.9,89.0
8863,432,16.0,14.5,14.0,2.2,0.0,14.5,89.0
9763,432,15.932258064516128,14.5,13.919999999999998,2.1,0.0,11.3,90.0
10663,432,15.869230769230768,14.5,13.8,1.8,0.0,11.3,90.0
11563,432,15.8,14.5,13.8,1.8,0.0,12.9,90.0
12463,432,15.75625,14.5,13.8,1.7,0.0,11.3,90.0
13363,432,15.7,14.4921875,13.6734375,1.8,0.0,11.3,89.0
14263,432,15.670967741935485,14.274193548387098,13.50967741935484,1.8,0.0,8.0,88.0
15163,432,,,,1.6,0.0,8.0,89.0
16063,432,15.5,14.0,13.5,1.8,0.0,12.9,91.0
16963,432,15.495238095238095,14.0,13.5,2.1,0.0,12.9,89.0
17863,432,15.4,14.0,13.384057971014494,1.8,0.0,9.7,89.0
18763,432,15.371875,14.0,13.3,1.8,0.0,9.7,88.0
19663,432,15.334328358208955,30.79850746268657,25.071641791044776,1.8,0.0,12.9,89.0
20563,432,15.892957746478874,52.10294117647059,48.52352941176471,1.9,0.0,16.1,90.0
21463,432,16.715873015873015,51.77205882352941,48.77941176470589,1.7,0.0,16.1,92.0
22363,432,17.45294117647059,43.28358208955224,41.50149253731343,1.8,0.0,16.1,91.0
23263,432,17.74705882352941,36.42741935483871,34.48225806451613,1.6,0.0,3.2,91.0
24163,432,17.76451612903226,32.776119402985074,31.029850746268657,1.5,0.0,6.4,92.0
25063,432,17.639705882352942,29.44117647058824,27.9,1.4,7.0,3.2,92.0
25963,432,17.482758620689655,26.48550724637681,25.38695652173913,1.3,9.0,4.8,91.0
26863,432,17.2859375,24.3955223880597,23.54179104477612,1.3,18.0,4.8,91.0
27763,432,17.184126984126983,25.75735294117647,24.61617647058824,1.3,40.0,4.8,92.0
28663,432,17.02769230769231,30.5390625,28.03125,1.5,32.0,4.8,91.0
29563,432,17.282258064516128,41.04615384615384,37.82153846153846,1.7,25.0,3.2,91.0
30463,432,17.4,30.025,29.055,1.5,40.0,4.8,91.0
31363,432,17.340625,23.674242424242426,23.25454545454545,1.7,32.0,4.8,91.0
32263,432,17.19855072463768,20.12878787878788,19.4,2.3,33.0,1.6,87.0
33163,432,17.014705882352942,17.7109375,16.7375,2.6,33.0,1.6,86.0
34063,432,16.849253731343286,16.434782608695652,15.695652173913045,3.0,35.0,4.8,85.0
34963,432,16.694202898550724,15.685714285714289,15.12,3.3,39.0,4.8,85.0
35863,432,16.54705882352941,15.253521126760564,14.745070422535212,3.6,364.0,3.2,84.0
36763,432,16.391935483870967,15.0,14.5,4.6,383.0,3.2,80.0
37663,432,16.2421875,14.873239436619718,14.322535211267606,5.2,417.0,8.0,78.0
38563,432,16.143283582089552,14.5,14.2671875,5.4,429.0,8.0,77.0
39463,432,16.056666666666665,14.5,14.0,5.7,390.0,6.4,75.0
40363,432,15.99090909090909,14.5,14.0,5.9,482.0,3.2,76.0
41263,432,15.9,14.5,13.916129032258064,6.4,480.0,8.0,76.0
42163,432,15.885245901639346,14.5,13.8,6.6,487.0,6.4,74.0
43063,432,15.8,14.419354838709676,13.8,6.3,499.0,9.7,72.0
43963,432,15.796825396825398,14.026315789473683,13.8,6.4,506.0,11.3,73.0
44863,432,15.702985074626866,14.0,13.652307692307692,6.3,464.0,11.3,74.0
45763,432,15.7,14.0,13.5,6.7,487.0,9.7,75.0
46663,432,15.65072463768116,14.0,13.5,7.3,501.0,9.7,71.0
47563,432,15.6,14.0,13.5,7.2,464.0,11.3,68.0
48463,432,15.592537313432835,14.0,13.491044776119404,7.6,501.0,9.7,67.0
49363,432,15.5,14.0,13.326470588235292,7.4,213.0,11.3,65.0
50263,432,15.5,14.0,13.3,6.8,338.0,11.3,65.0
51163,432,15.456451612903226,14.0,13.3,6.3,153.0,11.3,68.0
52063,432,15.4,14.0,13.3,6.0,114.0,12.9,72.0
52963,432,15.386764705882351,14.0,13.3,5.8,213.0,11.3,74.0
53863,432,15.3,14.0,13.3,5.8,378.0,12.9,75.0
54763,432,15.3,14.0,13.3,6.8,401.0,11.3,74.0
55663,432,15.290909090909093,13.94927536231884,13.3,5.9,111.0,12.9,75.0
56563,432,15.2,13.65909090909091,13.277272727272727,5.7,105.0,9.7,76.0
57463,432,15.2,13.5,13.136764705882351,5.5,83.0,11.3,78.0
58363,432,15.102941176470589,13.5,13.0044776119403,5.2,100.0,14.5,83.0
59263,432,15.134782608695652,31.99242424242424,26.307575757575755,4.7,62.0,11.3,84.0
60163,432,15.711940298507464,51.61029411764706,48.42794117647058,4.6,37.0,14.5,84.0
61063,432,16.51451612903226,52.81818181818181,49.1,4.7,69.0,17.7,84.0
61963,432,17.240625,47.14615384615384,44.65538461538462,4.7,28.0,11.3,84.0
62863,432,17.607692307692307,38.72307692307693,36.58307692307692,4.2,16.0,12.9,85.0
63763,432,17.6859375,33.46825396825397,31.753968253968253,3.9,9.0,12.9,86.0
64663,432,17.566666666666666,29.65079365079365,28.14444444444445,4.1,0.0,17.7,83.0
65563,432,17.407462686567165,27.397058823529413,26.15882352941176,4.3,0.0,17.7,83.0
66463,432,17.208955223880597,24.704545454545453,23.846969696969698,4.2,0.0,16.1,84.0
67363,432,16.9955223880597,23.99242424242424,22.965151515151515,4.1,0.0,19.3,84.0
68263,432,16.808955223880595,23.13846153846153,22.16769230769231,3.8,0.0,17.7,86.0
69163,432,16.6328125,24.63235294117647,22.53382352941177,3.7,0.0,19.3,89.0
70063,432,16.72352941176471,49.69117647058824,43.07941176470588,3.6,0.0,22.5,89.0
70963,432,17.417910447761194,47.0,44.00151515151515,3.5,0.0,19.3,88.0
71863,432,17.80923076923077,40.99206349206349,38.2031746031746,3.4,0.0,20.9,88.0
72763,432,17.983333333333334,37.03623188405797,35.23913043478261,3.5,0.0,20.9,89.0
73663,432,17.951470588235292,31.83333333333333,30.17826086956521,3.3,0.0,14.5,89.0
74563,432,17.819402985074625,29.421875,28.0734375,3.1,0.0,16.1,89.0
75463,432,17.652459016393443,25.62121212121212,24.82121212121212,3.0,0.0,16.1,89.0
76363,432,17.475384615384616,27.37692307692308,25.89230769230769,2.8,0.0,19.3,88.0
77263,432,17.31846153846154,26.604477611940297,25.31492537313433,2.9,0.0,19.3,88.0
78163,432,17.212857142857143,28.727272727272727,27.06515151515152,3.0,0.0,22.5,88.0
79063,432,17.124242424242425,28.96875,27.403125,3.0,0.0,19.3,87.0
79963,432,17.1,31.32857142857143,29.34714285714286,2.9,0.0,17.7,88.0
80863,432,17.1,26.64179104477612,24.823880597014927,2.9,0.0,20.9,89.0
81763,432,17.1,21.40833333333333,20.03833333333333,2.7,0.0,17.7,88.0
82663,432,17.00588235294118,18.477272727272727,17.55151515151515,2.6,0.0,19.3,88.0
83563,432,16.831147540983608,16.685714285714287,15.827142857142857,2.4,0.0,16.1,88.0
84463,432,16.645454545454548,15.702898550724637,14.940579710144927,2.3,0.0,16.1,89.0
85363,432,16.50166666666667,15.26027397260274,14.912328767123288,2.2,0.0,20.9,91.0
86263,432,17.0703125,16.455882352941178,16.96764705882353,1.7,0.0,17.7,92.0
763,433,17.2375,16.111940298507463,15.871641791044777,1.8,0.0,17.7,91.0
1663,433,16.801492537313433,15.306451612903226,14.717741935483872,2.5,0.0,20.9,87.0
2563,433,16.4796875,15.0,14.338709677419354,2.6,0.0,22.5,86.0
3463,433,16.286567164179104,14.557971014492754,14.02608695652174,2.5,0.0,25.7,85.0
4363,433,16.1469696969697,14.5,14.0,2.4,0.0,24.1,86.0
5263,433,16.01875,14.5,13.825,2.2,0.0,20.9,88.0
6163,433,15.90441176470588,14.428571428571429,13.8,2.0,0.0,20.9,88.0
7063,433,15.801492537313433,14.00735294117647,13.74264705882353,2.2,0.0,24.1,87.0
7963,433,15.706153846153848,14.0,13.505172413793105,2.4,0.0,25.7,84.0
8863,433,15.63125,14.0,13.5,2.3,0.0,22.5,85.0
9763,433,15.564615384615385,14.0,13.494285714285716,2.3,0.0,25.7,86.0
10663,433,15.5,14.0,13.3,2.4,0.0,30.6,86.0
11563,433,15.416417910447764,14.0,13.3,2.3,0.0,29.0,87.0
12463,433,15.3546875,14.0,13.3,2.3,0.0,27.4,87.0
13363,433,15.3,13.9921875,13.3,2.4,0.0,29.0,87.0
14263,433,,,,2.6,0.0,32.2,86.0
15163,433,,,,2.5,0.0,30.6,85.0
16063,433,,,,2.4,0.0,24.1,84.0
16963,433,,,,2.5,0.0,27.4,83.0
17863,433,,,,2.7,0.0,30.6,80.0
18763,433,,,,2.7,0.0,33.8,81.0
19663,433,,,,2.7,0.0,33.8,81.0
20563,433,,,,2.7,0.0,32.2,81.0
21463,433,16.63111111111111,53.34883720930232,49.42790697674418,3.1,0.0,37.0,79.0
22363,433,17.235384615384614,46.7089552238806,44.24776119402985,2.9,0.0,35.4,80.0
23263,433,17.53,41.11666666666667,38.61,2.7,0.0,33.8,82.0
24163,433,,,,2.7,0.0,35.4,82.0
25063,433,,,,2.8,12.0,37.0,83.0
25963,433,,,,2.8,18.0,32.2,84.0
26863,433,,,,2.8,37.0,30.6,84.0
27763,433,,,,2.9,60.0,32.2,84.0
28663,433,,,,3.1,107.0,33.8,84.0
29563,433,,,,3.2,132.0,29.0,84.0
30463,433,17.45,36.25,35.5,3.3,186.0,30.6,84.0
31363,433,17.40151515151515,30.9921875,28.778125,3.4,35.0,32.2,83.0
32263,433,17.291304347826088,23.41489361702128,20.69787234042553,3.5,37.0,30.6,83.0
33163,433,,,,3.7,39.0,27.4,83.0
34063,433,,,,3.9,42.0,29.0,83.0
34963,433,16.631999999999998,15.851851851851851,15.233333333333334,4.1,53.0,27.4,82.0
35863,433,16.528125,15.384615384615383,14.886153846153846,4.5,374.0,29.0,81.0
36763,433,16.359375,15.0,14.55,4.7,417.0,29.0,79.0
37663,433,16.209375,14.639705882352942,14.311764705882354,4.4,207.0,29.0,82.0
38563,433,16.069117647058825,14.5,14.034782608695654,4.9,364.0,27.4,80.0
39463,433,15.944444444444446,14.5,13.940625,5.4,471.0,29.0,79.0
40363,433,15.834920634920636,14.15441176470588,13.8,5.8,478.0,29.0,78.0
41263,433,15.745714285714286,14.0,13.78181818181818,6.2,492.0,27.4,76.0
42163,433,15.671875,14.0,13.508823529411766,6.4,503.0,25.7,75.0
43063,433,15.6,14.0,13.5,6.9,510.0,24.1,69.0
43963,433,15.534375,14.0,13.5,7.2,519.0,20.9,69.0
44863,433,15.5,14.0,13.315625,7.1,522.0,20.9,71.0
45763,433,15.423880597014923,14.0,13.3,7.3,515.0,19.3,71.0
46663,433,15.4,13.985507246376812,13.3,7.6,487.0,17.7,67.0
47563,433,15.310144927536232,13.638461538461538,13.3,7.5,503.0,14.5,70.0
48463,433,15.3,13.5,13.225,7.4,490.0,17.7,68.0
49363,433,15.265625,13.5,13.004545454545454,6.4,120.0,16.1,68.0
50263,433,15.2,13.5,13.0,7.4,188.0,17.7,66.0
51163,433,15.185714285714289,13.5,13.0,7.4,237.0,17.7,64.0
52063,433,15.1,13.5,13.0,7.7,65.0,14.5,64.0
52963,433,15.1,13.5,13.0,7.7,392.0,16.1,64.0
53863,433,15.020588235294118,13.5,12.948387096774193,7.6,313.0,16.1,64.0
54763,433,15.0,13.5,12.817910447761191,7.6,302.0,16.1,64.0
55663,433,15.0,13.5,12.8,7.6,227.0,16.1,64.0
56563,433,14.97101449275362,13.5,12.8,7.5,279.0,14.5,65.0
57463,433,14.9,13.5,12.8,7.3,120.0,14.5,65.0
58363,433,14.9,13.580882352941178,12.947058823529412,7.2,91.0,12.9,66.0
59263,433,14.925,29.015151515151512,23.156060606060606,6.9,62.0,6.4,66.0
60163,433,15.625,51.03030303030303,47.35909090909091,6.7,47.0,4.8,67.0
61063,433,16.552307692307693,53.00714285714285,49.35,6.6,53.0,6.4,66.0
61963,433,17.31290322580645,44.24166666666667,42.20666666666666,6.2,39.0,3.2,68.0
62863,433,17.65686274509804,35.68518518518518,33.93703703703704,5.4,23.0,4.8,70.0
63763,433,17.7,37.82142857142857,36.01428571428572,5.0,14.0,1.6,71.0
64663,433,,,,4.1,0.0,1.6,74.0
65563,433,17.32857142857143,28.625,26.8,3.9,0.0,1.6,74.0
66463,433,17.05217391304348,25.867346938775512,24.98775510204081,3.5,0.0,3.2,75.0
67363,433,16.816666666666666,27.945652173913043,25.43695652173913,3.7,0.0,3.2,75.0
68263,433,16.91627906976744,50.01470588235294,43.6,3.3,0.0,1.6,78.0
69163,433,17.29,53.0,49.74545454545454,3.2,0.0,1.6,79.0
70063,433,17.975438596491227,48.796875,49.14375,3.2,0.0,4.8,80.0
70963,433,18.48275862068965,48.3768115942029,49.03333333333333,3.3,0.0,3.2,79.0
71863,433,18.85,46.28030303030303,46.92424242424242,3.2,0.0,3.2,79.0
72763,433,19.10344827586207,46.26811594202898,46.836231884057966,3.1,0.0,4.8,80.0
73663,433,19.2,44.82394366197183,44.66901408450704,2.8,0.0,4.8,81.0
74563,433,19.264705882352946,49.16935483870968,49.251612903225805,3.0,0.0,6.4,80.0
75463,433,19.33421052631579,41.12857142857143,39.98,2.4,0.0,4.8,82.0
76363,433,19.07966101694916,43.125,41.07666666666667,2.8,0.0,6.4,81.0
77263,433,18.90983606557377,48.65441176470589,45.64117647058824,3.3,0.0,4.8,78.0
78163,433,19.02878787878788,53.35384615384616,50.91692307692308,3.3,0.0,4.8,77.0
79063,433,19.23692307692308,40.72058823529412,38.66764705882353,3.2,0.0,6.4,77.0
79963,433,19.24923076923077,39.072580645161295,37.09193548387097,3.2,0.0,4.8,76.0
80863,433,19.04615384615385,39.10833333333333,35.513333333333335,2.9,0.0,6.4,77.0
81763,433,18.85454545454545,32.35507246376812,28.67826086956521,2.8,0.0,6.4,77.0
82663,433,18.55076923076923,24.890625,22.6609375,2.5,0.0,6.4,78.0
83563,433,18.22222222222222,21.043478260869566,19.56376811594203,2.5,0.0,6.4,77.0
84463,433,17.88088235294118,18.79285714285714,17.832857142857144,2.4,0.0,6.4,77.0
85363,433,17.58955223880597,17.477941176470587,16.786764705882355,2.3,0.0,4.8,77.0
86263,433,17.32686567164179,16.671641791044777,16.083582089552237,2.2,0.0,4.8,79.0
763,434,17.11060606060606,16.0859375,15.603125,2.2,0.0,3.2,79.0
1663,434,16.920967741935485,15.666666666666666,15.204761904761904,2.2,0.0,3.2,81.0
2563,434,16.7734375,15.5,14.920754716981133,2.2,0.0,1.6,83.0
3463,434,16.64142857142857,15.17391304347826,14.72608695652174,2.1,0.0,1.6,84.0
4363,434,16.519402985074628,15.0,14.5,2.1,0.0,0.0,84.0
5263,434,16.407575757575756,15.0,14.326229508196722,1.8,0.0,1.6,85.0
6163,434,16.31044776119403,14.91044776119403,14.3,1.7,0.0,1.6,85.0
7063,434,16.2044776119403,14.50735294117647,14.030882352941177,1.6,0.0,0.0,85.0
7963,434,16.133823529411764,14.5,14.0,1.6,0.0,1.6,86.0
8863,434,16.06818181818182,14.5,13.908196721311477,1.7,0.0,3.2,86.0
9763,434,16.0,14.5,13.8,1.7,0.0,4.8,87.0
10663,434,15.90151515151515,14.5,13.8,1.7,0.0,4.8,88.0
11563,434,15.84181818181818,14.5,13.794736842105262,1.7,0.0,4.8,88.0
12463,434,15.8,14.298387096774192,13.553225806451612,1.8,0.0,4.8,89.0
13363,434,15.725,14.007575757575756,13.5,1.9,0.0,6.4,90.0
14263,434,15.692307692307692,14.0,13.5,2.0,0.0,6.4,91.0
15163,434,15.6,14.0,13.5,1.8,0.0,4.8,91.0
16063,434,15.584057971014492,14.0,13.5,1.8,0.0,4.8,93.0
16963,434,15.5,14.0,13.487878787878788,2.4,0.0,6.4,94.0
17863,434,15.496969696969696,14.0,13.311428571428571,2.9,0.0,9.7,95.0
18763,434,15.4,14.0,13.3,2.9,0.0,9.7,95.0
19663,434,15.405263157894735,24.714285714285715,19.960714285714285,2.9,0.0,11.3,95.0
20563,434,15.874576271186442,50.0,47.11774193548387,3.0,0.0,9.7,95.0
21463,434,16.742424242424242,51.94444444444444,48.14920634920635,3.0,0.0,9.7,95.0
22363,434,17.48985507246377,47.0625,44.703125,3.1,0.0,11.3,95.0
23263,434,17.843076923076925,39.01639344262295,36.59344262295082,3.1,0.0,11.3,95.0
24163,434,17.9,36.35294117647059,34.398529411764706,3.1,0.0,14.5,95.0
25063,434,17.7671875,32.86363636363636,31.17727272727273,3.1,5.0,16.1,94.0
25963,434,17.527941176470588,30.23387096774193,28.90806451612903,3.2,5.0,16.1,94.0
26863,434,17.31230769230769,27.009433962264147,25.92264150943397,3.2,9.0,14.5,94.0
27763,434,17.184210526315788,28.07894736842105,26.4,3.1,11.0,16.1,95.0
28663,434,16.915384615384617,31.61764705882353,28.43921568627451,3.0,19.0,16.1,96.0
29563,434,16.9,35.125,32.075,2.9,30.0,17.7,95.0
30463,434,16.8,23.933333333333334,21.706666666666667,2.8,23.0,17.7,96.0
31363,434,16.740298507462686,21.174242424242426,19.20757575757576,2.7,32.0,19.3,96.0
32263,434,16.56,18.352941176470587,17.102941176470587,2.8,44.0,16.1,96.0
33163,434,16.385714285714286,16.807692307692307,16.040384615384617,2.7,47.0,17.7,96.0
34063,434,16.33939393939394,16.285714285714285,16.447142857142858,2.7,77.0,20.9,96.0
34963,434,16.212307692307693,15.88888888888889,15.840277777777777,2.7,65.0,20.9,96.0
35863,434,16.056716417910447,15.225806451612902,14.701612903225808,2.7,54.0,16.1,96.0
36763,434,15.9359375,14.8015873015873,14.220634920634922,2.6,49.0,17.7,96.0
37663,434,15.82295081967213,14.5,13.94285714285714,2.7,42.0,16.1,97.0
38563,434,15.725531914893615,14.5,13.8,2.7,44.0,17.7,97.0
39463,434,15.610169491525422,14.025,13.55,2.6,53.0,22.5,96.0
40363,434,15.546875,14.0,13.34848484848485,2.6,47.0,19.3,96.0
41263,434,15.5,14.0,13.3,2.8,46.0,16.1,97.0
42163,434,15.5,14.0,13.3,2.9,62.0,12.9,97.0
43063,434,15.443283582089553,14.0,13.3,3.2,77.0,14.5,97.0
43963,434,15.4,14.0,13.3,3.3,77.0,12.9,97.0
44863,434,15.4,14.139705882352942,13.685294117647056,3.5,62.0,14.5,97.0
45763,434,15.368115942028984,14.0,13.464615384615383,3.6,62.0,12.9,97.0
46663,434,15.3,14.0,13.3,3.7,74.0,16.1,97.0
47563,434,15.3,13.9375,13.1359375,3.7,40.0,14.5,97.0
48463,434,15.3,13.530303030303031,13.0,3.8,32.0,14.5,98.0
49363,434,15.2109375,13.5,13.0,3.8,72.0,14.5,98.0
50263,434,15.2,13.852459016393444,13.211475409836066,4.0,46.0,16.1,98.0
51163,434,15.15,13.761904761904765,13.185714285714289,4.1,42.0,12.9,98.0
52063,434,15.1,13.5,13.0,4.1,19.0,12.9,98.0
52963,434,15.043076923076924,13.5,13.0,4.1,79.0,12.9,98.0
53863,434,15.0,13.5,13.0,4.2,28.0,12.9,98.0
54763,434,15.0,13.5,13.0,4.2,30.0,14.5,98.0
55663,434,14.908823529411766,13.5,12.993846153846151,4.2,25.0,12.9,98.0
56563,434,14.9,13.5,12.85625,4.1,18.0,14.5,98.0
57463,434,14.82063492063492,13.5,12.808695652173911,4.1,19.0,14.5,98.0
58363,434,14.8,13.5,12.8,4.1,18.0,12.9,98.0
59263,434,14.774285714285714,26.99230769230769,21.51692307692308,4.1,11.0,12.9,98.0
60163,434,15.126,49.81914893617021,45.9468085106383,4.1,12.0,14.5,98.0
61063,434,15.87659574468085,52.01020408163265,48.40612244897959,4.1,7.0,11.3,98.0
61963,434,16.610714285714288,53.27049180327869,49.77540983606558,4.1,0.0,9.7,98.0
62863,434,17.16904761904762,54.26315789473684,50.72368421052632,4.0,9.0,12.9,98.0
63763,434,17.634090909090908,53.3125,50.51875,4.1,5.0,11.3,98.0
64663,434,17.97222222222222,53.86666666666666,50.58,4.0,0.0,14.5,98.0
65563,434,18.20625,52.18181818181819,49.72727272727273,4.0,0.0,14.5,98.0
66463,434,18.221621621621622,50.19117647058824,47.27647058823529,4.0,0.0,12.9,99.0
67363,434,18.153125,52.703125,49.88125,4.0,0.0,12.9,99.0
68263,434,18.285714285714285,53.8030303030303,51.160606060606064,4.0,0.0,8.0,99.0
69163,434,18.464102564102564,53.16129032258065,50.57741935483871,4.0,0.0,8.0,99.0
70063,434,18.58863636363636,51.54166666666666,49.625,4.0,0.0,6.4,99.0
70963,434,18.680487804878048,49.46666666666667,47.38888888888889,4.0,0.0,8.0,99.0
71863,434,18.633333333333333,45.025,42.3025,4.0,0.0,6.4,99.0
72763,434,18.69454545454545,53.29591836734694,50.49795918367347,4.0,0.0,8.0,99.0
73663,434,18.84090909090909,52.906976744186046,50.36976744186047,4.0,0.0,6.4,99.0
74563,434,18.98181818181818,52.16071428571429,49.9375,4.0,0.0,3.2,99.0
75463,434,19.011475409836063,52.007575757575765,49.25909090909091,4.0,0.0,4.8,99.0
76363,434,19.05238095238095,50.823076923076925,48.54307692307693,4.0,0.0,4.8,99.0
77263,434,19.01764705882353,52.11194029850746,49.362686567164175,3.9,0.0,3.2,99.0
78163,434,19.14,53.32575757575758,50.68787878787879,3.9,0.0,3.2,99.0
79063,434,19.338983050847457,49.70769230769231,47.216923076923074,3.9,0.0,1.6,99.0
79963,434,19.4,35.920634920634924,34.5015873015873,3.9,0.0,0.0,99.0
80863,434,19.746153846153845,29.33333333333333,31.080303030303032,3.9,0.0,1.6,99.0
81763,434,19.40149253731344,24.256944444444446,23.48333333333333,3.9,0.0,0.0,99.0
82663,434,18.986567164179103,20.86428571428572,19.97142857142857,3.9,0.0,0.0,99.0
83563,434,18.559701492537314,18.7734375,18.0296875,3.9,0.0,0.0,99.0
84463,434,18.15147058823529,17.543478260869566,16.895652173913042,3.8,0.0,0.0,99.0
85363,434,17.8,16.753731343283583,16.159701492537316,3.8,0.0,0.0,99.0
86263,434,17.519402985074628,16.227272727272727,15.64090909090909,3.9,0.0,0.0,99.0
763,435,17.285074626865672,15.833333333333334,15.23939393939394,3.9,0.0,0.0,99.0
1663,435,17.076470588235292,15.5,14.926153846153849,4.0,0.0,3.2,99.0
2563,435,16.905882352941177,15.477941176470589,14.760294117647058,4.1,0.0,0.0,99.0
3463,435,16.767164179104476,15.0,14.5,4.1,0.0,0.0,99.0
4363,435,16.6453125,15.0,14.421739130434782,4.1,0.0,0.0,99.0
5263,435,16.530434782608697,15.0,14.3,4.1,0.0,0.0,99.0
6163,435,16.4328125,14.992307692307694,14.18923076923077,4.1,0.0,1.6,99.0
7063,435,16.33939393939394,14.578571428571427,14.0,4.0,0.0,1.6,99.0
7963,435,16.24411764705882,14.5,14.0,4.0,0.0,0.0,99.0
8863,435,16.195384615384615,14.5,13.858461538461537,4.0,0.0,1.6,99.0
9763,435,16.1,14.5,13.8,4.1,0.0,1.6,99.0
10663,435,16.03846153846154,14.5,13.8,4.0,0.0,0.0,99.0
11563,435,15.991304347826087,14.5,13.592307692307694,3.9,0.0,0.0,99.0
12463,435,15.9,14.43846153846154,13.5,3.9,0.0,6.4,99.0
13363,435,15.9,14.073529411764708,13.5,3.9,0.0,4.8,99.0
14263,435,,,,3.8,0.0,3.2,99.0
15163,435,,,,3.8,0.0,3.2,99.0
16063,435,,,,3.8,0.0,4.8,99.0
16963,435,,,,3.8,0.0,6.4,99.0
17863,435,,,,3.8,0.0,8.0,99.0
18763,435,,,,3.8,0.0,6.4,99.0
19663,435,,,,3.8,0.0,6.4,99.0
20563,435,,,,3.9,0.0,4.8,99.0
21463,435,16.652307692307694,45.49206349206349,43.13809523809524,4.4,0.0,0.0,99.0
22363,435,17.15671641791045,49.95238095238095,47.142857142857146,4.7,0.0,0.0,99.0
23263,435,17.46818181818182,44.26190476190476,41.94761904761905,4.3,0.0,1.6,99.0
24163,435,,,,3.9,0.0,3.2,99.0
25063,435,,,,3.4,7.0,3.2,99.0
25963,435,,,,3.2,11.0,6.4,99.0
26863,435,,,,3.2,16.0,3.2,99.0
27763,435,,,,3.3,23.0,0.0,99.0
28663,435,,,,3.4,35.0,0.0,99.0
29563,435,,,,3.5,76.0,0.0,99.0
30463,435,17.0,23.444444444444446,20.88888888888889,3.8,67.0,4.8,99.0
31363,435,16.897014925373135,20.801470588235293,18.738235294117647,4.2,58.0,6.4,99.0
32263,435,16.773333333333333,18.110169491525426,16.803389830508472,4.7,118.0,4.8,99.0
33163,435,,,,4.8,137.0,1.6,99.0
34063,435,,,,5.2,171.0,0.0,99.0
34963,435,,,,5.4,134.0,0.0,99.0
35863,435,,,,5.7,137.0,0.0,99.0
36763,435,,,,5.7,169.0,0.0,99.0
37663,435,,,,5.5,151.0,3.2,99.0
38563,435,,,,5.8,107.0,1.6,99.0
39463,435,,,,5.7,260.0,4.8,99.0
40363,435,15.9,14.5,13.8,6.1,221.0,4.8,99.0
41263,435,15.89848484848485,14.359375,13.78125,6.2,181.0,4.8,99.0
42163,435,15.80212765957447,14.030612244897958,13.524489795918369,6.4,213.0,3.2,99.0
43063,435,,,,6.7,267.0,4.8,99.0
43963,435,,,,6.9,288.0,3.2,98.0
44863,435,,,,6.9,142.0,3.2,96.0
45763,435,,,,6.9,171.0,1.6,96.0
46663,435,,,,7.6,504.0,1.6,92.0
47563,435,,,,8.1,214.0,1.6,91.0
48463,435,,,,8.2,148.0,6.4,89.0
49363,435,,,,8.0,192.0,4.8,90.0
50263,435,15.669999999999998,14.484848484848484,13.866666666666664,7.7,134.0,6.4,93.0
51163,435,15.61875,14.295081967213116,13.770491803278688,7.7,172.0,4.8,93.0
52063,435,15.583333333333334,14.0,13.481132075471695,8.2,348.0,1.6,92.0
52963,435,,,,8.9,336.0,1.6,89.0
53863,435,,,,8.8,380.0,3.2,88.0
54763,435,,,,9.6,229.0,3.2,87.0
55663,435,,,,8.3,76.0,11.3,88.0
56563,435,,,,7.5,65.0,9.7,89.0
57463,435,,,,7.1,160.0,4.8,91.0
58363,435,,,,7.2,72.0,6.4,91.0
59263,435,,,,7.2,97.0,6.4,92.0
60163,435,17.258823529411764,53.78571428571429,51.08,7.2,58.0,6.4,91.0
61063,435,17.59402985074627,43.785714285714285,41.93714285714286,7.1,30.0,9.7,92.0
61963,435,17.83225806451613,50.54615384615384,47.48769230769231,6.8,21.0,8.0,92.0
62863,435,,,,6.4,21.0,6.4,93.0
63763,435,,,,6.1,9.0,4.8,93.0
64663,435,,,,5.7,0.0,3.2,95.0
65563,435,,,,5.6,0.0,0.0,95.0
66463,435,,,,5.5,0.0,1.6,96.0
67363,435,,,,5.6,0.0,3.2,97.0
68263,435,,,,5.6,0.0,4.8,97.0
69163,435,,,,5.6,0.0,1.6,97.0
70063,435,17.0,28.70967741935484,27.9,5.5,0.0,1.6,97.0
70963,435,16.903333333333332,30.3,28.633333333333333,5.4,0.0,1.6,97.0
71863,435,16.9,30.044117647058822,28.68382352941176,5.3,0.0,3.2,97.0
72763,435,16.9,33.0,29.957142857142856,5.2,0.0,3.2,97.0
73663,435,,,,5.1,0.0,4.8,98.0
74563,435,,,,5.0,0.0,1.6,98.0
75463,435,,,,4.8,0.0,4.8,98.0
76363,435,16.79074074074074,24.846938775510203,23.84081632653061,4.8,0.0,4.8,98.0
77263,435,16.7,23.93181818181818,23.042424242424243,4.6,0.0,3.2,98.0
78163,435,16.608823529411765,24.51492537313433,22.56417910447761,4.5,0.0,1.6,98.0
79063,435,16.765671641791045,49.265625,42.8765625,4.4,0.0,1.6,98.0
79963,435,17.469117647058823,46.83333333333333,44.58181818181818,4.4,0.0,0.0,98.0
80863,435,17.955882352941178,43.784615384615385,41.77230769230769,4.4,0.0,3.2,98.0
81763,435,18.149253731343286,33.30434782608695,32.42463768115942,4.4,0.0,3.2,98.0
82663,435,18.063636363636363,26.01428571428572,25.49142857142857,4.4,0.0,1.6,98.0
83563,435,17.876923076923077,21.78125,21.1515625,4.4,0.0,1.6,98.0
84463,435,17.682089552238807,19.217391304347824,18.58405797101449,4.4,0.0,3.2,98.0
85363,435,17.455000000000002,17.606060606060606,17.05909090909091,4.3,0.0,0.0,99.0
86263,435,17.205882352941178,16.6640625,16.1296875,4.2,0.0,0.0,98.0
763,436,16.937704918032786,16.014084507042252,15.529577464788732,4.2,0.0,0.0,98.0
1663,436,16.747692307692308,15.529850746268655,15.12089552238806,4.2,0.0,0.0,98.0
2563,436,16.56142857142857,15.432203389830509,14.884745762711864,4.2,0.0,0.0,98.0
3463,436,16.43181818181818,15.0,14.654285714285717,4.1,0.0,3.2,99.0
4363,436,16.296969696969697,15.0,14.482089552238808,4.1,0.0,1.6,99.0
5263,436,16.2,15.0,14.3,4.0,0.0,3.2,99.0
6163,436,16.107142857142858,14.681818181818182,14.24090909090909,3.9,0.0,3.2,99.0
7063,436,16.035820895522388,14.5,14.0,3.9,0.0,1.6,99.0
7963,436,15.975384615384616,14.5,14.0,3.9,0.0,3.2,99.0
8863,436,15.9,14.5,13.9,3.9,0.0,3.2,99.0
9763,436,15.85151515151515,14.5,13.8,3.9,0.0,1.6,99.0
10663,436,15.8,14.5,13.8,3.9,0.0,3.2,99.0
11563,436,15.745454545454546,14.5,13.8,3.9,0.0,3.2,99.0
12463,436,15.7,14.4765625,13.603125,3.9,0.0,3.2,99.0
13363,436,15.655882352941177,14.0,13.5,3.9,0.0,3.2,99.0
14263,436,15.6,14.0,13.5,3.8,0.0,3.2,99.0
15163,436,15.583582089552236,14.0,13.5,3.8,0.0,3.2,99.0
16063,436,15.5,14.0,13.454545454545451,3.8,0.0,4.8,99.0
16963,436,15.5,14.0,13.305882352941175,3.7,0.0,4.8,99.0
17863,436,15.4046875,14.0,13.3,3.8,0.0,3.2,99.0
18763,436,15.4,14.0,13.3,3.8,0.0,4.8,99.0
19663,436,15.356060606060606,30.02272727272728,24.642424242424244,3.8,0.0,3.2,99.0
20563,436,15.902898550724638,49.22058823529412,46.52647058823529,3.9,0.0,3.2,99.0
21463,436,16.63134328358209,49.42857142857143,46.62857142857143,3.9,0.0,4.8,99.0
22363,436,17.2546875,45.92647058823529,43.53088235294118,3.9,0.0,4.8,99.0
23263,436,17.571875,36.67164179104478,34.832835820895525,3.9,0.0,4.8,99.0
24163,436,17.79090909090909,38.5072463768116,36.52173913043478,3.8,0.0,6.4,99.0
25063,436,17.853125,35.830769230769235,32.184615384615384,3.8,0.0,4.8,99.0
25963,436,17.773529411764706,34.476190476190474,32.31428571428572,3.7,0.0,4.8,99.0
26863,436,17.65,30.3968253968254,29.077777777777776,3.8,5.0,6.4,99.0
27763,436,17.4484375,29.338235294117645,27.952941176470585,3.7,7.0,8.0,99.0
28663,436,17.314285714285713,32.6796875,29.9140625,3.7,11.0,8.0,99.0
29563,436,17.354545454545452,40.75,37.44848484848485,3.7,14.0,9.7,99.0
30463,436,17.4,31.753731343283583,27.997014925373133,3.7,25.0,6.4,99.0
31363,436,17.3015625,23.761194029850746,20.756716417910447,3.7,30.0,8.0,99.0
32263,436,17.113636363636363,19.93939393939394,18.21212121212121,3.8,39.0,8.0,99.0
33163,436,16.8968253968254,17.9609375,16.946875,3.8,44.0,8.0,99.0
34063,436,16.703076923076924,16.76865671641791,16.116417910447762,3.9,72.0,8.0,99.0
34963,436,16.50735294117647,16.09558823529412,15.539705882352942,4.0,70.0,8.0,99.0
35863,436,16.33939393939394,15.56153846153846,15.101538461538462,4.2,83.0,6.4,99.0
36763,436,16.202985074626866,15.267123287671234,14.831506849315067,4.2,72.0,4.8,99.0
37663,436,16.1031746031746,15.0,14.50909090909091,4.1,86.0,8.0,99.0
38563,436,16.023529411764706,15.0,14.346666666666668,4.1,83.0,6.4,99.0
39463,436,15.963235294117649,14.68840579710145,14.3,4.2,120.0,6.4,99.0
40363,436,15.9,14.5,14.092307692307694,4.2,120.0,6.4,99.0
41263,436,15.8375,14.5,14.0,4.1,121.0,6.4,99.0
42163,436,15.8,14.5,14.0,4.3,127.0,6.4,99.0
43063,436,15.76818181818182,14.5,13.858461538461537,4.4,146.0,6.4,99.0
43963,436,15.7,14.5,13.8,4.4,158.0,6.4,99.0
44863,436,15.7,14.5,13.8,4.6,146.0,6.4,99.0
45763,436,15.604285714285714,14.476923076923075,13.8,4.5,130.0,6.4,98.0
46663,436,15.6,14.140845070422534,13.63943661971831,4.6,165.0,4.8,98.0
47563,436,15.6,14.0,13.5,4.7,137.0,4.8,98.0
48463,436,15.5231884057971,14.0,13.5,4.7,146.0,4.8,97.0
49363,436,15.5,14.0,13.5,4.8,146.0,4.8,96.0
50263,436,15.5,14.0,13.5,4.7,109.0,3.2,95.0
51163,436,15.463235294117649,14.0,13.5,4.7,90.0,4.8,94.0
52063,436,15.4,14.0,13.5,4.9,102.0,3.2,93.0
52963,436,15.4,14.0,13.5,5.0,102.0,3.2,93.0
53863,436,15.398214285714284,14.0,13.389655172413793,5.1,90.0,3.2,92.0
54763,436,15.391525423728812,14.442622950819672,13.927868852459016,5.1,58.0,0.0,92.0
55663,436,15.325396825396826,14.652173913043478,13.753623188405795,5.2,47.0,1.6,90.0
56563,436,15.292063492063493,14.335820895522389,13.534328358208956,5.2,62.0,0.0,88.0
57463,436,15.2,14.418181818181818,13.585454545454544,5.3,67.0,1.6,84.0
58363,436,15.128125,13.9765625,13.284375,5.4,63.0,1.6,83.0
59263,436,14.961904761904762,27.63492063492064,23.15079365079365,5.6,53.0,3.2,80.0
60163,436,15.071875,48.03676470588236,46.19117647058824,5.6,47.0,1.6,81.0
61063,436,15.328,47.81481481481482,46.62777777777778,5.5,30.0,3.2,80.0
61963,436,15.612,48.63636363636364,47.190909090909095,5.5,25.0,3.2,80.0
62863,436,15.839344262295082,50.17460317460318,47.97619047619048,5.4,12.0,3.2,83.0
63763,436,16.543548387096774,53.69402985074627,49.832835820895525,5.3,11.0,1.6,83.0
64663,436,17.23787878787879,53.230769230769226,49.93076923076923,5.3,0.0,1.6,82.0
65563,436,17.650819672131146,40.275,38.47666666666667,5.2,0.0,1.6,83.0
66463,436,17.792537313432838,36.29545454545455,34.5,5.1,0.0,0.0,85.0
67363,436,17.665573770491804,32.713235294117645,31.61029411764706,5.0,0.0,0.0,86.0
68263,436,17.476271186440677,27.67796610169492,26.803389830508472,4.9,0.0,1.6,87.0
69163,436,17.214925373134328,28.14516129032258,26.95967741935484,4.8,0.0,0.0,88.0
70063,436,17.010294117647057,27.056451612903224,25.96451612903225,4.7,0.0,0.0,88.0
70963,436,16.84285714285714,27.5703125,25.8125,4.6,0.0,0.0,88.0
71863,436,16.738709677419354,33.6953125,28.440625,4.6,0.0,0.0,88.0
72763,436,16.964179104477612,52.46268656716418,47.613432835820895,4.6,0.0,1.6,87.0
73663,436,17.50588235294118,54.50769230769231,50.95230769230769,4.6,0.0,0.0,88.0
74563,436,17.98805970149254,44.91666666666667,42.11515151515151,4.6,0.0,1.6,85.0
75463,436,18.217460317460315,49.79850746268657,46.25223880597015,4.8,0.0,1.6,84.0
76363,436,18.508333333333333,51.9609375,49.040625,4.8,0.0,1.6,84.0
77263,436,18.759090909090908,44.36363636363636,43.59848484848485,4.7,0.0,0.0,85.0
78163,436,18.74090909090909,34.39830508474576,34.333898305084745,4.7,0.0,0.0,85.0
79063,436,18.458823529411767,29.63970588235294,29.522058823529413,4.6,0.0,0.0,86.0
79963,436,18.12131147540984,28.55797101449276,28.318840579710145,4.7,0.0,0.0,85.0
80863,436,17.82857142857143,24.453125,23.8796875,4.7,0.0,1.6,85.0
81763,436,17.555737704918034,20.04615384615385,18.232307692307693,4.7,0.0,3.2,86.0
82663,436,17.293548387096774,17.8968253968254,16.70793650793651,4.7,0.0,1.6,88.0
83563,436,17.205172413793104,18.453125,18.796875,4.6,0.0,3.2,88.0
84463,436,18.127586206896552,18.069767441860467,18.10232558139535,4.4,0.0,1.6,89.0
85363,436,17.684126984126983,16.723076923076924,16.09846153846154,4.4,0.0,0.0,89.0
86263,436,17.182089552238807,15.872881355932202,15.194915254237287,4.3,0.0,1.6,90.0
763,437,16.83809523809524,15.5,14.829032258064515,4.3,0.0,1.6,90.0
1663,437,16.63968253968254,15.135593220338984,14.55593220338983,4.3,0.0,0.0,90.0
2563,437,16.46764705882353,15.0,14.475757575757576,4.3,0.0,0.0,90.0
3463,437,16.34057971014493,15.0,14.3,4.3,0.0,4.8,90.0
4363,437,16.203125,14.707692307692309,14.101538461538462,4.3,0.0,3.2,90.0
5263,437,16.1044776119403,14.5,14.0,4.2,0.0,0.0,90.0
6163,437,16.0,14.5,13.886153846153846,4.1,0.0,1.6,90.0
7063,437,15.905714285714286,14.5,13.8,4.1,0.0,1.6,90.0
7963,437,15.833333333333334,14.5,13.8,4.1,0.0,0.0,90.0
8863,437,15.7768115942029,14.463235294117649,13.575,4.1,0.0,1.6,89.0
9763,437,15.7,14.088235294117649,13.5,4.1,0.0,0.0,89.0
10663,437,15.644444444444446,14.0,13.5,4.1,0.0,0.0,88.0
11563,437,15.6,14.0,13.494117647058824,4.0,0.0,0.0,88.0
12463,437,15.52121212121212,14.0,13.314492753623188,4.0,0.0,1.6,87.0
13363,437,15.5,14.0,13.3,4.0,0.0,0.0,87.0
14263,437,15.4203125,14.0,13.3,3.9,0.0,0.0,87.0
15163,437,15.4,14.0,13.3,3.9,0.0,1.6,87.0
16063,437,15.30735294117647,14.0,13.3,3.9,0.0,0.0,88.0
16963,437,15.3,14.0,13.277611940298508,3.8,0.0,0.0,88.0
17863,437,15.251470588235293,14.0,13.022727272727272,3.7,0.0,0.0,88.0
18763,437,15.2,14.0,13.0,3.7,0.0,0.0,89.0
19663,437,15.194117647058825,24.82575757575757,19.956060606060607,3.6,0.0,0.0,89.0
20563,437,15.622388059701493,43.43939393939394,41.99393939393939,3.6,0.0,0.0,90.0
21463,437,16.1955223880597,48.5,44.94852941176471,3.7,0.0,0.0,90.0
22363,437,16.7768115942029,50.207142857142856,47.69428571428571,3.7,0.0,0.0,91.0
23263,437,17.170149253731346,39.78125,37.725,3.7,0.0,0.0,92.0
24163,437,17.315625,40.11764705882353,38.048529411764704,3.7,0.0,0.0,91.0
25063,437,17.41764705882353,38.87692307692308,37.01692307692308,3.6,11.0,0.0,91.0
25963,437,17.553968253968254,40.5,38.31159420289855,3.7,19.0,0.0,91.0
26863,437,17.66031746031746,36.815384615384616,35.67230769230769,3.8,21.0,1.6,90.0
27763,437,18.159375,37.87692307692308,36.10153846153846,4.0,18.0,1.6,89.0
28663,437,18.0,34.875,34.2734375,4.4,37.0,1.6,87.0
29563,437,18.1,27.5390625,27.4765625,4.6,35.0,3.2,86.0
30463,437,17.80151515151515,22.275362318840585,21.00869565217392,4.8,32.0,4.8,88.0
31363,437,17.495384615384616,19.21212121212121,18.06515151515152,4.8,40.0,3.2,90.0
32263,437,17.20294117647059,17.613636363636363,16.863636363636363,4.8,39.0,4.8,91.0
33163,437,16.917910447761194,16.68181818181818,16.1,4.8,58.0,3.2,91.0
34063,437,16.71212121212121,16.02898550724638,15.515942028985506,4.9,81.0,1.6,94.0
34963,437,16.519402985074628,15.5,15.129729729729728,4.8,65.0,1.6,94.0
35863,437,16.365151515151517,15.238095238095235,14.828571428571427,4.6,60.0,0.0,94.0
36763,437,16.239344262295084,15.0,14.533333333333337,4.6,60.0,0.0,94.0
37663,437,16.15820895522388,15.0,14.37076923076923,4.7,65.0,1.6,94.0
38563,437,16.08125,14.620967741935484,14.3,4.7,77.0,1.6,94.0
39463,437,16.0,14.5,14.013636363636362,4.8,62.0,0.0,94.0
40363,437,15.913636363636362,14.5,14.0,4.8,67.0,1.6,94.0
41263,437,15.874242424242423,14.5,13.933333333333334,4.9,58.0,0.0,94.0
42163,437,15.8,14.5,13.8,5.0,90.0,1.6,94.0
43063,437,15.8,14.5,13.8,5.2,178.0,0.0,93.0
43963,437,15.753846153846156,14.5,13.8,5.3,193.0,0.0,93.0
44863,437,15.7,14.353846153846154,13.8,5.7,120.0,0.0,92.0
45763,437,15.7,14.015625,13.6265625,5.9,255.0,0.0,92.0
46663,437,15.7,14.0,13.5,6.7,288.0,0.0,87.0
47563,437,15.7,14.0,13.5,6.7,313.0,0.0,86.0
48463,437,15.7,14.0,13.5,7.2,244.0,0.0,83.0
49363,437,15.633823529411766,14.0,13.5,7.1,200.0,0.0,83.0
50263,437,15.6,14.0,13.5,6.9,90.0,1.6,86.0
51163,437,15.6,14.0,13.5,6.8,77.0,3.2,87.0
52063,437,15.55090909090909,14.0,13.5,6.5,91.0,4.8,91.0
52963,437,15.5,14.0,13.5,6.2,84.0,4.8,90.0
53863,437,15.5,14.0,13.49047619047619,6.8,171.0,6.4,88.0
54763,437,15.5,14.0,13.328571428571427,6.7,134.0,6.4,88.0
55663,437,15.412307692307692,14.0,13.3,6.6,70.0,6.4,87.0
56563,437,15.4,14.0,13.3,6.6,54.0,6.4,89.0
57463,437,15.379365079365078,14.0,13.3,6.3,42.0,8.0,91.0
58363,437,15.3,14.0,13.3,6.2,28.0,8.0,91.0
59263,437,15.301470588235292,25.66923076923077,20.69692307692308,6.2,44.0,9.7,91.0
60163,437,15.71060606060606,49.79838709677419,46.398387096774194,6.2,65.0,8.0,90.0
61063,437,16.4671875,52.31746031746032,48.49523809523809,6.3,53.0,8.0,90.0
61963,437,17.13015873015873,48.92857142857143,46.17,6.3,32.0,8.0,90.0
62863,437,17.578125,46.55737704918032,43.45573770491804,6.1,12.0,9.7,91.0
63763,437,17.8390625,42.12698412698413,39.66825396825397,6.1,11.0,6.4,91.0
64663,437,17.9,36.774193548387096,35.04354838709678,5.9,0.0,9.7,88.0
65563,437,17.771428571428572,32.57575757575758,31.32878787878788,5.9,0.0,11.3,87.0
66463,437,17.4796875,30.4140625,29.0625,5.9,0.0,11.3,85.0
67363,437,17.2265625,30.55797101449276,29.38115942028985,6.1,0.0,11.3,84.0
68263,437,17.1515625,47.76428571428572,42.434285714285714,6.0,0.0,14.5,83.0
69163,437,17.628571428571426,50.4921875,47.5984375,6.0,0.0,14.5,83.0
70063,437,18.15172413793104,42.204918032786885,39.81803278688525,5.2,0.0,11.3,81.0
70963,437,18.3,36.953125,35.371875,5.1,0.0,12.9,80.0
71863,437,18.27868852459016,32.369565217391305,30.78840579710145,4.7,0.0,12.9,79.0
72763,437,18.09264705882353,31.967741935483872,29.764516129032256,4.4,0.0,9.7,81.0
73663,437,17.81875,25.859375,25.79375,4.1,0.0,12.9,81.0
74563,437,17.565151515151516,25.98529411764706,25.977941176470587,4.0,0.0,12.9,81.0
75463,437,17.349206349206348,26.946153846153845,25.14307692307693,3.8,0.0,11.3,80.0
76363,437,17.206451612903226,45.23148148148148,39.3962962962963,3.6,0.0,11.3,80.0
77263,437,17.432307692307692,52.95238095238095,49.82857142857143,3.8,0.0,11.3,77.0
78163,437,17.741935483870968,46.79032258064516,43.8741935483871,3.7,0.0,11.3,76.0
79063,437,17.965079365079365,41.29824561403509,38.23333333333333,3.7,0.0,11.3,75.0
79963,437,18.08955223880597,43.125,39.91833333333334,3.6,0.0,8.0,76.0
80863,437,18.093333333333334,38.16393442622951,35.35409836065574,3.3,0.0,8.0,78.0
81763,437,17.971212121212123,29.686567164179102,28.75522388059701,3.3,0.0,6.4,77.0
82663,437,17.85151515151515,24.44776119402985,24.291044776119403,2.9,0.0,3.2,80.0
83563,437,17.746969696969696,20.540983606557376,19.332786885245905,2.4,0.0,3.2,82.0
84463,437,17.5671875,18.268115942028984,17.27826086956522,2.1,0.0,1.6,83.0
85363,437,17.4,17.007692307692306,16.244615384615383,1.8,0.0,0.0,84.0
86263,437,17.234328358208955,16.262295081967213,15.655737704918034,1.1,0.0,3.2,87.0
763,438,17.04769230769231,15.873134328358208,15.255223880597017,1.1,0.0,1.6,89.0
1663,438,16.9,15.5,14.941666666666666,0.8,0.0,4.8,89.0
2563,438,16.780645161290323,15.3515625,14.734375,0.7,0.0,3.2,89.0
3463,438,16.656521739130433,15.0,14.5,0.1,0.0,4.8,90.0
4363,438,16.546153846153846,15.0,14.41044776119403,0.4,0.0,6.4,90.0
5263,438,16.446153846153845,15.0,14.3,0.9,0.0,4.8,88.0
6163,438,16.338709677419352,15.0,14.265573770491804,0.8,0.0,4.8,88.0
7063,438,16.246268656716417,14.578125,14.0,0.6,0.0,4.8,89.0
7963,438,16.18550724637681,14.5,14.0,0.6,0.0,4.8,89.0
8863,438,16.1,14.5,13.996875,0.7,0.0,6.4,88.0
9763,438,16.0171875,14.5,13.811764705882354,0.6,0.0,6.4,89.0
10663,438,15.967692307692309,14.5,13.8,0.6,0.0,8.0,88.0
11563,438,15.9,14.5,13.8,0.2,0.0,4.8,89.0
12463,438,15.8265625,14.5,13.8,0.7,0.0,8.0,88.0
13363,438,15.796969696969697,14.5,13.8,1.0,0.0,8.0,87.0
14263,438,15.7,14.5,13.8,0.3,0.0,4.8,89.0
15163,438,15.669696969696968,14.485915492957748,13.8,0.1,0.0,3.2,90.0
16063,438,15.6,14.328358208955224,13.741791044776118,0.3,0.0,4.8,90.0
16963,438,15.563492063492063,14.014084507042252,13.529577464788732,0.6,0.0,9.7,90.0
17863,438,15.5,14.0,13.5,0.6,0.0,9.7,90.0
18763,438,15.473134328358208,14.0,13.5,0.6,0.0,11.3,90.0
19663,438,15.425757575757576,31.363636363636363,25.866666666666667,0.7,0.0,12.9,91.0
20563,438,15.964788732394364,50.76865671641791,48.27910447761194,0.7,0.0,11.3,91.0
21463,438,16.664615384615384,51.66153846153846,48.65692307692308,0.9,0.0,9.7,91.0
22363,438,17.333333333333336,45.36923076923077,43.91538461538461,1.1,0.0,11.3,90.0
23263,438,17.641176470588235,36.514925373134325,34.74328358208955,1.6,5.0,11.3,88.0
24163,438,17.7,36.08955223880597,33.43134328358209,1.4,7.0,11.3,89.0
25063,438,17.61857142857143,34.71969696969697,30.32878787878788,1.4,14.0,14.5,90.0
25963,438,17.72089552238806,32.61111111111111,31.48095238095238,1.7,18.0,12.9,88.0
26863,438,17.721875,28.09230769230769,27.32769230769231,1.7,32.0,6.4,89.0
27763,438,17.683333333333334,29.30882352941176,27.20147058823529,1.8,42.0,8.0,89.0
28663,438,17.43623188405797,32.51470588235294,29.85735294117647,2.1,46.0,9.7,88.0
29563,438,17.44126984126984,38.14393939393939,36.36515151515151,2.2,67.0,9.7,88.0
30463,438,17.4,30.92063492063492,28.11746031746032,3.0,118.0,14.5,86.0
31363,438,17.265714285714285,23.477272727272727,20.64848484848485,3.2,137.0,17.7,85.0
32263,438,17.077611940298507,19.6640625,18.009375,3.6,130.0,11.3,85.0
33163,438,16.864615384615384,17.7421875,16.721875,3.8,137.0,14.5,84.0
34063,438,16.650793650793652,16.57258064516129,15.9,4.2,120.0,17.7,84.0
34963,438,16.45820895522388,15.8828125,15.35625,4.4,116.0,19.3,83.0
35863,438,16.301818181818184,15.5,14.916417910447764,4.8,178.0,16.1,84.0
36763,438,16.2,15.046875,14.6828125,5.4,234.0,14.5,83.0
37663,438,16.108955223880596,15.0,14.493548387096777,6.0,146.0,20.9,81.0
38563,438,16.03230769230769,14.90151515151515,14.303030303030305,6.1,153.0,24.1,81.0
39463,438,15.998461538461536,14.5,14.2484375,6.2,167.0,25.7,80.0
40363,438,15.9,14.5,14.0,6.2,137.0,25.7,79.0
41263,438,15.8890625,14.5,14.0,6.2,100.0,24.1,80.0
42163,438,15.8,14.5,13.892537313432836,6.4,142.0,25.7,80.0
43063,438,15.8,14.5,13.8,6.8,156.0,22.5,79.0
43963,438,15.725,14.5,13.8,6.9,146.0,25.7,79.0
44863,438,15.7,14.231884057971016,13.795652173913044,7.2,135.0,22.5,79.0
45763,438,15.653125,14.0,13.5421875,7.2,132.0,25.7,79.0
46663,438,15.6,14.0,13.5,7.3,123.0,25.7,79.0
47563,438,15.6,14.0,13.5,7.6,137.0,25.7,79.0
48463,438,15.56,14.0,13.5,7.8,105.0,22.5,78.0
49363,438,15.5,14.0,13.5,7.9,118.0,24.1,78.0
50263,438,15.5,14.0,13.5,8.0,135.0,25.7,77.0
51163,438,15.46,14.0,13.482089552238808,8.2,160.0,24.1,78.0
52063,438,15.4,14.0,13.327272727272728,8.5,227.0,22.5,77.0
52963,438,15.4,14.0,13.3,8.7,211.0,22.5,77.0
53863,438,15.4,14.0,13.3,8.8,149.0,24.1,77.0
54763,438,15.312307692307693,14.0,13.3,8.8,139.0,24.1,78.0
55663,438,15.3,14.0,13.3,8.8,105.0,20.9,78.0
56563,438,15.3,14.0,13.3,8.7,98.0,24.1,78.0
57463,438,15.2625,14.0,13.3,8.6,77.0,25.7,78.0
58363,438,15.2,14.0,13.3,8.6,69.0,27.4,78.0
59263,438,15.208571428571428,26.174242424242426,21.227272727272727,8.4,40.0,30.6,79.0
60163,438,15.687692307692307,50.266129032258064,46.64032258064516,8.3,33.0,27.4,80.0
61063,438,16.517910447761192,52.375,48.5375,8.3,26.0,22.5,80.0
61963,438,17.195454545454545,46.014084507042256,43.745070422535214,8.1,26.0,22.5,81.0
62863,438,17.5328125,39.57462686567165,36.864179104477614,7.9,12.0,24.1,82.0
63763,438,17.67230769230769,40.71969696969697,38.02878787878788,7.8,9.0,22.5,82.0
64663,438,17.7734375,38.41176470588236,36.16323529411765,7.7,0.0,20.9,83.0
65563,438,17.8,35.7265625,34.2765625,7.6,0.0,20.9,84.0
66463,438,17.724242424242426,31.852941176470587,30.383823529411764,7.5,0.0,22.5,84.0
67363,438,17.581967213114755,31.11764705882353,29.52058823529412,7.6,0.0,22.5,84.0
68263,438,17.445901639344264,28.944444444444446,27.6015873015873,7.2,0.0,19.3,85.0
69163,438,17.32769230769231,29.409090909090907,27.76969696969697,7.2,0.0,17.7,85.0
70063,438,17.249180327868853,29.22058823529412,27.588235294117645,7.2,0.0,19.3,86.0
70963,438,17.256923076923076,34.15151515151515,31.35454545454545,7.1,0.0,19.3,86.0
71863,438,17.372131147540983,35.26229508196722,32.985245901639345,7.1,0.0,20.9,86.0
72763,438,17.58939393939394,37.2936507936508,34.74126984126984,7.0,0.0,20.9,86.0
73663,438,17.78030303030303,38.21014492753624,35.77391304347826,7.0,0.0,19.3,86.0
74563,438,17.991176470588236,40.68461538461538,38.00769230769231,6.9,0.0,19.3,86.0
75463,438,18.137878787878787,37.83333333333333,35.67727272727272,6.8,0.0,19.3,85.0
76363,438,18.2,36.19230769230769,34.49076923076923,6.7,0.0,19.3,85.0
77263,438,18.15151515151515,31.828358208955223,30.655223880597013,6.7,0.0,24.1,84.0
78163,438,18.04375,32.50757575757576,30.03181818181818,6.6,0.0,24.1,84.0
79063,438,18.074193548387097,52.3203125,46.8921875,6.6,0.0,25.7,84.0
79963,438,18.41029411764706,53.713235294117645,50.10735294117647,6.4,0.0,22.5,84.0
80863,438,18.76363636363636,50.09701492537313,47.05223880597015,6.4,0.0,20.9,85.0
81763,438,18.8774647887324,36.2536231884058,35.22898550724638,6.5,0.0,22.5,85.0
82663,438,18.730158730158728,28.19117647058824,29.4,6.5,0.0,22.5,85.0
83563,438,19.18142857142857,23.769230769230766,23.496923076923075,6.5,0.0,20.9,85.0
84463,438,18.672857142857143,20.50757575757576,19.545454545454547,6.4,0.0,20.9,85.0
85363,438,18.269117647058824,18.625,17.855882352941176,6.3,0.0,19.3,85.0
86263,438,17.9,17.402985074626866,16.767164179104476,6.3,0.0,22.5,84.0
763,439,17.558208955223883,16.661764705882355,16.07205882352941,6.2,0.0,24.1,85.0
1663,439,17.286153846153844,16.097014925373134,15.62089552238806,6.1,0.0,19.3,85.0
2563,439,17.047761194029853,15.754098360655735,15.213114754098362,6.1,0.0,19.3,85.0
3463,439,16.85,15.5,14.912,5.9,0.0,24.1,85.0
4363,439,16.70151515151515,15.313432835820896,14.71492537313433,5.8,0.0,22.5,86.0
5263,439,16.551470588235293,15.0,14.5,5.8,0.0,24.1,86.0
6163,439,16.44090909090909,15.0,14.332835820895522,5.7,0.0,25.7,87.0
7063,439,16.330434782608698,15.0,14.2765625,5.7,0.0,27.4,87.0
7963,439,16.226865671641793,14.626865671641792,14.0,5.7,0.0,25.7,87.0
8863,439,16.2,14.5,14.0,5.5,0.0,24.1,88.0
9763,439,,,,5.4,0.0,24.1,89.0
10663,439,,,,5.3,0.0,29.0,89.0
11563,439,,,,5.2,0.0,27.4,89.0
12463,439,,,,5.3,0.0,35.4,89.0
13363,439,,,,5.2,0.0,33.8,89.0
14263,439,15.702173913043476,14.291666666666666,13.5,5.2,0.0,32.2,88.0
15163,439,15.6953125,14.00735294117647,13.5,5.2,0.0,32.2,88.0
16063,439,15.6,14.0,13.5,5.2,0.0,30.6,88.0
16963,439,15.594285714285714,14.0,13.454545454545451,5.2,0.0,32.2,88.0
17863,439,15.5,14.0,13.302941176470588,5.2,0.0,30.6,88.0
18763,439,15.484375,14.0,13.3,5.2,0.0,35.4,88.0
19663,439,15.40909090909091,26.23188405797101,21.22463768115941,5.1,0.0,32.2,88.0
20563,439,15.816666666666666,48.5,45.378125,5.1,0.0,33.8,88.0
21463,439,16.34558823529412,50.44927536231884,46.34202898550724,5.0,0.0,35.4,89.0
22363,439,16.85076923076923,47.19852941176471,44.47352941176471,5.0,0.0,32.2,89.0
23263,439,17.19710144927536,43.66417910447761,40.76119402985075,4.9,0.0,33.8,88.0
24163,439,17.445454545454545,45.50769230769231,42.418461538461536,4.9,0.0,32.2,88.0
25063,439,17.6296875,45.99242424242424,42.88030303030303,4.9,33.0,35.4,88.0
25963,439,18.15882352941177,50.20289855072464,48.54347826086956,4.9,32.0,33.8,88.0
26863,439,18.28333333333333,50.51470588235294,46.42205882352941,4.9,44.0,35.4,87.0
27763,439,18.595454545454547,44.83582089552239,41.51044776119403,4.9,37.0,33.8,87.0
28663,439,18.73064516129032,48.44615384615385,44.06923076923077,4.8,16.0,35.4,87.0
29563,439,18.788709677419355,34.234848484848484,29.57272727272728,4.8,16.0,30.6,87.0
30463,439,18.605882352941176,25.84507042253521,22.725352112676056,4.7,16.0,29.0,87.0
31363,439,18.332786885245905,21.478571428571428,19.395714285714284,4.7,21.0,27.4,87.0
32263,439,18.02096774193549,18.99230769230769,17.60615384615385,4.7,25.0,32.2,87.0
33163,439,17.747619047619047,17.544776119402986,16.608955223880596,4.6,32.0,30.6,87.0
34063,439,17.4859375,16.66923076923077,15.952307692307691,4.7,39.0,29.0,88.0
34963,439,17.23968253968254,16.083333333333336,15.456060606060609,4.7,49.0,32.2,88.0
35863,439,17.001694915254237,15.68421052631579,15.13684210526316,4.7,37.0,33.8,88.0
36763,439,16.813636363636363,15.5,14.855882352941176,4.7,37.0,33.8,88.0
37663,439,16.64090909090909,15.232394366197184,14.66056338028169,4.6,42.0,38.6,89.0
38563,439,16.488524590163934,15.0,14.5,4.5,37.0,35.4,90.0
39463,439,16.366101694915255,15.0,14.335294117647058,4.4,30.0,35.4,91.0
40363,439,16.263492063492063,15.0,14.3,4.3,25.0,32.2,91.0
41263,439,16.190322580645162,14.884615384615383,14.07846153846154,4.1,42.0,30.6,93.0
42163,439,16.1,14.5,14.0,4.1,40.0,27.4,94.0
43063,439,16.024615384615384,14.5,14.0,4.0,25.0,29.0,94.0
43963,439,15.981967213114752,14.5,13.885714285714286,4.0,33.0,25.7,95.0
44863,439,15.9,14.5,13.8,4.0,26.0,25.7,95.0
45763,439,15.86451612903226,14.5,13.8,4.0,23.0,25.7,95.0
46663,439,15.8,14.5,13.8,3.9,25.0,22.5,95.0
47563,439,15.762686567164176,14.5,13.8,4.0,26.0,22.5,95.0
48463,439,15.7,14.5,13.59375,4.0,21.0,24.1,95.0
49363,439,15.678787878787878,14.49264705882353,13.5,4.0,19.0,19.3,95.0
50263,439,15.6,14.303030303030305,13.5,4.0,23.0,24.1,95.0
51163,439,15.6,14.0,13.5,4.0,39.0,22.5,95.0
52063,439,15.5171875,14.0,13.5,4.1,63.0,25.7,95.0
52963,439,15.5,14.0,13.5,4.1,77.0,27.4,94.0
53863,439,15.468333333333334,14.0,13.5,4.1,42.0,27.4,94.0
54763,439,15.4,14.0,13.36,4.0,51.0,30.6,94.0
55663,439,15.3984375,14.0,13.3,4.1,79.0,29.0,94.0
56563,439,15.3044776119403,14.0,13.3,4.1,70.0,30.6,94.0
57463,439,15.3,14.0,13.3,3.9,56.0,27.4,94.0
58363,439,15.288333333333332,14.0,13.3,3.9,42.0,24.1,94.0
59263,439,15.219696969696969,27.3671875,22.1234375,3.7,26.0,22.5,94.0
60163,439,15.7328125,41.0072463768116,38.23478260869565,3.7,21.0,20.9,94.0
61063,439,16.328787878787878,45.47761194029851,40.69402985074627,3.6,14.0,25.7,93.0
61963,439,17.033333333333335,48.42647058823529,44.701470588235296,3.6,14.0,25.7,93.0
62863,439,17.482539682539684,37.7578125,34.4546875,3.6,7.0,25.7,93.0
63763,439,17.641176470588235,42.06349206349206,38.24920634920635,3.7,7.0,25.7,93.0
64663,439,17.753968253968253,43.84558823529412,39.38676470588236,3.7,0.0,24.1,93.0
65563,439,17.847368421052632,52.80769230769231,47.52692307692308,3.7,0.0,27.4,92.0
66463,439,,,,3.7,0.0,22.5,92.0
67363,439,,,,3.7,0.0,19.3,92.0
68263,439,,,,3.7,0.0,20.9,92.0
69163,439,,,,3.7,0.0,17.7,92.0
70063,439,,,,3.6,0.0,17.7,92.0
70963,439,17.8,34.5,31.3,3.6,0.0,17.7,91.0
71863,439,,,,3.6,0.0,14.5,92.0
72763,439,17.9,53.0,49.0,3.6,0.0,11.3,92.0
73663,439,,,,3.6,0.0,16.1,91.0
74563,439,,,,3.6,0.0,17.7,91.0
75463,439,18.587878787878783,34.528571428571425,31.922857142857147,3.7,0.0,19.3,91.0
76363,439,18.557575757575755,47.79838709677419,44.23548387096774,3.7,0.0,20.9,91.0
77263,439,18.779310344827586,48.17692307692308,45.73076923076923,3.8,0.0,24.1,92.0
78163,439,18.97777777777777,48.9,45.975,3.9,0.0,22.5,93.0
79063,439,19.15737704918033,49.859375,47.0171875,3.9,0.0,20.9,94.0
79963,439,19.2,48.8515625,45.8546875,4.0,0.0,27.4,94.0
80863,439,19.18095238095238,41.36290322580645,38.883870967741935,4.0,0.0,25.7,94.0
81763,439,19.059615384615384,31.491525423728813,30.422033898305084,4.0,0.0,22.5,94.0
82663,439,19.53833333333333,25.795454545454543,25.503030303030304,4.1,0.0,22.5,94.0
83563,439,18.9344262295082,21.813432835820898,20.67910447761194,4.1,0.0,24.1,92.0
84463,439,18.536231884057973,19.174242424242426,18.174242424242426,3.9,0.0,20.9,92.0
85363,439,18.148333333333333,17.649253731343286,16.8955223880597,3.9,0.0,19.3,91.0
86263,439,17.798461538461538,16.7578125,16.1453125,3.7,0.0,22.5,91.0
763,440,17.48688524590164,16.198529411764707,15.65,3.6,0.0,22.5,91.0
1663,440,17.229850746268657,15.9375,15.3359375,3.4,0.0,19.3,92.0
2563,440,17.003125,15.5,15.017391304347823,3.4,0.0,17.7,92.0
3463,440,16.83225806451613,15.5,14.817391304347826,3.4,0.0,16.1,93.0
4363,440,16.65344827586207,15.19285714285714,14.645714285714286,3.5,0.0,17.7,93.0
5263,440,16.525757575757574,15.0,14.5,3.6,0.0,20.9,93.0
6163,440,16.391803278688524,15.0,14.334782608695653,3.7,0.0,20.9,93.0
7063,440,16.273015873015872,15.0,14.3,3.7,0.0,27.4,93.0
7963,440,16.1864406779661,14.823529411764708,14.048529411764708,3.7,0.0,25.7,93.0
8863,440,16.098412698412698,14.5,14.0,3.8,0.0,22.5,93.0
9763,440,16.0,14.5,13.95820895522388,3.8,0.0,17.7,93.0
10663,440,15.941666666666666,14.5,13.8,3.9,0.0,25.7,92.0
11563,440,15.8796875,14.5,13.8,4.0,0.0,24.1,92.0
12463,440,15.8,14.5,13.8,3.9,0.0,22.5,93.0
13363,440,15.744776119402983,14.5,13.777272727272727,3.8,0.0,22.5,93.0
14263,440,15.7,14.5,13.504545454545454,3.8,0.0,22.5,93.0
15163,440,15.609523809523813,14.477272727272728,13.5,3.8,0.0,19.3,92.0
16063,440,15.580597014925374,14.080882352941178,13.5,3.6,0.0,19.3,92.0
16963,440,15.5,14.0,13.5,3.5,0.0,16.1,92.0
17863,440,15.45873015873016,14.0,13.5,3.4,0.0,19.3,92.0
18763,440,15.4,14.0,13.487692307692308,3.4,0.0,20.9,92.0
19663,440,15.35625,26.985074626865675,22.09850746268657,3.3,0.0,24.1,92.0
20563,440,15.883870967741936,47.546875,45.484375,3.2,0.0,24.1,92.0
21463,440,16.493650793650794,49.36153846153847,46.20461538461539,3.0,0.0,19.3,93.0
22363,440,17.07462686567164,48.24626865671642,45.95522388059702,2.9,0.0,20.9,93.0
23263,440,17.407575757575756,41.58064516129032,38.35322580645162,2.9,0.0,22.5,94.0
24163,440,17.796666666666667,42.285714285714285,39.30571428571429,2.8,0.0,22.5,94.0
25063,440,18.0672131147541,40.17741935483871,36.25483870967742,2.8,5.0,20.9,94.0
25963,440,18.19032258064516,42.30833333333333,40.96,2.9,9.0,22.5,94.0
26863,440,18.392307692307693,36.67460317460318,34.74285714285715,2.9,14.0,19.3,94.0
27763,440,15.525,36.62307692307692,34.83538461538462,3.0,19.0,24.1,93.0
28663,440,14.623076923076924,28.613636363636363,27.619696969696967,3.2,40.0,27.4,93.0
29563,440,15.411666666666669,30.561538461538465,28.698461538461537,3.2,46.0,22.5,93.0
30463,440,15.77258064516129,32.50806451612903,29.69193548387097,3.2,35.0,25.7,92.0
31363,440,15.964285714285714,32.556451612903224,29.53709677419355,3.3,62.0,30.6,92.0
32263,440,16.1,23.75409836065574,20.69344262295082,3.3,40.0,27.4,93.0
33163,440,16.0890625,19.661016949152543,17.70508474576271,3.2,37.0,25.7,92.0
34063,440,16.0,17.516129032258064,16.366129032258065,3.1,25.0,29.0,93.0
34963,440,15.945901639344262,16.313432835820898,15.54179104477612,3.1,40.0,29.0,93.0
35863,440,15.9,15.69285714285714,15.025714285714288,3.3,130.0,25.7,92.0
36763,440,15.812698412698412,15.242424242424244,14.690909090909091,3.4,91.0,25.7,91.0
37663,440,15.8,15.31451612903226,15.34032258064516,3.4,100.0,25.7,90.0
38563,440,15.8,15.610294117647058,16.00294117647059,3.5,137.0,27.4,89.0
39463,440,15.8,15.2109375,14.7890625,3.7,156.0,25.7,88.0
40363,440,15.726,15.015625,14.5375,3.8,118.0,27.4,89.0
41263,440,14.735384615384614,14.401639344262296,14.063934426229508,3.7,72.0,25.7,87.0
42163,440,14.11320754716981,15.915384615384616,14.504615384615386,3.7,74.0,30.6,87.0
43063,440,14.576744186046511,21.72222222222222,20.85238095238095,3.7,158.0,27.4,88.0
43963,440,14.8671875,25.916666666666668,24.277272727272727,3.8,118.0,29.0,88.0
44863,440,15.059016393442624,27.459016393442624,26.111475409836068,3.7,137.0,30.6,89.0
45763,440,15.19047619047619,29.08333333333333,27.410606060606064,3.7,178.0,29.0,89.0
46663,440,15.3,29.147058823529413,27.729411764705883,3.4,105.0,30.6,89.0
47563,440,15.271428571428572,28.39516129032258,26.741935483870968,3.3,98.0,29.0,90.0
48463,440,15.2,29.59558823529412,26.88529411764706,3.4,77.0,32.2,90.0
49363,440,15.2,29.8515625,28.2546875,3.4,105.0,32.2,89.0
50263,440,15.195081967213117,29.491935483870968,27.98387096774193,3.6,132.0,33.8,88.0
51163,440,15.1,29.48412698412698,28.204761904761902,3.7,127.0,27.4,88.0
52063,440,15.1,30.02380952380953,28.507936507936503,3.6,54.0,24.1,88.0
52963,440,15.1,30.234848484848488,28.484848484848488,3.4,46.0,27.4,87.0
53863,440,15.1,30.102941176470587,27.76029411764706,3.4,39.0,25.7,88.0
54763,440,15.1,31.123076923076923,29.569230769230767,3.3,49.0,29.0,88.0
55663,440,15.1,30.73076923076924,29.44153846153846,3.2,105.0,30.6,89.0
56563,440,15.153125,31.623076923076923,29.950769230769232,3.1,63.0,35.4,90.0
57463,440,15.2,31.515151515151512,29.410606060606064,3.1,53.0,35.4,89.0
58363,440,15.27258064516129,32.514925373134325,30.371641791044777,3.1,26.0,33.8,88.0
59263,440,15.325925925925926,37.27692307692308,33.86615384615384,3.1,11.0,30.6,88.0
60163,440,15.64375,49.18269230769231,44.90576923076923,3.1,7.0,33.8,89.0
61063,440,16.241463414634147,53.0,49.273809523809526,3.0,5.0,29.0,88.0
61963,440,16.747916666666665,53.08536585365854,49.59268292682927,2.9,9.0,30.6,89.0
62863,440,17.025,50.131578947368425,46.955263157894734,2.8,7.0,30.6,90.0
63763,440,17.203846153846154,46.526315789473685,43.80701754385965,2.8,11.0,27.4,90.0
64663,440,17.483018867924528,53.21296296296297,49.18703703703704,2.6,16.0,27.4,91.0
65563,440,17.853703703703705,53.85087719298245,50.24736842105263,2.7,5.0,25.7,90.0
66463,440,18.13272727272728,53.0,49.41153846153846,2.7,0.0,25.7,89.0
67363,440,18.36730769230769,53.94871794871794,50.2897435897436,2.7,0.0,22.5,90.0
68263,440,18.552727272727275,53.71875,49.95833333333333,2.6,0.0,25.7,89.0
69163,440,18.696153846153845,49.21818181818182,46.487272727272725,2.6,0.0,27.4,89.0
70063,440,18.7,50.33088235294117,47.42647058823529,2.4,0.0,22.5,90.0
70963,440,18.7,48.70454545454545,45.46818181818182,2.3,0.0,27.4,90.0
71863,440,18.630645161290325,46.93939393939394,43.82121212121212,2.4,0.0,27.4,89.0
72763,440,18.69076923076923,52.891304347826086,49.595652173913045,2.4,0.0,24.1,89.0
73663,440,18.778125,48.83076923076924,45.69384615384615,2.3,0.0,27.4,89.0
74563,440,18.87878787878788,50.78787878787879,47.94545454545455,2.3,0.0,25.7,89.0
75463,440,18.95079365079365,51.97794117647059,48.85294117647059,2.2,0.0,24.1,90.0
76363,440,19.0,50.85384615384616,48.00153846153846,2.2,0.0,24.1,89.0
77263,440,19.0,51.54032258064516,48.73870967741935,2.2,0.0,20.9,89.0
78163,440,19.02295081967213,50.11194029850746,47.54477611940298,2.2,0.0,25.7,89.0
79063,440,18.929850746268656,52.1439393939394,48.75151515151515,2.1,0.0,22.5,89.0
79963,440,19.06969696969697,53.280303030303024,50.48787878787879,2.1,0.0,25.7,88.0
80863,440,19.175409836065576,43.60769230769231,41.77230769230769,2.0,0.0,27.4,89.0
81763,440,18.94179104477612,31.96923076923077,29.92923076923077,1.9,0.0,25.7,89.0
82663,440,18.575362318840583,25.507692307692302,24.15230769230769,1.8,0.0,25.7,89.0
83563,440,18.286567164179104,22.51492537313433,22.84626865671642,1.8,0.0,25.7,89.0
84463,440,18.007246376811594,19.823529411764707,18.611764705882354,1.7,0.0,30.6,88.0
85363,440,17.764615384615386,18.113636363636363,17.03636363636364,1.7,0.0,27.4,89.0
86263,440,17.522727272727273,17.149253731343286,16.225373134328358,1.6,0.0,22.5,89.0
763,441,17.321875,16.484615384615385,15.707692307692309,1.6,0.0,30.6,88.0
1663,441,17.14626865671642,16.0,15.361764705882354,1.5,0.0,24.1,88.0
2563,441,16.963492063492062,15.74264705882353,15.026470588235291,1.4,0.0,25.7,89.0
3463,441,16.83968253968254,15.5,14.846875,1.3,0.0,25.7,88.0
4363,441,16.729850746268657,15.5,14.72153846153846,1.3,0.0,27.4,88.0
5263,441,16.604166666666664,15.15625,14.5,1.3,0.0,30.6,85.0
6163,441,16.5,15.0,14.444117647058825,1.3,0.0,29.0,84.0
7063,441,16.4015625,15.0,14.3,1.3,0.0,27.4,84.0
7963,441,16.31060606060606,15.0,14.3,1.2,0.0,22.5,85.0
8863,441,16.21395348837209,15.0,14.06279069767442,1.2,0.0,25.7,83.0
9763,441,,,,1.1,0.0,22.5,84.0
10663,441,,,,0.8,0.0,19.3,89.0
11563,441,,,,0.7,0.0,24.1,88.0
12463,441,,,,0.8,0.0,22.5,86.0
13363,441,,,,0.7,0.0,24.1,84.0
14263,441,15.8,14.5,13.741304347826087,0.5,0.0,25.7,82.0
15163,441,15.719402985074629,14.5,13.504761904761905,0.4,0.0,24.1,81.0
16063,441,15.668852459016392,14.388059701492535,13.5,0.2,0.0,25.7,79.0
16963,441,15.6,14.032258064516128,13.5,0.1,0.0,22.5,80.0
17863,441,15.52,14.0,13.5,0.0,0.0,25.7,79.0
18763,441,15.4859375,14.0,13.415151515151516,-0.1,0.0,27.4,79.0
19663,441,15.404545454545453,27.80434782608696,22.536231884057973,-0.3,0.0,29.0,77.0
20563,441,15.66231884057971,42.84090909090909,40.67878787878788,-0.3,0.0,24.1,76.0
21463,441,16.051470588235293,49.3515625,45.028125,-0.4,0.0,24.1,73.0
22363,441,16.6609375,46.04615384615384,44.16461538461538,-0.5,0.0,24.1,74.0
23263,441,17.023333333333333,41.69402985074627,39.1910447761194,-0.6,0.0,24.1,75.0
24163,441,17.219047619047622,43.1969696969697,40.06515151515151,-0.6,0.0,24.1,75.0
25063,441,17.3,40.3046875,37.821875,-0.8,11.0,22.5,80.0
25963,441,17.267741935483873,33.925,32.651666666666664,-0.8,11.0,20.9,82.0
26863,441,17.11774193548387,27.69402985074627,26.428358208955224,-1.0,32.0,24.1,86.0
27763,441,16.963076923076922,25.216417910447763,24.40597014925373,-0.8,30.0,20.9,84.0
28663,441,16.79491525423729,21.729508196721312,20.840983606557376,-0.7,47.0,24.1,78.0
29563,441,16.616417910447762,18.85,17.363333333333333,-0.7,49.0,20.9,77.0
30463,441,16.45294117647059,17.666666666666664,17.425757575757576,-0.7,76.0,24.1,78.0
31363,441,16.32181818181818,17.02898550724638,17.05217391304348,-0.7,67.0,24.1,79.0
32263,441,16.293103448275865,15.637096774193548,15.646774193548389,-0.7,83.0,20.9,82.0
33163,441,16.067241379310346,15.08695652173913,14.453623188405796,-0.6,118.0,25.7,81.0
34063,441,15.887301587301588,14.691176470588236,13.966176470588234,-0.4,79.0,27.4,77.0
34963,441,15.751666666666669,14.5,13.8,-0.5,151.0,27.4,79.0
35863,441,15.6375,14.4672131147541,13.568852459016393,-0.4,127.0,27.4,78.0
36763,441,15.534848484848483,14.023076923076925,13.5,-0.6,144.0,22.5,83.0
37663,441,15.44516129032258,14.0,13.4125,-0.3,156.0,22.5,79.0
38563,441,15.36031746031746,14.0,13.3,-0.4,202.0,27.4,80.0
39463,441,15.3,14.0,13.3,-0.2,214.0,25.7,81.0
40363,441,15.216666666666663,14.0,13.286153846153846,-0.6,142.0,25.7,82.0
41263,441,15.175,14.0,13.043548387096774,-0.8,207.0,30.6,79.0
42163,441,15.1,13.886363636363637,13.0,0.0,381.0,30.6,75.0
43063,441,15.0765625,13.515151515151516,13.0,0.1,336.0,30.6,74.0
43963,441,15.0,13.5078125,12.984375,1.0,619.0,27.4,69.0
44863,441,15.0,13.5,13.0,0.3,155.0,32.2,71.0
45763,441,14.971428571428572,13.634328358208956,13.0,-0.4,248.0,30.6,82.0
46663,441,14.9,13.35483870967742,12.830645161290324,1.2,761.0,22.5,75.0
47563,441,14.812962962962962,12.594202898550725,11.701449275362318,0.6,262.0,30.6,65.0
48463,441,14.735294117647058,13.0,12.250819672131149,0.9,243.0,29.0,62.0
49363,441,14.7,13.109375,12.465625,0.4,104.0,27.4,72.0
50263,441,14.632758620689652,13.174242424242426,12.40909090909091,0.2,403.0,33.8,74.0
51163,441,14.559701492537314,13.0,12.3,0.6,497.0,27.4,72.0
52063,441,14.5,13.0,12.356338028169016,0.4,151.0,29.0,73.0
52963,441,14.468656716417913,13.0,12.4,0.1,146.0,29.0,72.0
53863,441,14.4,13.0,12.325396825396826,0.3,102.0,25.7,73.0
54763,441,14.4,13.0,12.303448275862069,-0.6,139.0,27.4,80.0
55663,441,14.335384615384616,12.902985074626866,12.185074626865672,0.4,192.0,27.4,69.0
56563,441,14.3,13.0,12.244615384615384,-0.2,306.0,29.0,81.0
57463,441,14.291666666666666,13.0,12.3,0.1,137.0,30.6,67.0
58363,441,14.2,13.0,12.286567164179104,0.7,155.0,24.1,64.0
59263,441,14.127450980392158,23.12686567164179,18.11641791044776,-0.3,93.0,22.5,75.0
60163,441,14.436363636363636,49.29850746268657,44.74179104477612,-0.2,123.0,25.7,67.0
61063,441,14.75,49.596774193548384,47.08548387096774,-0.1,100.0,25.7,69.0
61963,441,15.65,49.81060606060606,48.64393939393939,-0.6,26.0,25.7,77.0
62863,441,16.0,43.3,43.04769230769231,-0.6,26.0,17.7,75.0
63763,441,16.27,43.82575757575758,43.29848484848485,-0.7,62.0,27.4,71.0
64663,441,16.3,38.00769230769231,37.04,-1.0,18.0,22.5,72.0
65563,441,16.3,40.82539682539682,39.40476190476191,-1.2,11.0,20.9,77.0
66463,441,16.33421052631579,49.43382352941176,46.51176470588236,-1.2,0.0,24.1,77.0
67363,441,16.52340425531915,53.06153846153846,50.26307692307692,-1.2,0.0,22.5,73.0
68263,441,16.68974358974359,49.76811594202898,47.58115942028986,-2.1,0.0,24.1,87.0
69163,441,16.73170731707317,42.66153846153846,40.56307692307692,-2.3,0.0,19.3,87.0
70063,441,16.758490566037736,49.554545454545455,46.89272727272727,-1.8,0.0,16.1,83.0
70963,441,16.8,49.3955223880597,47.14029850746269,-1.7,0.0,16.1,85.0
71863,441,16.846666666666668,46.74264705882353,44.66470588235294,-1.6,0.0,19.3,79.0
72763,441,16.9,44.78225806451613,42.83548387096774,-1.6,0.0,19.3,78.0
73663,441,16.832758620689653,44.71875,42.3390625,-1.8,0.0,20.9,81.0
74563,441,16.9,46.85507246376812,44.4463768115942,-2.3,0.0,29.0,84.0
75463,441,16.929032258064517,42.813559322033896,40.5135593220339,-1.9,0.0,20.9,82.0
76363,441,17.0,39.223880597014926,36.9179104477612,-2.1,0.0,24.1,86.0
77263,441,16.9,33.36440677966102,31.650847457627115,-2.1,0.0,16.1,86.0
78163,441,16.770149253731343,32.11904761904762,30.43333333333333,-2.1,0.0,17.7,84.0
79063,441,16.62272727272727,39.1875,34.8734375,-2.3,0.0,20.9,89.0
79963,441,16.84923076923077,50.38333333333333,47.925,-2.7,0.0,20.9,94.0
80863,441,17.215,49.007936507936506,46.60793650793651,-3.0,0.0,17.7,92.0
81763,441,17.274603174603175,35.33846153846154,33.68,-2.9,0.0,12.9,92.0
82663,441,17.055737704918034,26.451612903225804,25.02096774193549,-2.9,0.0,19.3,93.0
83563,441,16.806896551724137,21.976190476190474,21.96984126984127,-3.0,0.0,20.9,91.0
84463,441,16.995238095238097,20.32258064516129,20.59032258064516,-2.7,0.0,17.7,89.0
85363,441,17.63653846153846,18.45774647887324,18.950704225352112,-2.6,0.0,17.7,87.0
86263,441,16.781967213114754,16.838461538461537,16.138461538461538,-2.3,0.0,20.9,90.0
763,442,16.396610169491527,15.528169014084506,14.767605633802816,-2.7,0.0,22.5,93.0
1663,442,16.19047619047619,14.696969696969695,13.946969696969695,-2.7,0.0,20.9,90.0
2563,442,15.98955223880597,14.19285714285714,13.447142857142856,-2.8,0.0,20.9,92.0
3463,442,15.798360655737705,14.0,13.22058823529412,-2.8,0.0,17.7,91.0
4363,442,15.628125,13.75,13.0,-2.6,0.0,17.7,91.0
5263,442,15.456060606060609,23.389705882352946,19.355882352941176,-2.5,0.0,14.5,91.0
6163,442,15.567164179104475,47.70454545454545,44.81969696969697,-2.4,0.0,14.5,91.0
7063,442,15.80483870967742,49.35507246376812,45.75942028985507,-2.5,0.0,12.9,89.0
7963,442,15.971428571428572,43.738461538461536,38.93538461538462,-2.4,0.0,12.9,90.0
8863,442,16.07962962962963,42.783018867924525,39.49056603773585,-2.6,0.0,20.9,92.0
9763,442,,,,-2.8,0.0,19.3,92.0
10663,442,,,,-2.5,0.0,19.3,91.0
11563,442,,,,-2.6,0.0,16.1,91.0
12463,442,,,,-2.3,0.0,20.9,87.0
13363,442,,,,-2.4,0.0,20.9,88.0
14263,442,15.29387755102041,14.755102040816324,14.091836734693876,-2.4,0.0,17.7,87.0
15163,442,15.170967741935485,14.476923076923075,13.796923076923076,-2.3,0.0,17.7,91.0
16063,442,15.060655737704916,14.016129032258064,13.5,-2.3,0.0,17.7,94.0
16963,442,14.9765625,14.0,13.305797101449276,-2.5,0.0,22.5,94.0
17863,442,14.89090909090909,13.68939393939394,13.136363636363637,-2.8,0.0,17.7,94.0
18763,442,14.798550724637682,13.5,13.0,-2.7,0.0,19.3,93.0
19663,442,14.710294117647058,28.02272727272728,22.63939393939394,-2.9,0.0,19.3,95.0
20563,442,15.14,51.03030303030303,47.16363636363637,-2.7,0.0,20.9,94.0
21463,442,15.793846153846152,52.35384615384616,48.46,-2.7,0.0,22.5,94.0
22363,442,16.4,46.06428571428572,43.37857142857143,-2.8,0.0,24.1,95.0
23263,442,16.6,36.4179104477612,34.8134328358209,-2.6,0.0,16.1,95.0
24163,442,16.559420289855073,33.38805970149254,31.38955223880597,-2.6,11.0,17.7,96.0
25063,442,16.446153846153845,29.9672131147541,28.57704918032787,-2.7,14.0,16.1,94.0
25963,442,16.33731343283582,32.343283582089555,30.058208955223883,-2.4,33.0,19.3,94.0
26863,442,16.284615384615385,30.407692307692308,29.081538461538464,-2.3,42.0,16.1,93.0
27763,442,16.125,27.485714285714284,26.422857142857147,-2.2,42.0,14.5,92.0
28663,442,14.823880597014924,22.522058823529413,20.90882352941177,-2.3,186.0,24.1,95.0
29563,442,15.004411764705882,18.89189189189189,17.377027027027026,-2.2,100.0,19.3,95.0
30463,442,15.1,16.855072463768117,16.18840579710145,-1.8,171.0,20.9,95.0
31363,442,15.1,15.47058823529412,15.119117647058824,-1.8,93.0,22.5,91.0
32263,442,15.025,14.915384615384616,14.55076923076923,-1.8,169.0,25.7,93.0
33163,442,14.9734375,19.02272727272728,16.386363636363637,-1.7,139.0,22.5,93.0
34063,442,15.145588235294118,50.47727272727273,44.66969696969697,-1.7,223.0,24.1,94.0
34963,442,15.744444444444444,53.57142857142857,49.195238095238096,-1.5,130.0,17.7,94.0
35863,442,16.243076923076924,52.55882352941177,48.239705882352936,-1.4,160.0,17.7,94.0
36763,442,16.63939393939394,52.75373134328358,48.1910447761194,-1.2,114.0,19.3,92.0
37663,442,16.91774193548387,52.95454545454545,48.440909090909095,-1.2,179.0,20.9,91.0
38563,442,17.1609375,52.41666666666666,47.49848484848485,-1.1,197.0,17.7,91.0
39463,442,17.3,46.66949152542373,43.7457627118644,-0.7,253.0,17.7,88.0
40363,442,17.273469387755103,39.06122448979592,36.23061224489796,-0.5,257.0,24.1,82.0
41263,442,17.110294117647058,33.0,30.70147058823529,-0.3,225.0,20.9,83.0
42163,442,16.88939393939394,31.63846153846153,29.367692307692305,-0.3,167.0,17.7,85.0
43063,442,16.73728813559322,29.83333333333333,27.725396825396825,-0.2,320.0,20.9,88.0
43963,442,16.5640625,29.810606060606062,27.55151515151515,0.6,461.0,20.9,84.0
44863,442,16.444776119402984,28.801470588235293,26.86617647058824,0.4,367.0,22.5,82.0
45763,442,16.327272727272728,29.580882352941178,27.423529411764708,0.2,211.0,22.5,82.0
46663,442,16.21,40.185483870967744,36.08064516129032,0.1,346.0,24.1,85.0
47563,442,16.231578947368423,48.05555555555556,45.38095238095238,0.6,308.0,20.9,83.0
48463,442,16.35151515151515,48.85606060606061,46.22121212121212,0.6,253.0,19.3,80.0
49363,442,16.46984126984127,45.44444444444444,43.33809523809524,0.8,211.0,19.3,77.0
50263,442,16.412307692307692,46.815384615384616,43.76615384615384,0.8,316.0,25.7,74.0
51163,442,16.50166666666667,49.09230769230769,46.84307692307692,0.5,186.0,25.7,77.0
52063,442,16.6,48.56923076923077,46.22769230769231,0.3,327.0,22.5,81.0
52963,442,16.6,49.35606060606061,45.95151515151515,0.6,220.0,20.9,79.0
53863,442,16.68181818181818,50.992537313432834,48.13283582089552,0.7,181.0,22.5,76.0
54763,442,16.882539682539683,49.328125,47.075,0.4,127.0,22.5,78.0
55663,442,16.891044776119404,40.475,38.35333333333334,0.2,107.0,24.1,80.0
56563,442,16.758064516129032,38.94444444444444,37.06031746031746,0.3,123.0,20.9,80.0
57463,442,16.55373134328358,35.93939393939394,34.63787878787879,0.5,127.0,20.9,76.0
58363,442,16.395454545454548,35.6044776119403,33.97761194029851,0.6,125.0,22.5,74.0
59263,442,16.245454545454546,38.38059701492537,34.961194029850745,0.5,88.0,24.1,73.0
60163,442,16.465079365079365,51.97058823529412,47.34411764705882,0.5,83.0,22.5,72.0
61063,442,16.85873015873016,53.00833333333334,48.83166666666666,0.5,47.0,22.5,72.0
61963,442,17.23181818181818,53.4140625,49.4140625,0.4,40.0,19.3,75.0
62863,442,17.478461538461538,48.43939393939394,44.95,0.4,25.0,19.3,77.0
63763,442,17.57704918032787,47.44444444444444,43.22698412698413,0.3,25.0,19.3,77.0
64663,442,17.6,43.71212121212121,40.49545454545454,0.3,5.0,20.9,75.0
65563,442,17.488888888888887,38.95833333333333,36.77361111111111,0.3,0.0,17.7,77.0
66463,442,17.3421875,36.873134328358205,34.3910447761194,0.3,0.0,20.9,75.0
67363,442,17.245454545454546,37.3828125,34.78125,0.2,0.0,16.1,75.0
68263,442,17.169696969696968,32.927536231884055,30.928985507246374,0.3,0.0,17.7,76.0
69163,442,17.053030303030305,33.38636363636364,30.96818181818182,0.3,0.0,17.7,77.0
70063,442,16.928125,32.44615384615385,30.17538461538461,0.3,0.0,17.7,75.0
70963,442,16.9,35.485074626865675,32.58955223880597,0.2,0.0,17.7,76.0
71863,442,16.853846153846156,33.59166666666667,29.805,0.2,0.0,16.1,78.0
72763,442,16.7640625,33.65873015873016,30.785714285714285,0.2,0.0,12.9,79.0
73663,442,16.625396825396827,28.58333333333333,26.96666666666667,0.3,0.0,16.1,78.0
74563,442,16.455223880597014,29.044776119402982,27.13283582089553,0.3,0.0,17.7,78.0
75463,442,16.3015873015873,26.38095238095238,25.0968253968254,0.3,0.0,17.7,76.0
76363,442,16.162295081967212,27.25,24.8359375,0.3,0.0,17.7,75.0
77263,442,16.26086956521739,51.34821428571429,44.88035714285714,0.4,0.0,16.1,78.0
78163,442,16.80151515151515,49.0,46.053125,0.3,0.0,16.1,79.0
79063,442,17.135384615384616,48.58461538461539,44.95230769230769,0.3,0.0,17.7,78.0
79963,442,17.328787878787878,46.5530303030303,43.406060606060606,0.4,0.0,17.7,78.0
80863,442,17.47377049180328,44.03521126760563,40.6,0.3,0.0,14.5,80.0
81763,442,17.45,31.189393939393938,27.627272727272725,0.3,0.0,16.1,80.0
82663,442,17.212307692307693,23.984615384615385,21.54615384615385,0.4,0.0,12.9,80.0
83563,442,16.917460317460318,20.5,19.753125,0.4,0.0,12.9,80.0
84463,442,16.759701492537314,19.23076923076924,19.286153846153844,0.5,0.0,12.9,81.0
85363,442,16.575757575757574,17.24264705882353,16.28235294117647,0.5,0.0,11.3,81.0
86263,442,16.392537313432836,16.123076923076923,15.226153846153846,0.4,0.0,12.9,81.0
763,443,16.226470588235294,15.43661971830986,14.683098591549296,0.4,0.0,12.9,81.0
1663,443,16.07377049180328,15.0,14.361764705882354,0.4,0.0,14.5,80.0
2563,443,15.953846153846154,14.676470588235292,14.05735294117647,0.3,0.0,12.9,81.0
3463,443,15.839130434782607,14.5,13.867692307692309,0.4,0.0,12.9,81.0
4363,443,15.73548387096774,14.4921875,13.78125,0.4,0.0,12.9,81.0
5263,443,15.63731343283582,14.067164179104475,13.5044776119403,0.4,0.0,12.9,80.0
6163,443,15.54179104477612,14.0,13.5,0.4,0.0,14.5,80.0
7063,443,15.453731343283582,14.0,13.34,0.2,0.0,12.9,81.0
7963,443,15.361904761904762,14.0,13.3,0.3,0.0,11.3,82.0
8863,443,15.3,14.0,13.3,0.6,0.0,12.9,83.0
9763,443,,,,0.8,0.0,12.9,82.0
10663,443,,,,0.7,0.0,14.5,82.0
11563,443,,,,0.8,0.0,12.9,82.0
12463,443,,,,0.9,0.0,11.3,84.0
13363,443,,,,0.9,0.0,9.7,84.0
14263,443,14.9,13.5,12.8,0.9,0.0,14.5,83.0
15163,443,14.883582089552238,13.5,12.8,0.9,0.0,12.9,82.0
16063,443,14.8,13.5,12.8,0.9,0.0,11.3,81.0
16963,443,14.7546875,13.5,12.8,0.9,0.0,12.9,81.0
17863,443,14.7,13.5,12.666153846153843,1.1,0.0,14.5,81.0
18763,443,14.652173913043478,13.3125,12.5,0.9,0.0,12.9,81.0
19663,443,14.61492537313433,28.25,22.55294117647059,0.9,0.0,12.9,83.0
20563,443,15.066666666666666,49.63235294117647,46.01029411764706,0.8,0.0,12.9,83.0
21463,443,15.8859375,52.84782608695652,49.00869565217391,0.7,0.0,11.3,83.0
22363,443,16.6,48.5,45.40588235294118,0.8,0.0,11.3,84.0
23263,443,16.9765625,48.66197183098591,45.01830985915493,1.1,9.0,14.5,83.0
24163,443,17.245588235294118,49.78787878787879,46.43939393939394,1.2,12.0,12.9,83.0
25063,443,17.392307692307693,44.70149253731343,41.9,1.2,30.0,9.7,87.0
25963,443,17.365625,35.91538461538461,34.00769230769231,1.1,46.0,9.7,88.0
26863,443,17.16,33.03846153846153,30.521538461538466,1.1,51.0,8.0,89.0
27763,443,17.4921875,50.56060606060606,46.79242424242425,1.0,56.0,8.0,89.0
28663,443,16.583870967741937,45.02307692307692,43.46,1.2,104.0,11.3,89.0
29563,443,14.801538461538462,30.72388059701493,29.644776119402984,1.1,118.0,14.5,89.0
30463,443,15.335820895522389,24.89855072463768,25.597101449275364,1.6,81.0,14.5,89.0
31363,443,15.673770491803278,21.09848484848485,20.080303030303032,1.7,125.0,14.5,88.0
32263,443,15.8,18.384615384615383,17.326153846153847,1.9,142.0,16.1,88.0
33163,443,15.8,16.733870967741936,15.888709677419351,2.1,134.0,16.1,86.0
34063,443,15.749180327868851,15.725806451612902,15.016129032258064,2.0,197.0,17.7,87.0
34963,443,15.668181818181818,15.149253731343284,14.513432835820897,1.8,95.0,19.3,88.0
35863,443,15.588333333333331,14.713235294117649,14.13235294117647,2.6,127.0,17.7,86.0
36763,443,15.5,14.5,13.88,2.3,160.0,16.1,86.0
37663,443,15.418181818181818,14.238805970149254,13.728358208955225,2.5,179.0,16.1,86.0
38563,443,15.347692307692308,14.0,13.5,2.6,316.0,17.7,85.0
39463,443,15.3,14.0,13.413846153846157,2.5,283.0,19.3,84.0
40363,443,15.22089552238806,14.0,13.3,2.7,364.0,17.7,84.0
41263,443,15.193846153846152,14.0,13.3,3.1,207.0,17.7,82.0
42163,443,15.1,13.613636363636363,13.15,2.9,244.0,17.7,82.0
43063,443,15.071428571428571,13.5,13.0,2.9,236.0,19.3,80.0
43963,443,15.0,13.5,13.0,2.9,200.0,17.7,79.0
44863,443,15.0,13.5,13.0,2.9,264.0,19.3,79.0
45763,443,14.916417910447764,13.5,12.982352941176469,2.8,258.0,17.7,77.0
46663,443,14.9,13.5,12.81764705882353,3.7,531.0,14.5,73.0
47563,443,14.8327868852459,13.5,12.8,3.4,144.0,16.1,75.0
48463,443,14.8,13.5,12.8,3.8,97.0,14.5,73.0
49363,443,14.7546875,13.5,12.8,3.9,295.0,14.5,71.0
50263,443,14.7,13.5,12.8,4.4,527.0,14.5,69.0
51163,443,14.678260869565218,13.403225806451612,12.72741935483871,4.2,67.0,16.1,68.0
52063,443,14.6,13.214285714285714,12.5,4.3,420.0,12.9,72.0
52963,443,,,,4.7,471.0,12.9,71.0
53863,443,,,,4.8,494.0,9.7,71.0
54763,443,,,,4.6,411.0,9.7,71.0
55663,443,14.424324324324326,13.0,12.5,4.4,371.0,11.3,72.0
56563,443,14.4,13.0,12.5,4.4,306.0,11.3,71.0
57463,443,14.4,13.0,12.5,4.2,98.0,9.7,74.0
58363,443,14.4,13.0,12.49344262295082,4.1,116.0,11.3,74.0
59263,443,14.363013698630136,28.375,22.7734375,3.9,58.0,9.7,74.0
60163,443,14.836764705882354,49.60769230769231,46.03692307692308,3.8,81.0,11.3,75.0
61063,443,15.640625,52.92622950819672,49.05409836065574,3.8,90.0,8.0,75.0
61963,443,16.380303030303033,47.76811594202898,44.518840579710144,3.7,40.0,9.7,74.0
62863,443,16.852941176470587,49.83076923076924,46.21846153846154,3.2,51.0,8.0,76.0
63763,443,17.209375,46.25384615384616,43.432307692307695,3.0,37.0,8.0,77.0
64663,443,17.43968253968254,45.785714285714285,43.46,2.7,19.0,8.0,78.0
65563,443,17.580327868852457,45.73809523809524,43.04444444444445,2.6,12.0,6.4,78.0
66463,443,17.62727272727273,44.24242424242424,41.942424242424245,2.2,0.0,4.8,80.0
67363,443,17.7,45.960317460317455,43.43492063492063,2.0,0.0,4.8,80.0
68263,443,17.739393939393942,46.492537313432834,43.15970149253731,1.7,0.0,6.4,82.0
69163,443,17.8,46.06349206349206,43.36984126984128,1.6,0.0,6.4,82.0
70063,443,17.892063492063492,46.62857142857143,44.06,1.3,0.0,3.2,83.0
70963,443,18.03333333333333,47.64912280701755,44.987719298245615,0.9,0.0,1.6,84.0
71863,443,18.07258064516129,38.67424242424242,37.22121212121212,0.4,0.0,0.0,86.0
72763,443,17.915873015873014,31.926229508196723,30.91639344262295,0.3,0.0,1.6,87.0
73663,443,17.653846153846153,28.411290322580648,26.693548387096776,0.2,0.0,0.0,88.0
74563,443,17.383333333333333,30.580645161290324,28.385483870967743,0.3,0.0,3.2,88.0
75463,443,17.2044776119403,37.96969696969697,34.84848484848485,0.2,0.0,1.6,86.0
76363,443,17.261904761904763,50.49206349206349,45.474603174603175,-0.1,0.0,0.0,86.0
77263,443,17.560344827586206,43.13970588235294,39.686764705882354,0.0,0.0,1.6,88.0
78163,443,17.695384615384615,43.294117647058826,40.65882352941176,0.2,0.0,3.2,88.0
79063,443,17.70909090909091,36.52941176470589,34.33529411764706,0.7,0.0,3.2,86.0
79963,443,17.615873015873014,37.03225806451613,34.47096774193548,0.8,0.0,3.2,86.0
80863,443,17.452238805970147,36.735849056603776,33.08867924528302,1.2,0.0,6.4,83.0
81763,443,17.337096774193547,30.73809523809524,27.26825396825397,1.3,0.0,4.8,82.0
82663,443,17.117460317460317,23.62686567164179,21.44328358208956,1.1,0.0,6.4,82.0
83563,443,16.869230769230768,19.76515151515152,18.25757575757576,0.9,0.0,8.0,83.0
84463,443,16.637096774193548,22.62686567164179,21.165671641791043,0.9,0.0,9.7,83.0
85363,443,16.6421875,45.54347826086956,40.75797101449275,0.9,0.0,8.0,82.0
86263,443,17.227272727272727,51.44776119402985,49.038805970149255,1.3,0.0,8.0,81.0
763,444,17.733333333333334,52.9927536231884,49.69420289855073,1.3,0.0,8.0,80.0
1663,444,18.150819672131146,52.13432835820895,49.113432835820895,1.7,0.0,9.7,79.0
2563,444,18.48196721311476,51.8943661971831,49.04929577464789,1.7,0.0,11.3,79.0
3463,444,18.71617647058824,50.588235294117645,47.65294117647058,1.7,0.0,11.3,79.0
4363,444,18.78142857142857,37.92424242424242,36.03939393939394,1.6,0.0,11.3,79.0
5263,444,18.604615384615386,27.82089552238806,26.744776119402985,1.6,0.0,9.7,80.0
6163,444,18.38125,22.203125,20.178125,1.6,0.0,9.7,79.0
7063,444,18.053846153846155,18.892307692307693,17.263076923076923,1.6,0.0,9.7,78.0
7963,444,17.74705882352941,17.261194029850746,16.102985074626865,1.7,0.0,11.3,78.0
8863,444,17.525,16.5,15.593103448275864,1.7,0.0,11.3,78.0
9763,444,,,,1.6,0.0,12.9,77.0
10663,444,,,,1.6,0.0,12.9,77.0
11563,444,,,,1.6,0.0,11.3,77.0
12463,444,,,,1.6,0.0,11.3,77.0
13363,444,,,,1.6,0.0,9.7,77.0
14263,444,16.21333333333333,24.34375,22.81458333333333,1.6,0.0,8.0,76.0
15163,444,16.2,25.84782608695652,24.02173913043478,1.6,0.0,9.7,76.0
16063,444,16.2,22.43835616438356,20.997260273972604,1.5,0.0,9.7,76.0
16963,444,16.175384615384615,18.016666666666666,16.803333333333335,1.4,0.0,8.0,76.0
17863,444,16.087692307692308,16.169014084507044,15.329577464788732,1.3,0.0,9.7,75.0
18763,444,15.995384615384614,20.058333333333334,19.17666666666667,1.4,0.0,11.3,75.0
19663,444,15.91060606060606,30.484848484848488,25.743939393939392,1.3,0.0,11.3,74.0
20563,444,16.414492753623186,49.63235294117647,46.225,1.2,0.0,11.3,74.0
21463,444,17.020634920634922,46.81060606060606,42.83787878787879,1.2,0.0,9.7,74.0
22363,444,17.542028985507248,47.79850746268657,45.571641791044776,1.2,0.0,11.3,74.0
23263,444,17.787692307692307,34.71875,33.609375,1.3,12.0,11.3,74.0
24163,444,17.71818181818182,29.77272727272728,28.17727272727273,1.3,19.0,9.7,73.0
25063,444,17.56153846153846,28.13846153846153,26.880000000000003,1.6,28.0,12.9,72.0
25963,444,17.41060606060606,27.470149253731343,25.94328358208956,1.7,30.0,12.9,71.0
26863,444,17.328787878787878,37.02238805970149,32.713432835820896,1.8,37.0,12.9,71.0
27763,444,17.62272727272727,44.47058823529412,41.42205882352941,2.1,127.0,12.9,70.0
28663,444,18.27164179104478,45.072580645161295,43.064516129032256,2.8,186.0,11.3,67.0
29563,444,17.869696969696967,34.09848484848485,33.16818181818182,2.9,225.0,14.5,66.0
30463,444,17.783076923076923,27.140625,27.553125,3.5,274.0,11.3,62.0
31363,444,17.640983606557377,22.59523809523809,21.995238095238097,3.7,241.0,12.9,61.0
32263,444,17.4625,19.55223880597015,18.68955223880597,4.1,246.0,11.3,60.0
33163,444,17.285714285714285,17.61904761904762,16.866666666666667,4.3,127.0,9.7,58.0
34063,444,17.095238095238095,16.47692307692308,15.87076923076923,4.7,118.0,9.7,55.0
34963,444,16.90625,15.776923076923078,15.235384615384614,4.7,371.0,9.7,55.0
35863,444,16.752238805970148,15.384615384615383,14.861538461538462,5.4,403.0,9.7,55.0
36763,444,16.61911764705882,15.0,14.51904761904762,5.6,445.0,9.7,56.0
37663,444,16.5,14.992424242424244,14.321212121212122,6.2,397.0,9.7,57.0
38563,444,16.41111111111111,14.55,14.19285714285714,6.4,526.0,11.3,58.0
39463,444,16.334375,14.5,14.0,6.1,492.0,12.9,62.0
40363,444,16.258208955223882,14.5,14.0,6.3,483.0,12.9,59.0
41263,444,16.2,14.5,13.830303030303032,6.8,541.0,12.9,59.0
42163,444,16.148387096774194,14.5,13.8,6.9,343.0,11.3,58.0
43063,444,16.1,14.5,13.8,7.3,564.0,12.9,55.0
43963,444,16.03636363636364,14.3955223880597,13.8,7.4,548.0,12.9,55.0
44863,444,16.0,14.038461538461538,13.76769230769231,7.7,448.0,11.3,51.0
45763,444,15.955882352941178,14.0,13.504545454545454,7.9,540.0,9.7,49.0
46663,444,15.9,14.0,13.5,8.1,543.0,8.0,50.0
47563,444,15.859375,14.0,13.5,8.7,554.0,11.3,48.0
48463,444,15.8,14.0,13.5,8.2,527.0,9.7,48.0
49363,444,15.765625,14.0,13.493846153846151,8.4,550.0,9.7,49.0
50263,444,15.7,14.0,13.315625,8.1,527.0,11.3,51.0
51163,444,15.683333333333334,14.0,13.3,8.6,512.0,9.7,48.0
52063,444,15.6,14.0,13.3,8.7,482.0,11.3,44.0
52963,444,15.6,14.0,13.3,8.3,457.0,9.7,46.0
53863,444,15.535384615384617,14.0,13.3,8.6,408.0,11.3,42.0
54763,444,15.5,14.0,13.3,8.4,364.0,11.3,39.0
55663,444,15.5,14.0,13.3,8.2,366.0,6.4,38.0
56563,444,15.43548387096774,14.0,13.286567164179104,8.1,127.0,11.3,37.0
57463,444,15.4,13.9453125,13.0515625,8.0,79.0,9.7,38.0
58363,444,15.4,13.65873015873016,13.0,7.8,44.0,11.3,38.0
59263,444,15.431147540983607,31.029850746268657,25.48507462686567,7.9,60.0,8.0,41.0
60163,444,15.935,40.47826086956522,39.18115942028986,8.0,70.0,6.4,39.0
61063,444,16.611666666666668,51.65833333333334,47.48166666666667,7.9,105.0,6.4,44.0
61963,444,17.336666666666666,51.02205882352941,48.07941176470588,7.9,46.0,4.8,44.0
62863,444,17.911940298507464,50.53125,47.16875,7.6,53.0,1.6,44.0
63763,444,18.287692307692307,47.142857142857146,44.64642857142857,7.3,35.0,3.2,48.0
64663,444,18.455384615384617,44.731884057971016,42.05072463768117,6.3,11.0,1.6,53.0
65563,444,18.525757575757574,42.238461538461536,40.36153846153847,5.8,7.0,1.6,55.0
66463,444,18.53650793650793,35.07462686567165,33.535820895522384,4.7,0.0,3.2,59.0
67363,444,18.35396825396825,33.223880597014926,31.532835820895524,4.3,0.0,3.2,61.0
68263,444,18.168253968253968,30.61194029850746,29.453731343283582,4.3,0.0,11.3,63.0
69163,444,17.979032258064514,36.16666666666667,30.48333333333333,4.4,0.0,12.9,63.0
70063,444,18.03174603174603,43.4296875,39.178125,4.4,0.0,12.9,64.0
70963,444,18.363636363636363,47.61111111111111,44.31111111111111,4.2,0.0,12.9,65.0
71863,444,18.69333333333333,40.45588235294117,38.53088235294118,3.9,0.0,12.9,66.0
72763,444,18.72,36.8030303030303,34.97121212121212,3.8,0.0,14.5,66.0
73663,444,18.640983606557377,34.15384615384615,32.418461538461536,3.6,0.0,14.5,68.0
74563,444,18.507692307692302,32.32786885245902,30.95081967213115,3.4,0.0,16.1,67.0
75463,444,18.37037037037037,27.8032786885246,26.8032786885246,3.2,0.0,12.9,67.0
76363,444,18.246875,44.41129032258065,38.30806451612903,3.1,0.0,14.5,66.0
77263,444,18.66393442622951,54.492537313432834,50.105970149253736,2.6,0.0,11.3,67.0
78163,444,19.18064516129032,46.823076923076925,43.60923076923077,2.4,0.0,11.3,67.0
79063,444,19.456603773584902,46.17460317460318,43.22063492063492,2.0,0.0,8.0,69.0
79963,444,19.65744680851064,49.46923076923077,46.11846153846154,2.0,0.0,11.3,68.0
80863,444,19.79230769230769,47.8515625,44.603125,1.9,0.0,14.5,68.0
81763,444,19.743103448275864,35.985074626865675,33.35970149253731,1.8,0.0,17.7,71.0
82663,444,19.472340425531915,28.13636363636364,28.689090909090908,1.8,0.0,12.9,72.0
83563,444,19.175806451612903,26.2,26.11636363636364,1.7,0.0,16.1,74.0
84463,444,19.0,48.68939393939394,44.43787878787879,1.6,0.0,12.9,77.0
85363,444,19.09701492537313,37.57042253521127,33.77887323943662,1.6,0.0,16.1,79.0
86263,444,18.99253731343284,27.38405797101449,24.28985507246377,2.2,0.0,17.7,79.0
763,445,18.77611940298508,22.2,19.87076923076923,2.3,0.0,17.7,79.0
1663,445,18.493939393939392,19.323529411764707,17.67794117647059,2.4,0.0,14.5,80.0
2563,445,18.19402985074627,17.650793650793652,16.514285714285712,2.6,0.0,14.5,80.0
3463,445,17.905882352941177,16.7265625,15.815625,2.7,0.0,12.9,79.0
4363,445,17.655882352941177,16.08955223880597,15.365671641791044,2.7,0.0,14.5,80.0
5263,445,17.422727272727272,15.703125,15.0109375,2.8,0.0,12.9,79.0
6163,445,17.232835820895524,15.5,14.8,2.9,0.0,11.3,79.0
7063,445,17.05,15.34558823529412,14.583823529411765,3.2,0.0,14.5,79.0
7963,445,,,,3.2,0.0,14.5,79.0
8863,445,,,,3.3,0.0,16.1,79.0
9763,445,,,,3.4,0.0,14.5,77.0
10663,445,,,,3.4,0.0,14.5,80.0
11563,445,,,,3.3,0.0,19.3,80.0
12463,445,,,,3.4,0.0,20.9,82.0
13363,445,,,,3.4,0.0,20.9,83.0
14263,445,16.233333333333334,14.5,13.8,3.4,0.0,19.3,83.0
15163,445,16.2,14.5,13.8,3.4,0.0,16.1,84.0
16063,445,16.120289855072464,14.5,13.8,3.4,0.0,14.5,84.0
16963,445,16.080597014925374,14.5,13.763076923076923,3.3,0.0,14.5,84.0
17863,445,16.0,14.5,13.5,3.4,0.0,22.5,84.0
18763,445,15.956521739130434,14.484375,13.5,3.4,0.0,20.9,84.0
19663,445,15.934375,31.484848484848488,25.72272727272728,3.5,0.0,22.5,84.0
20563,445,16.46865671641791,46.21875,43.6171875,3.5,0.0,22.5,84.0
21463,445,17.097101449275364,52.375,47.953125,3.4,0.0,24.1,83.0
22363,445,17.68307692307692,43.70454545454545,40.93939393939394,3.4,5.0,24.1,83.0
23263,445,18.00588235294118,49.01515151515152,44.60454545454546,3.4,21.0,22.5,83.0
24163,445,18.4765625,49.23484848484848,44.92272727272727,3.3,26.0,24.1,83.0
25063,445,18.76060606060605,41.09836065573771,36.86229508196722,3.4,44.0,25.7,84.0
25963,445,18.87611940298508,40.23076923076923,37.22307692307693,3.4,56.0,25.7,84.0
26863,445,18.81746031746032,33.63235294117647,31.829411764705885,3.6,69.0,25.7,83.0
27763,445,18.613636363636363,29.94776119402985,28.671641791044777,3.6,74.0,25.7,83.0
28663,445,18.37619047619048,31.149253731343283,29.31641791044776,3.6,76.0,20.9,83.0
29563,445,18.90322580645161,29.024193548387096,28.79193548387097,3.6,62.0,24.1,83.0
30463,445,18.30307692307692,23.507692307692302,22.53538461538461,3.8,190.0,27.4,83.0
31363,445,18.06142857142857,19.76515151515152,18.70909090909091,4.5,271.0,24.1,81.0
32263,445,17.8,17.816176470588236,16.96470588235294,4.7,125.0,20.9,81.0
33163,445,17.565217391304348,16.75,16.1030303030303,4.8,128.0,20.9,81.0
34063,445,17.346478873239437,16.0859375,15.5203125,5.1,200.0,24.1,80.0
34963,445,17.15,15.59558823529412,15.094117647058823,5.6,237.0,20.9,78.0
35863,445,16.945588235294117,15.34126984126984,14.78095238095238,5.5,135.0,27.4,77.0
36763,445,16.783870967741937,15.0,14.5,5.5,149.0,22.5,77.0
37663,445,16.6390625,15.0,14.329508196721312,5.7,197.0,25.7,79.0
38563,445,16.53030303030303,14.862318840579707,14.282608695652176,5.6,199.0,27.4,79.0
39463,445,16.434328358208955,14.5,14.008955223880596,5.9,186.0,25.7,79.0
40363,445,16.3359375,14.5,14.0,6.0,163.0,25.7,78.0
41263,445,16.246153846153845,14.5,13.959375,6.3,202.0,24.1,77.0
42163,445,16.2,14.5,13.80597014925373,6.4,239.0,30.6,78.0
43063,445,16.11639344262295,14.5,13.8,7.3,320.0,27.4,74.0
43963,445,16.077272727272728,14.5,13.8,7.2,195.0,29.0,75.0
44863,445,16.0,14.5,13.8,7.4,350.0,22.5,78.0
45763,445,15.963076923076922,14.5,13.76818181818182,7.6,483.0,24.1,78.0
46663,445,15.9,14.453125,13.509375,7.9,357.0,25.7,78.0
47563,445,15.9,14.108695652173912,13.5,7.9,378.0,25.7,80.0
48463,445,15.837313432835822,14.007575757575756,13.5,7.6,318.0,29.0,83.0
49363,445,15.8,14.0,13.5,7.6,318.0,29.0,84.0
50263,445,15.8,14.0,13.5,7.3,121.0,25.7,85.0
51163,445,15.71060606060606,14.0,13.5,7.1,151.0,25.7,86.0
52063,445,15.7,14.0,13.5,7.2,243.0,25.7,86.0
52963,445,15.7,14.0,13.496875,7.3,241.0,27.4,86.0
53863,445,15.668852459016392,14.0,13.416923076923078,7.5,234.0,27.4,86.0
54763,445,15.6,14.0,13.3,7.6,218.0,29.0,86.0
55663,445,15.6,14.0,13.3,7.7,225.0,30.6,85.0
56563,445,15.6,14.0,13.3,7.7,211.0,32.2,85.0
57463,445,15.505882352941176,14.0,13.3,7.7,200.0,35.4,86.0
58363,445,15.5,14.0,13.3,7.6,156.0,38.6,87.0
59263,445,15.523880597014928,32.1875,26.628125,7.4,114.0,37.0,87.0
60163,445,16.003174603174603,40.69565217391305,39.55652173913044,7.4,97.0,35.4,88.0
61063,445,16.593939393939394,49.93571428571428,46.56,7.4,81.0,33.8,88.0
61963,445,17.3,52.44927536231884,49.34347826086956,7.3,60.0,29.0,89.0
62863,445,17.8953125,50.47826086956522,47.54347826086956,7.4,37.0,37.0,89.0
63763,445,18.30806451612904,49.635714285714286,47.19,7.3,26.0,30.6,90.0
64663,445,18.55,44.7936507936508,42.595238095238095,7.3,16.0,32.2,90.0
65563,445,18.6,40.67424242424242,38.87878787878788,7.3,11.0,27.4,91.0
66463,445,18.540625,34.30281690140845,33.09718309859155,7.4,0.0,30.6,91.0
67363,445,18.34375,31.238461538461536,30.06307692307692,7.4,0.0,25.7,92.0
68263,445,18.1296875,28.35507246376812,27.404347826086955,7.6,0.0,29.0,92.0
69163,445,17.924242424242426,27.563492063492067,26.46825396825397,7.6,0.0,25.7,92.0
70063,445,17.743283582089553,26.61029411764706,25.72352941176471,7.7,0.0,27.4,93.0
70963,445,17.580882352941178,26.795454545454543,25.546969696969697,7.8,0.0,29.0,93.0
71863,445,17.45,26.38059701492537,25.30597014925373,7.8,0.0,25.7,93.0
72763,445,17.366153846153846,27.65151515151515,26.057575757575755,7.9,0.0,24.1,93.0
73663,445,17.3,27.411764705882355,26.24264705882353,8.0,0.0,27.4,93.0
74563,445,17.3,30.36885245901639,27.524590163934427,8.1,0.0,27.4,93.0
75463,445,17.51818181818182,45.88235294117647,41.423529411764704,8.3,0.0,29.0,93.0
76363,445,18.03181818181818,49.6865671641791,45.528358208955225,8.3,0.0,27.4,93.0
77263,445,18.625,53.72463768115942,50.36521739130435,8.4,0.0,32.2,93.0
78163,445,19.0875,53.85820895522388,50.47761194029851,8.4,0.0,33.8,93.0
79063,445,19.437313432835825,53.90298507462686,50.45373134328359,8.4,0.0,30.6,92.0
79963,445,19.682089552238807,47.56818181818182,46.692424242424245,8.4,0.0,32.2,93.0
80863,445,19.66307692307692,37.440298507462686,35.964179104477616,8.3,0.0,29.0,93.0
81763,445,19.3859375,27.7265625,25.0421875,8.3,0.0,29.0,93.0
82663,445,19.04126984126984,22.306451612903224,20.22741935483871,8.2,0.0,27.4,93.0
83563,445,18.67258064516129,19.387096774193548,17.754838709677422,8.2,0.0,25.7,93.0
84463,445,18.344444444444445,17.64179104477612,16.426865671641792,8.1,0.0,25.7,93.0
85363,445,18.03174603174603,16.666666666666664,15.652173913043478,8.0,0.0,27.4,93.0
86263,445,17.771875,16.1,15.463076923076922,8.0,0.0,27.4,93.0
763,446,17.597014925373134,17.28030303030303,17.474242424242426,8.0,0.0,27.4,92.0
1663,446,17.37076923076923,16.28030303030303,15.687878787878788,7.9,0.0,32.2,93.0
2563,446,17.29032258064516,15.953846153846154,15.26769230769231,7.8,0.0,29.0,93.0
3463,446,17.2,15.5,15.0,7.8,0.0,29.0,94.0
4363,446,17.10483870967742,15.5,14.909859154929578,7.8,0.0,27.4,94.0
5263,446,17.0015625,15.5,14.8,7.7,0.0,30.6,93.0
6163,446,16.908196721311477,15.31060606060606,14.777272727272727,7.7,0.0,30.6,93.0
7063,446,16.84655172413793,15.0,14.513846153846156,7.5,0.0,24.1,93.0
7963,446,16.8,15.0,14.5,7.6,0.0,24.1,93.0
8863,446,16.7,15.0,14.5,7.4,0.0,27.4,92.0
9763,446,,,,7.4,0.0,27.4,92.0
10663,446,,,,7.4,0.0,27.4,91.0
11563,446,,,,7.3,0.0,27.4,91.0
12463,446,,,,7.3,0.0,22.5,90.0
13363,446,,,,7.2,0.0,25.7,90.0
14263,446,16.4,15.0,14.275510204081632,7.0,0.0,27.4,90.0
15163,446,16.3203125,14.761194029850746,14.031343283582087,7.0,0.0,27.4,89.0
16063,446,16.3,14.5,14.0,6.9,0.0,29.0,88.0
16963,446,16.224615384615383,14.5,14.0,6.8,0.0,30.6,88.0
17863,446,16.2,14.5,14.0,6.8,0.0,25.7,88.0
18763,446,16.174137931034483,14.5,14.0,6.8,0.0,22.5,88.0
19663,446,16.149180327868855,32.47826086956522,26.75217391304348,6.7,0.0,19.3,87.0
20563,446,16.768333333333334,45.11764705882353,42.96764705882353,6.5,0.0,22.5,88.0
21463,446,17.419672131147543,50.03623188405797,46.43333333333333,6.3,0.0,24.1,88.0
22363,446,18.15820895522388,50.54477611940298,47.02388059701492,6.2,0.0,22.5,88.0
23263,446,18.75076923076923,45.02941176470589,41.94264705882353,6.2,12.0,20.9,86.0
24163,446,19.061290322580646,44.276119402985074,41.15074626865672,6.2,19.0,20.9,86.0
25063,446,19.175806451612903,39.55555555555556,36.89206349206349,6.2,35.0,20.9,87.0
25963,446,19.06875,35.2054794520548,32.99452054794521,6.2,26.0,14.5,87.0
26863,446,18.94,31.81967213114754,30.04262295081968,6.4,63.0,17.7,88.0
27763,446,18.746969696969696,32.80769230769231,28.526153846153846,6.4,81.0,19.3,88.0
28663,446,18.601666666666667,27.85606060606061,25.03939393939394,6.6,118.0,17.7,87.0
29563,446,18.33076923076923,22.115384615384617,21.07230769230769,6.7,107.0,20.9,86.0
30463,446,18.04590163934426,18.933823529411764,17.861764705882354,6.7,107.0,17.7,85.0
31363,446,17.79014084507042,17.413043478260867,16.62608695652174,6.8,130.0,19.3,85.0
32263,446,17.563636363636363,16.625,15.996875,7.3,135.0,17.7,84.0
33163,446,17.3536231884058,16.07936507936508,15.604761904761904,7.4,127.0,17.7,83.0
34063,446,17.181428571428572,15.889705882352942,15.32941176470588,7.6,181.0,19.3,80.0
34963,446,17.03939393939394,15.5,15.071641791044778,8.0,206.0,16.1,80.0
35863,446,16.919354838709676,15.5,14.950877192982457,8.3,459.0,24.1,80.0
36763,446,16.826086956521742,15.5,14.8,8.1,473.0,20.9,81.0
37663,446,16.77826086956522,15.2,14.791428571428572,8.4,501.0,29.0,75.0
38563,446,16.7,15.0,14.508571428571427,8.4,547.0,30.6,75.0
39463,446,16.62686567164179,15.0,14.5,8.4,302.0,30.6,75.0
40363,446,16.6,15.0,14.5,8.2,313.0,29.0,75.0
41263,446,16.51818181818182,15.0,14.428571428571429,7.9,135.0,16.1,78.0
42163,446,16.5,15.0,14.3,7.7,230.0,19.3,80.0
43063,446,16.45072463768116,15.0,14.3,8.4,276.0,20.9,78.0
43963,446,16.4,15.0,14.3,8.6,202.0,22.5,76.0
44863,446,16.4,15.0,14.3,8.8,299.0,20.9,73.0
45763,446,16.303030303030305,15.0,14.291044776119405,8.3,448.0,20.9,76.0
46663,446,16.3,14.887096774193548,14.053225806451612,8.3,325.0,20.9,77.0
47563,446,16.298461538461538,14.559701492537314,14.0,8.1,255.0,22.5,76.0
48463,446,16.201492537313435,14.5,14.0,8.1,288.0,22.5,76.0
49363,446,16.2,14.5,14.0,8.6,313.0,22.5,75.0
50263,446,16.2,14.5,14.0,8.4,336.0,24.1,72.0
51163,446,16.2,14.5,14.0,8.4,313.0,25.7,73.0
52063,446,16.12537313432836,14.5,14.0,8.5,297.0,20.9,72.0
52963,446,16.1,14.5,13.991304347826087,8.3,179.0,17.7,73.0
53863,446,16.1,14.5,13.847761194029852,7.8,169.0,24.1,74.0
54763,446,16.031147540983607,14.5,13.8,8.3,480.0,22.5,73.0
55663,446,16.0,14.5,13.8,7.7,144.0,17.7,74.0
56563,446,16.0,14.5,13.8,7.5,156.0,22.5,75.0
57463,446,15.95483870967742,14.5,13.8,7.4,77.0,19.3,74.0
58363,446,15.9,14.5,13.8,7.0,79.0,14.5,75.0
59263,446,15.907246376811594,27.5,22.472857142857144,6.8,42.0,16.1,77.0
60163,446,16.373846153846152,43.6,42.10923076923077,6.7,47.0,17.7,78.0
61063,446,16.972131147540985,50.21666666666667,46.35666666666667,6.6,58.0,16.1,79.0
61963,446,17.633823529411764,50.87301587301587,47.85238095238096,6.5,39.0,17.7,80.0
62863,446,18.13768115942029,47.9140625,44.9421875,6.4,14.0,6.4,81.0
63763,446,18.4936507936508,45.42741935483871,42.943548387096776,6.3,14.0,6.4,81.0
64663,446,18.65967741935484,41.169230769230765,38.77076923076923,6.2,5.0,12.9,83.0
65563,446,18.7,38.4179104477612,36.54328358208956,6.2,0.0,17.7,83.0
66463,446,18.61492537313433,33.471014492753625,31.88695652173913,6.1,0.0,12.9,84.0
67363,446,18.46060606060606,30.63432835820896,29.438805970149254,6.0,0.0,17.7,85.0
68263,446,18.253846153846155,27.818840579710145,26.9,5.9,0.0,24.1,85.0
69163,446,18.046376811594204,28.0703125,26.8109375,5.9,0.0,19.3,86.0
70063,446,17.86,26.840909090909093,25.97121212121212,5.9,0.0,27.4,87.0
70963,446,17.738888888888887,26.401639344262293,25.257377049180327,5.6,0.0,25.7,89.0
71863,446,17.613636363636363,25.5078125,24.575,5.5,0.0,27.4,89.0
72763,446,17.49375,26.31746031746032,24.93174603174604,5.5,0.0,24.1,89.0
73663,446,17.4,26.037313432835823,24.99253731343284,5.6,0.0,30.6,88.0
74563,446,17.356862745098038,26.916666666666668,25.473333333333333,5.5,0.0,27.4,88.0
75463,446,17.3,26.484615384615388,25.41692307692308,5.6,0.0,22.5,88.0
76363,446,17.3,27.73529411764706,26.10882352941176,5.6,0.0,19.3,88.0
77263,446,17.3,27.84057971014493,26.56811594202899,5.8,0.0,22.5,88.0
78163,446,17.3,28.588235294117645,26.96029411764706,5.8,0.0,27.4,88.0
79063,446,17.3,27.63846153846153,26.458461538461545,5.9,0.0,20.9,89.0
79963,446,17.3,28.06716417910448,26.556716417910444,5.9,0.0,20.9,89.0
80863,446,17.3,24.64516129032258,23.414516129032258,5.9,0.0,29.0,88.0
81763,446,17.216666666666665,28.96376811594203,26.260869565217394,5.9,0.0,27.4,89.0
82663,446,17.29848484848485,28.30597014925373,25.63432835820896,5.9,0.0,25.7,89.0
83563,446,17.3,21.775362318840585,19.67536231884058,6.0,0.0,25.7,89.0
84463,446,17.192753623188405,18.8,17.578333333333333,6.2,0.0,29.0,88.0
85363,446,17.047619047619047,17.397058823529413,16.626470588235293,6.2,0.0,25.7,88.0
86263,446,16.96,17.0,16.3,6.3,0.0,19.3,87.0
763,447,,,,6.3,0.0,19.3,87.0
1663,447,,,,6.4,0.0,20.9,87.0
2563,447,,,,6.4,0.0,17.7,88.0
3463,447,,,,6.4,0.0,20.9,88.0
4363,447,,,,6.4,0.0,14.5,88.0
5263,447,,,,6.4,0.0,11.3,88.0
6163,447,,,,6.6,0.0,17.7,87.0
7063,447,,,,6.6,0.0,16.1,88.0
7963,447,,,,6.6,0.0,9.7,89.0
8863,447,,,,6.6,0.0,17.7,89.0
9763,447,,,,6.6,0.0,19.3,89.0
10663,447,,,,6.7,0.0,24.1,89.0
11563,447,,,,6.7,0.0,25.7,88.0
12463,447,,,,6.8,0.0,33.8,88.0
13363,447,,,,6.7,0.0,30.6,88.0
14263,447,,,,6.8,0.0,24.1,87.0
15163,447,,,,6.9,0.0,25.7,86.0
16063,447,,,,7.1,0.0,30.6,86.0
16963,447,,,,6.9,0.0,22.5,87.0
17863,447,,,,6.8,0.0,16.1,87.0
18763,447,,,,6.7,0.0,20.9,88.0
19663,447,,,,6.3,0.0,19.3,91.0
20563,447,,,,6.1,0.0,19.3,92.0
21463,447,,,,6.0,0.0,19.3,93.0
22363,447,,,,6.1,0.0,16.1,93.0
23263,447,,,,6.1,11.0,16.1,93.0
24163,447,,,,6.3,7.0,14.5,92.0
25063,447,,,,6.7,16.0,17.7,92.0
25963,447,,,,6.8,23.0,16.1,92.0
26863,447,,,,6.7,37.0,19.3,92.0
27763,447,,,,6.8,65.0,20.9,90.0
28663,447,,,,7.1,51.0,22.5,88.0
29563,447,,,,7.2,132.0,19.3,88.0
30463,447,,,,7.5,251.0,19.3,86.0
31363,447,,,,7.1,79.0,22.5,86.0
32263,447,,,,6.2,84.0,20.9,91.0
33163,447,,,,6.4,243.0,17.7,91.0
34063,447,,,,6.6,146.0,22.5,91.0
34963,447,,,,6.7,125.0,22.5,90.0
35863,447,,,,7.2,248.0,24.1,87.0
36763,447,,,,7.2,70.0,24.1,88.0
37663,447,,,,8.4,540.0,22.5,84.0
38563,447,,,,8.6,503.0,25.7,84.0
39463,447,,,,8.7,638.0,29.0,82.0
40363,447,,,,8.8,276.0,27.4,82.0
41263,447,,,,8.6,274.0,20.9,85.0
42163,447,,,,8.4,237.0,22.5,86.0
43063,447,,,,7.3,336.0,32.2,85.0
43963,447,,,,7.2,165.0,30.6,83.0
44863,447,,,,7.5,246.0,32.2,83.0
45763,447,,,,7.9,810.0,33.8,80.0
46663,447,,,,7.7,299.0,32.2,81.0
47563,447,,,,8.1,260.0,30.6,80.0
48463,447,,,,8.0,197.0,29.0,80.0
49363,447,,,,8.2,279.0,29.0,77.0
50263,447,,,,8.6,559.0,25.7,77.0
51163,447,,,,8.9,550.0,29.0,73.0
52063,447,,,,9.3,531.0,30.6,71.0
52963,447,,,,9.3,636.0,30.6,71.0
53863,447,,,,9.4,527.0,25.7,69.0
54763,447,,,,9.1,132.0,29.0,70.0
55663,447,,,,8.6,62.0,25.7,71.0
56563,447,,,,8.1,107.0,25.7,74.0
57463,447,,,,8.2,120.0,22.5,74.0
58363,447,,,,8.3,62.0,24.1,73.0
59263,447,,,,8.3,70.0,20.9,75.0
60163,447,16.6125,45.8046875,43.915625,7.9,79.0,22.5,77.0
61063,447,17.288888888888888,47.02205882352941,43.41617647058824,7.9,65.0,20.9,76.0
61963,447,17.75714285714286,50.01538461538461,47.04,7.9,58.0,19.3,74.0
62863,447,18.25294117647059,45.48507462686568,43.05373134328359,7.8,95.0,14.5,78.0
63763,447,18.525,40.54237288135593,38.949152542372886,7.8,53.0,17.7,73.0
64663,447,18.555172413793105,36.58474576271187,34.983050847457626,7.4,26.0,16.1,71.0
65563,447,18.475,35.625,33.96764705882353,7.2,19.0,12.9,72.0
66463,447,18.36769230769231,31.97692307692308,31.0,6.8,5.0,14.5,75.0
67363,447,18.20952380952381,29.65384615384616,28.766153846153845,6.6,0.0,11.3,78.0
68263,447,18.034426229508195,28.03968253968254,27.23492063492064,6.1,0.0,14.5,83.0
69163,447,17.86851851851852,28.120689655172413,27.19310344827586,5.9,0.0,16.1,83.0
70063,447,17.7241935483871,27.46969696969697,26.612121212121213,5.7,0.0,14.5,84.0
70963,447,17.6031746031746,28.07692307692308,26.786153846153848,5.8,0.0,16.1,85.0
71863,447,17.505633802816902,27.54615384615385,26.62,5.8,0.0,17.7,84.0
72763,447,17.477777777777778,28.417910447761194,27.065671641791045,5.8,0.0,17.7,84.0
73663,447,17.4,27.830645161290324,26.90483870967742,5.6,0.0,17.7,84.0
74563,447,17.527868852459015,45.20588235294117,39.64705882352941,5.3,0.0,14.5,84.0
75463,447,18.09756097560976,53.794117647058826,50.89803921568628,5.1,0.0,11.3,85.0
76363,447,18.635,52.96511627906976,50.66976744186047,5.0,0.0,12.9,84.0
77263,447,19.04081632653061,50.840425531914896,48.67872340425532,4.9,0.0,14.5,83.0
78163,447,19.2975,51.08108108108108,48.92972972972973,4.9,0.0,14.5,83.0
79063,447,19.43030303030303,51.26470588235294,48.48235294117647,4.8,0.0,12.9,84.0
79963,447,19.54901960784314,50.0,47.92444444444445,4.7,0.0,14.5,84.0
80863,447,19.6530612244898,47.09615384615385,44.02115384615384,4.6,0.0,6.4,84.0
81763,447,19.590566037735847,33.67307692307692,31.32307692307692,4.6,0.0,11.3,84.0
82663,447,19.334375,26.8046875,24.853125,4.6,0.0,11.3,83.0
83563,447,18.995238095238097,22.27941176470588,20.59705882352941,4.5,0.0,11.3,84.0
84463,447,18.62985074626865,19.84558823529412,19.113235294117647,4.4,0.0,11.3,84.0
85363,447,18.31969696969697,19.12121212121212,19.683333333333334,4.4,0.0,12.9,84.0
86263,447,18.043103448275865,17.75,17.27058823529412,4.4,0.0,12.9,83.0
763,448,17.79047619047619,16.84848484848485,16.337878787878786,4.3,0.0,11.3,83.0
1663,448,17.5640625,16.428571428571427,15.882539682539685,4.2,0.0,14.5,84.0
2563,448,17.375806451612902,16.0,15.544776119402986,4.1,0.0,14.5,84.0
3463,448,17.226865671641793,16.0,15.338235294117649,4.1,0.0,14.5,84.0
4363,448,17.061016949152542,15.565217391304348,15.152173913043478,4.1,0.0,12.9,84.0
5263,448,16.95,15.5,15.0,4.0,0.0,12.9,84.0
6163,448,16.8546875,15.5,14.874576271186442,3.9,0.0,12.9,84.0
7063,448,16.78923076923077,15.5,14.8,3.8,0.0,11.3,84.0
7963,448,16.7,15.493055555555554,14.766666666666666,3.7,0.0,9.7,84.0
8863,448,16.601639344262296,15.1953125,14.509375,3.7,0.0,11.3,84.0
9763,448,16.541666666666664,15.0,14.5,3.6,0.0,11.3,84.0
10663,448,16.5,15.0,14.5,3.2,0.0,11.3,84.0
11563,448,16.4046875,15.0,14.36984126984127,3.2,0.0,9.7,84.0
12463,448,16.369354838709675,15.0,14.3,3.1,0.0,11.3,85.0
13363,448,16.3,15.0,14.3,3.0,0.0,9.7,85.0
14263,448,16.21967213114754,15.0,14.3,3.1,0.0,9.7,86.0
15163,448,16.2,15.0,14.268656716417912,3.1,0.0,11.3,86.0
16063,448,16.128125,15.0,14.013235294117646,3.2,0.0,11.3,86.0
16963,448,16.1,15.0,14.0,3.3,0.0,9.7,86.0
17863,448,16.01875,14.823529411764708,14.0,3.2,0.0,9.7,86.0
18763,448,16.0,14.53968253968254,14.0,3.2,0.0,8.0,86.0
19663,448,15.947619047619048,27.060606060606062,22.45757575757576,3.2,0.0,8.0,86.0
20563,448,16.401587301587302,47.58571428571428,45.44428571428571,3.1,0.0,8.0,86.0
21463,448,16.928571428571427,41.7421875,40.0765625,3.1,0.0,6.4,86.0
22363,448,17.424615384615386,51.93846153846154,49.08923076923077,3.0,7.0,8.0,87.0
23263,448,17.8546875,41.91176470588236,39.22352941176471,3.2,18.0,9.7,86.0
24163,448,18.153125,50.18939393939394,47.71818181818182,3.4,16.0,11.3,85.0
25063,448,18.393650793650792,41.44615384615385,39.36615384615384,3.4,18.0,11.3,85.0
25963,448,18.47,43.671875,41.2,3.6,21.0,12.9,85.0
26863,448,18.5,39.46268656716418,38.13582089552239,3.7,26.0,9.7,85.0
27763,448,18.5,35.31159420289855,34.29565217391304,3.8,88.0,9.7,85.0
28663,448,18.40322580645161,35.080882352941174,32.91617647058824,5.1,230.0,11.3,81.0
29563,448,18.4,29.403225806451616,26.63225806451613,5.4,223.0,11.3,79.0
30463,448,18.5,23.45522388059701,22.84328358208955,5.9,311.0,11.3,77.0
31363,448,18.37205882352941,20.5546875,20.0625,5.8,294.0,12.9,77.0
32263,448,18.186153846153847,18.380281690140844,17.6,6.6,318.0,9.7,74.0
33163,448,17.989473684210527,17.31060606060606,16.907575757575756,6.5,374.0,12.9,73.0
34063,448,17.80294117647059,17.97692307692308,18.99384615384616,6.4,70.0,12.9,75.0
34963,448,17.65,17.18939393939394,16.945454545454545,7.0,461.0,11.3,73.0
35863,448,17.488888888888887,16.454545454545453,15.919696969696968,7.5,418.0,12.9,71.0
36763,448,17.35079365079365,16.0,15.488059701492537,7.4,615.0,12.9,73.0
37663,448,17.221212121212123,20.1796875,19.0828125,8.0,580.0,14.5,70.0
38563,448,17.2,25.61764705882353,24.22941176470588,8.1,664.0,14.5,67.0
39463,448,17.27647058823529,27.962686567164177,26.77014925373134,8.6,640.0,12.9,66.0
40363,448,17.42923076923077,30.0,28.412307692307696,8.9,621.0,14.5,65.0
41263,448,17.56031746031746,28.448529411764707,27.96617647058824,9.2,598.0,14.5,64.0
42163,448,17.59384615384615,38.85074626865672,33.27910447761194,9.6,629.0,12.9,62.0
43063,448,17.93857142857143,48.16417910447761,45.21194029850746,9.1,584.0,14.5,63.0
43963,448,18.193548387096776,35.42028985507246,33.27101449275362,9.3,621.0,14.5,61.0
44863,448,18.275362318840585,37.984375,36.034375,9.1,649.0,16.1,62.0
45763,448,18.37538461538461,37.06617647058824,34.944117647058825,10.0,650.0,14.5,59.0
46663,448,18.39692307692308,35.49264705882353,33.66029411764706,9.9,617.0,16.1,60.0
47563,448,18.30923076923077,35.5530303030303,33.486363636363635,10.3,631.0,14.5,58.0
48463,448,18.3,34.985074626865675,33.17611940298507,10.0,557.0,14.5,57.0
49363,448,18.3,35.30769230769231,33.30769230769231,9.7,258.0,12.9,58.0
50263,448,18.3,34.54615384615384,32.72153846153846,10.7,605.0,17.7,56.0
51163,448,18.3,34.83333333333333,32.77121212121212,10.9,554.0,14.5,55.0
52063,448,18.24776119402985,34.059701492537314,32.28358208955224,10.8,626.0,12.9,56.0
52963,448,18.2,34.60294117647059,32.489705882352936,10.6,105.0,17.7,53.0
53863,448,18.2,34.14179104477612,32.24029850746269,10.8,483.0,17.7,53.0
54763,448,18.160714285714285,31.279411764705884,29.63970588235294,10.5,464.0,17.7,51.0
55663,448,18.1864406779661,33.84126984126984,32.58095238095238,10.7,98.0,12.9,50.0
56563,448,18.2,34.11538461538461,32.56153846153846,9.9,84.0,14.5,53.0
57463,448,18.198461538461537,30.32575757575757,29.97121212121212,9.4,114.0,12.9,58.0
58363,448,18.1015625,31.147058823529413,30.551470588235293,9.3,97.0,14.5,60.0
59263,448,18.11515151515152,37.73134328358209,34.667164179104475,9.3,83.0,16.1,64.0
60163,448,19.2,49.2109375,47.1859375,9.1,69.0,16.1,65.0
61063,448,19.356451612903225,44.18840579710145,42.427536231884055,8.9,86.0,16.1,65.0
61963,448,19.454761904761902,48.77272727272727,45.624242424242425,8.8,47.0,16.1,65.0
62863,448,19.72,39.25757575757576,37.64242424242424,8.3,47.0,16.1,69.0
63763,448,19.62121212121212,33.75757575757576,31.256060606060608,8.3,25.0,14.5,69.0
64663,448,19.45897435897436,35.891304347826086,33.8231884057971,7.7,25.0,11.3,72.0
65563,448,19.32619047619048,35.00735294117647,32.71764705882353,7.5,14.0,11.3,73.0
66463,448,19.202857142857145,32.544117647058826,30.444117647058825,6.8,5.0,11.3,72.0
67363,448,19.048837209302327,31.29577464788732,29.394366197183096,6.4,0.0,8.0,74.0
68263,448,18.906666666666663,27.63636363636364,26.37121212121212,5.8,0.0,8.0,77.0
69163,448,18.83953488372093,41.84166666666667,36.065,5.6,0.0,6.4,78.0
70063,448,19.391666666666666,54.6625,50.7925,5.4,0.0,8.0,79.0
70963,448,20.09,53.12162162162163,50.045945945945945,5.6,0.0,12.9,78.0
71863,448,20.410344827586208,52.336956521739125,48.93478260869565,5.6,0.0,11.3,78.0
72763,448,20.57037037037037,51.24074074074074,48.157407407407405,5.5,0.0,11.3,78.0
73663,448,20.692857142857143,51.2125,48.835,5.3,0.0,11.3,80.0
74563,448,20.616666666666667,48.54878048780488,46.16585365853659,5.3,0.0,11.3,80.0
75463,448,,51.15625,48.39583333333333,5.1,0.0,12.9,81.0
76363,448,20.705263157894738,51.220000000000006,48.492,5.1,0.0,12.9,82.0
77263,448,20.748275862068965,53.97058823529412,49.69705882352942,4.8,0.0,12.9,84.0
78163,448,20.895714285714284,53.43846153846154,50.62307692307692,4.8,0.0,16.1,84.0
79063,448,20.925,45.73809523809524,42.82698412698413,4.6,0.0,16.1,85.0
79963,448,20.8,49.229729729729726,46.90135135135135,4.5,0.0,14.5,84.0
80863,448,20.687301587301587,41.65384615384615,39.77846153846154,4.2,0.0,12.9,86.0
81763,448,20.449253731343283,31.19117647058824,28.07058823529412,4.2,0.0,12.9,87.0
82663,448,20.11111111111111,24.9921875,22.7609375,4.0,0.0,11.3,88.0
83563,448,19.77878787878788,22.048387096774192,21.45967741935484,4.0,0.0,11.3,88.0
84463,448,19.471186440677965,21.234375,21.6078125,3.8,0.0,11.3,89.0
85363,448,19.166666666666664,20.198529411764707,20.53529411764706,3.7,0.0,12.9,89.0
86263,448,18.922727272727272,19.0,18.41060606060606,3.8,0.0,17.7,89.0
763,449,18.7,18.0,17.226865671641793,3.9,0.0,17.7,89.0
1663,449,18.518840579710144,17.484615384615385,16.7,3.8,0.0,14.5,90.0
2563,449,18.36060606060606,17.0,16.412121212121214,3.8,0.0,16.1,90.0
3463,449,18.2234375,17.0,16.2578125,3.8,0.0,16.1,90.0
4363,449,18.083333333333336,16.52898550724638,16.0,3.8,0.0,16.1,90.0
5263,449,17.96825396825397,16.5,15.913846153846157,3.7,0.0,16.1,91.0
6163,449,17.867164179104478,16.5,15.8,3.7,0.0,16.1,91.0
7063,449,17.7796875,16.5,15.77391304347826,3.7,0.0,16.1,91.0
7963,449,17.691044776119405,16.2734375,15.5046875,3.7,0.0,14.5,91.0
8863,449,17.6,16.0,15.5,3.6,0.0,16.1,91.0
9763,449,17.5231884057971,16.0,15.5,3.6,0.0,17.7,90.0
10663,449,17.455223880597014,16.0,15.40153846153846,3.7,0.0,16.1,90.0
11563,449,17.398507462686567,16.0,15.3,3.7,0.0,16.1,90.0
12463,449,17.3,16.0,15.3,3.7,0.0,16.1,91.0
13363,449,17.27166666666667,16.0,15.3,3.7,0.0,17.7,91.0
14263,449,17.2,16.0,15.209090909090907,3.7,0.0,19.3,91.0
15163,449,17.162121212121214,15.962121212121213,15.0,3.5,0.0,19.3,91.0
16063,449,17.13448275862069,32.404411764705884,27.07647058823529,3.4,0.0,16.1,92.0
16963,449,17.62878787878788,47.58695652173913,45.697101449275365,3.5,0.0,17.7,92.0
17863,449,18.18030303030303,47.11363636363636,44.65,3.3,0.0,14.5,92.0
18763,449,18.71527777777778,50.74647887323944,47.93098591549296,3.3,0.0,16.1,92.0
19663,449,19.225,42.06060606060606,39.58636363636364,3.4,0.0,16.1,92.0
20563,449,19.4,39.34615384615385,37.19538461538461,3.4,0.0,14.5,92.0
21463,449,19.4,35.920634920634924,34.38412698412698,3.3,0.0,16.1,93.0
22363,449,19.33636363636364,34.91666666666667,33.40757575757576,3.3,0.0,16.1,93.0
23263,449,19.245454545454542,31.40579710144928,30.426086956521736,3.4,0.0,17.7,92.0
24163,449,19.083870967741937,29.32258064516129,27.830645161290324,3.4,0.0,17.7,92.0
25063,449,19.0,27.67391304347826,26.360869565217392,3.4,0.0,14.5,92.0
25963,449,19.03538461538461,23.03125,22.7515625,3.4,5.0,17.7,92.0
26863,449,19.034375,20.753968253968253,21.068253968253966,3.4,12.0,17.7,92.0
27763,449,18.76515151515152,18.68548387096774,17.929032258064517,3.4,16.0,14.5,92.0
28663,449,18.51492537313433,17.575757575757574,16.739393939393942,3.7,21.0,20.9,91.0
29563,449,18.32537313432836,16.992537313432837,16.273134328358207,3.8,23.0,17.7,91.0
30463,449,18.15970149253732,16.53076923076923,16.0,4.1,26.0,19.3,91.0
31363,449,18.05,16.5,15.825,4.2,172.0,17.7,90.0
32263,449,17.961194029850745,16.5,15.8,4.9,223.0,17.7,88.0
33163,449,17.9,16.1031746031746,15.752380952380951,5.2,243.0,19.3,87.0
34063,449,17.819402985074625,16.0,15.509375,5.8,292.0,16.1,85.0
34963,449,17.78153846153846,16.1,15.642857142857142,6.0,315.0,16.1,84.0
35863,449,17.7,16.41044776119403,15.977611940298509,6.6,360.0,17.7,80.0
36763,449,17.6469696969697,16.0,15.468115942028984,6.7,381.0,20.9,78.0
37663,449,17.571875,16.0,15.3,6.8,49.0,17.7,79.0
38563,449,17.5,16.0,15.3,6.9,216.0,17.7,78.0
39463,449,17.43939393939394,15.992424242424244,15.272727272727272,7.8,485.0,16.1,74.0
40363,449,17.4,15.8671875,15.0234375,8.2,592.0,16.1,72.0
41263,449,17.334042553191487,15.511111111111113,15.0,7.6,705.0,17.7,73.0
42163,449,17.3,15.5,15.0,8.1,612.0,20.9,71.0
43063,449,17.255555555555553,15.5,15.0,8.7,599.0,17.7,68.0
43963,449,17.2,15.977611940298509,15.380597014925376,9.4,664.0,16.1,68.0
44863,449,17.2,16.0,15.421739130434782,9.7,647.0,17.7,61.0
45763,449,17.2,15.87704918032787,15.1672131147541,8.6,95.0,17.7,64.0
46663,449,17.2,15.5,15.0,9.6,677.0,19.3,61.0
47563,449,17.19655172413793,15.5,14.988571428571428,10.1,657.0,17.7,60.0
48463,449,17.10333333333333,15.5,14.806153846153848,10.7,682.0,16.1,57.0
49363,449,17.1,15.5,14.8,10.3,638.0,19.3,55.0
50263,449,17.1,15.5,14.8,9.8,207.0,12.9,59.0
51163,449,17.009999999999998,15.5,14.8,10.7,816.0,14.5,58.0
52063,449,17.0,15.675,15.096666666666668,8.8,83.0,17.7,60.0
52963,449,17.0,15.5,15.0,10.2,612.0,12.9,55.0
53863,449,17.0,15.5,14.925925925925927,8.9,58.0,17.7,62.0
54763,449,17.0,15.5,14.803030303030305,8.6,81.0,16.1,64.0
55663,449,16.92962962962963,28.36029411764706,23.45,8.7,121.0,11.3,65.0
56563,449,17.490909090909092,47.44117647058824,44.72941176470589,9.1,592.0,17.7,64.0
57463,449,18.15576923076923,43.5,38.34727272727273,8.4,86.0,20.9,66.0
58363,449,18.81818181818182,48.3,45.03,8.7,605.0,16.1,69.0
59263,449,19.325641025641023,39.70930232558139,36.65581395348837,9.2,76.0,20.9,60.0
60163,449,19.53783783783784,38.09375,35.471875,8.0,53.0,17.7,69.0
61063,449,19.59491525423729,34.34426229508197,32.34754098360656,7.9,132.0,16.1,70.0
61963,449,19.49433962264151,33.26229508196722,31.52786885245901,8.5,142.0,17.7,66.0
62863,449,19.3483870967742,31.911764705882355,30.85147058823529,8.5,142.0,17.7,66.0
63763,449,19.17735849056604,31.04615384615385,29.950769230769232,8.5,142.0,17.7,66.0
64663,449,18.98709677419355,28.343283582089555,27.402985074626866,8.5,142.0,17.7,66.0
65563,449,18.801470588235293,26.65384615384616,25.81384615384615,8.5,142.0,17.7,66.0
66463,449,18.62678571428572,32.401785714285715,28.917857142857144,8.5,142.0,17.7,66.0
67363,449,18.852631578947367,52.25,49.26739130434783,8.5,142.0,17.7,66.0
68263,449,19.445238095238096,53.69791666666666,51.13333333333333,8.5,142.0,17.7,66.0
69163,449,19.85833333333333,51.38461538461538,49.45384615384616,4.7,0.0,12.9,78.0
70063,449,20.05777777777778,50.75,48.36521739130435,4.7,0.0,12.9,78.0
70963,449,20.17692307692308,50.95238095238095,48.85238095238096,4.7,0.0,12.9,78.0
71863,449,20.2,50.72641509433962,48.33773584905661,4.7,0.0,12.9,78.0
72763,449,20.2,52.427083333333336,49.97916666666667,4.7,0.0,12.9,78.0
73663,449,20.18260869565217,48.84146341463415,46.72682926829268,4.7,0.0,12.9,78.0
74563,449,20.145454545454548,52.27906976744187,49.25581395348837,4.7,0.0,12.9,78.0
75463,449,20.332608695652176,52.6195652173913,50.439130434782605,4.7,0.0,12.9,78.0
76363,449,20.490243902439023,51.970000000000006,49.92,4.5,0.0,12.9,79.0
77263,449,20.70757575757576,46.40298507462687,42.961194029850745,4.3,0.0,14.5,79.0
78163,449,21.222857142857144,33.42307692307692,31.49230769230769,4.3,0.0,14.5,79.0
79063,449,20.861764705882354,25.52272727272728,23.154545454545453,4.3,0.0,14.5,78.0
79963,449,20.438805970149254,21.953125,20.4765625,4.4,0.0,16.1,78.0
80863,449,19.99253731343284,20.041666666666664,18.8542372881356,4.0,0.0,12.9,80.0
81763,449,19.5609375,18.72388059701493,17.79402985074627,3.8,0.0,14.5,80.0
82663,449,19.16031746031746,17.826086956521742,17.121739130434783,3.7,0.0,12.9,82.0
83563,449,18.82575757575757,17.284615384615385,16.572307692307692,3.7,0.0,12.9,83.0
84463,449,18.51549295774648,16.8359375,16.121875,3.7,0.0,12.9,82.0
85363,449,18.283076923076923,16.5,15.82089552238806,3.7,0.0,12.9,82.0
86263,449,18.087692307692308,16.224637681159418,15.5,3.6,0.0,14.5,82.0
763,450,17.91846153846154,16.0,15.315151515151516,3.5,0.0,14.5,83.0
1663,450,17.77230769230769,16.0,15.201492537313433,3.2,0.0,11.3,84.0
2563,450,17.653030303030302,15.969230769230768,15.0,3.1,0.0,8.0,84.0
3463,450,17.546268656716418,15.53125,15.0,2.9,0.0,9.7,84.0
4363,450,17.44923076923077,15.5,14.836363636363638,2.8,0.0,9.7,84.0
5263,450,17.359016393442623,15.5,14.8,2.7,0.0,11.3,85.0
6163,450,17.280597014925373,15.5,14.8,2.6,0.0,8.0,85.0
7063,450,17.2,15.5,14.634328358208956,2.6,0.0,11.3,85.0
7963,450,17.11451612903226,15.5,14.5,2.6,0.0,11.3,85.0
8863,450,17.036764705882355,15.5,14.5,2.5,0.0,11.3,86.0
9763,450,16.9703125,15.18939393939394,14.5,2.4,0.0,11.3,86.0
10663,450,16.9,15.0,14.5,2.3,0.0,11.3,86.0
11563,450,16.8375,15.0,14.357534246575344,2.2,0.0,8.0,87.0
12463,450,16.8,15.0,14.3,2.2,0.0,11.3,88.0
13363,450,16.709230769230768,15.0,14.3,2.2,0.0,11.3,87.0
14263,450,16.656451612903226,15.0,14.3,2.2,0.0,9.7,87.0
15163,450,16.6,15.0,14.286363636363635,2.2,0.0,11.3,88.0
16063,450,16.554545454545455,29.9,24.961666666666662,2.3,0.0,11.3,87.0
16963,450,16.916666666666664,47.095238095238095,45.28095238095238,2.2,0.0,9.7,88.0
17863,450,17.363076923076925,47.78813559322034,45.15762711864407,2.2,0.0,11.3,88.0
18763,450,17.78181818181818,47.51470588235294,45.483823529411765,2.2,0.0,11.3,88.0
19663,450,18.068253968253966,37.23943661971831,35.11408450704225,2.1,0.0,11.3,89.0
20563,450,18.1953125,35.49166666666667,33.913333333333334,2.1,0.0,11.3,89.0
21463,450,18.1390625,33.44117647058824,32.17647058823529,1.9,0.0,11.3,89.0
22363,450,18.16060606060606,35.33333333333333,30.666666666666668,1.9,0.0,12.9,89.0
23263,450,18.2,29.87121212121212,28.50151515151515,1.9,0.0,11.3,89.0
24163,450,18.1,26.919117647058822,25.86911764705882,2.0,0.0,11.3,89.0
25063,450,18.05344827586207,28.53125,26.2015625,2.0,0.0,12.9,90.0
25963,450,18.0,26.20769230769231,23.486153846153847,2.0,7.0,12.9,90.0
26863,450,17.987692307692306,21.1953125,19.2703125,1.9,12.0,9.7,89.0
27763,450,17.874193548387098,18.890625,17.746875,2.0,16.0,11.3,89.0
28663,450,17.758928571428573,17.691176470588236,16.939705882352943,2.1,19.0,8.0,89.0
29563,450,17.643076923076926,16.992307692307694,16.404615384615386,2.2,21.0,9.7,89.0
30463,450,17.53939393939394,16.5,16.05079365079365,2.6,26.0,11.3,89.0
31363,450,17.423809523809524,16.28030303030303,15.806060606060608,3.5,206.0,9.7,88.0
32263,450,17.37313432835821,16.0,15.540909090909093,3.9,230.0,12.9,86.0
33163,450,17.3,16.0,15.47101449275362,4.1,253.0,11.3,84.0
34063,450,17.3,16.0,15.3,4.4,301.0,12.9,82.0
34963,450,17.224590163934426,15.610294117647058,15.3,4.4,320.0,12.9,81.0
35863,450,17.2,15.5,15.2109375,4.8,367.0,12.9,80.0
36763,450,17.2,15.5,15.0,4.9,387.0,12.9,80.0
37663,450,17.1125,15.5,15.0,4.9,47.0,14.5,80.0
38563,450,17.1,15.5,15.0,5.4,450.0,12.9,80.0
39463,450,17.1,15.5,15.0,6.0,513.0,12.9,78.0
40363,450,17.01818181818182,15.5,15.0,6.2,520.0,12.9,78.0
41263,450,17.0,15.5,14.891176470588237,6.8,547.0,12.9,76.0
42163,450,16.930882352941175,15.5,14.8,7.2,554.0,9.7,75.0
43063,450,16.9,15.5,14.8,7.4,123.0,12.9,69.0
43963,450,16.9,15.5,14.8,7.4,258.0,14.5,66.0
44863,450,16.804761904761904,15.5,14.8,7.1,204.0,9.7,65.0
45763,450,16.8,15.5,14.8,6.8,234.0,11.3,65.0
46663,450,16.8,15.372727272727271,14.794545454545451,7.8,271.0,8.0,59.0
47563,450,16.758823529411764,15.034246575342465,14.532876712328768,7.5,267.0,9.7,60.0
48463,450,16.7,15.0,14.5,8.2,343.0,11.3,57.0
49363,450,16.7,15.0,14.5,8.4,561.0,12.9,53.0
50263,450,16.625,15.0,14.5,8.5,244.0,11.3,53.0
51163,450,16.6,15.0,14.5,7.5,225.0,12.9,58.0
52063,450,16.6,15.0,14.5,8.3,221.0,8.0,56.0
52963,450,16.56885245901639,15.007575757575756,14.50909090909091,8.2,311.0,11.3,55.0
53863,450,16.5,15.40151515151515,14.745454545454546,7.9,211.0,11.3,56.0
54763,450,16.5,15.0,14.5,7.9,195.0,11.3,58.0
55663,450,16.524590163934427,28.28787878787879,23.3530303030303,8.2,232.0,8.0,58.0
56563,450,17.211428571428574,48.14754098360656,45.45737704918032,8.0,218.0,9.7,55.0
57463,450,18.017910447761192,43.72307692307693,41.53384615384616,8.1,199.0,8.0,53.0
58363,450,18.7044776119403,48.68181818181818,45.33030303030303,8.3,176.0,8.0,54.0
59263,450,19.1890625,37.207142857142856,35.098571428571425,8.6,297.0,8.0,55.0
60163,450,19.25522388059701,33.44366197183099,31.67042253521127,9.2,403.0,8.0,52.0
61063,450,19.041935483870965,30.88095238095238,29.51428571428572,8.7,156.0,6.4,54.0
61963,450,18.745283018867926,28.68181818181818,26.64090909090909,8.7,98.0,8.0,53.0
62863,450,18.4734375,28.310606060606062,26.96060606060606,8.6,132.0,8.0,54.0
63763,450,18.21384615384616,27.15942028985508,25.84492753623188,8.6,93.0,6.4,55.0
64663,450,18.004615384615384,25.666666666666668,24.596666666666668,8.6,100.0,4.8,57.0
65563,450,17.83283582089552,25.18840579710145,24.08985507246377,8.4,76.0,6.4,59.0
66463,450,17.696875,24.611940298507463,23.611940298507463,8.2,33.0,4.8,61.0
67363,450,17.5875,24.65671641791045,23.592537313432835,8.1,23.0,6.4,62.0
68263,450,17.5,24.418032786885245,23.45737704918033,7.7,11.0,6.4,65.0
69163,450,17.43582089552239,25.38235294117647,24.075,7.4,7.0,9.7,69.0
70063,450,17.4,24.81159420289855,23.928985507246377,7.2,0.0,11.3,72.0
70963,450,17.39516129032258,25.56060606060606,24.21969696969697,7.0,0.0,11.3,74.0
71863,450,17.3,25.746153846153845,24.68,6.6,0.0,12.9,75.0
72763,450,17.3,26.084615384615383,24.75076923076923,6.4,0.0,12.9,77.0
73663,450,17.3,25.61940298507463,24.588059701492536,6.0,0.0,12.9,76.0
74563,450,17.3,26.130769230769232,23.986153846153847,5.9,0.0,11.3,76.0
75463,450,17.361016949152543,31.6484375,29.5046875,5.4,0.0,12.9,79.0
76363,450,17.59016393442623,37.54032258064516,34.56612903225807,5.3,0.0,11.3,79.0
77263,450,17.82033898305085,33.17424242424242,30.943939393939395,5.2,0.0,11.3,78.0
78163,450,17.85,25.5,23.08208955223881,5.2,0.0,14.5,76.0
79063,450,17.760655737704916,22.096774193548388,21.96290322580645,4.9,0.0,12.9,78.0
79963,450,17.609375,19.67692307692308,19.127692307692307,4.8,0.0,11.3,78.0
80863,450,17.445454545454545,17.865671641791046,17.1044776119403,4.7,0.0,12.9,78.0
81763,450,17.28181818181818,16.94776119402985,16.274626865671642,4.8,0.0,14.5,78.0
82663,450,17.1453125,16.492424242424242,15.872727272727271,4.7,0.0,14.5,78.0
83563,450,17.015625,16.007692307692306,15.51846153846154,4.7,0.0,16.1,78.0
84463,450,16.9015625,16.0,15.329850746268656,4.6,0.0,19.3,78.0
85363,450,16.807692307692307,15.7265625,15.2015625,4.4,0.0,16.1,79.0
86263,450,16.746268656716417,15.5,15.0,4.1,0.0,8.0,81.0
763,451,16.672727272727272,15.5,15.0,4.0,0.0,6.4,82.0
1663,451,16.6,15.5,14.830555555555554,4.1,0.0,4.8,83.0
2563,451,16.540625,15.5,14.8,4.1,0.0,4.8,84.0
3463,451,16.5,15.5,14.8,4.5,0.0,3.2,84.0
4363,451,16.444117647058825,15.447761194029852,14.8,4.7,0.0,1.6,83.0
5263,451,16.4,15.08450704225352,14.542253521126762,4.9,0.0,6.4,84.0
6163,451,16.343939393939394,15.0,14.5,5.1,0.0,11.3,86.0
7063,451,16.3,15.0,14.5,4.7,0.0,14.5,90.0
7963,451,,,,4.5,0.0,14.5,91.0
8863,451,,,,4.4,0.0,19.3,91.0
9763,451,,,,4.4,0.0,20.9,92.0
10663,451,,,,4.2,0.0,22.5,93.0
11563,451,,,,4.2,0.0,24.1,92.0
12463,451,,,,4.2,0.0,17.7,93.0
13363,451,,,,4.1,0.0,16.1,93.0
14263,451,16.0,15.0,14.2875,3.9,0.0,12.9,94.0
15163,451,15.954716981132076,14.977272727272728,14.154545454545453,3.8,0.0,16.1,94.0
16063,451,15.916666666666666,27.78787878787879,22.66818181818181,3.4,0.0,16.1,94.0
16963,451,16.568656716417912,46.78030303030303,44.72575757575758,3.3,0.0,14.5,94.0
17863,451,17.29705882352941,49.84126984126984,46.08095238095238,3.4,0.0,20.9,94.0
18763,451,17.951724137931034,47.37301587301587,43.33968253968254,3.3,0.0,19.3,94.0
19663,451,18.324242424242424,39.72307692307693,37.33846153846154,3.4,0.0,20.9,94.0
20563,451,18.4,37.25,35.159375,3.6,0.0,20.9,94.0
21463,451,18.34354838709677,33.13636363636364,31.389393939393937,3.9,0.0,22.5,94.0
22363,451,18.184375,31.09375,29.4765625,4.1,0.0,20.9,94.0
23263,451,18.00294117647059,27.390625,26.5515625,4.3,0.0,17.7,94.0
24163,451,17.792424242424243,25.70769230769231,24.661538461538463,4.3,0.0,17.7,94.0
25063,451,17.604615384615386,26.909090909090907,24.98333333333333,4.4,0.0,14.5,94.0
25963,451,17.5,32.05147058823529,29.31764705882353,4.4,0.0,14.5,95.0
26863,451,17.5,30.00769230769231,27.10615384615385,4.4,0.0,16.1,95.0
27763,451,17.45151515151515,22.61904761904762,20.266666666666666,4.5,11.0,16.1,95.0
28663,451,17.336363636363636,19.455882352941178,18.044117647058822,4.6,14.0,11.3,96.0
29563,451,17.174193548387098,17.813432835820898,16.934328358208955,4.8,19.0,14.5,96.0
30463,451,16.997014925373133,16.847826086956523,16.279710144927538,5.0,30.0,11.3,95.0
31363,451,16.844927536231886,16.32857142857143,15.862857142857145,5.1,47.0,14.5,95.0
32263,451,16.71791044776119,16.0,15.47910447761194,5.3,105.0,12.9,96.0
33163,451,16.595454545454547,15.683823529411764,15.3,5.6,84.0,11.3,96.0
34063,451,16.5,15.5,15.054545454545451,5.7,65.0,11.3,95.0
34963,451,16.426153846153845,15.5,14.9887323943662,5.9,65.0,9.7,95.0
35863,451,16.4,15.5,14.8,6.3,132.0,6.4,95.0
36763,451,16.3375,15.253968253968251,14.8,6.6,181.0,4.8,95.0
37663,451,16.3,15.0,14.8,7.5,199.0,9.7,93.0
38563,451,16.3,15.0,14.577272727272728,7.9,171.0,12.9,92.0
39463,451,16.3,15.0,14.5,8.3,206.0,11.3,92.0
40363,451,16.3,15.0,14.5,8.5,181.0,9.7,91.0
41263,451,16.243939393939392,15.0,14.5,9.1,464.0,14.5,90.0
42163,451,16.2,15.0,14.5,9.6,617.0,12.9,90.0
43063,451,16.2,15.0,14.496875,9.5,452.0,17.7,89.0
43963,451,16.2,15.0,14.357575757575756,9.5,401.0,17.7,87.0
44863,451,16.18688524590164,15.0,14.3,9.6,253.0,12.9,88.0
45763,451,16.1,15.0,14.3,9.3,211.0,16.1,86.0
46663,451,16.1,15.0,14.3,9.2,188.0,16.1,88.0
47563,451,16.1,15.0,14.3,8.9,160.0,16.1,90.0
48463,451,16.1,15.0,14.3,8.5,276.0,16.1,90.0
49363,451,16.08923076923077,14.9921875,14.3,8.9,336.0,16.1,88.0
50263,451,16.0,14.957627118644066,14.3,9.4,292.0,17.7,86.0
51163,451,16.0,14.61764705882353,14.13235294117647,9.1,287.0,20.9,86.0
52063,451,16.0,14.5,14.0,8.6,199.0,19.3,89.0
52963,451,15.929032258064517,14.5,14.0,8.3,193.0,22.5,89.0
53863,451,15.9,14.5,14.0,8.2,197.0,22.5,89.0
54763,451,15.9,14.5,14.0,8.2,109.0,20.9,89.0
55663,451,15.924615384615384,29.102941176470587,23.889705882352946,7.9,230.0,20.9,90.0
56563,451,16.642857142857142,44.05084745762712,42.883050847457625,8.1,193.0,22.5,86.0
57463,451,17.234920634920634,35.37301587301587,32.27777777777778,7.6,90.0,17.7,91.0
58363,451,17.9125,53.03787878787879,48.55757575757576,7.3,137.0,16.1,92.0
59263,451,18.758064516129032,46.01538461538461,42.88923076923077,7.6,111.0,17.7,88.0
60163,451,19.123076923076923,43.69285714285714,41.10714285714285,7.6,97.0,17.7,87.0
61063,451,19.2,38.15384615384615,36.07076923076923,7.3,72.0,20.9,87.0
61963,451,19.114754098360656,35.52985074626866,33.637313432835825,7.1,84.0,17.7,88.0
62863,451,18.913636363636364,32.1,30.63714285714285,7.1,139.0,19.3,87.0
63763,451,18.69122807017544,28.352459016393443,27.331147540983608,7.0,88.0,19.3,85.0
64663,451,18.44558823529412,25.53125,24.7125,6.9,44.0,16.1,86.0
65563,451,18.235849056603776,38.49056603773585,33.347169811320754,6.7,65.0,14.5,87.0
66463,451,18.628571428571423,52.325,49.0325,6.5,19.0,16.1,86.0
67363,451,19.174358974358974,53.65,50.8475,6.3,32.0,14.5,86.0
68263,451,19.515625,52.17647058823529,49.64705882352941,6.2,11.0,19.3,85.0
69163,451,19.77111111111111,51.095238095238095,48.75,6.1,7.0,17.7,86.0
70063,451,19.84468085106383,52.28723404255319,49.297872340425535,5.8,0.0,19.3,85.0
70963,451,19.806,49.78260869565217,47.44565217391305,5.6,0.0,20.9,86.0
71863,451,19.7,51.95348837209302,49.09069767441861,5.4,0.0,16.1,86.0
72763,451,19.60731707317073,50.70588235294117,48.00196078431373,5.3,0.0,16.1,87.0
73663,451,19.68260869565217,53.6219512195122,50.15609756097561,5.2,0.0,16.1,87.0
74563,451,19.9175,53.225,50.1,5.1,0.0,12.9,88.0
75463,451,20.10697674418605,52.906976744186046,49.74418604651163,5.0,0.0,14.5,87.0
76363,451,20.2,51.81521739130435,48.391304347826086,4.9,0.0,14.5,87.0
77263,451,20.17073170731708,46.67708333333333,44.21875,4.8,0.0,14.5,88.0
78163,451,19.960344827586205,33.16666666666667,30.23859649122808,4.7,0.0,14.5,88.0
79063,451,19.648,26.27906976744186,23.78372093023256,4.3,0.0,14.5,88.0
79963,451,19.27647058823529,22.0,20.17692307692308,4.1,0.0,12.9,89.0
80863,451,18.9,20.14,19.94,4.0,0.0,16.1,88.0
81763,451,18.624615384615385,19.23529411764705,19.24705882352941,3.9,0.0,16.1,89.0
82663,451,18.35,17.8955223880597,17.171641791044777,3.8,0.0,17.7,89.0
83563,451,18.09090909090909,17.10483870967742,16.398387096774194,3.9,0.0,17.7,89.0
84463,451,17.86,16.609375,15.9734375,3.9,0.0,16.1,88.0
85363,451,17.65223880597015,16.484615384615385,15.758461538461535,3.8,0.0,20.9,89.0
86263,451,17.486567164179103,16.007575757575758,15.5,3.7,0.0,20.9,88.0
763,452,17.347692307692306,16.0,15.331428571428573,3.6,0.0,17.7,88.0
1663,452,17.23030303030303,16.0,15.3,3.5,0.0,20.9,89.0
2563,452,17.122388059701493,15.85,15.038571428571426,3.6,0.0,19.3,89.0
3463,452,17.013846153846153,15.5,15.0,3.7,0.0,17.7,89.0
4363,452,16.912307692307692,15.5,14.984126984126984,3.6,0.0,16.1,89.0
5263,452,16.836507936507935,15.5,14.80597014925373,3.6,0.0,12.9,89.0
6163,452,16.77910447761194,15.5,14.8,3.5,0.0,11.3,90.0
7063,452,16.7,15.5,14.8,3.3,0.0,14.5,91.0
7963,452,,,,3.3,0.0,14.5,91.0
8863,452,,,,3.3,0.0,16.1,91.0
9763,452,,,,3.2,0.0,16.1,91.0
10663,452,16.41864406779661,15.0,14.5,3.1,0.0,20.9,91.0
11563,452,16.4,15.0,14.487692307692308,3.1,0.0,19.3,92.0
12463,452,16.306060606060605,15.0,14.31639344262295,3.2,0.0,19.3,91.0
13363,452,16.26969696969697,15.0,14.3,3.1,0.0,19.3,91.0
14263,452,16.2,15.0,14.3,3.1,0.0,19.3,90.0
15163,452,16.1765625,15.0,14.3,2.9,0.0,17.7,90.0
16063,452,16.131746031746033,29.293650793650794,24.21269841269841,2.9,0.0,19.3,89.0
16963,452,16.83968253968254,47.82352941176471,45.313235294117646,2.9,0.0,16.1,90.0
17863,452,17.6078125,47.22727272727273,44.57121212121212,2.8,0.0,16.1,90.0
18763,452,18.26206896551724,49.07971014492754,46.48550724637681,2.7,0.0,12.9,91.0
19663,452,18.642424242424244,39.640625,37.3609375,2.6,0.0,16.1,91.0
20563,452,18.7,38.52272727272727,36.53787878787879,2.6,0.0,17.7,90.0
21463,452,18.647692307692303,33.64179104477612,32.123880597014924,2.4,0.0,16.1,91.0
22363,452,18.53333333333333,31.34375,29.8546875,2.5,0.0,16.1,91.0
23263,452,18.347692307692306,29.38636363636364,28.21212121212121,2.7,0.0,20.9,91.0
24163,452,18.10289855072464,26.2421875,25.0453125,2.7,0.0,19.3,90.0
25063,452,17.84375,25.338461538461537,23.77076923076923,2.8,0.0,19.3,91.0
25963,452,17.644776119402984,29.02238805970149,26.426865671641792,2.7,9.0,17.7,91.0
26863,452,17.534920634920635,27.411764705882355,24.6,2.7,28.0,16.1,91.0
27763,452,17.465714285714284,20.95652173913044,18.75797101449276,2.8,32.0,17.7,91.0
28663,452,17.343076923076925,18.3671875,16.959375,3.1,51.0,14.5,90.0
29563,452,17.215942028985506,17.09558823529412,16.11911764705882,3.1,63.0,14.5,90.0
30463,452,17.081818181818182,16.37313432835821,15.62089552238806,3.3,107.0,16.1,90.0
31363,452,16.99076923076923,16.0,15.323529411764708,3.4,171.0,16.1,89.0
32263,452,16.9,15.615384615384617,15.004615384615386,3.6,100.0,19.3,88.0
33163,452,16.803030303030305,15.5,14.853968253968253,3.7,95.0,16.1,88.0
34063,452,16.730882352941176,15.5,14.8,3.8,151.0,19.3,88.0
34963,452,16.666176470588233,15.246153846153844,14.555384615384616,3.9,142.0,17.7,88.0
35863,452,16.6,15.0,14.5,4.4,197.0,16.1,86.0
36763,452,16.560344827586206,15.0,14.5,4.6,163.0,16.1,85.0
37663,452,16.5,15.0,14.34126984126984,4.6,200.0,16.1,84.0
38563,452,16.5,15.0,14.3,5.1,265.0,17.7,85.0
39463,452,16.444776119402984,15.0,14.3,6.3,464.0,17.7,79.0
40363,452,16.4,15.0,14.3,6.3,497.0,17.7,78.0
41263,452,16.396610169491527,15.0,14.3,6.2,366.0,16.1,78.0
42163,452,16.3,15.0,14.234375,6.6,468.0,14.5,78.0
43063,452,16.3,15.0,14.009375,6.8,527.0,14.5,74.0
43963,452,16.247692307692308,14.946969696969695,14.0,6.7,418.0,16.1,73.0
44863,452,16.2,14.71875,14.0,6.3,276.0,16.1,74.0
45763,452,16.2,14.5,14.0,6.7,403.0,16.1,75.0
46663,452,16.2,14.5,14.0,7.3,508.0,16.1,71.0
47563,452,16.159016393442624,14.5,14.0,6.8,380.0,16.1,72.0
48463,452,16.1,14.5,14.0,7.1,373.0,14.5,71.0
49363,452,16.09848484848485,14.5,13.993846153846151,6.8,404.0,16.1,73.0
50263,452,16.0,14.5,13.852307692307694,7.3,545.0,14.5,71.0
51163,452,15.975384615384616,14.5,13.8,7.8,636.0,14.5,70.0
52063,452,15.9,14.5,13.8,8.2,610.0,17.7,67.0
52963,452,15.9,14.5,13.8,8.6,693.0,16.1,65.0
53863,452,15.831372549019608,14.5,13.8,8.1,243.0,12.9,65.0
54763,452,15.8,14.5,13.8,6.4,77.0,14.5,76.0
55663,452,15.831884057971015,30.05223880597015,24.438805970149254,4.4,25.0,9.7,83.0
56563,452,16.47692307692308,43.60344827586207,41.68620689655173,4.1,125.0,6.4,86.0
57463,452,17.035087719298247,36.72641509433962,32.79433962264151,5.0,139.0,3.2,88.0
58363,452,17.569117647058825,51.453125,46.9109375,6.4,160.0,14.5,79.0
59263,452,18.17878787878788,45.6484375,42.240625,7.2,432.0,14.5,77.0
60163,452,18.49473684210526,43.99152542372882,40.715254237288136,7.2,399.0,14.5,73.0
61063,452,18.695744680851064,41.297872340425535,38.270212765957446,6.9,91.0,14.5,72.0
61963,452,18.8,38.25,35.43103448275862,6.8,76.0,14.5,70.0
62863,452,18.7089552238806,34.54615384615384,32.23692307692308,6.7,160.0,14.5,69.0
63763,452,18.53333333333333,32.24590163934426,30.41639344262295,6.9,91.0,16.1,67.0
64663,452,18.283870967741937,28.16393442622951,26.901639344262293,5.9,93.0,12.9,78.0
65563,452,18.008450704225353,27.701612903225804,26.087096774193547,5.6,51.0,14.5,79.0
66463,452,17.77846153846154,27.37692307692308,25.98,5.3,46.0,12.9,81.0
67363,452,17.62537313432836,28.361538461538466,26.77846153846154,5.2,47.0,11.3,81.0
68263,452,17.46818181818182,26.73880597014925,25.52537313432836,5.1,35.0,8.0,83.0
69163,452,17.404761904761905,30.014925373134325,27.813432835820898,5.1,25.0,6.4,83.0
70063,452,17.516923076923078,31.2421875,29.3546875,4.7,7.0,12.9,79.0
70963,452,17.65535714285714,35.30357142857143,32.45892857142857,4.3,0.0,11.3,82.0
71863,452,17.85333333333333,34.628571428571426,32.768571428571434,3.5,0.0,9.7,84.0
72763,452,18.001785714285713,37.05128205128205,34.264102564102565,3.4,0.0,11.3,84.0
73663,452,18.1,34.98780487804878,32.88536585365854,3.2,0.0,12.9,85.0
74563,452,18.17826086956521,34.36,32.07,3.3,0.0,11.3,85.0
75463,452,18.179166666666667,30.938775510204085,29.242857142857144,3.0,0.0,11.3,86.0
76363,452,18.07049180327869,30.524193548387096,28.872580645161293,3.0,0.0,11.3,86.0
77263,452,17.954545454545453,30.35185185185185,29.018518518518515,2.9,0.0,12.9,86.0
78163,452,17.841666666666665,25.51086956521739,22.919565217391305,2.9,0.0,11.3,87.0
79063,452,17.691666666666666,20.8,18.776,2.8,0.0,11.3,88.0
79963,452,17.473584905660378,18.38043478260869,17.054347826086957,2.9,0.0,12.9,88.0
80863,452,17.279032258064515,17.186567164179102,16.267164179104476,2.9,0.0,11.3,88.0
81763,452,17.21014492753623,17.463235294117645,17.90735294117647,2.9,0.0,9.7,88.0
82663,452,18.6936507936508,17.97692307692308,18.884615384615383,2.7,0.0,6.4,88.0
83563,452,18.159375,17.171641791044777,16.95671641791045,2.8,0.0,9.7,87.0
84463,452,17.613114754098362,16.412280701754387,15.87719298245614,2.7,0.0,8.0,86.0
85363,452,17.093939393939394,16.0,15.386956521739132,2.8,0.0,9.7,87.0
86263,452,16.760294117647057,15.53968253968254,15.052380952380952,2.8,0.0,9.7,87.0
763,453,16.59848484848485,15.5,14.827692307692308,2.7,0.0,8.0,87.0
1663,453,16.464615384615385,15.242424242424244,14.61818181818182,2.7,0.0,11.3,85.0
2563,453,16.35076923076923,15.0,14.5,2.7,0.0,6.4,84.0
3463,453,16.230882352941176,15.0,14.326470588235292,2.6,0.0,8.0,85.0
4363,453,16.142857142857142,15.0,14.3,2.4,0.0,8.0,85.0
5263,453,16.046153846153846,15.0,14.23181818181818,2.4,0.0,6.4,86.0
6163,453,15.964285714285714,14.653846153846157,14.0,2.2,0.0,8.0,86.0
7063,453,15.9,14.5,14.0,2.2,0.0,8.0,87.0
7963,453,,,,2.1,0.0,8.0,87.0
8863,453,,,,2.2,0.0,8.0,87.0
9763,453,,,,2.2,0.0,8.0,87.0
10663,453,15.7,14.5,13.847272727272728,2.3,0.0,6.4,87.0
11563,453,15.7,14.5,13.8,2.2,0.0,4.8,87.0
12463,453,15.7,14.5,13.8,1.2,0.0,3.2,88.0
13363,453,15.7,14.5,13.786363636363635,0.8,0.0,3.2,88.0
14263,453,15.607352941176469,14.5,13.541538461538462,0.4,0.0,0.0,90.0
15163,453,15.6,14.4921875,13.5,0.3,0.0,0.0,90.0
16063,453,15.58095238095238,28.5,23.330303030303032,0.1,0.0,0.0,91.0
16963,453,15.956060606060609,51.609375,47.5203125,-0.1,0.0,0.0,91.0
17863,453,16.628358208955223,51.91304347826088,48.14347826086957,-0.5,0.0,0.0,92.0
18763,453,17.29090909090909,45.68461538461538,42.683076923076925,-0.3,0.0,0.0,93.0
19663,453,17.572307692307692,38.746153846153845,35.81076923076923,-0.6,0.0,1.6,93.0
20563,453,17.6,37.83582089552239,34.64179104477612,-0.6,0.0,0.0,93.0
21463,453,17.54179104477612,33.31818181818182,30.92727272727273,-0.6,0.0,1.6,93.0
22363,453,17.4,31.80882352941176,29.69117647058824,-0.7,0.0,0.0,93.0
23263,453,17.243548387096773,29.96825396825397,27.85396825396825,-1.0,0.0,0.0,93.0
24163,453,17.1640625,26.35606060606061,25.29848484848485,-1.1,0.0,0.0,93.0
25063,453,17.070967741935483,31.40625,28.08125,-1.2,7.0,0.0,94.0
25963,453,17.036764705882355,36.2578125,33.865625,-1.2,12.0,0.0,94.0
26863,453,17.14558823529412,37.51538461538461,34.85384615384616,-0.8,23.0,0.0,95.0
27763,453,17.23709677419355,36.65942028985508,33.698550724637684,-0.5,28.0,1.6,95.0
28663,453,17.3,26.427419354838708,23.15806451612904,-0.4,40.0,1.6,95.0
29563,453,17.3,21.195652173913043,19.17826086956521,-0.2,44.0,3.2,95.0
30463,453,17.2296875,18.65833333333333,17.47833333333333,1.1,44.0,4.8,94.0
31363,453,17.06875,17.325757575757574,16.592424242424244,1.2,127.0,3.2,93.0
32263,453,16.888059701492537,16.565217391304348,15.985507246376812,3.4,239.0,4.8,87.0
33163,453,16.74848484848485,16.0,15.498461538461536,4.0,262.0,8.0,82.0
34063,453,16.616417910447762,15.5625,15.1640625,4.3,316.0,6.4,80.0
34963,453,16.51846153846154,15.5,14.919999999999998,4.5,346.0,8.0,80.0
35863,453,16.463076923076922,15.086538461538462,14.776923076923078,5.0,392.0,8.0,80.0
36763,453,16.4,15.0,14.5,5.0,411.0,8.0,79.0
37663,453,16.31875,15.0,14.472727272727273,5.3,62.0,9.7,79.0
38563,453,16.3,15.0,14.308955223880597,5.2,475.0,11.3,80.0
39463,453,16.20597014925373,15.0,14.3,6.1,519.0,9.7,77.0
40363,453,16.2,14.742424242424244,14.3,6.1,524.0,11.3,78.0
41263,453,16.110294117647058,14.5,14.1,6.5,336.0,12.9,76.0
42163,453,16.1,14.5,14.0,6.5,582.0,11.3,78.0
43063,453,16.016923076923078,14.5,14.0,6.1,578.0,12.9,81.0
43963,453,16.0,14.5,14.0,6.3,510.0,12.9,82.0
44863,453,15.9109375,14.5,14.0,6.9,617.0,14.5,80.0
45763,453,15.9,14.5,13.996610169491529,7.1,703.0,12.9,80.0
46663,453,15.806349206349209,14.5,13.88955223880597,7.0,652.0,14.5,78.0
47563,453,15.8,14.5,13.8,7.2,671.0,12.9,79.0
48463,453,15.8,14.5,13.8,6.9,134.0,12.9,81.0
49363,453,15.716923076923075,14.5,13.8,6.1,114.0,14.5,82.0
50263,453,15.7,14.5,13.8,6.5,142.0,12.9,81.0
51163,453,15.7,14.5,13.8,6.2,139.0,11.3,82.0
52063,453,15.61846153846154,14.5,13.8,6.7,148.0,16.1,78.0
52963,453,15.6,14.5,13.8,7.0,107.0,17.7,77.0
53863,453,15.6,14.492537313432836,13.8,7.1,239.0,17.7,81.0
54763,453,15.54848484848485,14.36764705882353,13.72058823529412,6.8,392.0,17.7,80.0
55663,453,15.52153846153846,29.234848484848488,23.87727272727273,6.4,116.0,17.7,79.0
56563,453,15.87,39.875,37.8015625,6.2,123.0,17.7,78.0
57463,453,16.3125,50.47826086956522,46.66666666666667,6.4,399.0,19.3,79.0
58363,453,16.953225806451613,45.69402985074627,42.51343283582089,6.4,487.0,16.1,79.0
59263,453,17.195081967213117,39.420634920634924,36.67777777777778,6.1,118.0,17.7,78.0
60163,453,17.33684210526316,42.03787878787879,39.4969696969697,5.8,128.0,17.7,77.0
61063,453,,40.0,38.65,5.4,63.0,19.3,77.0
61963,453,,,,5.3,116.0,14.5,78.0
62863,453,,,,5.2,51.0,17.7,81.0
63763,453,,,,5.1,54.0,14.5,81.0
64663,453,,,,4.9,86.0,14.5,82.0
65563,453,,,,4.8,86.0,14.5,81.0
66463,453,,,,4.4,56.0,16.1,83.0
67363,453,,,,4.4,62.0,17.7,85.0
68263,453,16.9,30.848837209302324,29.193023255813955,4.1,33.0,16.1,85.0
69163,453,16.9,31.78787878787879,29.78181818181818,3.9,14.0,14.5,85.0
70063,453,16.9,30.40579710144928,29.15507246376812,3.7,0.0,16.1,86.0
70963,453,16.931746031746034,33.65625,31.2921875,3.7,0.0,12.9,87.0
71863,453,17.27846153846154,37.535714285714285,36.88285714285714,3.5,0.0,12.9,86.0
72763,453,17.69848484848485,42.85606060606061,42.02727272727272,3.5,0.0,12.9,85.0
73663,453,18.1,41.00757575757576,40.57424242424243,3.4,0.0,12.9,85.0
74563,453,18.29384615384616,41.86923076923077,40.566153846153846,3.2,0.0,14.5,85.0
75463,453,18.248529411764707,35.18939393939394,33.775757575757574,2.8,0.0,11.3,86.0
76363,453,18.03787878787879,30.85714285714285,29.395714285714284,2.8,0.0,9.7,87.0
77263,453,17.818333333333335,32.88805970149254,30.76119402985075,2.9,0.0,9.7,89.0
78163,453,17.654098360655738,27.54310344827586,24.51034482758621,2.9,0.0,9.7,89.0
79063,453,17.420895522388058,21.75757575757576,19.7939393939394,2.9,0.0,11.3,89.0
79963,453,17.18,18.960317460317462,17.788888888888888,2.9,0.0,9.7,90.0
80863,453,16.91044776119403,17.477941176470587,16.676470588235293,2.9,0.0,8.0,90.0
81763,453,16.747761194029852,17.47692307692308,18.17384615384616,2.9,0.0,8.0,90.0
82663,453,16.7,17.30597014925373,17.391044776119404,2.9,0.0,8.0,89.0
83563,453,16.60597014925373,16.316176470588236,15.788235294117646,2.8,0.0,9.7,89.0
84463,453,16.5231884057971,15.768115942028984,15.147826086956522,2.8,0.0,8.0,89.0
85363,453,16.433333333333334,15.5,14.872727272727271,2.8,0.0,9.7,90.0
86263,453,16.35076923076923,15.228571428571428,14.671428571428573,2.7,0.0,9.7,90.0
763,454,16.246774193548386,15.0,14.5,2.8,0.0,9.7,90.0
1663,454,16.1875,15.0,14.390625,2.6,0.0,12.9,89.0
2563,454,16.1,15.0,14.3,2.6,0.0,11.3,90.0
3463,454,16.02058823529412,15.0,14.3,2.2,0.0,9.7,91.0
4363,454,15.9640625,14.833333333333334,14.290909090909093,2.1,0.0,9.7,92.0
5263,454,15.9,14.5,14.0,1.9,0.0,9.7,92.0
6163,454,15.81904761904762,14.5,14.0,1.9,0.0,9.7,92.0
7063,454,15.8,14.5,14.0,1.8,0.0,8.0,92.0
7963,454,15.713846153846154,14.5,13.964179104477612,1.8,0.0,8.0,92.0
8863,454,15.7,14.5,13.811940298507462,1.7,0.0,9.7,92.0
9763,454,15.624615384615383,14.5,13.8,1.6,0.0,9.7,92.0
10663,454,15.6,14.5,13.8,1.8,0.0,9.7,91.0
11563,454,15.546478873239437,14.5,13.8,1.9,0.0,9.7,91.0
12463,454,15.5,14.5,13.8,2.0,0.0,9.7,92.0
13363,454,15.488235294117649,14.40151515151515,13.613636363636363,1.9,0.0,6.4,92.0
14263,454,15.4,14.007575757575756,13.5,1.8,0.0,6.4,92.0
15163,454,15.398550724637682,14.0,13.5,1.8,0.0,8.0,93.0
16063,454,15.327868852459016,28.863636363636363,23.73636363636364,1.8,0.0,8.0,93.0
16963,454,15.762295081967212,52.41935483870968,48.42741935483871,1.9,0.0,8.0,92.0
17863,454,16.379710144927536,45.75,43.00735294117647,1.9,0.0,8.0,93.0
18763,454,16.9828125,47.5,44.02575757575757,1.9,0.0,9.7,93.0
19663,454,17.334920634920636,39.4,36.598461538461535,2.0,0.0,9.7,93.0
20563,454,17.457575757575757,42.3828125,39.3171875,2.0,0.0,9.7,93.0
21463,454,17.5,39.78225806451613,37.56290322580645,1.9,0.0,9.7,93.0
22363,454,17.5734375,35.90714285714286,33.97428571428571,2.0,0.0,11.3,92.0
23263,454,18.5672131147541,31.36029411764706,28.71764705882353,2.3,0.0,9.7,92.0
24163,454,17.5296875,28.55,27.12,2.2,0.0,14.5,93.0
25063,454,16.802985074626868,25.99206349206349,24.23968253968254,2.2,0.0,9.7,94.0
25963,454,16.752307692307692,21.753846153846155,19.441538461538464,2.3,7.0,9.7,95.0
26863,454,16.58529411764706,18.661764705882355,17.188235294117646,2.4,11.0,9.7,95.0
27763,454,16.44,17.046153846153846,16.11076923076923,2.5,21.0,12.9,95.0
28663,454,16.25846153846154,16.16417910447761,15.437313432835822,2.7,23.0,11.3,95.0
29563,454,16.144615384615385,15.591666666666663,14.965,2.9,16.0,11.3,95.0
30463,454,16.03283582089552,15.178571428571429,14.65857142857143,3.2,40.0,14.5,95.0
31363,454,15.928571428571429,15.0,14.419402985074626,3.2,12.0,14.5,94.0
32263,454,15.83230769230769,14.886363636363637,14.286363636363635,3.3,21.0,12.9,94.0
33163,454,15.788059701492536,14.5,14.0046875,3.2,32.0,11.3,94.0
34063,454,15.7,14.5,14.0,3.1,62.0,16.1,93.0
34963,454,15.646774193548389,14.5,13.806153846153848,3.1,77.0,14.5,92.0
35863,454,15.6,14.5,13.8,3.3,72.0,17.7,91.0
36763,454,15.51846153846154,14.484375,13.790625,3.3,84.0,20.9,91.0
37663,454,15.496875,14.079710144927535,13.530434782608696,3.2,139.0,19.3,91.0
38563,454,15.4,14.0,13.5,3.3,83.0,14.5,91.0
39463,454,15.344615384615384,14.0,13.5,3.2,67.0,19.3,90.0
40363,454,15.3,14.0,13.475,3.2,65.0,17.7,91.0
41263,454,15.258208955223882,14.0,13.311940298507462,3.1,109.0,14.5,91.0
42163,454,15.2,14.0,13.3,2.9,105.0,17.7,91.0
43063,454,15.17941176470588,14.0,13.3,2.5,53.0,17.7,94.0
43963,454,15.1,14.0,13.3,2.3,63.0,20.9,94.0
44863,454,15.1,14.0,13.3,2.2,53.0,16.1,96.0
45763,454,15.1,14.0,13.3,2.3,51.0,16.1,96.0
46663,454,15.083076923076922,14.0,13.3,2.8,49.0,12.9,97.0
47563,454,15.0,14.0,13.3,3.1,76.0,12.9,97.0
48463,454,15.0,14.0,13.3,3.9,72.0,11.3,98.0
49363,454,15.0,14.0,13.2955223880597,3.9,37.0,9.7,98.0
50263,454,15.0,14.0,13.290163934426229,4.3,123.0,9.7,98.0
51163,454,14.973214285714286,13.825,13.05,4.6,83.0,12.9,97.0
52063,454,14.9,13.50793650793651,13.0,4.3,176.0,19.3,96.0
52963,454,14.9,13.5,13.0,4.1,58.0,19.3,95.0
53863,454,14.87878787878788,13.5,13.0,4.3,109.0,11.3,96.0
54763,454,14.8,13.5,13.0,4.1,127.0,19.3,94.0
55663,454,14.816363636363636,30.032258064516128,24.12741935483871,4.0,88.0,16.1,94.0
56563,454,15.2203125,51.36567164179105,47.88507462686567,3.8,104.0,16.1,95.0
57463,454,15.884126984126985,52.88888888888889,48.84761904761905,3.8,200.0,16.1,96.0
58363,454,16.530645161290323,45.131147540983605,42.006557377049184,3.7,63.0,14.5,96.0
59263,454,16.78709677419355,37.46212121212121,36.46969696969697,3.5,69.0,11.3,96.0
60163,454,16.908064516129034,41.0072463768116,38.879710144927536,3.3,49.0,12.9,96.0
61063,454,17.04705882352941,40.16417910447761,38.44328358208956,3.3,40.0,14.5,96.0
61963,454,17.196610169491528,41.12878787878788,39.5,3.4,37.0,16.1,96.0
62863,454,17.3,34.8984375,33.75,3.3,35.0,14.5,96.0
63763,454,17.3,37.37301587301587,35.5015873015873,3.3,40.0,12.9,96.0
64663,454,17.3,38.18939393939394,36.35151515151515,3.4,62.0,11.3,97.0
65563,454,17.3,40.9,38.832307692307694,3.5,67.0,11.3,96.0
66463,454,17.3890625,37.785714285714285,36.28857142857143,3.6,19.0,6.4,96.0
67363,454,17.4,41.85483870967742,39.45322580645161,3.6,12.0,6.4,96.0
68263,454,17.4,39.11594202898551,37.61594202898551,3.7,28.0,8.0,96.0
69163,454,17.378125,34.71969696969697,33.49393939393939,3.6,30.0,9.7,96.0
70063,454,17.25409836065574,29.796875,28.9703125,3.4,0.0,12.9,96.0
70963,454,17.025,28.1484375,27.078125,3.4,0.0,9.7,96.0
71863,454,16.9,27.35384615384616,26.55692307692308,3.2,0.0,11.3,96.0
72763,454,16.81,26.9609375,25.85625,3.1,0.0,11.3,96.0
73663,454,16.605,25.115942028985508,24.18260869565217,2.9,0.0,12.9,96.0
74563,454,16.438235294117646,25.330882352941178,23.87941176470588,2.9,0.0,12.9,96.0
75463,454,16.27846153846154,24.37692307692308,23.22923076923077,3.0,0.0,12.9,97.0
76363,454,16.249295774647887,41.078125,34.9375,2.9,0.0,12.9,97.0
77263,454,16.756060606060608,48.82835820895522,46.47611940298508,2.6,0.0,11.3,97.0
78163,454,17.136363636363637,35.20149253731343,35.42388059701493,2.7,0.0,12.9,97.0
79063,454,17.153623188405795,27.0234375,27.3484375,2.8,0.0,11.3,98.0
79963,454,16.957575757575757,22.46212121212121,22.28636363636364,2.8,0.0,11.3,98.0
80863,454,16.7359375,19.49264705882353,19.04558823529412,2.8,0.0,12.9,98.0
81763,454,16.516417910447764,17.669117647058822,17.111764705882354,2.9,0.0,11.3,98.0
82663,454,16.284375,16.514492753623188,15.944927536231884,3.2,0.0,12.9,98.0
83563,454,16.125806451612902,16.16949152542373,16.416949152542372,3.2,0.0,11.3,98.0
84463,454,17.1203125,16.943548387096776,17.94838709677419,2.9,0.0,14.5,98.0
85363,454,17.62258064516129,16.785714285714285,16.865714285714283,2.9,0.0,12.9,98.0
86263,454,17.093939393939394,15.98611111111111,15.469444444444443,3.1,0.0,12.9,98.0
763,455,16.615384615384617,15.45714285714286,14.81714285714286,3.1,0.0,12.9,98.0
1663,455,16.113636363636363,15.0,14.478125,3.1,0.0,12.9,98.0
2563,455,15.856923076923076,15.0,14.3,3.1,0.0,12.9,98.0
3463,455,15.744444444444444,14.623076923076924,14.138461538461538,3.1,0.0,12.9,98.0
4363,455,15.677611940298508,14.5,14.0,3.1,0.0,12.9,98.0
5263,455,15.6,14.5,13.913846153846157,3.1,0.0,12.9,98.0
6163,455,15.535384615384617,14.5,13.8,3.1,0.0,12.9,98.0
7063,455,15.5,14.5,13.8,3.1,0.0,12.9,98.0
7963,455,,,,3.1,0.0,12.9,98.0
8863,455,,,,3.1,0.0,12.9,98.0
9763,455,,,,3.1,0.0,12.9,98.0
10663,455,15.29074074074074,14.0,13.470909090909092,3.1,0.0,12.9,98.0
11563,455,15.2,14.0,13.31159420289855,3.1,0.0,12.9,98.0
12463,455,15.2,14.0,13.3,3.1,0.0,12.9,98.0
13363,455,15.101538461538462,14.0,13.3,3.1,0.0,12.9,98.0
14263,455,15.1,14.0,13.3,3.1,0.0,12.9,98.0
15163,455,15.013432835820897,14.0,13.290769230769232,3.1,0.0,12.9,98.0
16063,455,15.014925373134329,30.342857142857145,24.96,3.1,0.0,12.9,98.0
16963,455,15.421739130434782,50.83928571428572,47.496428571428574,3.1,0.0,12.9,98.0
17863,455,16.0875,50.66176470588236,47.96176470588235,3.1,0.0,12.9,98.0
18763,455,16.7375,43.507462686567166,40.95373134328359,3.1,0.0,12.9,98.0
19663,455,17.026153846153846,46.276119402985074,43.01044776119403,3.1,0.0,12.9,98.0
20563,455,17.25735294117647,49.3984375,46.2625,3.1,0.0,12.9,98.0
21463,455,17.39,46.261538461538464,43.86615384615384,3.1,0.0,12.9,98.0
22363,455,17.42923076923077,40.23943661971831,38.153521126760566,3.1,0.0,12.9,98.0
23263,455,17.3625,35.76865671641791,33.616417910447765,3.1,0.0,12.9,98.0
24163,455,17.225806451612904,33.93382352941176,32.08970588235294,3.1,0.0,12.9,98.0
25063,455,17.05593220338983,25.761538461538464,23.91230769230769,3.1,0.0,12.9,98.0
25963,455,16.832727272727272,21.65909090909091,21.60454545454545,3.1,0.0,12.9,98.0
26863,455,16.77391304347826,19.77692307692308,20.0,3.1,0.0,12.9,98.0
27763,455,16.6,18.284615384615385,18.17538461538461,3.1,0.0,12.9,98.0
28663,455,16.36875,17.022058823529413,16.655882352941177,3.1,0.0,12.9,98.0
29563,455,16.15820895522388,15.973684210526317,15.2140350877193,3.1,0.0,12.9,98.0
30463,455,15.983076923076922,15.338709677419354,14.640322580645162,3.1,0.0,12.9,98.0
31363,455,15.8390625,15.0,14.346875,3.1,0.0,12.9,98.0
32263,455,15.7046875,14.583333333333334,14.05,3.1,0.0,12.9,98.0
33163,455,15.592424242424244,14.5,13.87462686567164,3.1,0.0,12.9,98.0
34063,455,15.5,14.5,13.8,3.1,0.0,12.9,98.0
34963,455,15.417741935483871,14.301724137931036,13.66551724137931,3.1,0.0,12.9,98.0
35863,455,15.356060606060606,14.0,13.5,3.1,0.0,12.9,98.0
36763,455,15.3,14.0,13.5,3.1,0.0,12.9,98.0
37663,455,15.26060606060606,14.0,13.48181818181818,3.1,0.0,12.9,98.0
38563,455,15.2,14.0,13.30625,3.1,0.0,12.9,98.0
39463,455,15.11,14.0,13.3,3.1,0.0,12.9,98.0
40363,455,15.098412698412698,14.0,13.3,3.1,0.0,12.9,98.0
41263,455,15.001538461538464,14.0,13.3,3.1,0.0,12.9,98.0
42163,455,15.0,13.9921875,13.196875,3.1,0.0,12.9,98.0
43063,455,14.946969696969695,13.719696969696969,13.004545454545454,3.1,0.0,12.9,98.0
43963,455,14.9,13.5,13.0,3.1,0.0,12.9,98.0
44863,455,14.881967213114754,13.5,13.0,0.8,0.0,3.2,95.0
45763,455,14.8,13.5,13.0,0.8,0.0,3.2,95.0
46663,455,14.783333333333337,13.5,12.993939393939394,0.8,0.0,3.2,95.0
47563,455,14.7,13.5,12.885294117647058,0.8,0.0,3.2,95.0
48463,455,14.7,13.5,12.8,0.8,0.0,3.2,95.0
49363,455,14.63,13.5,12.8,0.8,0.0,3.2,95.0
50263,455,14.6,13.5,12.8,0.8,0.0,3.2,95.0
51163,455,14.565625,13.5,12.8,0.8,0.0,3.2,95.0
52063,455,14.5,13.5,12.8,0.8,0.0,3.2,95.0
52963,455,14.5,13.5,12.8,0.8,0.0,3.2,95.0
53863,455,14.428378378378378,13.5,12.795652173913044,0.8,0.0,3.2,95.0
54763,455,14.4,19.09848484848485,15.412121212121212,0.8,0.0,3.2,95.0
55663,455,14.50967741935484,47.572580645161295,42.54193548387097,0.8,0.0,3.2,95.0
56563,455,15.092857142857142,51.27692307692307,47.918461538461536,0.8,0.0,3.2,95.0
57463,455,15.727868852459016,51.49264705882352,47.83088235294117,0.8,0.0,3.2,95.0
58363,455,16.20441176470588,48.15441176470589,44.8,0.8,0.0,3.2,95.0
59263,455,16.553225806451614,44.785714285714285,41.36349206349207,0.8,0.0,3.2,95.0
60163,455,16.821666666666665,48.54761904761905,45.56825396825397,0.8,0.0,3.2,95.0
61063,455,16.983333333333334,41.2890625,39.325,0.8,0.0,3.2,95.0
61963,455,16.95925925925926,44.815384615384616,41.66461538461538,0.8,0.0,3.2,95.0
62863,455,17.166666666666664,46.53846153846153,42.61538461538461,0.8,0.0,3.2,95.0
63763,455,17.619999999999997,49.440677966101696,48.42542372881356,0.8,0.0,3.2,95.0
64663,455,17.975,49.95762711864407,49.64745762711864,0.8,0.0,3.2,95.0
65563,455,18.45,48.58163265306122,48.54897959183673,0.8,0.0,3.2,95.0
66463,455,18.66,50.09574468085106,49.38510638297872,0.8,0.0,3.2,95.0
67363,455,18.7,49.56382978723404,47.15106382978723,0.8,0.0,3.2,95.0
68263,455,18.7,49.15116279069768,46.44418604651163,0.8,0.0,3.2,95.0
69163,455,18.806666666666665,50.104651162790695,47.806976744186045,0.8,0.0,3.2,95.0
70063,455,18.829787234042552,32.76136363636364,31.254545454545458,0.8,0.0,3.2,95.0
70963,455,18.5925,29.163043478260867,28.267391304347825,0.8,0.0,3.2,95.0
71863,455,18.254838709677426,28.12244897959184,26.965306122448983,0.8,0.0,3.2,95.0
72763,455,17.858620689655172,26.82307692307692,25.67384615384616,0.8,0.0,3.2,95.0
73663,455,17.54328358208955,25.230158730158728,24.19206349206349,0.8,0.0,3.2,95.0
74563,455,17.269230769230766,24.875,23.594117647058823,0.8,0.0,3.2,95.0
75463,455,17.006060606060608,24.462686567164177,23.386567164179105,0.8,0.0,3.2,95.0
76363,455,16.783823529411766,25.9921875,23.7140625,0.8,0.0,3.2,95.0
77263,455,16.77846153846154,43.37878787878788,38.442424242424245,0.8,0.0,3.2,95.0
78163,455,17.152459016393443,30.53076923076923,30.443076923076923,0.8,0.0,3.2,95.0
79063,455,17.236206896551725,25.00757575757576,24.989393939393945,0.8,0.0,3.2,95.0
79963,455,17.052307692307693,20.888059701492537,19.83582089552239,0.8,0.0,3.2,95.0
80863,455,16.8578125,18.25,17.241935483870968,0.8,0.0,3.2,95.0
81763,455,16.66417910447761,16.764285714285712,15.90857142857143,0.8,0.0,3.2,95.0
82663,455,16.453030303030303,15.81159420289855,15.19855072463768,0.8,0.0,3.2,95.0
83563,455,16.213846153846156,15.321917808219178,14.745205479452054,0.8,0.0,3.2,95.0
84463,455,16.01076923076923,15.0,14.404615384615386,0.8,0.0,3.2,95.0
85363,455,15.84,14.742424242424244,14.35,0.8,0.0,3.2,95.0
86263,455,15.8,15.280303030303031,15.536363636363635,0.8,0.0,3.2,95.0
763,456,15.8,15.0,14.5140625,0.8,0.0,3.2,95.0
1663,456,15.71818181818182,14.514925373134329,14.076119402985077,0.8,0.0,3.2,95.0
2563,456,15.67741935483871,14.5,13.880597014925376,0.8,0.0,3.2,95.0
3463,456,15.6,14.5,13.8,0.8,0.0,3.2,95.0
4363,456,15.529850746268655,14.126865671641792,13.656716417910449,0.8,0.0,3.2,95.0
5263,456,15.48709677419355,14.0,13.5,0.8,0.0,1.6,94.0
6163,456,15.4,14.0,13.5,0.8,0.0,4.8,94.0
7063,456,15.3234375,14.0,13.47377049180328,0.8,0.0,4.8,94.0
7963,456,15.3,14.0,13.305797101449276,0.8,0.0,4.8,94.0
8863,456,15.208955223880595,14.0,13.3,0.8,0.0,3.2,93.0
9763,456,15.1765625,14.0,13.3,0.8,0.0,3.2,93.0
10663,456,15.1,14.0,13.3,0.8,0.0,1.6,92.0
11563,456,15.03181818181818,13.962121212121213,13.3,0.7,0.0,3.2,92.0
12463,456,15.0,13.596774193548388,13.125806451612902,0.8,0.0,1.6,92.0
13363,456,14.903703703703703,13.5,13.0,0.8,0.0,3.2,92.0
14263,456,14.877777777777776,13.5,13.0,0.7,0.0,3.2,92.0
15163,456,14.8,13.5,13.0,0.7,0.0,1.6,92.0
16063,456,14.812857142857144,28.7089552238806,23.273134328358207,0.7,0.0,1.6,93.0
16963,456,15.31060606060606,53.14705882352941,48.73088235294118,0.7,0.0,0.0,93.0
17863,456,16.136507936507936,52.09375,48.771875,0.7,0.0,1.6,93.0
18763,456,16.84558823529412,47.49264705882353,44.233823529411765,0.6,0.0,0.0,92.0
19663,456,17.264285714285712,47.26811594202898,43.95797101449276,0.6,0.0,3.2,92.0
20563,456,17.561194029850746,48.02272727272727,45.43181818181818,0.5,0.0,0.0,92.0
21463,456,17.7421875,46.32089552238806,43.8089552238806,0.4,0.0,1.6,92.0
22363,456,17.8015873015873,43.06153846153846,40.79692307692308,0.3,0.0,0.0,92.0
23263,456,17.8,34.57352941176471,33.47941176470589,0.1,0.0,0.0,92.0
24163,456,17.668852459016392,30.60869565217392,29.269565217391307,-0.2,0.0,0.0,92.0
25063,456,17.510606060606058,25.81159420289855,24.71014492753623,-0.3,7.0,0.0,93.0
25963,456,17.296666666666667,21.3,20.10615384615385,-0.4,11.0,0.0,93.0
26863,456,17.159375,18.950819672131143,19.557377049180328,-0.6,18.0,0.0,93.0
27763,456,16.849253731343286,17.01492537313433,15.953731343283582,-0.6,19.0,0.0,93.0
28663,456,16.6044776119403,15.992424242424244,15.077272727272728,-0.6,25.0,0.0,94.0
29563,456,16.372307692307693,15.330882352941178,14.63235294117647,-0.5,28.0,0.0,94.0
30463,456,16.156060606060606,15.0,14.365625,0.1,35.0,0.0,93.0
31363,456,16.010526315789473,14.621621621621625,14.16216216216216,0.4,39.0,1.6,92.0
32263,456,,,,2.0,272.0,3.2,84.0
33163,456,15.7,14.5,13.8,2.2,292.0,4.8,83.0
34063,456,15.625396825396823,14.1875,13.8,2.4,141.0,4.8,83.0
34963,456,15.522388059701491,14.0,13.548529411764708,2.3,128.0,6.4,84.0
35863,456,15.469841269841272,14.0,13.5,2.7,142.0,6.4,83.0
36763,456,15.4,14.0,13.5,2.6,128.0,6.4,83.0
37663,456,15.322727272727272,14.0,13.353521126760564,2.9,206.0,4.8,81.0
38563,456,15.29558823529412,14.0,13.3,3.2,183.0,4.8,81.0
39463,456,15.20151515151515,14.0,13.3,2.9,186.0,4.8,81.0
40363,456,15.18307692307692,14.0,13.3,3.1,139.0,3.2,80.0
41263,456,15.1,13.970149253731345,13.3,4.2,671.0,6.4,79.0
42163,456,15.1,13.623076923076924,13.26769230769231,4.3,193.0,4.8,75.0
43063,456,15.03,13.5,13.054545454545451,3.8,153.0,6.4,78.0
43963,456,14.979245283018866,13.328125,12.7875,3.7,151.0,6.4,80.0
44863,456,14.9,13.7734375,13.1734375,3.6,246.0,6.4,80.0
45763,456,14.836363636363638,14.1640625,13.346875,4.2,352.0,4.8,78.0
46663,456,14.8,13.992424242424244,13.181818181818182,5.4,728.0,9.7,74.0
47563,456,14.8,13.525,13.0,4.7,221.0,9.7,76.0
48463,456,14.8,13.5,13.0,4.1,156.0,6.4,75.0
49363,456,14.778125,13.686567164179104,13.134328358208956,4.1,171.0,9.7,80.0
50263,456,14.7,13.5,12.893548387096777,3.7,181.0,11.3,78.0
51163,456,14.677464788732394,13.5,12.767692307692307,3.9,183.0,9.7,80.0
52063,456,14.6,13.212121212121213,12.5,3.7,248.0,11.3,79.0
52963,456,14.58918918918919,13.192307692307692,12.615384615384617,4.1,287.0,9.7,80.0
53863,456,14.5,13.5,12.74,4.2,334.0,9.7,80.0
54763,456,14.5,13.065217391304348,12.5,4.2,265.0,9.7,80.0
55663,456,14.491304347826087,32.58461538461539,26.235384615384618,4.1,244.0,9.7,76.0
56563,456,15.05625,50.313559322033896,46.93728813559322,4.2,264.0,11.3,75.0
57463,456,15.74137931034483,51.53846153846153,48.28153846153846,4.6,271.0,9.7,76.0
58363,456,16.3,52.5546875,49.4125,4.7,265.0,9.7,74.0
59263,456,16.736363636363638,46.4,43.58,4.6,193.0,11.3,73.0
60163,456,17.211940298507464,47.51470588235294,44.19852941176471,4.5,178.0,9.7,71.0
61063,456,17.438333333333333,43.70967741935484,41.06290322580645,4.6,183.0,8.0,67.0
61963,456,17.5,40.86363636363636,38.05151515151515,4.6,165.0,8.0,70.0
62863,456,17.5015625,42.24603174603175,38.33015873015873,4.4,141.0,9.7,72.0
63763,456,17.835,49.516666666666666,46.45833333333333,4.4,125.0,9.7,72.0
64663,456,18.13114754098361,42.31617647058824,40.47794117647059,4.3,83.0,9.7,75.0
65563,456,18.18125,39.23076923076923,37.63230769230769,4.2,84.0,9.7,75.0
66463,456,18.05245901639344,35.03125,33.2046875,3.9,70.0,11.3,78.0
67363,456,17.860655737704917,33.40298507462687,31.87313432835821,3.8,54.0,11.3,79.0
68263,456,17.7046875,30.18032786885246,29.808196721311475,3.7,44.0,11.3,82.0
69163,456,17.507575757575758,29.971014492753625,27.017391304347825,3.6,33.0,11.3,82.0
70063,456,17.322033898305087,32.46296296296296,29.974074074074075,3.2,14.0,12.9,83.0
70963,456,17.28709677419355,39.01639344262295,35.41803278688525,2.9,9.0,14.5,84.0
71863,456,17.40909090909091,43.62903225806452,40.63548387096775,2.6,0.0,12.9,86.0
72763,456,17.67846153846154,47.79508196721312,44.21967213114754,2.5,0.0,12.9,86.0
73663,456,17.887096774193548,36.56666666666667,32.41666666666667,2.3,0.0,11.3,86.0
74563,456,17.9,35.31746031746032,33.17777777777778,2.3,0.0,11.3,86.0
75463,456,17.815625,31.64516129032258,30.1483870967742,2.1,0.0,12.9,87.0
76363,456,17.633333333333333,30.4140625,28.9203125,2.1,0.0,12.9,87.0
77263,456,17.4390625,26.563492063492067,25.07619047619048,1.9,0.0,12.9,86.0
78163,456,17.25,28.796875,26.0765625,1.9,0.0,12.9,87.0
79063,456,17.111290322580647,25.68032786885246,22.3672131147541,1.8,0.0,12.9,87.0
79963,456,16.9296875,19.61904761904762,17.953968253968252,1.8,0.0,14.5,87.0
80863,456,16.751724137931035,17.887096774193548,17.380645161290325,1.8,0.0,12.9,85.0
81763,456,17.788709677419355,18.545454545454547,19.21060606060606,1.8,0.0,12.9,84.0
82663,456,18.193846153846152,17.633333333333333,17.525,1.7,0.0,11.3,85.0
83563,456,17.438095238095237,16.1484375,15.525,1.7,0.0,11.3,85.0
84463,456,16.791666666666664,15.56060606060606,15.028787878787876,1.7,0.0,11.3,86.0
85363,456,16.380597014925375,15.698529411764708,15.50294117647059,1.7,0.0,11.3,86.0
86263,456,16.27741935483871,15.1953125,14.6953125,1.8,0.0,11.3,85.0
763,457,16.19322033898305,15.0,14.367796610169492,1.8,0.0,11.3,85.0
1663,457,16.095384615384614,14.676470588235292,14.198529411764708,1.7,0.0,11.3,84.0
2563,457,16.0,14.5,14.0,1.7,0.0,9.7,85.0
3463,457,15.907575757575756,14.5,13.863636363636363,1.6,0.0,8.0,87.0
4363,457,15.822222222222225,14.5,13.8,1.4,0.0,6.4,87.0
5263,457,15.753846153846156,14.291044776119405,13.683582089552235,1.2,0.0,8.0,89.0
6163,457,15.6890625,14.0,13.5,1.2,0.0,8.0,90.0
7063,457,15.6,14.0,13.5,0.9,0.0,4.8,91.0
7963,457,,,,0.8,0.0,4.8,91.0
8863,457,,,,0.6,0.0,8.0,92.0
9763,457,,,,0.6,0.0,4.8,92.0
10663,457,15.323333333333332,14.0,13.3,0.3,0.0,4.8,92.0
11563,457,15.3,14.0,13.3,0.2,0.0,3.2,92.0
12463,457,15.234328358208955,14.0,13.29047619047619,0.4,0.0,6.4,92.0
13363,457,15.2,13.928571428571429,13.076190476190476,0.4,0.0,6.4,92.0
14263,457,15.12153846153846,13.5390625,13.0,0.3,0.0,4.8,91.0
15163,457,15.1,13.5,13.0,0.3,0.0,4.8,91.0
16063,457,15.063636363636364,31.643939393939394,25.99848484848485,0.5,0.0,6.4,91.0
16963,457,15.608196721311476,50.826086956521735,47.43478260869565,0.6,0.0,8.0,91.0
17863,457,16.369696969696967,50.746153846153845,47.36307692307692,0.7,0.0,9.7,91.0
18763,457,17.065625,46.76190476190476,43.84285714285714,0.7,0.0,6.4,91.0
19663,457,17.495161290322578,46.06153846153846,42.75846153846154,0.7,0.0,6.4,91.0
20563,457,17.778,48.37234042553192,44.92553191489362,0.7,0.0,8.0,92.0
21463,457,18.0,44.71212121212121,41.86666666666667,0.7,0.0,8.0,92.0
22363,457,18.05588235294117,39.22463768115942,37.50434782608696,0.8,0.0,12.9,92.0
23263,457,18.0,31.189393939393938,30.313636363636363,1.0,0.0,11.3,92.0
24163,457,17.921212121212122,29.23913043478261,26.76231884057972,1.1,0.0,12.9,92.0
25063,457,17.63478260869565,38.54545454545455,34.89545454545454,1.3,5.0,14.5,92.0
25963,457,17.68181818181818,49.48484848484848,46.88939393939394,1.3,9.0,14.5,92.0
26863,457,17.863235294117647,48.37121212121212,45.63484848484849,1.2,16.0,20.9,91.0
27763,457,18.524242424242424,38.64492753623188,36.24057971014493,1.4,28.0,19.3,90.0
28663,457,15.37910447761194,33.62121212121212,33.57121212121212,1.3,33.0,20.9,91.0
29563,457,14.781159420289857,34.76119402985075,32.62238805970149,1.4,39.0,19.3,91.0
30463,457,15.62,44.93283582089553,40.63731343283583,1.7,63.0,12.9,91.0
31363,457,16.3765625,37.4,33.76615384615384,1.8,77.0,11.3,91.0
32263,457,16.75151515151515,26.94927536231884,24.17391304347825,2.2,127.0,14.5,91.0
33163,457,16.8530303030303,21.50793650793651,19.526984126984125,2.3,104.0,12.9,90.0
34063,457,16.8,18.70634920634921,17.366666666666667,2.4,76.0,17.7,87.0
34963,457,16.743939393939392,17.051470588235293,16.192647058823532,2.6,93.0,17.7,87.0
35863,457,16.58939393939394,16.171875,15.4890625,2.9,135.0,19.3,84.0
36763,457,16.432307692307692,15.546296296296296,15.01851851851852,2.9,109.0,20.9,84.0
37663,457,16.240625,15.139344262295085,14.672131147540984,3.2,128.0,20.9,83.0
38563,457,16.068333333333335,15.0,14.427586206896551,3.1,167.0,20.9,83.0
39463,457,15.934848484848484,14.742857142857142,14.3,3.1,139.0,24.1,80.0
40363,457,15.81060606060606,14.5,14.047826086956524,2.8,100.0,24.1,83.0
41263,457,15.713636363636365,14.5,13.970149253731345,1.9,109.0,22.5,91.0
42163,457,15.623076923076924,14.5,13.8,1.7,155.0,22.5,93.0
43063,457,15.591176470588234,17.856060606060606,16.73030303030303,1.6,165.0,25.7,94.0
43963,457,15.550704225352112,22.11111111111111,20.877777777777776,1.8,134.0,19.3,94.0
44863,457,15.557692307692308,25.42391304347825,24.097826086956523,1.9,188.0,20.9,93.0
45763,457,15.5,22.14655172413793,20.391379310344828,1.9,171.0,24.1,92.0
46663,457,15.5,18.387096774193548,17.09032258064516,2.1,158.0,24.1,91.0
47563,457,,,,2.3,156.0,20.9,92.0
48463,457,,,,2.3,158.0,20.9,92.0
49363,457,,,,2.3,109.0,16.1,93.0
50263,457,,,,2.0,70.0,19.3,93.0
51163,457,,,,1.9,109.0,20.9,94.0
52063,457,,,,1.9,91.0,20.9,94.0
52963,457,,,,1.8,104.0,19.3,94.0
53863,457,,,,1.8,56.0,19.3,95.0
54763,457,,,,1.6,72.0,16.1,95.0
55663,457,,,,1.7,91.0,20.9,95.0
56563,457,,,,1.6,91.0,20.9,95.0
57463,457,,,,1.3,77.0,19.3,96.0
58363,457,,,,1.2,84.0,19.3,96.0
59263,457,,,,1.1,53.0,17.7,96.0
60163,457,,,,1.0,40.0,19.3,97.0
61063,457,,,,0.9,46.0,19.3,97.0
61963,457,,,,0.9,40.0,17.7,97.0
62863,457,,,,0.8,28.0,19.3,97.0
63763,457,17.993939393939392,43.16666666666667,41.124242424242425,0.7,25.0,19.3,97.0
64663,457,17.912244897959184,41.08333333333333,39.09166666666667,0.6,21.0,16.1,97.0
65563,457,17.8921875,40.89855072463768,38.79855072463768,0.5,16.0,16.1,97.0
66463,457,17.78923076923077,36.76724137931034,35.56551724137931,0.4,12.0,14.5,97.0
67363,457,17.651111111111113,37.265625,35.2578125,0.4,9.0,16.1,97.0
68263,457,17.554545454545455,31.99242424242424,30.869696969696967,0.4,7.0,14.5,98.0
69163,457,17.465151515151515,26.59558823529412,25.73382352941176,0.4,5.0,16.1,98.0
70063,457,17.185,22.8671875,22.1328125,0.5,5.0,14.5,98.0
70963,457,16.913432835820895,37.98484848484848,32.55,0.5,0.0,16.1,98.0
71863,457,17.26865671641791,51.3828125,48.228125,0.5,0.0,16.1,98.0
72763,457,17.952380952380953,52.11475409836065,50.05081967213115,0.5,0.0,17.7,98.0
73663,457,18.31935483870968,44.97222222222222,39.74722222222222,0.4,0.0,16.1,98.0
74563,457,18.450769230769232,45.83802816901409,42.74366197183099,0.4,0.0,16.1,98.0
75463,457,18.5,39.642857142857146,37.42,0.5,0.0,14.5,98.0
76363,457,18.425806451612903,35.464285714285715,33.71,0.5,0.0,16.1,98.0
77263,457,18.2296875,35.582089552238806,32.36716417910448,0.4,0.0,14.5,98.0
78163,457,18.024615384615384,30.015151515151512,26.2,0.4,0.0,14.5,98.0
79063,457,17.73181818181818,23.07246376811594,20.653623188405795,0.3,0.0,11.3,98.0
79963,457,17.395652173913042,19.615942028985508,17.952173913043477,0.4,0.0,11.3,98.0
80863,457,17.046153846153846,17.6,16.388571428571428,0.4,0.0,12.9,98.0
81763,457,16.735384615384614,16.393939393939394,15.49090909090909,0.4,0.0,12.9,98.0
82663,457,16.469117647058823,15.689655172413794,14.91551724137931,0.5,0.0,12.9,98.0
83563,457,16.226865671641793,15.157407407407408,14.490740740740742,0.5,0.0,12.9,98.0
84463,457,16.044117647058822,14.978571428571428,14.244285714285716,0.5,0.0,14.5,98.0
85363,457,15.866666666666664,14.507575757575756,14.0,0.5,0.0,12.9,98.0
86263,457,15.74,14.5,13.836065573770492,0.5,0.0,12.9,98.0
763,458,15.61818181818182,14.5,13.7578125,0.6,0.0,12.9,98.0
1663,458,15.51969696969697,14.469696969696969,14.13939393939394,0.7,0.0,12.9,98.0
2563,458,15.6,14.969230769230768,14.567692307692308,0.7,0.0,11.3,98.0
3463,458,15.6,14.5,13.916417910447764,0.9,0.0,16.1,99.0
4363,458,15.6,14.5,13.7955223880597,0.9,0.0,12.9,99.0
5263,458,15.571641791044778,14.17391304347826,13.517391304347823,0.9,0.0,14.5,98.0
6163,458,15.5,14.0,13.5,1.0,0.0,16.1,98.0
7063,458,15.467164179104476,14.0,13.5,1.0,0.0,11.3,98.0
7963,458,15.4,14.0,13.395384615384614,1.1,0.0,11.3,98.0
8863,458,15.32537313432836,14.0,13.3,1.1,0.0,12.9,98.0
9763,458,15.3,14.0,13.3,1.1,0.0,14.5,99.0
10663,458,15.208196721311475,14.0,13.3,1.2,0.0,14.5,99.0
11563,458,15.196969696969695,14.0,13.295384615384616,1.2,0.0,12.9,99.0
12463,458,15.1,13.698529411764708,13.083823529411765,1.3,0.0,14.5,98.0
13363,458,15.061016949152542,13.5,13.0,1.3,0.0,14.5,99.0
14263,458,15.0,13.5,13.0,1.2,0.0,14.5,99.0
15163,458,14.980434782608697,13.5,13.0,1.2,0.0,16.1,99.0
16063,458,14.943859649122809,31.34558823529412,25.626470588235293,1.2,0.0,14.5,99.0
16963,458,15.44,40.7265625,38.4625,1.1,0.0,12.9,99.0
17863,458,16.013432835820897,50.69672131147541,46.50819672131148,1.2,0.0,14.5,99.0
18763,458,16.83859649122807,51.11363636363636,48.58181818181818,1.2,0.0,14.5,99.0
19663,458,17.55873015873016,48.89705882352941,45.88970588235294,1.2,0.0,16.1,99.0
20563,458,17.9515625,41.572463768115945,37.673913043478265,1.2,0.0,16.1,99.0
21463,458,18.09705882352941,40.11764705882353,36.98676470588235,1.2,0.0,12.9,99.0
22363,458,18.084615384615383,35.02238805970149,32.93134328358209,1.2,0.0,12.9,99.0
23263,458,17.888059701492537,29.227941176470587,27.677941176470583,1.3,0.0,12.9,98.0
24163,458,17.605714285714285,29.06428571428572,27.385714285714283,1.3,0.0,9.7,98.0
25063,458,17.354545454545452,24.6875,23.553125,1.3,0.0,9.7,98.0
25963,458,17.03076923076923,20.51639344262295,19.744262295081967,1.3,5.0,9.7,98.0
26863,458,16.74920634920635,18.8984375,18.8796875,1.4,12.0,14.5,98.0
27763,458,16.48095238095238,17.338461538461537,17.07076923076923,1.3,18.0,11.3,98.0
28663,458,16.212280701754388,39.07692307692308,32.65576923076923,1.3,26.0,12.9,98.0
29563,458,16.52857142857143,51.84444444444445,48.784444444444446,1.4,37.0,12.9,99.0
30463,458,16.852272727272727,51.738461538461536,48.7876923076923,1.6,33.0,8.0,98.0
31363,458,17.244897959183675,53.39855072463767,50.5463768115942,1.7,47.0,11.3,98.0
32263,458,17.464615384615385,43.640625,41.415625,1.6,40.0,8.0,98.0
33163,458,17.976470588235294,46.6969696969697,44.79242424242425,1.6,33.0,9.7,98.0
34063,458,16.6921875,42.89855072463768,41.26521739130435,1.6,76.0,11.3,98.0
34963,458,16.32121212121212,40.703125,39.2296875,1.6,76.0,9.7,98.0
35863,458,16.678125,37.96153846153847,36.58615384615385,1.8,109.0,8.0,98.0
36763,458,16.88225806451613,38.12307692307692,36.418461538461536,1.8,192.0,12.9,98.0
37663,458,17.0453125,35.31746031746032,34.2031746031746,2.1,107.0,12.9,98.0
38563,458,17.134328358208954,35.523809523809526,33.81428571428572,2.0,118.0,11.3,98.0
39463,458,17.2,34.85074626865672,33.453731343283586,2.1,139.0,12.9,98.0
40363,458,17.266101694915257,37.17692307692308,34.62615384615385,2.3,162.0,11.3,98.0
41263,458,17.40909090909091,49.9453125,45.953125,2.3,130.0,11.3,98.0
42163,458,17.726470588235294,50.77692307692308,48.54615384615384,2.3,114.0,11.3,98.0
43063,458,17.8,47.57042253521127,45.36901408450704,2.4,181.0,12.9,98.0
43963,458,17.8,46.31746031746032,44.2015873015873,2.6,204.0,11.3,98.0
44863,458,17.8,42.27941176470589,40.62058823529412,2.8,123.0,11.3,98.0
45763,458,17.8,41.35820895522388,39.440298507462686,2.7,174.0,12.9,98.0
46663,458,17.743548387096773,39.51538461538461,37.60769230769231,2.7,120.0,16.1,97.0
47563,458,17.67377049180328,40.46363636363636,38.14363636363636,2.8,141.0,12.9,97.0
48463,458,17.6,38.84745762711864,36.91525423728813,2.8,127.0,12.9,97.0
49363,458,17.5578125,40.01470588235294,37.686764705882354,2.8,111.0,12.9,97.0
50263,458,17.5,38.77205882352941,36.919117647058826,2.7,76.0,14.5,97.0
51163,458,17.5,40.3515625,38.075,2.7,74.0,12.9,97.0
52063,458,17.496923076923075,39.34615384615385,37.44461538461538,2.7,53.0,9.7,97.0
52963,458,17.495588235294118,40.71212121212121,38.43787878787879,2.4,74.0,14.5,97.0
53863,458,17.5,39.81617647058824,37.88088235294118,2.2,51.0,12.9,97.0
54763,458,17.5,41.44615384615385,39.081538461538464,2.1,79.0,11.3,97.0
55663,458,17.5,40.11290322580645,38.1,2.1,62.0,12.9,97.0
56563,458,17.6875,52.5,48.86666666666667,2.2,120.0,11.3,97.0
57463,458,18.35090909090909,51.921875,48.0828125,2.3,95.0,9.7,97.0
58363,458,18.645,42.27692307692308,40.04153846153846,2.3,91.0,9.7,97.0
59263,458,18.626,37.89393939393939,34.88030303030303,2.3,62.0,9.7,97.0
60163,458,18.6,42.08955223880597,38.77761194029851,2.3,83.0,9.7,98.0
61063,458,18.6,40.74242424242424,37.78939393939394,2.3,46.0,8.0,98.0
61963,458,18.591803278688523,39.34745762711864,36.92542372881356,2.4,42.0,6.4,98.0
62863,458,18.47966101694915,31.659090909090907,30.639393939393937,2.5,26.0,9.7,98.0
63763,458,18.303030303030305,31.684615384615388,30.203076923076924,2.4,25.0,9.7,98.0
64663,458,18.11206896551724,34.96969696969697,30.96515151515151,2.4,23.0,11.3,98.0
65563,458,18.306349206349207,59.13636363636364,54.4969696969697,2.3,14.0,9.7,98.0
66463,458,18.8135593220339,59.8671875,56.4890625,2.2,12.0,9.7,98.0
67363,458,19.2421875,59.12878787878788,56.2939393939394,2.3,11.0,8.0,98.0
68263,458,19.5359375,58.282258064516135,55.14193548387097,2.1,5.0,6.4,98.0
69163,458,19.840983606557376,58.140625,54.45,2.1,5.0,4.8,98.0
70063,458,19.96935483870968,52.52307692307693,49.70923076923077,2.1,0.0,6.4,98.0
70963,458,19.955882352941178,56.18382352941177,52.88823529411765,2.2,0.0,8.0,98.0
71863,458,20.061904761904763,55.37692307692307,51.79384615384616,2.2,0.0,8.0,98.0
72763,458,20.2,47.71428571428572,45.17936507936508,2.2,0.0,6.4,98.0
73663,458,20.1375,42.56923076923077,40.050769230769234,2.3,0.0,6.4,98.0
74563,458,19.9234375,33.13636363636364,30.243939393939392,2.3,0.0,8.0,98.0
75463,458,19.577272727272728,27.265625,25.5609375,2.4,0.0,9.7,99.0
76363,458,19.1890625,27.23188405797101,25.99275362318841,2.4,0.0,6.4,99.0
77263,458,18.87692307692308,27.44776119402985,26.246268656716417,2.4,0.0,6.4,99.0
78163,458,18.642424242424244,25.142857142857142,24.382539682539683,2.5,0.0,6.4,99.0
79063,458,19.61846153846154,22.27272727272728,22.56969696969697,2.4,0.0,6.4,99.0
79963,458,19.1344262295082,19.88405797101449,19.17391304347825,2.4,0.0,6.4,99.0
80863,458,18.5140625,18.18181818181818,17.315151515151516,2.5,0.0,4.8,99.0
81763,458,18.184615384615384,17.302816901408452,16.57464788732394,2.6,0.0,6.4,99.0
82663,458,17.929850746268656,16.753968253968253,16.125396825396827,2.6,0.0,3.2,99.0
83563,458,17.716666666666665,16.446969696969695,15.756060606060606,2.6,0.0,4.8,99.0
84463,458,17.544444444444444,16.0,15.5,2.6,0.0,4.8,99.0
85363,458,17.39710144927536,16.0,15.3625,2.6,0.0,4.8,99.0
86263,458,17.275757575757574,15.76086956521739,15.2,2.7,0.0,6.4,99.0
763,459,17.173846153846153,15.5,15.0,2.7,0.0,4.8,99.0
1663,459,17.0640625,15.5,14.88923076923077,2.7,0.0,6.4,99.0
2563,459,16.97761194029851,15.5,14.8,2.7,0.0,3.2,99.0
3463,459,16.9,15.485294117647058,14.663235294117646,2.7,0.0,8.0,99.0
4363,459,16.82272727272727,15.038461538461538,14.5,2.7,0.0,8.0,99.0
5263,459,16.776119402985074,15.0,14.5,2.7,0.0,4.8,99.0
6163,459,16.7,15.0,14.377611940298507,2.7,0.0,4.8,99.0
7063,459,16.607692307692307,15.0,14.3,2.8,0.0,4.8,99.0
7963,459,16.566176470588236,15.0,14.3,2.8,0.0,4.8,99.0
8863,459,16.5,15.0,14.3,2.8,0.0,6.4,99.0
9763,459,16.439705882352943,15.0,14.3,2.8,0.0,1.6,99.0
10663,459,16.4,15.0,14.015,2.8,0.0,6.4,99.0
11563,459,16.304918032786883,14.780303030303031,14.0,2.8,0.0,3.2,99.0
12463,459,16.259701492537314,14.514285714285714,14.0,2.8,0.0,4.8,99.0
13363,459,16.2,14.5,14.0,2.8,0.0,8.0,99.0
14263,459,16.1671875,14.5,14.0,2.8,0.0,6.4,99.0
15163,459,16.1,14.5,13.996875,2.8,0.0,9.7,99.0
16063,459,16.15441176470588,35.96212121212121,29.27878787878788,2.9,0.0,8.0,99.0
16963,459,17.01818181818182,53.05882352941177,50.851470588235294,2.9,0.0,12.9,99.0
17863,459,17.829032258064515,57.14615384615384,52.75076923076923,2.7,0.0,12.9,99.0
18763,459,18.7671875,50.72222222222222,47.84285714285714,2.6,0.0,14.5,99.0
19663,459,19.18688524590164,41.984375,39.240625,2.5,0.0,14.5,99.0
20563,459,19.2109375,38.8015873015873,36.33968253968254,2.5,0.0,16.1,99.0
21463,459,19.03392857142857,33.47727272727273,31.392424242424244,2.4,0.0,14.5,99.0
22363,459,18.66379310344828,30.230158730158728,29.360317460317457,2.4,0.0,12.9,99.0
23263,459,17.884615384615383,25.46825396825397,23.68095238095238,2.4,0.0,14.5,99.0
24163,459,15.746875,23.65671641791045,22.83283582089552,2.4,0.0,16.1,99.0
25063,459,14.169117647058822,20.68181818181818,20.0939393939394,2.4,0.0,12.9,99.0
25963,459,15.057377049180328,29.5078125,26.5265625,2.4,0.0,19.3,99.0
26863,459,15.611290322580649,35.484375,32.43125,2.3,0.0,16.1,99.0
27763,459,16.042028985507248,39.03676470588236,35.80882352941176,2.3,5.0,12.9,99.0
28663,459,16.5,41.28225806451613,37.87903225806452,2.1,14.0,14.5,99.0
29563,459,16.849253731343286,31.407692307692308,27.081538461538464,1.8,12.0,17.7,99.0
30463,459,16.993846153846153,23.423076923076923,20.42,1.7,14.0,16.1,99.0
31363,459,16.9625,19.78358208955224,18.076119402985075,1.7,30.0,14.5,99.0
32263,459,16.872307692307693,17.815384615384616,16.773846153846154,1.7,44.0,19.3,99.0
33163,459,16.711111111111112,16.7109375,16.0015625,1.8,49.0,16.1,99.0
34063,459,16.512307692307694,16.046153846153846,15.453846153846154,1.7,62.0,19.3,99.0
34963,459,16.34285714285714,15.52898550724638,15.053623188405798,1.6,35.0,16.1,99.0
35863,459,16.18888888888889,15.283582089552237,14.759701492537314,1.0,47.0,12.9,99.0
36763,459,16.07258064516129,15.0,14.5,0.9,46.0,6.4,99.0
37663,459,15.974603174603176,15.0,14.352173913043478,0.7,44.0,14.5,99.0
38563,459,15.883076923076922,14.713235294117649,14.255882352941176,0.7,47.0,12.9,99.0
39463,459,15.8,14.5,14.0,0.7,56.0,9.7,99.0
40363,459,15.711666666666668,14.5,13.996666666666666,0.7,60.0,9.7,99.0
41263,459,15.658461538461538,14.5,13.82295081967213,0.8,65.0,9.7,99.0
42163,459,15.6,14.5,13.8,0.7,60.0,11.3,99.0
43063,459,15.516176470588237,14.5,13.8,0.6,54.0,12.9,99.0
43963,459,15.5,14.386363636363637,13.672727272727272,0.6,51.0,6.4,99.0
44863,459,15.406060606060606,14.024193548387098,13.5,0.4,33.0,8.0,99.0
45763,459,15.364615384615384,14.0,13.5,0.4,30.0,11.3,99.0
46663,459,15.3,14.0,13.5,0.5,39.0,9.7,99.0
47563,459,15.261194029850746,14.0,13.5,0.6,40.0,12.9,99.0
48463,459,15.2,14.0,13.48709677419355,0.5,35.0,8.0,99.0
49363,459,15.167605633802816,14.0,13.329032258064515,0.5,26.0,9.7,99.0
50263,459,15.1,14.0,13.3,0.5,28.0,11.3,99.0
51163,459,15.08970588235294,14.0,13.3,0.5,23.0,9.7,99.0
52063,459,15.0,14.0,13.3,0.4,26.0,8.0,99.0
52963,459,15.0,14.0,13.3,0.4,25.0,8.0,99.0
53863,459,14.992307692307694,14.0,13.277611940298508,0.3,23.0,6.4,99.0
54763,459,14.9,13.835820895522389,13.035820895522388,0.4,23.0,8.0,99.0
55663,459,14.91551724137931,29.5078125,23.684375,0.4,21.0,11.3,99.0
56563,459,15.451470588235292,54.38095238095239,51.24126984126984,0.4,19.0,11.3,99.0
57463,459,16.364615384615384,59.29230769230769,54.94769230769231,0.3,19.0,9.7,99.0
58363,459,17.15820895522388,42.49230769230769,37.69692307692308,0.3,19.0,6.4,99.0
59263,459,17.451724137931034,40.02272727272727,36.48484848484848,0.3,18.0,6.4,99.0
60163,459,17.58125,42.8955223880597,40.54179104477612,0.3,16.0,8.0,99.0
61063,459,17.6015625,43.46666666666667,39.72666666666667,0.3,16.0,6.4,99.0
61963,459,17.928571428571427,59.798507462686565,55.81940298507463,0.3,16.0,6.4,99.0
62863,459,18.4536231884058,58.66153846153846,55.45692307692308,0.3,16.0,9.7,99.0
63763,459,18.87313432835821,60.01538461538462,56.30923076923077,0.3,12.0,8.0,99.0
64663,459,19.15797101449275,59.57142857142857,56.69047619047619,0.4,11.0,6.4,99.0
65563,459,19.34918032786885,58.44117647058823,55.875,0.4,9.0,8.0,99.0
66463,459,19.653623188405795,59.25,55.17121212121212,0.4,9.0,8.0,99.0
67363,459,20.00923076923077,61.34848484848485,57.14848484848485,0.4,9.0,8.0,99.0
68263,459,20.3609375,60.49122807017544,56.86842105263158,0.4,5.0,9.7,98.0
69163,459,20.522222222222226,55.24166666666666,51.79333333333333,0.4,5.0,8.0,98.0
70063,459,20.63174603174604,52.58870967741935,49.58387096774193,0.5,0.0,6.4,98.0
70963,459,20.64677419354839,59.796875,55.384375,0.5,0.0,6.4,98.0
71863,459,20.6765625,53.53846153846153,50.37076923076923,0.5,0.0,4.8,98.0
72763,459,20.633333333333333,57.8125,54.0390625,0.5,0.0,4.8,98.0
73663,459,20.75,55.58870967741935,52.993548387096766,0.6,0.0,4.8,99.0
74563,459,20.724590163934423,56.48484848484848,52.20757575757576,0.6,0.0,6.4,99.0
75463,459,20.869230769230768,54.833333333333336,52.13809523809524,0.6,0.0,6.4,99.0
76363,459,20.9,56.7,53.130769230769225,0.6,0.0,6.4,98.0
77263,459,20.94426229508197,52.38059701492538,48.32238805970149,0.7,0.0,3.2,98.0
78163,459,20.82153846153846,36.893442622950815,37.28524590163934,0.7,0.0,6.4,98.0
79063,459,21.01311475409836,30.11764705882353,31.06470588235294,0.6,0.0,8.0,98.0
79963,459,20.55806451612904,24.892307692307693,23.28153846153846,0.6,0.0,8.0,98.0
80863,459,20.05079365079365,21.475806451612904,19.988709677419354,0.5,0.0,8.0,98.0
81763,459,19.573846153846155,19.416666666666664,18.296969696969697,0.5,0.0,9.7,98.0
82663,459,19.1234375,18.130769230769232,17.295384615384613,0.3,0.0,8.0,98.0
83563,459,18.69696969696969,17.307142857142857,16.63142857142857,0.2,0.0,8.0,98.0
84463,459,18.333870967741937,16.766129032258064,16.164516129032258,0.0,0.0,8.0,98.0
85363,459,18.0015873015873,16.36231884057971,15.753623188405795,-0.2,0.0,8.0,98.0
86263,459,17.73384615384615,16.0,15.414285714285716,-0.3,0.0,9.7,97.0
763,460,17.53125,15.786764705882351,15.15,-0.4,0.0,8.0,97.0
1663,460,17.343548387096774,15.5,14.962318840579709,-0.4,0.0,0.0,96.0
2563,460,17.184848484848484,15.5,14.8,-0.4,0.0,0.0,95.0
3463,460,17.044776119402986,15.492424242424244,14.681818181818182,-0.5,0.0,0.0,94.0
4363,460,16.915151515151514,15.05,14.5,-0.5,0.0,0.0,94.0
5263,460,16.808823529411764,15.0,14.457575757575755,-0.4,0.0,0.0,93.0
6163,460,16.705882352941178,15.0,14.3,-0.4,0.0,0.0,92.0
7063,460,16.594915254237286,15.0,14.3,-0.6,0.0,0.0,90.0
7963,460,16.5,15.0,14.183870967741935,-0.4,0.0,0.0,89.0
8863,460,16.40625,14.84848484848485,14.0,-0.6,0.0,0.0,88.0
9763,460,16.314705882352943,14.5,14.0,-0.6,0.0,0.0,87.0
10663,460,16.21290322580645,14.5,13.979310344827589,-0.4,0.0,0.0,84.0
11563,460,16.1578125,14.5,13.812121212121212,-0.3,0.0,0.0,84.0
12463,460,16.090625,14.5,13.8,-0.6,0.0,0.0,84.0
13363,460,16.0,14.5,13.8,-0.6,0.0,0.0,84.0
14263,460,15.925757575757576,14.5,13.772727272727272,-0.5,0.0,8.0,82.0
15163,460,15.87076923076923,14.5,13.5,-0.3,0.0,11.3,82.0
16063,460,15.803030303030305,25.08955223880597,20.119402985074625,-0.4,0.0,11.3,82.0
16963,460,16.324615384615385,49.1328125,46.8953125,-0.4,0.0,12.9,84.0
17863,460,17.088059701492536,53.75409836065573,49.09508196721312,-0.4,0.0,11.3,83.0
18763,460,17.925,51.6060606060606,47.834848484848486,-0.3,0.0,9.7,82.0
19663,460,18.410958904109588,42.61594202898551,38.994202898550725,-0.3,0.0,17.7,83.0
20563,460,18.55084745762712,41.875,39.61029411764706,-0.2,0.0,14.5,83.0
21463,460,18.6,37.01754385964912,35.42982456140351,-0.1,0.0,17.7,84.0
22363,460,18.4968253968254,31.99253731343284,31.00597014925373,0.2,0.0,17.7,83.0
23263,460,18.382539682539683,27.51538461538461,26.95230769230769,0.4,0.0,17.7,84.0
24163,460,18.184126984126983,23.014492753623188,22.28405797101449,0.4,0.0,14.5,84.0
25063,460,17.992753623188406,20.5703125,20.1546875,0.9,9.0,14.5,86.0
25963,460,17.8,35.1796875,31.7515625,1.2,7.0,17.7,86.0
26863,460,17.895454545454548,36.47058823529412,34.09558823529412,1.1,14.0,17.7,87.0
27763,460,18.0,34.52238805970149,31.75074626865672,1.3,16.0,20.9,87.0
28663,460,17.985714285714288,24.8955223880597,22.03283582089552,1.4,19.0,20.9,88.0
29563,460,17.855072463768117,20.25,18.4296875,1.6,23.0,22.5,88.0
30463,460,17.6984126984127,17.97058823529412,16.873529411764707,1.9,30.0,24.1,88.0
31363,460,17.515625,16.73913043478261,16.03768115942029,2.0,33.0,20.9,88.0
32263,460,17.335384615384616,16.036764705882355,15.460294117647058,2.3,459.0,20.9,88.0
33163,460,17.141538461538463,15.514925373134329,15.08955223880597,2.4,512.0,20.9,88.0
34063,460,16.9484375,15.277777777777777,14.834920634920636,2.9,376.0,20.9,88.0
34963,460,16.80793650793651,15.0,14.55735294117647,3.2,401.0,20.9,87.0
35863,460,16.658333333333335,15.0,14.441538461538462,3.7,454.0,20.9,87.0
36763,460,16.547619047619047,14.8,14.3,3.6,471.0,20.9,86.0
37663,460,16.462686567164177,14.5,14.264179104477613,3.8,462.0,20.9,87.0
38563,460,16.386153846153846,14.5,14.00983606557377,3.8,529.0,22.5,87.0
39463,460,16.3,14.5,14.0,4.3,566.0,22.5,86.0
40363,460,16.214285714285715,14.5,14.0,4.5,580.0,20.9,86.0
41263,460,16.2,14.5,13.935384615384615,4.8,608.0,22.5,85.0
42163,460,16.106557377049178,14.5,13.805797101449276,5.1,622.0,19.3,85.0
43063,460,16.1,14.5,13.8,5.7,643.0,16.1,84.0
43963,460,16.0,14.5,13.8,5.8,663.0,19.3,83.0
44863,460,16.0,14.416666666666666,13.8,6.0,350.0,17.7,80.0
45763,460,15.92089552238806,14.094202898550725,13.786956521739132,6.2,735.0,19.3,80.0
46663,460,15.9,14.0,13.55820895522388,6.1,679.0,17.7,81.0
47563,460,15.879365079365078,14.0,13.5,6.3,680.0,14.5,80.0
48463,460,15.8,14.0,13.5,7.2,733.0,12.9,78.0
49363,460,15.8,14.0,13.5,7.2,707.0,14.5,76.0
50263,460,15.788709677419352,14.0,13.5,7.6,673.0,17.7,76.0
51163,460,15.7,14.0,13.5,7.8,705.0,14.5,74.0
52063,460,15.7,14.0,13.5,8.2,647.0,16.1,71.0
52963,460,15.607575757575756,14.0,13.497101449275362,7.8,715.0,14.5,73.0
53863,460,15.6,14.0,13.5,7.2,153.0,14.5,74.0
54763,460,15.568181818181818,14.0,13.473134328358208,6.6,193.0,16.1,77.0
55663,460,15.54264705882353,29.888888888888893,24.0,7.3,703.0,12.9,77.0
56563,460,16.22923076923077,48.1056338028169,46.60140845070423,6.8,239.0,11.3,79.0
57463,460,17.013846153846153,55.92307692307693,50.72,7.8,550.0,12.9,75.0
58363,460,17.971186440677965,50.960317460317455,47.03015873015873,8.0,589.0,14.5,74.0
59263,460,18.506153846153847,44.25,40.53333333333333,8.3,445.0,12.9,73.0
60163,460,18.7,41.44285714285714,38.92857142857143,8.2,427.0,11.3,73.0
61063,460,18.69696969696969,36.729729729729726,34.501351351351346,7.8,357.0,16.1,69.0
61963,460,18.5609375,33.26190476190476,31.741269841269844,7.6,163.0,12.9,69.0
62863,460,18.3109375,27.96212121212121,27.02272727272728,7.7,116.0,12.9,68.0
63763,460,18.008196721311474,26.227272727272727,25.184848484848484,7.4,93.0,11.3,69.0
64663,460,17.715625,24.649253731343286,23.81044776119403,6.8,111.0,9.7,70.0
65563,460,17.498360655737706,25.115384615384617,23.98923076923077,6.6,93.0,11.3,69.0
66463,460,17.298387096774192,24.720338983050848,23.79491525423729,6.4,67.0,9.7,67.0
67363,460,17.144444444444446,25.524193548387096,23.906451612903226,6.2,56.0,9.7,67.0
68263,460,17.1,34.0390625,29.9,6.1,40.0,6.4,68.0
69163,460,17.325806451612902,49.72307692307693,42.36153846153847,5.9,32.0,6.4,69.0
70063,460,17.847540983606557,55.4758064516129,50.961290322580645,5.8,18.0,4.8,70.0
70963,460,18.5,59.375,55.840625,5.7,12.0,3.2,70.0
71863,460,19.13174603174604,60.43181818181819,56.974242424242426,5.3,0.0,1.6,73.0
72763,460,19.56875,57.7109375,54.5375,5.2,0.0,6.4,76.0
73663,460,19.846153846153847,54.07936507936508,49.91587301587302,4.8,0.0,4.8,78.0
74563,460,19.85434782608696,39.36153846153847,36.60307692307693,4.7,0.0,1.6,79.0
75463,460,19.575,34.94444444444444,32.95238095238095,4.8,0.0,6.4,79.0
76363,460,19.21698113207547,30.919117647058822,29.575,4.7,0.0,4.8,80.0
77263,460,18.91694915254237,25.61194029850746,23.70597014925373,4.5,0.0,4.8,80.0
78163,460,18.58358208955224,21.40322580645161,20.17903225806452,4.6,0.0,8.0,79.0
79063,460,18.272881355932203,19.0625,17.9640625,5.0,0.0,11.3,76.0
79963,460,17.988888888888887,18.919117647058822,19.25588235294118,4.9,0.0,12.9,77.0
80863,460,17.77704918032787,17.559701492537314,16.828358208955223,4.9,0.0,14.5,75.0
81763,460,17.5672131147541,16.515384615384615,15.66769230769231,4.9,0.0,12.9,75.0
82663,460,17.369090909090907,16.0,15.2015625,4.9,0.0,14.5,73.0
83563,460,17.216129032258063,15.533898305084744,14.945762711864408,5.3,0.0,17.7,70.0
84463,460,17.064406779661017,15.5,14.8,5.4,0.0,14.5,72.0
85363,460,16.944262295081966,15.171428571428573,14.517142857142858,5.4,0.0,14.5,72.0
86263,460,16.85,15.0,14.5,5.4,0.0,12.9,72.0
763,461,16.771428571428572,15.0,14.325,5.3,0.0,11.3,72.0
1663,461,16.688709677419354,15.0,14.3,5.3,0.0,11.3,72.0
2563,461,16.6,15.0,14.3,4.8,0.0,9.7,76.0
3463,461,16.523809523809526,14.916666666666666,14.1,4.3,0.0,11.3,78.0
4363,461,16.474576271186443,14.523076923076925,14.0,4.6,0.0,9.7,76.0
5263,461,16.4,14.5,14.0,4.4,0.0,9.7,77.0
6163,461,16.331147540983608,14.641791044776118,14.13731343283582,4.3,0.0,9.7,77.0
7063,461,16.3,14.9375,14.265625,4.9,0.0,9.7,74.0
7963,461,16.233333333333334,14.5,14.0,4.7,0.0,6.4,75.0
8863,461,16.2,14.5,13.876923076923076,4.4,0.0,3.2,77.0
9763,461,16.143076923076926,14.5,13.8,4.3,0.0,4.8,77.0
10663,461,16.1,14.5,13.8,4.2,0.0,3.2,79.0
11563,461,16.036923076923078,14.5,13.8,4.1,0.0,3.2,79.0
12463,461,16.0,14.5,13.8,3.9,0.0,3.2,80.0
13363,461,15.940909090909091,14.5,13.718571428571428,3.8,0.0,3.2,81.0
14263,461,15.9,14.276119402985074,13.508955223880596,3.6,0.0,3.2,82.0
15163,461,15.857142857142858,14.0,13.5,3.5,0.0,4.8,82.0
16063,461,15.82923076923077,30.5234375,24.7328125,3.5,0.0,8.0,82.0
16963,461,16.507575757575758,54.07352941176471,50.76323529411765,3.7,0.0,8.0,81.0
17863,461,17.301492537313433,56.21212121212121,51.48030303030303,3.8,0.0,9.7,81.0
18763,461,18.201612903225808,53.10869565217392,49.74927536231884,3.8,0.0,8.0,81.0
19663,461,18.665671641791043,40.19230769230769,36.581538461538464,3.4,0.0,8.0,83.0
20563,461,18.7,34.81060606060606,32.38484848484849,3.6,0.0,14.5,83.0
21463,461,18.64918032786885,29.426470588235293,27.63823529411765,4.1,0.0,16.1,80.0
22363,461,18.485714285714288,29.2089552238806,28.332835820895525,4.0,0.0,12.9,80.0
23263,461,18.332786885245905,26.195652173913043,26.394202898550724,4.2,0.0,11.3,78.0
24163,461,17.103125,26.53623188405797,25.565217391304348,4.6,0.0,14.5,76.0
25063,461,17.147692307692306,23.29365079365079,21.91269841269841,4.4,9.0,9.7,78.0
25963,461,17.03846153846154,19.64516129032258,18.26290322580645,4.4,16.0,12.9,78.0
26863,461,16.903125,17.708955223880597,16.8044776119403,4.3,23.0,12.9,78.0
27763,461,16.771875,16.640625,15.9578125,4.4,21.0,16.1,78.0
28663,461,16.636507936507936,15.92537313432836,15.365671641791044,4.3,28.0,16.1,79.0
29563,461,16.504615384615384,15.5,14.94782608695652,4.5,30.0,20.9,78.0
30463,461,16.391044776119404,15.095238095238097,14.70952380952381,5.1,40.0,22.5,75.0
31363,461,16.29032258064516,15.0,14.5,5.1,39.0,19.3,76.0
32263,461,16.2,15.0,14.349230769230768,4.9,42.0,19.3,77.0
33163,461,16.138805970149257,14.656716417910449,14.3,5.1,37.0,24.1,76.0
34063,461,16.08970588235294,14.5,14.052941176470588,4.8,44.0,16.1,79.0
34963,461,16.0,14.5,14.0,4.8,79.0,16.1,79.0
35863,461,15.976119402985072,14.5,13.996969696969696,4.9,88.0,12.9,80.0
36763,461,15.9,14.5,13.861538461538462,4.9,88.0,14.5,81.0
37663,461,15.8984126984127,14.5,13.8,5.1,83.0,19.3,81.0
38563,461,15.801492537313433,14.5,13.8,5.1,90.0,19.3,80.0
39463,461,15.8,14.49264705882353,13.8,5.3,81.0,16.1,81.0
40363,461,15.735294117647058,14.23913043478261,13.8,5.4,121.0,17.7,81.0
41263,461,15.7,14.007462686567164,13.728358208955225,5.7,114.0,16.1,80.0
42163,461,15.7,14.0,13.527692307692307,5.8,125.0,11.3,81.0
43063,461,15.7,14.0,13.5,6.2,118.0,19.3,81.0
43963,461,15.7,14.0,13.5,6.3,186.0,19.3,82.0
44863,461,15.7,14.0,13.5,7.1,218.0,17.7,81.0
45763,461,15.692307692307692,14.0,13.5,7.7,329.0,17.7,79.0
46663,461,15.6,14.0,13.5,8.2,299.0,17.7,78.0
47563,461,15.6,14.0,13.5,8.4,353.0,20.9,77.0
48463,461,15.6,14.0,13.5,8.2,192.0,25.7,76.0
49363,461,15.6,14.0,13.5,8.3,188.0,25.7,77.0
50263,461,15.6,14.0,13.5,8.3,176.0,22.5,78.0
51163,461,15.6,14.0,13.5,8.3,139.0,22.5,78.0
52063,461,15.6,14.0,13.5,8.9,366.0,14.5,78.0
52963,461,15.533823529411766,14.0,13.5,9.9,418.0,14.5,73.0
53863,461,15.5,14.1864406779661,13.708474576271186,9.6,352.0,24.1,72.0
54763,461,15.5,14.34920634920635,13.714285714285714,10.2,682.0,20.9,73.0
55663,461,15.508823529411766,26.12295081967213,20.744262295081967,10.3,476.0,20.9,71.0
56563,461,16.044615384615383,50.78260869565217,48.04927536231884,10.2,387.0,20.9,72.0
57463,461,16.74264705882353,50.06153846153846,45.99076923076923,10.3,251.0,20.9,71.0
58363,461,17.623529411764707,55.56060606060606,51.93787878787879,10.2,200.0,17.7,72.0
59263,461,18.258064516129032,45.41044776119403,42.48059701492537,9.8,35.0,17.7,72.0
60163,461,18.46825396825397,42.45238095238095,40.48095238095238,9.6,53.0,16.1,73.0
61063,461,18.465573770491805,36.71969696969697,35.17878787878788,8.9,40.0,16.1,79.0
61963,461,18.34,34.28358208955224,32.82388059701493,8.7,65.0,11.3,82.0
62863,461,18.17878787878788,28.407692307692308,27.59230769230769,8.4,62.0,9.7,85.0
63763,461,17.996875,26.07936507936508,25.19047619047619,8.4,90.0,17.7,85.0
64663,461,17.730769230769234,25.0234375,24.0578125,8.6,77.0,20.9,85.0
65563,461,17.523636363636363,39.79230769230769,33.512307692307694,8.7,113.0,19.3,84.0
66463,461,17.939215686274512,58.82786885245902,54.1,8.9,98.0,12.9,84.0
67363,461,18.5561403508772,57.960317460317455,53.80317460317461,9.0,81.0,9.7,83.0
68263,461,18.95,48.72222222222222,46.71111111111111,9.2,76.0,4.8,83.0
69163,461,19.01904761904762,40.15873015873016,38.53333333333333,9.2,53.0,8.0,83.0
70063,461,18.863636363636363,32.69672131147541,31.411475409836065,8.9,21.0,9.7,83.0
70963,461,18.55333333333333,28.509090909090908,27.09818181818182,8.7,16.0,6.4,84.0
71863,461,18.520833333333336,54.79807692307693,47.925,8.3,5.0,4.8,85.0
72763,461,19.1225,60.01639344262295,55.954098360655735,8.2,0.0,6.4,86.0
73663,461,19.56122448979592,43.88888888888889,43.21296296296296,8.1,0.0,4.8,86.0
74563,461,19.495,34.88,34.532,8.6,0.0,8.0,83.0
75463,461,19.26744186046512,32.86666666666667,32.38,8.6,0.0,6.4,83.0
76363,461,19.002857142857145,32.7875,31.865,8.6,0.0,8.0,83.0
77263,461,18.77826086956522,31.74590163934426,30.475409836065573,8.5,0.0,6.4,84.0
78163,461,18.56590909090909,26.39830508474576,23.54576271186441,8.6,0.0,3.2,84.0
79063,461,18.352941176470587,20.97222222222222,18.74074074074074,8.9,0.0,6.4,83.0
79963,461,18.167567567567566,19.634615384615383,19.505769230769232,9.2,0.0,16.1,82.0
80863,461,18.06458333333333,19.423076923076923,19.57884615384616,9.3,0.0,22.5,80.0
81763,461,17.825531914893617,17.472727272727273,16.907272727272726,9.2,0.0,19.3,81.0
82663,461,17.635555555555555,16.568965517241377,15.939655172413794,9.1,0.0,9.7,82.0
83563,461,17.557894736842105,17.216417910447763,17.46716417910448,9.0,0.0,11.3,82.0
84463,461,17.446666666666665,16.5859375,16.1203125,8.9,0.0,14.5,82.0
85363,461,17.341176470588234,16.0,15.506349206349208,9.1,0.0,20.9,82.0
86263,461,17.24838709677419,15.830985915492956,15.3,8.9,0.0,11.3,81.0
763,462,17.163636363636364,15.5,15.02,8.8,0.0,9.7,81.0
1663,462,17.0625,15.5,15.0,8.8,0.0,16.1,80.0
2563,462,16.991803278688526,15.5,14.86875,8.7,0.0,17.7,80.0
3463,462,16.9,15.732876712328766,15.368493150684932,8.4,0.0,19.3,82.0
4363,462,16.89076923076923,15.5,14.936111111111112,8.5,0.0,16.1,82.0
5263,462,16.8,15.475409836065577,14.795081967213116,8.4,0.0,22.5,82.0
6163,462,16.76615384615385,15.041666666666666,14.504166666666666,8.4,0.0,22.5,83.0
7063,462,16.7,15.0,14.5,8.2,0.0,19.3,83.0
7963,462,,,,8.3,0.0,19.3,82.0
8863,462,,,,8.3,0.0,20.9,81.0
9763,462,,,,8.2,0.0,22.5,82.0
10663,462,16.5,15.0,14.3,8.3,0.0,24.1,81.0
11563,462,16.433823529411764,15.0,14.3,8.2,0.0,24.1,81.0
12463,462,16.4,15.0,14.3,8.2,0.0,25.7,81.0
13363,462,16.3671875,15.0,14.3,8.1,0.0,24.1,81.0
14263,462,16.3,15.0,14.3,8.1,0.0,25.7,81.0
15163,462,16.291176470588233,14.8955223880597,14.14776119402985,8.0,0.0,22.5,81.0
16063,462,16.24848484848485,31.713235294117645,25.76323529411765,7.8,0.0,20.9,82.0
16963,462,16.943939393939395,54.0,51.23538461538461,7.8,0.0,25.7,82.0
17863,462,17.63968253968254,50.30147058823529,47.47941176470589,6.7,0.0,20.9,86.0
18763,462,18.32,56.34722222222221,52.08055555555556,6.6,0.0,19.3,87.0
19663,462,18.94920634920635,43.2258064516129,40.26935483870968,7.0,0.0,17.7,85.0
20563,462,19.1,39.0546875,36.9046875,7.1,0.0,16.1,85.0
21463,462,19.020289855072463,35.35384615384616,33.95692307692308,7.2,0.0,20.9,84.0
22363,462,18.90322580645161,33.73571428571428,31.67714285714285,7.1,0.0,16.1,84.0
23263,462,18.763076923076923,31.427419354838708,28.19193548387097,7.1,0.0,17.7,84.0
24163,462,18.57894736842105,27.77692307692308,26.63384615384616,7.0,5.0,14.5,85.0
25063,462,18.366666666666667,24.13432835820896,23.201492537313435,6.4,21.0,17.7,86.0
25963,462,17.98235294117647,22.258064516129032,20.65322580645161,6.2,18.0,16.1,88.0
26863,462,17.71044776119403,54.41666666666666,48.86969696969697,6.9,47.0,19.3,87.0
27763,462,17.9828125,55.02307692307693,51.93230769230769,7.3,77.0,17.7,86.0
28663,462,18.17536231884058,54.5,51.98676470588235,7.8,70.0,16.1,85.0
29563,462,18.33428571428572,51.919117647058826,49.201470588235296,7.8,83.0,14.5,85.0
30463,462,18.18115942028985,46.203125,43.846875,7.9,83.0,12.9,86.0
31363,462,17.93846153846154,43.16417910447761,40.94626865671641,8.1,95.0,14.5,86.0
32263,462,18.285714285714285,38.74242424242424,36.96666666666667,8.2,93.0,11.3,85.0
33163,462,18.483050847457623,38.00757575757576,36.16515151515152,8.3,84.0,12.9,85.0
34063,462,18.6,36.60144927536232,34.99855072463768,8.4,109.0,12.9,85.0
34963,462,18.6,37.17910447761194,35.502985074626864,8.4,118.0,12.9,85.0
35863,462,18.595384615384614,35.65833333333333,34.56,8.6,134.0,12.9,85.0
36763,462,18.48181818181818,32.68181818181818,30.73333333333333,8.7,139.0,12.9,85.0
37663,462,18.374193548387098,24.0234375,22.6640625,8.9,155.0,11.3,85.0
38563,462,18.21186440677966,19.84375,19.33125,8.9,151.0,14.5,84.0
39463,462,18.04,23.557142857142857,22.64142857142857,9.1,160.0,9.7,84.0
40363,462,17.925396825396824,32.93076923076923,30.264615384615382,9.2,160.0,6.4,83.0
41263,462,18.02203389830509,38.25806451612903,34.86290322580645,9.6,183.0,8.0,82.0
42163,462,18.22903225806452,33.66935483870968,32.02903225806452,9.7,195.0,6.4,82.0
43063,462,18.36229508196721,31.3135593220339,29.85593220338983,9.9,195.0,6.4,81.0
43963,462,18.267692307692307,30.3984375,29.4375,9.9,181.0,6.4,80.0
44863,462,18.15084745762712,29.2734375,28.409375,10.2,221.0,6.4,81.0
45763,462,17.901694915254236,29.917910447761194,28.78208955223881,10.4,232.0,4.8,80.0
46663,462,17.7,29.8828125,28.5546875,10.6,234.0,8.0,79.0
47563,462,17.56779661016949,30.74242424242424,29.2469696969697,10.7,237.0,6.4,79.0
48463,462,17.19056603773585,29.27777777777778,28.26190476190476,10.9,257.0,8.0,79.0
49363,462,17.326923076923077,30.189393939393938,27.35,10.8,227.0,6.4,78.0
50263,462,17.562121212121212,29.171875,27.8421875,10.9,229.0,4.8,78.0
51163,462,17.7,28.7421875,27.5109375,11.1,241.0,3.2,78.0
52063,462,17.796666666666667,27.75,26.79375,11.1,225.0,8.0,76.0
52963,462,17.8,28.037313432835823,26.861194029850747,11.0,207.0,8.0,77.0
53863,462,17.8,27.59701492537313,26.646268656716416,10.9,156.0,4.8,79.0
54763,462,17.798550724637682,28.40625,27.178125,10.7,141.0,6.4,79.0
55663,462,17.725396825396825,34.76865671641791,31.1179104477612,10.6,107.0,8.0,79.0
56563,462,18.2140350877193,54.6969696969697,52.874242424242425,10.4,130.0,8.0,81.0
57463,462,19.061818181818182,40.0390625,37.23125,9.7,91.0,9.7,85.0
58363,462,19.455384615384617,34.02542372881356,32.63220338983051,9.3,79.0,12.9,87.0
59263,462,19.3530303030303,29.48412698412698,27.655555555555555,8.8,86.0,11.3,90.0
60163,462,19.467741935483872,53.17272727272727,46.99636363636363,8.7,105.0,11.3,92.0
61063,462,19.77833333333333,42.3359375,38.8625,8.6,98.0,12.9,92.0
61963,462,19.8,38.56153846153846,35.67384615384616,8.6,105.0,11.3,92.0
62863,462,19.73030303030303,27.81538461538461,26.947692307692307,8.3,37.0,9.7,90.0
63763,462,19.476190476190474,21.910714285714285,20.13571428571429,8.2,21.0,9.7,90.0
64663,462,19.203225806451613,20.18181818181818,20.20757575757576,8.2,21.0,9.7,90.0
65563,462,18.92105263157895,20.90625,21.3203125,8.2,23.0,9.7,90.0
66463,462,18.7,27.443548387096776,25.26129032258065,8.1,19.0,8.0,91.0
67363,462,18.764150943396224,41.656716417910445,37.22238805970149,8.1,23.0,8.0,90.0
68263,462,19.01290322580645,36.15909090909091,33.71666666666667,8.0,26.0,9.7,89.0
69163,462,19.17586206896552,38.5530303030303,35.77424242424242,7.9,14.0,8.0,90.0
70063,462,19.25,31.508333333333333,28.66166666666667,7.8,7.0,6.4,92.0
70963,462,19.171929824561403,23.85606060606061,21.23030303030303,7.8,5.0,4.8,92.0
71863,462,19.009375,20.966666666666665,20.30166666666667,7.6,0.0,0.0,92.0
72763,462,18.7758064516129,20.63636363636364,19.704545454545453,7.6,0.0,1.6,92.0
73663,462,18.55454545454545,23.166666666666664,22.73787878787879,7.6,0.0,3.2,93.0
74563,462,18.375806451612902,22.088709677419352,21.441935483870967,7.6,0.0,0.0,93.0
75463,462,18.201492537313435,21.559322033898304,20.835593220338986,7.4,0.0,0.0,93.0
76363,462,18.052307692307693,22.41044776119403,20.86268656716418,7.4,0.0,0.0,93.0
77263,462,17.986567164179103,23.045454545454547,19.422727272727272,7.3,0.0,0.0,94.0
78163,462,17.8859375,18.984375,17.4796875,7.3,0.0,0.0,94.0
79063,462,17.784848484848485,18.0625,17.3015625,7.2,0.0,0.0,94.0
79963,462,17.7,17.18939393939394,16.636363636363637,7.2,0.0,1.6,94.0
80863,462,17.7,17.46212121212121,17.169696969696968,7.1,0.0,1.6,94.0
81763,462,17.7,16.764705882352942,16.19705882352941,7.1,0.0,4.8,94.0
82663,462,17.7,16.5,15.85,7.2,0.0,6.4,94.0
83563,462,17.62258064516129,16.14179104477612,15.62537313432836,7.2,0.0,4.8,94.0
84463,462,17.6,16.0,15.5,7.3,0.0,6.4,94.0
85363,462,17.536764705882355,16.0,15.418181818181818,7.3,0.0,8.0,94.0
86263,462,17.5,16.0,15.3,7.3,0.0,8.0,95.0
763,463,17.432352941176468,16.0,15.3,7.3,0.0,8.0,95.0
1663,463,17.4,16.0,15.3,7.1,0.0,6.4,96.0
2563,463,17.35,15.795454545454549,15.190909090909091,7.1,0.0,6.4,96.0
3463,463,17.3,15.514285714285714,15.0,7.0,0.0,4.8,96.0
4363,463,17.298461538461538,15.5,15.0,6.9,0.0,6.4,96.0
5263,463,17.2,15.5,15.0,6.8,0.0,8.0,95.0
6163,463,17.2,15.5,15.0,6.9,0.0,6.4,95.0
7063,463,17.155384615384616,15.5,15.0,6.8,0.0,1.6,96.0
7963,463,17.1,15.5,15.0,6.7,0.0,1.6,95.0
8863,463,17.1,15.5,15.0,6.7,0.0,1.6,95.0
9763,463,17.00161290322581,15.5,15.0,6.7,0.0,3.2,95.0
10663,463,17.0,15.5,14.946268656716418,6.6,0.0,4.8,94.0
11563,463,16.926470588235293,15.5,14.8,6.3,0.0,3.2,94.0
12463,463,16.9,15.5,14.8,6.3,0.0,3.2,95.0
13363,463,16.9,15.5,14.8,6.2,0.0,3.2,95.0
14263,463,16.813432835820898,15.5,14.8,5.8,0.0,0.0,94.0
15163,463,16.8,15.5,14.8,5.9,0.0,4.8,95.0
16063,463,16.817910447761193,31.81159420289855,25.8,6.4,0.0,4.8,95.0
16963,463,17.392537313432836,52.767605633802816,50.92535211267606,6.5,0.0,6.4,94.0
17863,463,17.9625,46.8359375,44.1546875,6.8,0.0,6.4,93.0
18763,463,18.5703125,55.15753424657535,50.81369863013698,6.8,0.0,6.4,93.0
19663,463,19.14090909090909,42.463235294117645,38.847058823529416,6.8,0.0,6.4,92.0
20563,463,19.3,38.11029411764706,36.188235294117646,6.8,0.0,6.4,93.0
21463,463,19.3,35.26086956521739,34.00434782608696,6.7,0.0,8.0,93.0
22363,463,19.215254237288136,31.82089552238806,30.8,6.6,0.0,8.0,92.0
23263,463,19.04074074074074,24.65,23.754285714285714,6.7,0.0,6.4,93.0
24163,463,18.78032786885246,21.932835820895523,20.91343283582089,6.7,7.0,6.4,93.0
25063,463,18.66595744680852,25.389705882352946,24.32647058823529,6.7,14.0,6.4,93.0
25963,463,19.76829268292683,25.10869565217392,25.413043478260867,6.7,14.0,6.4,93.0
26863,463,18.93111111111111,22.1231884057971,22.179710144927537,6.7,26.0,3.2,94.0
27763,463,18.69152542372881,20.266129032258064,20.35,6.7,25.0,4.8,94.0
28663,463,18.481159420289856,18.415384615384617,17.61846153846154,6.7,49.0,6.4,94.0
29563,463,18.26833333333333,17.31451612903226,16.60967741935484,6.8,76.0,4.8,94.0
30463,463,18.06379310344828,16.746031746031747,16.133333333333333,6.9,128.0,6.4,94.0
31363,463,17.904615384615386,16.5,15.893548387096777,7.0,121.0,9.7,93.0
32263,463,17.786153846153844,16.15671641791045,15.7955223880597,7.2,153.0,6.4,92.0
33163,463,17.7,16.0,15.508823529411766,7.7,355.0,8.0,90.0
34063,463,17.61090909090909,16.0,15.5,8.4,369.0,6.4,85.0
34963,463,17.593103448275862,16.0,15.359375,9.1,392.0,4.8,85.0
35863,463,17.5,16.0,15.3,9.6,471.0,6.4,84.0
36763,463,17.5,16.223880597014926,15.741791044776118,9.4,272.0,6.4,83.0
37663,463,17.5,16.415254237288135,16.032203389830507,10.0,378.0,6.4,81.0
38563,463,17.401612903225807,16.12878787878788,15.65,9.9,292.0,9.7,80.0
39463,463,17.324,16.0,15.435294117647056,9.8,364.0,6.4,80.0
40363,463,17.27413793103448,15.838709677419354,15.179032258064517,10.1,420.0,6.4,79.0
41263,463,17.260655737704916,15.73913043478261,15.191304347826089,10.3,394.0,6.4,79.0
42163,463,17.10952380952381,19.87878787878788,18.516666666666666,10.7,531.0,3.2,80.0
43063,463,17.09,39.19285714285714,32.787142857142854,11.0,218.0,4.8,74.0
43963,463,17.69,59.271186440677965,56.02372881355932,11.2,417.0,6.4,71.0
44863,463,17.978431372549018,56.75833333333334,54.33166666666667,10.9,174.0,6.4,72.0
45763,463,17.96,46.08461538461539,45.82923076923077,10.9,190.0,4.8,73.0
46663,463,17.547761194029853,36.47794117647059,35.76176470588236,10.9,156.0,3.2,72.0
47563,463,16.566666666666666,31.52777777777778,30.70740740740741,10.9,193.0,3.2,73.0
48463,463,16.35238095238095,29.241379310344826,28.717241379310344,10.9,199.0,1.6,74.0
49363,463,16.79122807017544,28.25,27.15,11.1,118.0,4.8,73.0
50263,463,16.9140350877193,34.32575757575758,30.51363636363636,11.0,146.0,4.8,74.0
51163,463,17.073684210526316,56.55072463768117,53.53478260869565,11.0,192.0,4.8,74.0
52063,463,17.492424242424242,55.583333333333336,52.42727272727272,10.9,113.0,4.8,74.0
52963,463,17.887096774193548,40.3046875,38.4171875,10.8,63.0,6.4,75.0
53863,463,18.125806451612902,41.41269841269842,38.92380952380952,10.6,84.0,4.8,77.0
54763,463,18.50166666666667,40.54032258064516,38.05483870967742,10.6,83.0,4.8,76.0
55663,463,18.69814814814815,40.69444444444444,37.727777777777774,10.7,63.0,4.8,76.0
56563,463,19.09729729729729,54.44354838709677,50.05,10.6,42.0,4.8,77.0
57463,463,19.60612244897959,58.141666666666666,53.865,10.7,91.0,4.8,81.0
58363,463,20.094736842105263,47.44202898550724,44.484057971014494,10.2,37.0,11.3,86.0
59263,463,20.2,38.723880597014926,36.73432835820896,9.4,62.0,6.4,90.0
60163,463,20.2,38.393442622950815,35.5672131147541,9.3,77.0,6.4,91.0
61063,463,20.18125,29.6640625,27.7765625,9.4,127.0,4.8,90.0
61963,463,20.014285714285712,24.253968253968253,22.85238095238095,9.6,111.0,6.4,88.0
62863,463,19.819230769230767,20.8015873015873,19.185714285714287,9.9,137.0,6.4,86.0
63763,463,19.584375,19.03846153846154,17.83076923076923,10.1,141.0,8.0,84.0
64663,463,19.34117647058824,22.316666666666663,21.53833333333333,10.6,135.0,6.4,81.0
65563,463,19.225,26.223076923076924,25.57230769230769,10.6,97.0,9.7,80.0
66463,463,19.18030303030303,27.387931034482754,26.49655172413793,10.3,30.0,9.7,82.0
67363,463,19.1,28.60869565217392,26.98550724637681,10.2,19.0,8.0,85.0
68263,463,19.1,26.453125,25.259375,9.6,49.0,8.0,87.0
69163,463,19.0,26.8203125,25.23125,9.5,42.0,6.4,86.0
70063,463,18.88769230769231,26.93076923076924,25.423076923076923,9.8,30.0,6.4,85.0
70963,463,18.8,29.0,27.05238095238095,9.7,16.0,6.4,84.0
71863,463,18.82884615384616,30.043859649122805,28.385964912280706,9.2,5.0,6.4,84.0
72763,463,18.9,30.981481481481485,29.86481481481481,9.1,0.0,6.4,85.0
73663,463,18.9,30.35714285714285,29.844444444444445,8.9,0.0,8.0,86.0
74563,463,18.9,30.417910447761194,29.807462686567163,8.8,0.0,6.4,86.0
75463,463,18.9,29.516949152542374,29.284745762711868,8.5,0.0,9.7,86.0
76363,463,18.8231884057971,28.883333333333333,28.42,8.3,0.0,9.7,87.0
77263,463,18.8,29.3359375,28.4140625,8.1,0.0,8.0,84.0
78163,463,18.753225806451614,25.088235294117645,23.147058823529413,8.1,0.0,8.0,83.0
79063,463,18.68030303030303,20.623076923076923,18.943076923076923,7.9,0.0,8.0,86.0
79963,463,18.6046875,20.73846153846154,21.123076923076923,7.8,0.0,9.7,88.0
80863,463,19.94126984126984,20.36428571428572,21.06428571428572,7.9,0.0,11.3,88.0
81763,463,19.8234375,19.126984126984127,18.94761904761905,8.0,0.0,11.3,89.0
82663,463,19.271212121212123,17.917910447761194,17.4044776119403,7.9,0.0,12.9,89.0
83563,463,18.72786885245901,17.419117647058822,16.841176470588234,7.9,0.0,11.3,89.0
84463,463,18.40615384615385,17.0,16.522727272727273,7.9,0.0,11.3,89.0
85363,463,18.23787878787879,17.0,16.403030303030302,7.8,0.0,11.3,90.0
86263,463,18.145901639344263,16.77941176470588,16.3,7.9,0.0,14.5,89.0
763,464,18.060344827586206,16.5,16.05909090909091,7.9,0.0,14.5,89.0
1663,464,17.992424242424242,16.5,16.0,7.7,0.0,11.3,90.0
2563,464,17.9,16.5,15.80923076923077,7.6,0.0,11.3,91.0
3463,464,17.84848484848485,16.5,15.8,7.5,0.0,8.0,91.0
4363,464,17.8,16.424242424242426,15.8,7.4,0.0,8.0,91.0
5263,464,17.763076923076923,16.0234375,15.5328125,6.8,0.0,8.0,92.0
6163,464,17.7,16.0,15.5,6.5,0.0,9.7,93.0
7063,464,17.7,16.0,15.5,6.4,0.0,9.7,94.0
7963,464,17.6046875,16.0,15.5,6.5,0.0,9.7,94.0
8863,464,17.6,16.0,15.496923076923077,6.4,0.0,9.7,95.0
9763,464,17.524242424242424,16.0,15.37878787878788,6.4,0.0,9.7,95.0
10663,464,17.5,16.0,15.3,6.1,0.0,8.0,95.0
11563,464,17.447692307692307,16.0,15.3,6.1,0.0,8.0,95.0
12463,464,17.4,16.0,15.3,5.9,0.0,6.4,95.0
13363,464,17.387878787878787,16.0,15.3,5.9,0.0,1.6,95.0
14263,464,17.3,16.0,15.3,5.6,0.0,1.6,96.0
15163,464,17.3,16.0,15.3,5.5,0.0,1.6,96.0
16063,464,17.316129032258065,37.0,30.17761194029851,5.6,0.0,1.6,96.0
16963,464,17.97462686567164,51.03787878787879,48.98181818181818,5.6,0.0,3.2,96.0
17863,464,18.56764705882353,47.2109375,43.1171875,5.3,0.0,4.8,96.0
18763,464,19.21538461538461,50.30882352941176,47.239705882352936,5.3,0.0,1.6,96.0
19663,464,19.663888888888888,35.67460317460318,33.11587301587302,5.4,0.0,1.6,96.0
20563,464,19.7,34.3421052631579,32.661403508771926,5.4,0.0,1.6,96.0
21463,464,19.61159420289855,34.514084507042256,33.82394366197183,5.2,0.0,0.0,96.0
22363,464,19.48035714285714,28.04032258064516,27.038709677419355,5.1,0.0,0.0,96.0
23263,464,19.3,21.98181818181818,21.47272727272728,5.0,5.0,1.6,96.0
24163,464,18.96296296296296,33.284615384615385,28.66307692307692,5.2,7.0,0.0,97.0
25063,464,17.61774193548387,37.93846153846154,36.46615384615384,5.4,21.0,1.6,97.0
25963,464,17.988888888888887,30.1,28.31230769230769,5.4,25.0,1.6,97.0
26863,464,18.29117647058824,23.932835820895523,21.928358208955224,5.7,47.0,0.0,97.0
27763,464,18.4,20.5,19.05322580645161,5.8,54.0,0.0,97.0
28663,464,18.35,18.782608695652176,17.843478260869567,6.4,63.0,0.0,97.0
29563,464,18.22615384615385,17.792307692307695,17.164615384615384,6.6,74.0,0.0,96.0
30463,464,18.11044776119403,17.242424242424242,16.727272727272727,6.9,91.0,1.6,96.0
31363,464,18.00597014925373,17.0,16.41044776119403,7.2,116.0,1.6,96.0
32263,464,17.913636363636364,16.528169014084504,16.2112676056338,7.7,125.0,0.0,94.0
33163,464,17.822222222222223,16.5,16.0,7.8,141.0,3.2,92.0
34063,464,17.754411764705882,16.5,15.89375,8.3,174.0,3.2,90.0
34963,464,17.7,16.407692307692308,15.8,8.5,167.0,4.8,89.0
35863,464,17.64126984126984,16.007042253521128,15.8,8.8,155.0,1.6,87.0
36763,464,17.6,16.0,15.63181818181818,8.8,146.0,1.6,87.0
37663,464,17.6,16.0,15.5,9.1,176.0,1.6,86.0
38563,464,17.588059701492536,16.0,15.5,9.2,178.0,3.2,86.0
39463,464,17.5,16.0,15.5,9.2,223.0,3.2,86.0
40363,464,17.5,16.0,15.5,9.4,188.0,1.6,85.0
41263,464,17.5,16.0,15.493548387096777,9.7,202.0,3.2,85.0
42163,464,17.5,16.0,15.336363636363638,9.7,236.0,4.8,84.0
43063,464,17.5,16.0,15.3,10.3,297.0,8.0,84.0
43963,464,17.40793650793651,16.0,15.3,10.2,225.0,9.7,83.0
44863,464,17.4,16.0,15.3,10.5,334.0,9.7,82.0
45763,464,17.393650793650792,16.0,15.3,11.2,541.0,8.0,80.0
46663,464,17.3,16.0,15.3,11.7,519.0,8.0,77.0
47563,464,17.3,15.93548387096774,15.3,11.6,448.0,9.7,81.0
48463,464,17.215873015873015,15.681818181818182,15.25,11.3,211.0,11.3,80.0
49363,464,17.2,15.5,15.008823529411766,11.1,127.0,9.7,81.0
50263,464,17.2,15.5,15.0,9.9,95.0,12.9,83.0
51163,464,17.16923076923077,15.5,15.0,9.6,174.0,11.3,84.0
52063,464,17.1,15.5,15.0,9.6,214.0,8.0,86.0
52963,464,17.1,15.5,15.0,9.6,148.0,8.0,86.0
53863,464,17.1,15.5,15.0,8.8,163.0,9.7,93.0
54763,464,17.1,15.5,15.0,8.8,153.0,12.9,94.0
55663,464,17.12878787878788,37.46969696969697,30.9969696969697,8.9,193.0,4.8,94.0
56563,464,17.7327868852459,52.507936507936506,50.920634920634924,9.1,624.0,1.6,92.0
57463,464,18.271875,44.53030303030303,43.0,10.6,594.0,4.8,88.0
58363,464,18.65735294117647,47.014925373134325,43.54029850746269,10.8,418.0,3.2,87.0
59263,464,19.13809523809524,43.30555555555556,39.676388888888894,11.6,577.0,4.8,83.0
60163,464,19.703030303030303,55.18840579710145,51.94202898550725,11.3,621.0,4.8,82.0
61063,464,20.066666666666663,45.23529411764706,42.56029411764706,10.3,79.0,6.4,87.0
61963,464,20.19811320754717,43.14705882352941,40.94264705882353,9.8,105.0,8.0,90.0
62863,464,20.15,31.71969696969697,28.118181818181817,9.3,160.0,4.8,92.0
63763,464,19.90655737704918,24.333333333333336,21.67936507936508,9.6,125.0,4.8,93.0
64663,464,19.59672131147541,20.859375,19.2671875,10.1,102.0,4.8,91.0
65563,464,19.27258064516129,19.044117647058822,18.06176470588236,9.9,83.0,6.4,91.0
66463,464,18.990625,21.61428571428572,21.01714285714285,10.1,139.0,4.8,89.0
67363,464,18.81290322580645,25.842105263157897,24.63157894736842,10.2,127.0,6.4,89.0
68263,464,18.7,27.0234375,25.8,10.0,107.0,8.0,90.0
69163,464,18.7,29.625,27.725,10.2,72.0,9.7,89.0
70063,464,18.7271186440678,31.384615384615387,28.35692307692308,9.0,44.0,4.8,91.0
70963,464,18.88428571428572,31.630769230769232,29.40153846153846,8.4,23.0,4.8,92.0
71863,464,18.94375,30.07258064516129,28.646774193548385,8.3,18.0,4.8,92.0
72763,464,18.88307692307692,30.6864406779661,28.88983050847457,8.6,0.0,6.4,92.0
73663,464,18.80731707317073,29.863636363636363,28.40681818181818,8.7,0.0,4.8,92.0
74563,464,,,,8.5,0.0,3.2,92.0
75463,464,,,,8.4,0.0,8.0,90.0
76363,464,,,,8.2,0.0,6.4,89.0
77263,464,,,,8.1,0.0,4.8,88.0
78163,464,,,,7.6,0.0,4.8,89.0
79063,464,,,,7.4,0.0,6.4,89.0
79963,464,17.7,18.95714285714286,18.217142857142857,7.2,0.0,8.0,88.0
80863,464,17.69857142857143,18.569230769230767,18.496923076923075,6.3,0.0,4.8,91.0
81763,464,17.615151515151517,18.0,17.8,5.4,0.0,6.4,93.0
82663,464,17.555882352941175,17.197183098591548,16.618309859154927,5.3,0.0,4.8,94.0
83563,464,17.49848484848485,16.75,16.14558823529412,4.6,0.0,3.2,96.0
84463,464,17.404347826086955,16.5,15.901492537313434,4.6,0.0,4.8,96.0
85363,464,17.377611940298507,16.5,15.8,4.2,0.0,6.4,97.0
86263,464,17.3,16.03846153846154,15.61076923076923,4.2,0.0,4.8,97.0
763,465,17.253030303030304,16.0,15.5,4.1,0.0,4.8,97.0
1663,465,17.2,16.0,15.5,4.1,0.0,4.8,97.0
2563,465,17.119999999999997,16.0,15.356716417910448,3.9,0.0,4.8,97.0
3463,465,17.07076923076923,16.0,15.3,3.9,0.0,3.2,98.0
4363,465,17.0,16.0,15.3,4.0,0.0,3.2,98.0
5263,465,16.940298507462686,16.0,15.3,4.1,0.0,3.2,98.0
6163,465,16.9,15.925531914893616,15.23617021276596,4.1,0.0,6.4,98.0
7063,465,16.846938775510203,15.515151515151516,15.0,4.1,0.0,11.3,98.0
7963,465,,,,4.0,0.0,12.9,98.0
8863,465,,,,4.1,0.0,11.3,98.0
9763,465,,,,4.1,0.0,11.3,98.0
10663,465,16.67704918032787,15.5,14.996363636363636,4.2,0.0,14.5,98.0
11563,465,16.6,15.5,14.841176470588234,4.3,0.0,11.3,98.0
12463,465,16.6,15.5,14.8,4.3,0.0,11.3,99.0
13363,465,16.515151515151516,15.5,14.8,4.4,0.0,12.9,98.0
14263,465,16.5,15.5,14.8,4.4,0.0,14.5,98.0
15163,465,16.451470588235292,15.5,14.8,4.6,0.0,14.5,99.0
16063,465,16.43,34.29230769230769,28.273846153846154,4.7,0.0,17.7,99.0
16963,465,16.97910447761194,53.62878787878788,51.21212121212121,4.7,0.0,12.9,99.0
17863,465,17.565625,46.52307692307692,43.65692307692308,4.7,0.0,17.7,99.0
18763,465,18.15,55.54545454545455,51.81060606060606,4.6,0.0,17.7,99.0
19663,465,18.68055555555556,43.54477611940298,41.6910447761194,4.6,0.0,17.7,99.0
20563,465,18.649253731343286,40.92537313432835,38.78805970149254,4.4,0.0,19.3,99.0
21463,465,18.56271186440678,31.54032258064516,30.6,4.3,0.0,20.9,99.0
22363,465,18.36,25.11864406779661,25.196610169491528,4.2,0.0,20.9,99.0
23263,465,18.11343283582089,21.261194029850746,20.044776119402982,4.2,0.0,17.7,99.0
24163,465,17.869565217391305,20.284615384615385,19.526153846153846,4.2,0.0,17.7,99.0
25063,465,17.661764705882355,25.15217391304348,23.720289855072465,4.3,0.0,17.7,99.0
25963,465,17.536231884057973,23.448529411764707,21.675,4.2,0.0,19.3,99.0
26863,465,17.41764705882353,19.661538461538463,18.287692307692307,4.2,5.0,14.5,99.0
27763,465,17.2796875,17.9375,17.015625,4.3,7.0,12.9,99.0
28663,465,17.17101449275362,17.069230769230767,16.341538461538462,4.3,11.0,16.1,99.0
29563,465,17.059701492537314,16.5,15.907462686567165,4.2,11.0,16.1,99.0
30463,465,16.964179104477612,16.1031746031746,15.6,4.3,21.0,17.7,99.0
31363,465,16.9,16.0,15.408196721311477,4.3,21.0,17.7,99.0
32263,465,16.8,15.93835616438356,15.3,4.3,35.0,17.7,99.0
33163,465,16.758208955223882,15.507142857142858,15.038571428571426,4.4,53.0,17.7,99.0
34063,465,16.698529411764707,15.5,15.0,4.5,54.0,14.5,99.0
34963,465,16.6,15.5,14.892537313432836,4.5,39.0,16.1,99.0
35863,465,16.58529411764706,15.5,14.8,4.5,39.0,16.1,99.0
36763,465,16.5,15.5,14.8,4.4,39.0,17.7,99.0
37663,465,16.5,15.5,14.8,4.4,39.0,17.7,99.0
38563,465,16.40615384615385,15.352941176470589,14.561764705882354,4.4,40.0,17.7,99.0
39463,465,16.4,15.0078125,14.5,4.5,39.0,17.7,99.0
40363,465,16.344285714285714,15.0,14.5,4.5,39.0,17.7,99.0
41263,465,16.3,15.0,14.5,4.4,46.0,17.7,99.0
42163,465,16.255072463768116,15.0,14.5,4.4,46.0,17.7,99.0
43063,465,16.2,15.0,14.398550724637682,4.4,46.0,17.7,99.0
43963,465,16.2,15.0,14.3,4.6,47.0,16.1,99.0
44863,465,16.11044776119403,15.0,14.3,4.6,42.0,19.3,99.0
45763,465,16.1,15.0,14.3,4.7,47.0,17.7,99.0
46663,465,16.04328358208955,15.0,14.3,4.7,47.0,17.7,99.0
47563,465,16.0,15.0,14.3,4.6,21.0,14.5,99.0
48463,465,15.997142857142856,15.0,14.291176470588235,4.6,21.0,14.5,99.0
49363,465,15.901408450704224,14.992424242424244,14.086363636363638,4.6,21.0,16.1,99.0
50263,465,15.9,14.712121212121213,14.0,4.6,21.0,16.1,99.0
51163,465,15.86764705882353,14.5,14.0,4.6,12.0,19.3,99.0
52063,465,15.8,14.5,14.0,4.6,21.0,17.7,99.0
52963,465,15.8,14.5,14.0,4.7,23.0,17.7,99.0
53863,465,15.764814814814816,14.5,14.0,4.7,19.0,16.1,99.0
54763,465,15.7,14.5,14.0,4.6,19.0,14.5,99.0
55663,465,15.72058823529412,35.62878787878788,28.9969696969697,4.6,19.0,14.5,99.0
56563,465,16.21846153846154,53.56060606060606,51.08030303030303,4.4,21.0,16.1,99.0
57463,465,16.83582089552239,56.68382352941177,52.47352941176471,4.4,21.0,16.1,99.0
58363,465,17.608064516129033,52.398305084745765,48.77796610169492,4.4,30.0,20.9,99.0
59263,465,17.9,39.81060606060606,36.089393939393936,4.4,23.0,17.7,99.0
60163,465,17.8921875,36.609375,34.48125,4.4,19.0,17.7,99.0
61063,465,17.734426229508195,26.96923076923077,24.095384615384614,4.3,14.0,19.3,99.0
61963,465,17.489705882352943,21.72058823529412,19.61911764705882,4.3,11.0,19.3,99.0
62863,465,17.21060606060606,18.97761194029851,17.767164179104476,4.3,14.0,19.3,99.0
63763,465,16.971875,23.46212121212121,22.7939393939394,4.3,12.0,20.9,99.0
64663,465,16.828125,31.310606060606062,27.35,4.3,7.0,17.7,99.0
65563,465,17.065625,57.03968253968255,51.023809523809526,4.4,5.0,20.9,99.0
66463,465,17.696666666666665,59.833333333333336,56.09545454545455,4.4,5.0,19.3,99.0
67363,465,18.263076923076923,60.708955223880594,56.94477611940298,4.4,5.0,17.7,99.0
68263,465,18.83859649122807,54.733870967741936,51.37903225806451,4.4,5.0,19.3,99.0
69163,465,19.0,46.34090909090909,43.6469696969697,4.4,5.0,20.9,99.0
70063,465,18.96923076923077,41.35606060606061,40.845454545454544,4.4,0.0,22.5,99.0
70963,465,18.79016393442623,31.177419354838708,30.38225806451613,4.4,0.0,19.3,99.0
71863,465,18.508928571428573,27.5,26.76774193548388,4.4,0.0,17.7,99.0
72763,465,18.211320754716983,26.92727272727273,25.87454545454545,4.4,0.0,17.7,99.0
73663,465,17.919999999999998,30.540983606557376,27.33606557377049,4.4,0.0,16.1,99.0
74563,465,18.125,57.67796610169491,52.04237288135594,4.5,0.0,14.5,99.0
75463,465,18.93076923076924,49.25,46.656451612903226,4.5,0.0,19.3,99.0
76363,465,19.25555555555556,48.43650793650794,46.07142857142857,4.5,0.0,12.9,99.0
77263,465,19.38360655737705,45.50757575757576,42.37121212121212,4.5,0.0,12.9,99.0
78163,465,19.35820895522388,36.11904761904762,32.03492063492063,4.6,0.0,11.3,99.0
79063,465,19.13731343283582,27.16923076923077,24.44,4.6,0.0,14.5,99.0
79963,465,18.91212121212121,24.135135135135137,25.275675675675675,4.6,0.0,11.3,99.0
80863,465,19.03235294117647,22.07971014492754,23.336231884057973,4.6,0.0,12.9,99.0
81763,465,19.40597014925373,20.49275362318841,21.065217391304348,4.6,0.0,11.3,99.0
82663,465,18.7203125,18.746153846153845,18.155384615384616,4.6,0.0,12.9,99.0
83563,465,18.272058823529413,17.66949152542373,17.040677966101693,4.6,0.0,12.9,99.0
84463,465,17.985,17.03125,16.3171875,4.7,0.0,12.9,99.0
85363,465,17.776923076923076,16.507575757575758,15.915151515151516,4.7,0.0,11.3,99.0
86263,465,17.583076923076923,16.276119402985074,15.652238805970148,4.7,0.0,11.3,99.0
763,466,17.412857142857142,16.0,15.423529411764708,4.7,0.0,11.3,99.0
1663,466,17.259375,16.0,15.272727272727272,4.8,0.0,9.7,99.0
2563,466,17.143939393939394,15.611940298507465,15.0,4.8,0.0,11.3,99.0
3463,466,17.03076923076923,15.5,15.0,4.8,0.0,11.3,99.0
4363,466,16.927692307692308,15.5,14.832876712328764,4.8,0.0,9.7,99.0
5263,466,16.863492063492064,15.5,14.8,4.8,0.0,9.7,99.0
6163,466,16.8,15.5,14.8,4.7,0.0,11.3,99.0
7063,466,,,,4.7,0.0,11.3,99.0
7963,466,,,,4.7,0.0,11.3,99.0
8863,466,,,,4.7,0.0,11.3,99.0
9763,466,,,,4.7,0.0,9.7,99.0
10663,466,16.5,15.0,14.371428571428572,4.6,0.0,9.7,99.0
11563,466,16.45,15.0,14.3,4.6,0.0,9.7,99.0
12463,466,16.4,15.0,14.3,4.6,0.0,9.7,99.0
13363,466,16.35625,15.0,14.3,4.6,0.0,9.7,99.0
14263,466,16.3,15.0,14.3,4.6,0.0,9.7,99.0
15163,466,16.256060606060608,15.0,14.3,4.6,0.0,9.7,99.0
16063,466,16.26271186440678,36.060344827586206,29.5,4.6,0.0,9.7,99.0
16963,466,17.0,52.13461538461538,49.886538461538464,4.6,0.0,9.7,99.0
17863,466,17.739393939393942,47.88059701492537,43.88656716417911,4.6,0.0,9.7,99.0
18763,466,18.33432835820896,54.66923076923077,49.99692307692308,4.6,0.0,9.7,99.0
19663,466,18.73529411764705,47.28358208955224,42.71791044776119,4.6,0.0,9.7,99.0
20563,466,19.15,44.97692307692308,42.59538461538462,4.6,0.0,9.7,99.0
21463,466,19.2828125,38.80434782608695,35.25942028985507,4.7,21.0,8.0,99.0
22363,466,19.11492537313433,28.144927536231883,25.05942028985508,4.7,21.0,8.0,99.0
23263,466,18.82769230769231,22.907692307692308,21.83076923076923,4.7,21.0,8.0,99.0
24163,466,18.73492063492064,21.73913043478261,21.48985507246377,4.7,21.0,8.0,99.0
25063,466,18.5875,23.237704918032787,24.31639344262295,4.7,21.0,8.0,99.0
25963,466,18.265454545454546,19.852459016393443,19.549180327868854,4.7,21.0,8.0,99.0
26863,466,17.925,17.746153846153845,16.89846153846154,4.7,21.0,8.0,99.0
27763,466,17.603125,16.78125,16.015625,4.7,21.0,8.0,99.0
28663,466,17.33970588235294,16.2734375,15.6125,4.7,21.0,8.0,99.0
29563,466,17.128358208955223,16.0,15.361764705882354,4.7,21.0,8.0,99.0
30463,466,16.943939393939395,15.666666666666666,15.15909090909091,4.7,21.0,8.0,99.0
31363,466,16.816666666666666,15.5,14.997222222222224,4.8,28.0,8.0,100.0
32263,466,16.71363636363636,15.5,14.809375,4.9,32.0,11.3,100.0
33163,466,16.607575757575756,15.5,14.8,4.9,35.0,11.3,100.0
34063,466,16.52941176470588,15.24264705882353,14.694117647058825,4.9,39.0,12.9,100.0
34963,466,16.484285714285715,15.0,14.5,4.9,49.0,14.5,100.0
35863,466,16.4,15.0,14.5,5.1,62.0,12.9,99.0
36763,466,16.4,15.0,14.5,5.2,77.0,11.3,100.0
37663,466,16.30144927536232,15.0,14.5,5.3,91.0,12.9,99.0
38563,466,16.2890625,15.0,14.43235294117647,5.3,125.0,16.1,99.0
39463,466,16.2,15.0,14.3,5.4,79.0,12.9,100.0
40363,466,16.2,15.0,14.3,5.4,88.0,11.3,99.0
41263,466,16.186567164179102,15.0,14.3,5.3,93.0,14.5,99.0
42163,466,16.1,15.0,14.3,5.3,102.0,17.7,99.0
43063,466,16.1,15.0,14.3,5.4,156.0,19.3,99.0
43963,466,16.1,15.0,14.3,5.3,142.0,19.3,99.0
44863,466,16.00597014925373,15.0,14.3,5.5,125.0,17.7,98.0
45763,466,16.0,14.818181818181818,14.209090909090907,5.7,139.0,14.5,98.0
46663,466,15.971212121212124,14.544117647058822,14.013235294117646,5.4,132.0,17.7,97.0
47563,466,15.9,14.5,14.0,5.4,137.0,19.3,97.0
48463,466,15.9,14.5,14.0,5.7,111.0,12.9,97.0
49363,466,15.840579710144928,14.5,14.0,5.6,128.0,14.5,96.0
50263,466,15.8,14.5,14.0,5.6,91.0,16.1,95.0
51163,466,15.8,14.5,14.0,5.6,107.0,17.7,95.0
52063,466,15.74626865671642,14.5,14.0,5.7,125.0,17.7,95.0
52963,466,15.7,14.5,14.0,5.7,121.0,17.7,94.0
53863,466,15.7,14.5,13.99344262295082,5.7,97.0,16.1,94.0
54763,466,15.62622950819672,14.5,13.867857142857142,5.7,84.0,14.5,94.0
55663,466,15.651785714285714,36.27205882352941,29.86617647058824,5.6,81.0,16.1,94.0
56563,466,16.253846153846155,53.31343283582089,51.24776119402985,5.6,91.0,17.7,94.0
57463,466,16.96825396825397,55.40476190476191,51.953968253968256,5.6,86.0,14.5,94.0
58363,466,17.843103448275862,53.95652173913044,50.49710144927536,5.6,77.0,14.5,94.0
59263,466,18.33015873015873,40.1231884057971,36.69565217391305,5.4,74.0,14.5,94.0
60163,466,18.4,36.4140625,34.690625,5.3,74.0,16.1,94.0
61063,466,18.30212765957447,27.056451612903224,24.35483870967742,5.3,65.0,14.5,94.0
61963,466,18.02063492063492,22.3968253968254,21.28095238095237,5.2,53.0,14.5,94.0
62863,466,17.675409836065576,22.46212121212121,21.74848484848485,5.1,53.0,16.1,95.0
63763,466,17.385714285714286,23.43846153846154,22.57076923076923,5.1,46.0,17.7,95.0
64663,466,17.155555555555555,23.297101449275363,22.42028985507246,5.0,37.0,14.5,95.0
65563,466,16.960377358490568,23.594827586206897,22.51034482758621,4.9,26.0,16.1,95.0
66463,466,16.83968253968254,22.932835820895523,22.06716417910448,4.8,19.0,12.9,96.0
67363,466,16.736363636363638,25.796875,23.2078125,4.7,19.0,12.9,96.0
68263,466,16.984126984126984,55.10655737704919,47.51639344262295,4.6,14.0,12.9,96.0
69163,466,18.119696969696967,60.43283582089553,56.329850746268654,4.5,9.0,16.1,96.0
70063,466,19.0125,61.26923076923077,57.26461538461539,4.4,7.0,11.3,97.0
70963,466,19.625806451612902,59.04032258064516,55.70322580645161,4.3,5.0,16.1,97.0
71863,466,19.990625,59.8560606060606,56.43636363636364,4.3,0.0,14.5,97.0
72763,466,20.20677966101695,60.34615384615385,56.17384615384616,4.2,0.0,14.5,97.0
73663,466,20.44754098360656,58.21929824561404,55.140350877192986,4.2,0.0,14.5,97.0
74563,466,20.4578125,59.4375,56.40625,4.2,0.0,12.9,97.0
75463,466,20.571428571428573,59.63970588235294,56.713235294117645,4.2,0.0,14.5,97.0
76363,466,20.678688524590164,55.88636363636364,53.57575757575758,4.2,0.0,11.3,97.0
77263,466,20.54848484848485,47.5078125,44.9046875,4.2,0.0,12.9,97.0
78163,466,20.27692307692308,38.45384615384616,35.903076923076924,4.2,0.0,11.3,98.0
79063,466,19.87741935483871,29.071428571428573,27.33015873015873,4.1,0.0,12.9,98.0
79963,466,19.463235294117645,24.573529411764707,24.95,4.1,0.0,12.9,98.0
80863,466,19.1463768115942,22.2536231884058,23.166666666666664,4.0,0.0,14.5,98.0
81763,466,18.82985074626865,19.607692307692307,18.404615384615383,4.0,0.0,11.3,98.0
82663,466,18.513432835820897,17.90714285714286,16.84857142857143,4.1,0.0,11.3,98.0
83563,466,18.22647058823529,17.0,16.178260869565218,4.0,0.0,11.3,98.0
84463,466,17.985714285714288,16.5,15.73913043478261,4.1,0.0,9.7,98.0
85363,466,17.766666666666666,16.05072463768116,15.436231884057973,4.2,0.0,12.9,98.0
86263,466,17.58153846153846,16.0,15.238095238095235,4.2,0.0,12.9,98.0
763,467,17.421212121212122,15.607142857142858,15.0,4.2,0.0,14.5,98.0
1663,467,17.263235294117646,15.5,14.82941176470588,4.3,0.0,17.7,98.0
2563,467,17.144776119402984,15.5,14.8,4.3,0.0,16.1,98.0
3463,467,17.019117647058824,15.5,14.64776119402985,4.3,0.0,17.7,98.0
4363,467,16.91076923076923,15.294520547945206,14.5,4.3,0.0,14.5,98.0
5263,467,16.83582089552239,15.0,14.5,4.3,0.0,12.9,98.0
6163,467,16.78125,15.0,14.419354838709676,4.3,0.0,12.9,99.0
7063,467,,,,4.3,0.0,11.3,99.0
7963,467,,,,4.3,0.0,12.9,99.0
8863,467,,,,4.3,0.0,12.9,99.0
9763,467,,,,4.3,0.0,12.9,99.0
10663,467,16.424561403508772,15.0,14.0375,4.3,0.0,14.5,99.0
11563,467,16.4,15.0,14.0,4.3,0.0,16.1,99.0
12463,467,16.322857142857142,14.793650793650793,14.0,4.4,0.0,12.9,99.0
13363,467,16.292537313432838,14.5,14.0,4.3,0.0,14.5,99.0
14263,467,16.2,14.5,14.0,4.3,0.0,12.9,99.0
15163,467,16.2,14.5,13.976119402985072,4.4,0.0,12.9,99.0
16063,467,16.208955223880597,34.529411764705884,28.627941176470586,4.4,0.0,11.3,99.0
16963,467,17.130769230769232,50.19014084507042,50.21690140845071,4.4,0.0,12.9,99.0
17863,467,17.84776119402985,41.45652173913044,41.22753623188406,4.4,0.0,14.5,99.0
18763,467,18.389855072463767,47.70588235294117,46.78823529411765,4.3,0.0,16.1,99.0
19663,467,18.85757575757576,33.7,33.88461538461539,4.3,0.0,16.1,99.0
20563,467,18.769565217391303,32.35074626865672,31.855223880597016,4.3,0.0,16.1,99.0
21463,467,18.947692307692307,48.3768115942029,45.44492753623188,4.3,0.0,14.5,99.0
22363,467,19.1,46.13380281690141,43.54647887323944,4.3,0.0,14.5,99.0
23263,467,19.1859375,39.87121212121212,39.52878787878788,4.3,0.0,16.1,99.0
24163,467,19.04090909090909,32.65873015873016,32.473015873015875,4.3,7.0,17.7,99.0
25063,467,18.71791044776119,27.2109375,25.2203125,4.4,16.0,16.1,99.0
25963,467,18.524242424242424,22.611940298507463,20.36567164179105,4.4,19.0,16.1,98.0
26863,467,18.292424242424243,19.35074626865672,18.05223880597015,4.4,49.0,16.1,98.0
27763,467,18.040298507462687,17.833333333333336,16.925757575757576,4.6,65.0,12.9,98.0
28663,467,17.79264705882353,17.00735294117647,16.27647058823529,4.7,65.0,12.9,98.0
29563,467,17.56818181818182,16.5,15.865625,4.8,69.0,12.9,97.0
30463,467,17.350746268656714,16.007575757575758,15.46818181818182,5.2,98.0,12.9,96.0
31363,467,17.17462686567164,15.992537313432836,15.3,5.3,121.0,14.5,95.0
32263,467,17.02463768115942,15.529850746268655,15.044776119402986,5.5,132.0,14.5,94.0
33163,467,16.88955223880597,15.5,15.0,5.4,98.0,16.1,94.0
34063,467,16.797142857142855,15.5,14.932307692307692,5.5,109.0,16.1,94.0
34963,467,16.701470588235292,15.5,14.8,5.5,76.0,16.1,94.0
35863,467,16.603076923076923,15.5,14.8,5.4,63.0,12.9,94.0
36763,467,16.534328358208956,15.196969696969695,14.763636363636362,5.5,76.0,11.3,94.0
37663,467,16.491044776119402,15.0,14.5,5.5,120.0,17.7,93.0
38563,467,16.4,15.0,14.5,5.6,86.0,17.7,93.0
39463,467,16.355714285714285,15.0,14.5,5.6,81.0,12.9,93.0
40363,467,16.3,15.0,14.474603174603176,5.4,74.0,16.1,92.0
41263,467,16.236231884057972,15.0,14.310169491525423,5.5,74.0,12.9,92.0
42163,467,16.2,15.0,14.3,5.3,62.0,16.1,94.0
43063,467,16.161764705882355,15.0,14.3,5.2,63.0,16.1,94.0
43963,467,16.1,15.0,14.3,5.0,69.0,12.9,95.0
44863,467,16.084375,15.0,14.3,4.9,81.0,17.7,95.0
45763,467,16.0,15.0,14.3,4.9,51.0,19.3,95.0
46663,467,16.0,14.724637681159418,14.08695652173913,5.0,76.0,17.7,95.0
47563,467,15.905882352941177,14.5,14.0,4.9,63.0,19.3,95.0
48463,467,15.9,14.5,14.0,4.9,74.0,19.3,95.0
49363,467,15.818840579710145,14.5,14.0,5.0,74.0,19.3,94.0
50263,467,15.8,14.5,14.0,4.9,49.0,17.7,95.0
51163,467,15.795454545454549,14.5,14.0,4.9,42.0,16.1,95.0
52063,467,15.706060606060609,14.5,13.994117647058824,4.8,53.0,19.3,94.0
52963,467,15.7,14.5,13.871641791044777,4.9,56.0,16.1,94.0
53863,467,15.673134328358207,14.5,13.8,4.9,72.0,16.1,94.0
54763,467,15.6,14.5,13.8,4.8,53.0,17.7,94.0
55663,467,15.615625,30.130769230769232,24.52,4.9,51.0,16.1,93.0
56563,467,16.12205882352941,52.366197183098585,50.43943661971831,4.9,62.0,17.7,93.0
57463,467,16.746268656716417,56.595238095238095,52.08412698412699,4.9,51.0,17.7,92.0
58363,467,17.64,53.76086956521739,50.26086956521739,4.8,39.0,16.1,93.0
59263,467,18.063235294117646,40.57638888888889,36.85416666666667,4.8,40.0,14.5,94.0
60163,467,18.085714285714285,32.682539682539684,30.61269841269841,4.7,19.0,11.3,94.0
61063,467,17.893650793650792,24.84126984126984,22.59365079365079,4.4,28.0,16.1,96.0
61963,467,17.646031746031746,20.75438596491228,19.18245614035088,4.4,30.0,14.5,97.0
62863,467,17.343636363636364,21.392307692307693,20.767692307692307,4.2,9.0,14.5,97.0
63763,467,17.1,23.1171875,22.3,4.3,21.0,12.9,97.0
64663,467,16.920967741935485,23.015873015873016,22.253968253968253,4.2,16.0,12.9,98.0
65563,467,16.788709677419355,22.975806451612904,22.00967741935484,4.2,12.0,14.5,98.0
66463,467,16.675,23.063492063492063,22.14126984126984,4.2,9.0,14.5,98.0
67363,467,16.6,24.16417910447761,22.38955223880597,4.2,7.0,14.5,98.0
68263,467,16.7672131147541,52.11864406779661,44.34745762711864,4.1,0.0,11.3,98.0
69163,467,17.526153846153846,45.56140350877193,42.39824561403509,4.1,0.0,14.5,98.0
70063,467,17.934782608695652,41.68,39.302,4.1,0.0,14.5,98.0
70963,467,18.09183673469388,36.87962962962963,34.855555555555554,4.1,0.0,14.5,98.0
71863,467,18.06341463414634,27.08888888888889,25.04888888888889,4.1,0.0,11.3,99.0
72763,467,17.865384615384617,22.23275862068965,21.036206896551725,4.1,0.0,12.9,98.0
73663,467,17.61076923076923,19.20634920634921,18.168253968253968,4.1,0.0,12.9,99.0
74563,467,17.354098360655737,19.216417910447763,18.513432835820897,4.1,0.0,12.9,99.0
75463,467,17.11230769230769,22.38095238095238,21.784126984126985,4.1,0.0,12.9,99.0
76363,467,16.933333333333334,23.85074626865672,22.75820895522388,4.2,0.0,12.9,99.0
77263,467,16.804761904761904,21.830645161290324,20.670967741935485,4.2,0.0,11.3,99.0
78163,467,16.70597014925373,29.285714285714285,26.76666666666667,4.2,0.0,12.9,99.0
79063,467,17.391935483870967,25.47692307692308,25.64,4.2,0.0,14.5,99.0
79963,467,18.347619047619048,23.01492537313433,22.2044776119403,4.2,0.0,12.9,99.0
80863,467,17.7296875,18.76865671641791,18.3955223880597,4.2,0.0,14.5,99.0
81763,467,17.170967741935485,17.015384615384615,16.623076923076923,4.2,0.0,12.9,99.0
82663,467,16.813846153846153,16.946153846153845,16.826153846153847,4.2,0.0,11.3,99.0
83563,467,16.64,16.213235294117645,15.727941176470589,4.2,0.0,14.5,99.0
84463,467,16.496825396825397,15.695652173913045,15.156521739130437,4.3,0.0,12.9,99.0
85363,467,16.375,15.5,14.882539682539685,4.2,0.0,12.9,99.0
86263,467,16.3,15.5,14.8,4.2,0.0,12.9,99.0
763,468,,,,4.2,0.0,14.5,99.0
1663,468,,,,4.2,0.0,12.9,99.0
2563,468,,,,4.2,0.0,12.9,99.0
3463,468,,,,4.2,0.0,14.5,99.0
4363,468,,,,4.2,0.0,16.1,99.0
5263,468,,,,4.2,0.0,12.9,99.0
6163,468,,,,4.2,0.0,16.1,99.0
7063,468,,,,4.2,0.0,14.5,99.0
7963,468,,,,4.2,0.0,14.5,99.0
8863,468,,,,4.2,0.0,14.5,99.0
9763,468,,,,4.2,0.0,12.9,99.0
10663,468,,,,4.2,0.0,14.5,99.0
11563,468,,,,4.2,0.0,16.1,99.0
12463,468,,,,4.2,0.0,16.1,99.0
13363,468,,,,4.2,0.0,11.3,99.0
14263,468,,,,4.2,0.0,14.5,99.0
15163,468,,,,4.2,0.0,16.1,99.0
16063,468,,,,4.2,0.0,14.5,99.0
16963,468,,,,4.3,0.0,14.5,99.0
17863,468,,,,4.3,0.0,12.9,99.0
18763,468,,,,4.3,0.0,11.3,99.0
19663,468,,,,4.3,0.0,11.3,99.0
20563,468,,,,4.3,0.0,9.7,99.0
21463,468,,,,4.4,0.0,11.3,99.0
22363,468,,,,4.4,0.0,11.3,99.0
23263,468,,,,4.4,0.0,9.7,99.0
24163,468,,,,4.5,0.0,9.7,99.0
25063,468,,,,4.6,0.0,9.7,99.0
25963,468,,,,4.6,5.0,9.7,99.0
26863,468,,,,4.7,11.0,12.9,99.0
27763,468,,,,4.7,14.0,9.7,99.0
28663,468,,,,4.8,14.0,11.3,99.0
29563,468,,,,4.8,12.0,11.3,99.0
30463,468,,,,4.8,7.0,12.9,99.0
31363,468,,,,4.8,19.0,9.7,99.0
32263,468,,,,4.8,9.0,11.3,99.0
33163,468,,,,4.8,23.0,11.3,99.0
34063,468,,,,4.8,23.0,12.9,99.0
34963,468,,,,4.9,30.0,11.3,99.0
35863,468,,,,4.9,30.0,11.3,99.0
36763,468,,,,4.9,28.0,9.7,99.0
37663,468,,,,4.9,30.0,9.7,99.0
38563,468,,,,4.9,32.0,8.0,99.0
39463,468,,,,5.0,46.0,9.7,99.0
40363,468,,,,5.0,53.0,9.7,99.0
41263,468,,,,5.1,58.0,8.0,99.0
42163,468,,,,5.1,60.0,4.8,99.0
43063,468,,,,5.2,62.0,9.7,99.0
43963,468,,,,5.2,51.0,8.0,99.0
44863,468,,,,5.3,49.0,6.4,99.0
45763,468,,,,5.2,49.0,8.0,99.0
46663,468,,,,5.2,62.0,9.7,99.0
47563,468,,,,5.3,53.0,8.0,99.0
48463,468,,,,5.4,58.0,4.8,99.0
49363,468,,,,5.4,65.0,6.4,99.0
50263,468,,,,5.5,62.0,4.8,99.0
51163,468,,,,5.5,81.0,8.0,99.0
52063,468,,,,5.5,60.0,6.4,99.0
52963,468,,,,5.6,74.0,8.0,99.0
53863,468,,,,5.6,44.0,4.8,99.0
54763,468,,,,5.5,88.0,4.8,99.0
55663,468,,,,5.5,46.0,4.8,99.0
56563,468,,,,5.6,63.0,3.2,99.0
57463,468,,,,5.6,53.0,3.2,99.0
58363,468,,,,5.5,42.0,4.8,99.0
59263,468,,,,5.4,54.0,4.8,99.0
60163,468,,,,5.4,46.0,6.4,99.0
61063,468,17.070588235294117,58.91666666666666,54.17222222222222,5.4,56.0,3.2,99.0
61963,468,17.759090909090908,53.00769230769231,49.48,5.3,25.0,4.8,99.0
62863,468,18.23692307692308,40.49193548387097,37.02741935483871,5.2,25.0,3.2,99.0
63763,468,18.244444444444447,37.41269841269842,35.13650793650793,5.3,28.0,4.8,99.0
64663,468,18.05,30.53125,27.9875,5.3,25.0,4.8,99.0
65563,468,17.760655737704916,24.459016393442624,22.239344262295084,5.2,26.0,4.8,99.0
66463,468,17.424590163934425,23.8015873015873,22.985714285714288,5.2,19.0,3.2,99.0
67363,468,17.10923076923077,23.37692307692308,22.48923076923077,5.2,12.0,1.6,99.0
68263,468,16.85079365079365,22.8968253968254,22.106349206349208,5.2,9.0,0.0,99.0
69163,468,16.631746031746033,23.330645161290324,22.211290322580645,5.2,7.0,0.0,99.0
70063,468,16.4625,22.734375,21.778125,5.1,5.0,1.6,100.0
70963,468,16.436363636363637,40.1031746031746,33.18412698412698,5.1,5.0,0.0,99.0
71863,468,17.269354838709678,51.49230769230769,46.05538461538462,5.2,0.0,1.6,100.0
72763,468,18.121666666666663,44.142857142857146,41.75238095238095,5.2,0.0,1.6,100.0
73663,468,18.462686567164177,36.778688524590166,35.027868852459015,5.1,0.0,0.0,100.0
74563,468,18.5125,48.71296296296296,43.21666666666667,5.1,0.0,0.0,100.0
75463,468,19.08679245283019,60.85087719298245,56.54736842105264,5.2,0.0,0.0,100.0
76363,468,19.698245614035088,60.23214285714285,56.301785714285714,5.2,0.0,0.0,100.0
77263,468,20.090566037735847,57.91803278688525,54.73770491803278,5.2,0.0,1.6,100.0
78163,468,20.306666666666665,58.69166666666666,54.17166666666667,5.2,0.0,1.6,100.0
79063,468,20.616666666666667,58.515625,54.584375,5.2,0.0,0.0,100.0
79963,468,20.80806451612904,58.11029411764706,54.75735294117648,5.2,0.0,0.0,100.0
80863,468,20.71,48.86290322580645,43.85,5.2,0.0,0.0,100.0
81763,468,20.325806451612905,34.61940298507463,31.08358208955224,5.2,0.0,0.0,100.0
82663,468,19.804761904761904,26.10606060606061,23.37272727272727,5.2,0.0,0.0,100.0
83563,468,19.27460317460317,21.73880597014925,19.78358208955224,5.2,0.0,0.0,100.0
84463,468,18.78181818181818,19.18181818181818,17.906060606060606,5.2,0.0,0.0,100.0
85363,468,18.33692307692308,17.794117647058822,16.894117647058824,5.2,0.0,0.0,100.0
86263,468,17.954545454545453,17.21969696969697,16.95909090909091,5.2,0.0,0.0,100.0
763,469,17.665625,17.357142857142858,17.582539682539682,5.3,0.0,0.0,99.0
1663,469,17.4,16.90625,16.85625,5.3,0.0,0.0,100.0
2563,469,17.208955223880597,17.171875,17.1015625,5.3,0.0,0.0,100.0
3463,469,17.017460317460316,16.26153846153846,15.652307692307692,5.2,0.0,4.8,100.0
4363,469,16.866176470588236,15.757575757575756,15.1,5.1,0.0,6.4,100.0
5263,469,16.756923076923076,15.5,14.845070422535212,5.1,0.0,6.4,100.0
6163,469,16.63968253968254,15.451612903225808,14.703225806451613,5.0,0.0,4.8,99.0
7063,469,16.544117647058822,15.0,14.5,5.1,0.0,0.0,99.0
7963,469,16.466153846153848,15.0,14.5,5.2,0.0,0.0,100.0
8863,469,16.39375,15.0,14.345454545454547,5.2,0.0,0.0,100.0
9763,469,16.3,15.0,14.3,5.2,0.0,0.0,100.0
10663,469,16.2265625,15.0,14.29047619047619,5.3,0.0,0.0,99.0
11563,469,16.198039215686272,14.922413793103448,14.01551724137931,5.3,0.0,6.4,99.0
12463,469,16.10153846153846,14.56153846153846,14.0,5.2,0.0,4.8,100.0
13363,469,16.075757575757574,14.5,14.0,5.3,0.0,8.0,100.0
14263,469,16.0,14.5,14.0,5.6,0.0,6.4,100.0
15163,469,15.97846153846154,14.5,13.976119402985072,6.0,0.0,6.4,99.0
16063,469,15.9,14.5,13.81159420289855,6.3,0.0,6.4,100.0
16963,469,15.9,14.5,13.8,6.3,0.0,6.4,100.0
17863,469,15.81076923076923,14.5,13.8,6.4,0.0,3.2,100.0
18763,469,15.8,14.5,13.8,6.3,0.0,3.2,100.0
19663,469,15.830769230769231,32.125,25.85882352941176,6.3,0.0,3.2,100.0
20563,469,16.744615384615383,52.114285714285714,49.28714285714285,6.3,0.0,3.2,100.0
21463,469,17.802857142857142,55.8359375,52.328125,6.3,0.0,6.4,99.0
22363,469,18.63285714285714,52.261538461538464,49.07230769230769,6.3,0.0,1.6,99.0
23263,469,19.05070422535212,47.81147540983606,43.55245901639344,6.4,0.0,3.2,100.0
24163,469,19.45294117647059,48.83088235294117,45.36617647058824,6.6,5.0,6.4,99.0
25063,469,19.68125,43.71875,42.2890625,6.7,12.0,6.4,100.0
25963,469,19.61230769230769,39.463235294117645,38.15294117647058,6.7,16.0,4.8,100.0
26863,469,19.41269841269841,33.78125,32.528125,6.9,47.0,8.0,99.0
27763,469,19.11639344262295,29.46212121212121,28.24848484848485,6.9,65.0,9.7,99.0
28663,469,18.76507936507937,29.384615384615387,27.58,6.9,65.0,6.4,98.0
29563,469,18.534426229508195,26.73188405797101,25.831884057971013,7.0,69.0,6.4,98.0
30463,469,18.2765625,22.19696969696969,21.40909090909091,7.4,60.0,3.2,97.0
31363,469,17.98805970149254,20.15909090909091,20.506060606060608,7.5,91.0,3.2,98.0
32263,469,17.696875,19.02272727272728,19.566666666666663,8.5,202.0,3.2,96.0
33163,469,17.337096774193547,18.7,19.10428571428572,9.1,306.0,3.2,95.0
34063,469,17.0484375,17.565217391304348,17.42028985507246,9.6,364.0,3.2,91.0
34963,469,16.66923076923077,16.225806451612904,15.556451612903226,9.9,373.0,1.6,90.0
35863,469,16.630303030303033,16.00735294117647,15.59558823529412,10.4,457.0,3.2,88.0
36763,469,16.179365079365077,15.181818181818182,14.486363636363638,11.0,504.0,1.6,85.0
37663,469,15.935294117647056,14.652173913043478,13.915942028985508,11.8,613.0,4.8,83.0
38563,469,15.6015873015873,14.3515625,13.5703125,12.5,566.0,4.8,81.0
39463,469,15.331147540983608,14.0,13.32295081967213,12.7,659.0,9.7,76.0
40363,469,15.34262295081967,14.0,13.361538461538462,13.0,693.0,11.3,78.0
41263,469,15.472727272727273,14.0,13.469696969696969,12.2,403.0,12.9,78.0
42163,469,15.362903225806452,14.0,13.318181818181818,12.6,399.0,11.3,74.0
43063,469,15.195833333333336,13.88095238095238,13.033333333333337,13.5,840.0,8.0,76.0
43963,469,15.120588235294118,13.862903225806452,13.024193548387098,13.6,807.0,9.7,76.0
44863,469,15.197142857142856,14.0,13.29558823529412,12.5,290.0,12.9,76.0
45763,469,15.02941176470588,14.0,13.065217391304348,12.7,466.0,16.1,75.0
46663,469,15.308955223880597,14.0,13.3,12.8,221.0,16.1,71.0
47563,469,15.613043478260868,14.142857142857142,13.362857142857145,12.4,250.0,12.9,74.0
48463,469,15.715384615384616,14.5,13.5,12.3,260.0,16.1,72.0
49363,469,15.8,14.5,13.5,12.8,325.0,12.9,68.0
50263,469,15.83230769230769,14.5,13.773134328358209,13.4,404.0,12.9,65.0
51163,469,15.824242424242424,14.5,13.749230769230769,13.2,348.0,16.1,60.0
52063,469,15.865079365079364,14.643939393939394,13.71818181818182,13.1,283.0,11.3,65.0
52963,469,15.949180327868854,14.977611940298509,13.80597014925373,14.4,445.0,9.7,61.0
53863,469,16.0,15.0,13.945454545454549,15.1,362.0,12.9,59.0
54763,469,16.028125,15.014705882352942,14.0,14.8,378.0,11.3,57.0
55663,469,16.0,14.861538461538462,14.0,14.7,728.0,12.9,59.0
56563,469,16.0,14.5,13.852307692307694,15.3,719.0,11.3,60.0
57463,469,16.0,14.5,13.8,14.4,587.0,12.9,63.0
58363,469,16.02307692307692,14.5,13.8,14.7,582.0,12.9,59.0
59263,469,16.152631578947368,33.42307692307692,26.786153846153848,14.5,526.0,12.9,61.0
60163,469,17.009677419354837,52.18333333333334,48.98333333333333,14.7,457.0,12.9,61.0
61063,469,17.596875,40.79230769230769,39.20769230769231,13.7,158.0,11.3,62.0
61963,469,17.833846153846153,52.859375,47.853125,13.4,221.0,12.9,65.0
62863,469,18.363076923076925,46.08333333333333,43.61515151515151,13.5,79.0,11.3,66.0
63763,469,18.58484848484849,39.50704225352113,37.57323943661972,12.9,148.0,12.9,69.0
64663,469,18.6,28.774647887323944,25.71830985915493,12.7,127.0,6.4,70.0
65563,469,18.54285714285714,23.12295081967213,21.654098360655738,12.7,95.0,4.8,71.0
66463,469,18.428571428571427,21.460317460317462,21.711111111111112,12.4,86.0,8.0,71.0
67363,469,18.261904761904763,20.47058823529412,19.41764705882353,12.5,70.0,8.0,71.0
68263,469,18.13114754098361,23.72058823529412,22.95294117647059,12.2,130.0,8.0,72.0
69163,469,18.0015873015873,25.02941176470588,23.85735294117647,12.4,120.0,9.7,71.0
70063,469,17.88955223880597,24.769230769230766,23.77230769230769,12.4,58.0,9.7,70.0
70963,469,17.8,25.23529411764705,23.92058823529412,11.9,37.0,6.4,70.0
71863,469,17.730882352941176,25.15671641791045,24.037313432835823,11.3,14.0,1.6,72.0
72763,469,17.7,25.89855072463768,24.544927536231885,11.1,7.0,1.6,73.0
73663,469,17.7,26.10606060606061,24.89848484848485,10.8,0.0,0.0,75.0
74563,469,17.7,26.859375,25.4375,10.6,0.0,3.2,75.0
75463,469,17.7,26.90625,25.659375,10.1,0.0,0.0,77.0
76363,469,17.7,27.904761904761905,26.44761904761905,9.8,0.0,3.2,78.0
77263,469,17.7,27.99230769230769,26.704615384615387,9.2,0.0,3.2,82.0
78163,469,17.7,29.05970149253731,27.39850746268657,8.8,0.0,4.8,82.0
79063,469,17.737313432835823,36.02173913043478,32.19275362318841,9.0,0.0,6.4,81.0
79963,469,18.35,59.29545454545455,53.625757575757575,8.7,0.0,4.8,82.0
80863,469,19.20746268656716,55.90579710144928,52.41449275362319,8.2,0.0,4.8,84.0
81763,469,19.638805970149257,49.03125,45.821875,8.1,0.0,4.8,85.0
82663,469,19.798507462686565,42.873134328358205,38.147761194029854,7.9,0.0,4.8,85.0
83563,469,19.744444444444447,30.204545454545457,26.666666666666668,7.8,0.0,6.4,85.0
84463,469,19.47846153846153,24.1271186440678,21.88305084745763,7.9,0.0,6.4,85.0
85363,469,19.15571428571429,20.746268656716417,19.36716417910448,8.0,0.0,8.0,84.0
86263,469,18.833333333333336,19.23846153846154,19.021538461538466,7.9,0.0,11.3,84.0
763,470,18.583870967741937,19.666666666666664,20.53913043478261,7.9,0.0,11.3,84.0
1663,470,18.337878787878783,18.207692307692305,17.701538461538462,8.1,0.0,12.9,84.0
2563,470,18.092537313432835,17.26865671641791,16.701492537313435,7.8,0.0,12.9,85.0
3463,470,17.901449275362317,16.807692307692307,16.287692307692307,7.1,0.0,9.7,87.0
4363,470,17.75294117647059,16.5,15.997014925373133,7.1,0.0,9.7,87.0
5263,470,17.63285714285714,16.40441176470588,15.802941176470588,7.2,0.0,12.9,87.0
6163,470,17.523809523809526,16.0,15.658823529411766,6.9,0.0,12.9,87.0
7063,470,17.431343283582088,16.0,15.5,6.9,0.0,11.3,88.0
7963,470,17.3453125,16.0,15.466666666666663,6.9,0.0,11.3,87.0
8863,470,17.28923076923077,16.0,15.3,7.0,0.0,9.7,87.0
9763,470,17.2,16.0,15.3,7.0,0.0,9.7,87.0
10663,470,17.15625,15.704545454545451,15.3,7.2,0.0,8.0,86.0
11563,470,17.1,15.5,15.066176470588236,7.6,0.0,8.0,85.0
12463,470,17.015151515151516,15.5,15.0,7.4,0.0,9.7,85.0
13363,470,16.9984375,15.5,15.0,7.2,0.0,11.3,86.0
14263,470,16.902985074626866,15.5,15.0,6.7,0.0,12.9,88.0
15163,470,16.9,15.5,14.975,6.6,0.0,11.3,89.0
16063,470,16.85079365079365,15.5,14.834375,6.2,0.0,11.3,90.0
16963,470,16.8,15.5,14.8,6.0,0.0,12.9,90.0
17863,470,16.8,15.5,14.8,5.1,0.0,12.9,91.0
18763,470,16.733333333333334,15.5,14.8,5.0,0.0,14.5,92.0
19663,470,16.732394366197184,33.43571428571428,27.435714285714283,5.6,0.0,16.1,92.0
20563,470,17.3296875,52.546875,50.765625,5.8,0.0,16.1,91.0
21463,470,17.90597014925373,40.55737704918032,38.7,5.4,0.0,14.5,92.0
22363,470,18.361538461538466,58.630769230769225,53.02307692307693,5.2,0.0,12.9,92.0
23263,470,19.03943661971831,44.42307692307692,40.08615384615385,5.7,12.0,11.3,92.0
24163,470,19.256060606060608,33.96153846153847,33.60769230769231,6.0,18.0,11.3,92.0
25063,470,19.16716417910448,27.02272727272728,26.842424242424244,6.3,21.0,16.1,91.0
25963,470,19.034848484848485,23.137096774193548,24.12741935483871,6.2,28.0,14.5,91.0
26863,470,18.912857142857145,20.08208955223881,20.61641791044776,7.2,40.0,14.5,90.0
27763,470,19.13823529411765,24.74264705882353,23.61911764705882,7.7,47.0,12.9,90.0
28663,470,18.5768115942029,29.029850746268657,28.47761194029851,8.2,51.0,16.1,88.0
29563,470,17.31641791044776,22.411290322580648,21.55,8.3,46.0,16.1,88.0
30463,470,17.432307692307692,20.30952380952381,19.820634920634923,9.1,54.0,16.1,87.0
31363,470,17.584615384615383,18.43076923076924,17.46769230769231,9.4,62.0,14.5,85.0
32263,470,17.6,17.3046875,16.6015625,10.8,301.0,14.5,82.0
33163,470,17.6,16.772058823529413,16.158823529411766,10.9,311.0,14.5,82.0
34063,470,17.6,16.5,15.891803278688524,11.0,120.0,17.7,83.0
34963,470,17.57826086956522,16.1328125,15.70625,11.6,225.0,19.3,81.0
35863,470,17.5,16.0,15.5,11.3,116.0,16.1,81.0
36763,470,17.5,16.0,15.5,11.6,132.0,16.1,79.0
37663,470,17.5,16.261194029850746,15.914925373134327,13.0,485.0,14.5,75.0
38563,470,17.353846153846156,16.3359375,16.1703125,13.2,510.0,17.7,74.0
39463,470,16.975409836065573,16.414285714285715,15.945714285714285,13.4,526.0,16.1,73.0
40363,470,17.252380952380953,16.769841269841272,16.233333333333334,13.8,631.0,16.1,73.0
41263,470,17.324242424242424,16.363636363636363,15.693939393939392,13.8,185.0,16.1,71.0
42163,470,17.4,16.0,15.415151515151516,13.4,327.0,17.7,73.0
43063,470,17.4,16.0,15.3,14.0,538.0,16.1,71.0
43963,470,17.404615384615386,16.0,15.306153846153848,13.5,309.0,19.3,71.0
44863,470,17.475,16.1,15.624615384615383,14.1,380.0,20.9,69.0
45763,470,17.5,16.27777777777778,15.666666666666666,13.9,294.0,22.5,70.0
46663,470,17.5,16.0,15.395238095238096,13.8,262.0,22.5,70.0
47563,470,17.451428571428572,16.0,15.3,13.9,274.0,20.9,69.0
48463,470,17.4,15.97826086956522,15.3,14.1,285.0,22.5,68.0
49363,470,17.4,15.59848484848485,15.295454545454549,15.1,849.0,19.3,68.0
50263,470,17.4,15.5,15.277272727272727,14.8,814.0,22.5,66.0
51163,470,17.4,15.62878787878788,15.203030303030303,15.4,715.0,22.5,66.0
52063,470,17.39402985074627,16.0,15.402941176470588,15.6,679.0,24.1,64.0
52963,470,17.31159420289855,15.860294117647058,15.3,15.4,679.0,25.7,64.0
53863,470,17.32,15.674603174603174,15.336507936507935,15.6,650.0,24.1,65.0
54763,470,17.51639344262295,16.433823529411764,15.641176470588237,15.2,635.0,24.1,67.0
55663,470,17.265671641791045,16.0,15.365625,14.3,508.0,22.5,69.0
56563,470,16.98805970149254,16.0,15.3,15.2,411.0,19.3,67.0
57463,470,16.733870967741936,15.993150684931509,15.3,14.4,355.0,20.9,68.0
58363,470,16.50144927536232,15.684931506849315,15.160273972602742,14.2,148.0,19.3,70.0
59263,470,16.42794117647059,34.154929577464785,28.440845070422533,14.1,309.0,20.9,69.0
60163,470,16.755384615384617,47.56716417910447,46.58507462686568,13.8,162.0,20.9,71.0
61063,470,16.763636363636362,40.16326530612245,38.13673469387755,13.8,160.0,20.9,73.0
61963,470,16.922727272727272,50.18,47.284,13.6,162.0,19.3,74.0
62863,470,17.054545454545455,38.65,37.258,13.1,127.0,19.3,77.0
63763,470,17.030952380952378,29.81914893617021,26.16595744680852,12.8,127.0,19.3,77.0
64663,470,16.676923076923078,22.47222222222222,20.288888888888888,12.8,118.0,19.3,77.0
65563,470,16.95918367346939,19.72222222222222,18.246666666666663,12.7,104.0,16.1,78.0
66463,470,17.315555555555555,18.316666666666663,17.276666666666667,12.3,77.0,16.1,78.0
67363,470,17.472727272727273,23.989583333333336,22.6,12.2,72.0,17.7,78.0
68263,470,17.60363636363636,25.46153846153846,24.463461538461537,11.7,23.0,19.3,78.0
69163,470,17.756521739130434,41.54444444444445,35.33111111111111,11.6,12.0,19.3,79.0
70063,470,18.67735849056604,60.50943396226416,56.32641509433962,11.2,0.0,12.9,80.0
70963,470,19.80952380952381,61.31914893617021,57.47234042553191,10.9,0.0,11.3,81.0
71863,470,20.46046511627907,58.27551020408164,55.02244897959183,10.7,0.0,9.7,82.0
72763,470,20.85,58.93137254901961,55.476470588235294,10.4,0.0,14.5,83.0
73663,470,21.166071428571428,58.80555555555556,55.85370370370371,10.0,0.0,12.9,87.0
74563,470,21.35818181818182,56.88461538461538,52.871153846153845,9.6,0.0,14.5,90.0
75463,470,21.466,60.54807692307693,55.17307692307693,9.3,0.0,11.3,91.0
76363,470,21.634090909090908,52.9375,48.59583333333333,9.0,0.0,11.3,92.0
77263,470,21.51315789473684,37.22093023255814,34.15581395348837,8.8,0.0,11.3,92.0
78163,470,21.18888888888889,28.377551020408163,25.81836734693878,8.8,0.0,12.9,92.0
79063,470,20.75593220338983,23.814814814814817,21.70555555555556,8.6,0.0,9.7,93.0
79963,470,20.366666666666667,21.084615384615383,19.58,8.6,0.0,12.9,93.0
80863,470,19.97205882352941,29.9140625,27.24375,8.6,0.0,12.9,93.0
81763,470,19.8,29.925,27.008333333333333,8.5,0.0,14.5,93.0
82663,470,19.653125,23.85606060606061,22.404545454545453,8.3,0.0,11.3,93.0
83563,470,19.48307692307692,21.661538461538463,21.66,8.2,0.0,14.5,93.0
84463,470,20.8,21.17741935483871,22.329032258064515,8.1,0.0,9.7,94.0
85363,470,20.571428571428573,19.85606060606061,19.96060606060606,8.1,0.0,9.7,94.0
86263,470,19.929850746268656,18.76153846153846,18.161538461538463,8.1,0.0,11.3,94.0
763,471,19.368115942028982,18.03787878787879,17.313636363636363,8.1,0.0,12.9,94.0
1663,471,18.98307692307692,17.5,16.87462686567164,8.0,0.0,9.7,94.0
2563,471,18.81290322580645,17.192307692307693,16.555384615384618,7.9,0.0,9.7,94.0
3463,471,18.67101449275362,17.0,16.32258064516129,8.0,0.0,8.0,94.0
4363,471,18.552307692307693,17.0,16.12089552238806,8.1,0.0,8.0,94.0
5263,471,18.44838709677419,16.69402985074627,16.0,8.2,0.0,14.5,92.0
6163,471,18.365079365079364,16.5,16.0,8.3,0.0,14.5,92.0
7063,471,18.282608695652176,16.5,15.81846153846154,8.2,0.0,1.6,92.0
7963,471,18.2,16.5,15.8,8.2,0.0,3.2,92.0
8863,471,18.14927536231884,16.5,15.8,8.3,0.0,4.8,91.0
9763,471,18.1,16.5,15.571641791044778,8.3,0.0,4.8,91.0
10663,471,18.029850746268657,16.454545454545453,15.5,8.0,0.0,6.4,92.0
11563,471,18.0,16.016949152542374,15.5,7.8,0.0,6.4,93.0
12463,471,17.934375,16.0,15.5,7.6,0.0,4.8,94.0
13363,471,17.9,16.0,15.494285714285716,7.6,0.0,3.2,94.0
14263,471,17.843478260869567,16.0,15.368656716417911,7.6,0.0,4.8,94.0
15163,471,17.8,16.0,15.3,7.6,0.0,6.4,94.0
16063,471,17.8,16.0,15.3,7.6,0.0,4.8,94.0
16963,471,17.708695652173912,16.0,15.3,7.6,0.0,4.8,94.0
17863,471,17.7,16.0,15.3,7.3,0.0,3.2,95.0
18763,471,17.684848484848484,16.0,15.3,7.4,0.0,1.6,95.0
19663,471,17.6,16.0,15.3,7.7,0.0,3.2,95.0
20563,471,17.655384615384616,37.06923076923077,31.46461538461538,7.7,0.0,3.2,95.0
21463,471,18.38571428571429,43.26190476190476,41.23492063492064,8.1,0.0,4.8,94.0
22363,471,19.09354838709677,53.50735294117648,50.82352941176471,8.4,0.0,11.3,93.0
23263,471,19.94761904761905,40.11594202898551,37.34492753623188,8.5,7.0,12.9,92.0
24163,471,20.2,34.73913043478261,34.142028985507245,8.4,11.0,12.9,92.0
25063,471,20.17460317460317,35.905797101449274,34.21449275362319,8.6,14.0,12.9,91.0
25963,471,20.06031746031746,31.115942028985508,27.07971014492754,8.6,14.0,14.5,91.0
26863,471,19.88548387096774,25.298387096774192,25.646774193548385,8.6,33.0,12.9,91.0
27763,471,19.714285714285715,22.88095238095238,23.546031746031748,8.6,46.0,11.3,92.0
28663,471,19.51692307692308,20.72388059701493,21.265671641791045,8.8,88.0,12.9,91.0
29563,471,19.195652173913043,19.0,18.344776119402987,8.9,98.0,12.9,90.0
30463,471,18.93098591549296,17.926470588235293,17.136764705882353,9.3,83.0,8.0,89.0
31363,471,18.7,17.338235294117645,16.605882352941176,9.4,95.0,8.0,89.0
32263,471,18.52608695652174,17.0,16.34179104477612,9.8,246.0,9.7,88.0
33163,471,18.38088235294118,16.8359375,16.196875,10.2,153.0,11.3,87.0
34063,471,18.273015873015872,16.5,16.0,9.9,257.0,17.7,87.0
34963,471,18.2,16.5,16.0,10.2,171.0,14.5,87.0
35863,471,18.12089552238806,16.5,15.830769230769231,10.6,318.0,16.1,86.0
36763,471,18.0939393939394,16.5,15.8,10.7,243.0,14.5,85.0
37663,471,18.0,16.5,15.8,11.3,374.0,11.3,84.0
38563,471,18.0,16.5,15.8,11.9,464.0,12.9,81.0
39463,471,17.94,16.441176470588236,15.725,11.4,336.0,16.1,83.0
40363,471,17.9,16.23913043478261,15.504347826086956,11.3,466.0,12.9,85.0
41263,471,17.9,16.037313432835823,15.5,12.6,765.0,16.1,78.0
42163,471,17.9,16.020833333333336,15.5,12.2,204.0,17.7,78.0
43063,471,17.9,16.0,15.5,11.9,192.0,14.5,79.0
43963,471,17.9,16.0,15.5,12.1,522.0,16.1,77.0
44863,471,17.887878787878787,16.0,15.5,12.2,243.0,17.7,74.0
45763,471,17.821428571428573,16.0,15.5,12.6,369.0,17.7,74.0
46663,471,17.8,16.0,15.5,12.9,350.0,20.9,72.0
47563,471,17.8,16.0,15.5,12.6,186.0,17.7,73.0
48463,471,17.8,16.0,15.5,12.4,220.0,16.1,71.0
49363,471,17.8,16.0,15.5,12.3,230.0,17.7,70.0
50263,471,17.8,16.0,15.5,12.4,385.0,24.1,68.0
51163,471,17.73709677419355,16.0,15.5,12.6,316.0,19.3,70.0
52063,471,17.7,16.0,15.5,12.2,197.0,20.9,69.0
52963,471,17.7,16.0,15.5,11.9,874.0,19.3,73.0
53863,471,17.7,16.0,15.5,12.9,708.0,19.3,66.0
54763,471,17.669117647058822,16.0,15.474603174603176,12.7,301.0,19.3,63.0
55663,471,17.6,16.0,15.354545454545454,11.6,179.0,20.9,64.0
56563,471,17.6,16.0,15.346153846153843,11.7,279.0,20.9,65.0
57463,471,17.6,16.0,15.309677419354838,12.1,227.0,22.5,59.0
58363,471,17.6,16.0,15.3,12.7,608.0,24.1,58.0
59263,471,17.607462686567164,28.766129032258068,23.60483870967742,12.6,452.0,16.1,61.0
60163,471,18.13492063492064,52.71311475409836,49.97704918032787,11.4,494.0,24.1,63.0
61063,471,18.783076923076923,42.4921875,41.4828125,11.2,438.0,25.7,63.0
61963,471,19.089830508474577,46.40476190476191,41.907936507936505,11.8,153.0,16.1,64.0
62863,471,19.5983870967742,46.47058823529412,43.97794117647059,11.0,98.0,17.7,66.0
63763,471,19.8875,39.246153846153845,37.84461538461538,10.9,192.0,16.1,68.0
64663,471,19.975,30.65079365079365,28.94920634920635,10.9,137.0,20.9,68.0
65563,471,19.835,25.14179104477612,24.38358208955224,10.9,105.0,17.7,68.0
66463,471,19.625806451612902,21.92537313432836,20.686567164179102,10.7,79.0,17.7,68.0
67363,471,19.37333333333333,20.24285714285714,20.712857142857143,10.7,72.0,16.1,69.0
68263,471,19.149122807017545,22.62878787878788,21.956060606060607,10.4,30.0,19.3,69.0
69163,471,19.007692307692302,25.948529411764707,24.775,10.4,25.0,14.5,70.0
70063,471,19.0,26.68181818181818,25.56212121212121,10.3,16.0,17.7,71.0
70963,471,19.0,28.234375,26.7171875,10.3,11.0,19.3,70.0
71863,471,18.971875,26.461538461538463,24.39538461538461,10.2,5.0,9.7,70.0
72763,471,18.9,27.571428571428573,25.93492063492064,10.2,0.0,12.9,70.0
73663,471,19.136923076923075,51.04477611940298,45.42537313432835,10.2,0.0,14.5,70.0
74563,471,19.6483870967742,38.33076923076924,33.93538461538462,10.2,0.0,11.3,70.0
75463,471,19.83050847457627,36.85606060606061,35.72575757575758,10.3,0.0,17.7,68.0
76363,471,19.844117647058823,29.29230769230769,30.024615384615384,10.2,0.0,16.1,69.0
77263,471,19.761666666666667,24.796875,24.678125,9.9,0.0,17.7,72.0
78163,471,19.58888888888889,21.318965517241377,20.282758620689656,9.8,0.0,12.9,72.0
79063,471,19.35967741935484,22.846153846153847,22.04615384615385,9.4,0.0,8.0,76.0
79963,471,19.177611940298508,24.95522388059701,24.19402985074627,9.3,0.0,8.0,78.0
80863,471,19.147692307692303,30.684615384615388,27.903076923076924,9.1,0.0,6.4,81.0
81763,471,19.3,32.17460317460318,31.47936507936508,8.9,0.0,8.0,81.0
82663,471,19.3,33.93939393939394,32.4560606060606,9.1,0.0,11.3,78.0
83563,471,19.3,25.784615384615385,24.14307692307693,9.2,0.0,11.3,77.0
84463,471,19.205,21.46875,20.003125,8.9,0.0,16.1,81.0
85363,471,19.071641791044776,19.43939393939394,18.454545454545453,8.7,0.0,16.1,82.0
86263,471,18.97846153846153,19.432835820895523,19.928358208955224,8.5,0.0,6.4,84.0
763,472,18.847457627118644,18.669117647058822,18.394117647058824,8.5,0.0,8.0,85.0
1663,472,18.66875,17.797101449275363,17.246376811594203,8.5,0.0,8.0,84.0
2563,472,18.544776119402982,17.46969696969697,16.857575757575756,8.4,0.0,8.0,84.0
3463,472,18.43125,17.0,16.53181818181818,8.7,0.0,9.7,82.0
4363,472,18.34375,17.0,16.40909090909091,8.9,0.0,11.3,81.0
5263,472,18.24179104477612,17.0,16.3,9.0,0.0,8.0,81.0
6163,472,18.18088235294117,16.77941176470588,16.291176470588233,9.1,0.0,11.3,79.0
7063,472,18.1,16.5,16.04153846153846,9.1,0.0,9.7,80.0
7963,472,18.04375,16.5,16.0,9.1,0.0,9.7,80.0
8863,472,18.0,16.5,16.0,9.2,0.0,11.3,80.0
9763,472,17.923880597014925,16.5,15.99375,9.2,0.0,12.9,80.0
10663,472,17.9,16.5,15.826470588235292,9.2,0.0,16.1,79.0
11563,472,17.8109375,16.5,15.8,9.2,0.0,17.7,79.0
12463,472,17.8,16.5,15.8,9.3,0.0,20.9,79.0
13363,472,17.772727272727273,16.5,15.8,9.3,0.0,17.7,78.0
14263,472,17.7,16.5,15.8,9.1,0.0,14.5,80.0
15163,472,17.7,16.5,15.8,9.2,0.0,19.3,80.0
16063,472,17.623880597014924,16.491935483870968,15.64516129032258,9.2,0.0,17.7,80.0
16963,472,17.6,16.192307692307693,15.5,9.2,0.0,20.9,80.0
17863,472,17.6,16.015625,15.5,9.2,0.0,19.3,81.0
18763,472,17.870149253731345,16.441176470588236,15.922058823529412,9.2,0.0,20.9,81.0
19663,472,18.622388059701493,17.0,16.45294117647059,9.1,0.0,20.9,85.0
20563,472,18.21212121212121,36.94444444444444,31.18095238095238,9.1,0.0,17.7,85.0
21463,472,17.822388059701492,45.24264705882353,43.16029411764706,9.2,0.0,12.9,85.0
22363,472,17.686153846153847,48.169117647058826,47.29705882352941,9.3,0.0,12.9,85.0
23263,472,17.85441176470588,36.97260273972603,36.17260273972603,9.5,0.0,12.9,85.0
24163,472,18.019402985074628,33.9375,33.28194444444445,9.7,0.0,12.9,85.0
25063,472,18.413636363636364,50.92957746478873,46.13380281690141,9.8,5.0,16.1,85.0
25963,472,19.031147540983607,54.18656716417911,51.57611940298508,10.0,7.0,16.1,85.0
26863,472,19.607692307692307,45.41538461538461,44.04769230769231,10.2,26.0,14.5,85.0
27763,472,18.661194029850744,44.98529411764706,43.173529411764704,10.6,30.0,12.9,85.0
28663,472,19.077272727272728,44.56818181818182,41.41818181818182,10.9,54.0,22.5,83.0
29563,472,19.37543859649123,35.91269841269842,31.82857142857143,11.1,49.0,20.9,83.0
30463,472,19.5,27.104477611940297,24.40149253731344,11.8,118.0,24.1,82.0
31363,472,19.337864077669902,21.061855670103093,19.79072164948453,11.9,95.0,30.6,81.0
32263,472,19.143965517241377,18.893442622950825,18.10737704918033,11.8,250.0,29.0,83.0
33163,472,19.061194029850743,18.2,17.59777777777778,11.9,244.0,25.7,83.0
34063,472,18.931007751937983,17.634328358208954,17.129850746268655,12.1,160.0,24.1,82.0
34963,472,18.769565217391303,17.29787234042553,16.768085106382976,11.8,88.0,27.4,82.0
35863,472,18.52380952380953,17.0,16.33582089552239,11.6,227.0,25.7,84.0
36763,472,18.4328125,17.0,16.3,11.3,200.0,30.6,85.0
37663,472,18.4,16.686567164179102,16.3,11.6,230.0,24.1,84.0
38563,472,18.31290322580645,16.5,16.054545454545455,11.6,230.0,24.1,84.0
39463,472,18.3,16.5,16.0,10.8,76.0,20.9,89.0
40363,472,18.214925373134328,16.5,16.0,10.6,84.0,17.7,89.0
41263,472,18.2,16.5,16.0,11.4,301.0,24.1,86.0
42163,472,18.2,16.5,16.0,11.7,271.0,25.7,83.0
43063,472,18.125396825396827,16.5,16.0,12.0,283.0,25.7,83.0
43963,472,18.1,16.5,15.939130434782609,12.4,510.0,25.7,83.0
44863,472,18.1,16.5,15.8,12.3,290.0,24.1,80.0
45763,472,18.045454545454547,16.5,15.8,12.3,243.0,25.7,81.0
46663,472,18.0,16.5,15.8,12.1,283.0,22.5,84.0
47563,472,18.0,16.5,15.8,12.1,350.0,25.7,83.0
48463,472,17.995454545454546,16.5,15.8,12.8,211.0,29.0,76.0
49363,472,17.905,16.5,15.8,13.2,294.0,32.2,75.0
50263,472,17.9,16.5,15.8,12.8,213.0,29.0,76.0
51163,472,17.9,16.5,15.8,12.7,290.0,35.4,76.0
52063,472,17.850746268656714,16.5,15.8,12.4,221.0,32.2,78.0
52963,472,17.8,16.5,15.78235294117647,12.9,229.0,35.4,76.0
53863,472,17.8,16.5,15.66190476190476,12.4,225.0,35.4,78.0
54763,472,17.8,16.5,15.554545454545451,12.6,680.0,35.4,76.0
55663,472,17.8,16.5,15.628571428571428,13.4,636.0,33.8,73.0
56563,472,17.823214285714286,33.08771929824562,27.59824561403509,12.9,283.0,37.0,74.0
57463,472,18.449253731343283,50.63709677419355,48.33548387096774,13.1,290.0,37.0,75.0
58363,472,19.18550724637681,50.06521739130435,46.879710144927536,12.8,174.0,35.4,75.0
59263,472,19.771212121212123,38.75384615384616,36.68,13.5,517.0,32.2,72.0
60163,472,20.1421875,33.29838709677419,33.40967741935484,13.6,494.0,30.6,72.0
61063,472,20.242372881355934,35.33333333333333,32.93333333333333,13.7,478.0,25.7,73.0
61963,472,19.90967741935484,27.671875,27.4078125,13.2,360.0,33.8,73.0
62863,472,19.666153846153847,22.693548387096776,21.080645161290324,13.3,190.0,27.4,74.0
63763,472,19.5,20.23076923076924,19.08653846153846,13.3,167.0,27.4,74.0
64663,472,19.321739130434786,18.744444444444447,17.948888888888888,12.9,128.0,29.0,76.0
65563,472,19.152941176470588,23.377551020408163,22.30204081632653,12.7,123.0,29.0,75.0
66463,472,19.03333333333333,25.232142857142858,24.00178571428572,12.5,84.0,33.8,77.0
67363,472,18.96,26.5,24.789361702127657,12.4,90.0,32.2,78.0
68263,472,18.9,27.53191489361702,26.117021276595743,12.2,86.0,27.4,79.0
69163,472,18.996721311475408,43.301886792452834,37.341509433962266,12.1,74.0,24.1,80.0
70063,472,19.666037735849056,57.891304347826086,55.59130434782609,11.7,49.0,27.4,80.0
70963,472,20.42156862745098,46.13725490196079,44.96862745098039,11.4,28.0,25.7,81.0
71863,472,20.66086956521739,38.40816326530612,36.018367346938774,11.0,16.0,25.7,83.0
72763,472,20.59772727272728,35.6875,33.83571428571428,10.9,12.0,24.1,83.0
73663,472,20.435416666666665,32.73469387755102,31.20204081632653,10.7,0.0,29.0,83.0
74563,472,20.20652173913044,30.75490196078432,29.28235294117647,10.8,0.0,32.2,84.0
75463,472,19.9925925925926,29.84375,28.445833333333333,10.7,0.0,30.6,83.0
76363,472,19.79215686274509,29.818965517241377,28.234482758620693,10.6,0.0,29.0,84.0
77263,472,19.655555555555555,26.766129032258068,26.008064516129032,10.4,0.0,25.7,84.0
78163,472,19.51060606060605,22.915384615384617,22.51538461538461,10.4,0.0,30.6,84.0
79063,472,19.4734375,20.954545454545453,20.82121212121212,10.2,0.0,29.0,85.0
79963,472,19.3328125,19.102941176470587,18.182352941176468,10.2,0.0,30.6,85.0
80863,472,19.17714285714285,18.115942028985508,17.152173913043477,10.3,0.0,35.4,85.0
81763,472,19.03787878787879,17.508196721311474,16.696721311475407,10.3,0.0,37.0,85.0
82663,472,18.9044776119403,17.203125,16.453125,10.2,0.0,29.0,86.0
83563,472,18.76212121212121,17.0,16.3,10.1,0.0,29.0,86.0
84463,472,18.65441176470588,17.0,16.157627118644065,10.2,0.0,35.4,85.0
85363,472,18.558461538461536,16.903225806451612,16.0,10.1,0.0,33.8,86.0
86263,472,18.47272727272728,16.50735294117647,16.0,10.1,0.0,25.7,86.0
763,473,18.4,16.5,15.965217391304346,10.1,0.0,25.7,86.0
1663,473,18.32857142857143,16.5,15.8,10.0,0.0,27.4,86.0
2563,473,18.269565217391303,16.5,15.8,10.0,0.0,29.0,86.0
3463,473,18.2,16.5,15.8,9.9,0.0,22.5,86.0
4363,473,18.175757575757576,16.5,15.8,9.9,0.0,19.3,86.0
5263,473,18.1,16.5,15.8,10.1,0.0,22.5,86.0
6163,473,18.1,16.5,15.8,10.1,0.0,22.5,87.0
7063,473,18.0,16.5,15.8,10.1,0.0,25.7,86.0
7963,473,18.0,16.5,15.8,10.2,0.0,24.1,86.0
8863,473,17.96818181818182,16.5,15.78153846153846,10.3,0.0,14.5,87.0
9763,473,17.9,16.5,15.67910447761194,10.3,0.0,17.7,87.0
10663,473,17.9,16.5,15.508823529411766,10.3,0.0,22.5,86.0
11563,473,17.825,16.5,15.5,10.2,0.0,22.5,86.0
12463,473,17.8,16.5,15.5,10.3,0.0,24.1,86.0
13363,473,17.8,16.5,15.5,10.3,0.0,27.4,86.0
14263,473,17.74411764705882,16.43939393939394,15.5,10.3,0.0,22.5,87.0
15163,473,17.7,16.1875,15.5,10.3,0.0,22.5,87.0
16063,473,17.7,16.029850746268657,15.5,10.3,0.0,19.3,87.0
16963,473,17.7,21.897058823529413,18.919117647058822,10.3,0.0,17.7,88.0
17863,473,18.025757575757574,40.37878787878788,37.57878787878788,10.3,0.0,19.3,89.0
18763,473,18.70735294117647,42.89230769230769,40.34615384615385,10.3,0.0,19.3,90.0
19663,473,19.148611111111112,31.90714285714285,31.1,10.4,0.0,16.1,90.0
20563,473,19.387878787878787,28.24242424242424,26.93030303030303,10.5,0.0,12.9,90.0
21463,473,19.42121212121212,23.782608695652176,23.00434782608696,10.4,0.0,8.0,91.0
22363,473,20.07794117647059,21.78787878787879,22.25,10.4,0.0,8.0,91.0
23263,473,19.571428571428573,20.61029411764705,21.07794117647059,10.6,0.0,8.0,91.0
24163,473,19.351666666666667,19.333333333333336,19.2031746031746,10.7,5.0,8.0,91.0
25063,473,19.17714285714285,25.08208955223881,23.25074626865672,10.7,23.0,14.5,91.0
25963,473,19.025,34.27692307692308,32.00769230769231,10.8,30.0,12.9,90.0
26863,473,19.09402985074627,32.62698412698413,30.17142857142857,10.9,28.0,14.5,90.0
27763,473,19.1,24.253846153846155,22.36,11.1,42.0,16.1,88.0
28663,473,19.00441176470588,20.86029411764705,19.72058823529412,11.3,69.0,17.7,88.0
29563,473,18.9171875,19.35820895522388,18.952238805970147,11.6,107.0,14.5,87.0
30463,473,18.889705882352946,19.65972222222222,20.677777777777777,12.2,123.0,12.9,86.0
31363,473,18.747619047619047,18.3955223880597,18.150746268656714,12.3,90.0,12.9,86.0
32263,473,18.644117647058824,17.65625,17.2,12.4,109.0,14.5,87.0
33163,473,18.56212121212121,17.316176470588236,16.838235294117645,12.2,130.0,12.9,88.0
34063,473,18.5,17.0,16.545454545454547,12.7,113.0,9.7,87.0
34963,473,18.48235294117647,17.0,16.5,13.2,113.0,19.3,85.0
35863,473,18.4,17.0,16.308955223880595,13.1,113.0,16.1,86.0
36763,473,18.4,17.0,16.3,13.0,142.0,19.3,87.0
37663,473,18.4,17.0,16.3,13.9,446.0,24.1,84.0
38563,473,18.327272727272728,16.9765625,16.3,14.1,675.0,25.7,84.0
39463,473,18.3,16.977272727272727,16.3,14.1,575.0,32.2,83.0
40363,473,18.3,16.928571428571427,16.3,13.8,392.0,32.2,82.0
41263,473,18.3,16.634328358208954,16.291044776119403,14.5,587.0,27.4,81.0
42163,473,18.3,16.507575757575758,16.12272727272727,14.4,589.0,24.1,81.0
43063,473,18.3,16.5,16.004918032786883,14.1,323.0,22.5,81.0
43963,473,18.29,16.5,16.0,13.9,471.0,24.1,82.0
44863,473,18.201587301587303,16.5,16.0,13.8,330.0,19.3,83.0
45763,473,18.2,16.5,16.0,13.6,332.0,20.9,84.0
46663,473,18.2,16.5,16.0,13.8,246.0,14.5,83.0
47563,473,18.2,16.5,16.0,13.7,295.0,16.1,84.0
48463,473,18.12063492063492,16.5,16.0,13.8,239.0,17.7,82.0
49363,473,18.1,16.5,16.0,13.4,197.0,24.1,83.0
50263,473,18.1,16.5,16.0,13.4,209.0,19.3,83.0
51163,473,18.1,16.5,16.0,13.6,267.0,22.5,83.0
52063,473,18.1,16.5,16.0,13.7,197.0,17.7,82.0
52963,473,18.1,16.5,16.0,14.2,299.0,16.1,81.0
53863,473,18.02769230769231,16.5,16.0,14.7,541.0,20.9,81.0
54763,473,18.0,16.5,16.0,15.2,729.0,20.9,79.0
55663,473,18.0,16.5,16.0,16.2,666.0,20.9,76.0
56563,473,18.0,16.5,16.0,15.2,227.0,19.3,78.0
57463,473,18.066666666666663,30.8828125,27.034375,15.2,279.0,17.7,78.0
58363,473,18.59230769230769,40.30882352941176,38.58088235294117,15.3,330.0,17.7,77.0
59263,473,19.084375,32.205882352941174,30.66617647058824,15.3,394.0,12.9,77.0
60163,473,19.280882352941177,31.53125,29.878125,15.2,341.0,19.3,75.0
61063,473,19.39384615384615,31.295454545454543,29.889393939393937,15.3,197.0,17.7,74.0
61963,473,19.4,31.29230769230769,29.732307692307693,15.3,185.0,14.5,74.0
62863,473,19.4796875,31.08333333333333,29.910606060606064,15.4,192.0,16.1,73.0
63763,473,19.5,31.23809523809524,29.75873015873016,15.7,207.0,12.9,73.0
64663,473,19.5,28.297101449275363,27.069565217391307,15.9,181.0,12.9,72.0
65563,473,19.407462686567165,23.22388059701493,21.871641791044777,15.9,156.0,16.1,73.0
66463,473,19.30625,20.407692307692308,19.44,15.7,98.0,12.9,72.0
67363,473,19.166666666666664,19.05223880597015,18.356716417910448,15.6,84.0,11.3,73.0
68263,473,19.0268656716418,21.282608695652176,20.56086956521739,15.2,58.0,11.3,74.0
69163,473,18.99305555555556,24.182539682539684,23.195238095238096,15.2,53.0,6.4,74.0
70063,473,18.903125,24.958333333333336,23.813333333333333,15.1,35.0,3.2,74.0
70963,473,18.98955223880597,27.404411764705884,23.536764705882355,15.0,26.0,4.8,76.0
71863,473,19.029577464788733,27.911764705882355,26.54705882352941,14.8,11.0,8.0,78.0
72763,473,19.115942028985508,29.0234375,27.490625,14.7,7.0,6.4,79.0
73663,473,19.21818181818182,29.08333333333333,27.76969696969697,14.2,0.0,0.0,81.0
74563,473,19.3,26.8515625,25.8984375,13.9,0.0,0.0,82.0
75463,473,19.3,26.462686567164177,25.48955223880597,13.7,0.0,3.2,84.0
76363,473,19.3,22.02272727272728,21.13030303030304,13.7,0.0,1.6,84.0
77263,473,19.24,20.82575757575757,21.027272727272727,13.2,0.0,0.0,85.0
78163,473,19.13043478260869,20.053030303030305,20.38939393939394,13.0,0.0,3.2,87.0
79063,473,19.049180327868854,19.48507462686567,19.62537313432836,13.8,0.0,6.4,85.0
79963,473,19.17692307692308,18.615384615384617,18.087692307692308,13.9,0.0,4.8,85.0
80863,473,20.61692307692308,18.727272727272727,18.70909090909091,13.9,0.0,4.8,85.0
81763,473,20.19692307692308,18.272058823529413,18.086764705882352,14.0,0.0,6.4,85.0
82663,473,19.76615384615385,17.825,17.383333333333333,14.2,0.0,8.0,84.0
83563,473,19.41846153846154,17.5,16.991304347826087,14.2,0.0,6.4,84.0
84463,473,19.17936507936508,17.5,16.8,13.6,0.0,6.4,86.0
85363,473,18.93478260869565,17.186567164179102,16.549253731343285,13.8,0.0,9.7,85.0
86263,473,18.73181818181818,17.0,16.5,14.7,0.0,12.9,81.0
763,474,18.56615384615385,17.0,16.432352941176468,14.7,0.0,12.9,80.0
1663,474,18.44920634920635,17.0,16.3,14.6,0.0,14.5,81.0
2563,474,18.343076923076925,17.0,16.3,14.6,0.0,16.1,80.0
3463,474,18.28723404255319,17.0,16.3,14.8,0.0,16.1,78.0
4363,474,18.2,17.0,16.15671641791045,14.9,0.0,20.9,77.0
5263,474,18.2,16.975806451612904,16.0,14.7,0.0,9.7,76.0
6163,474,18.11230769230769,16.65625,16.0,14.8,0.0,8.0,73.0
7063,474,18.1,16.507462686567163,16.0,15.3,0.0,16.1,70.0
7963,474,18.015,16.5,16.0,15.1,0.0,11.3,70.0
8863,474,18.0,16.5,16.0,15.0,0.0,11.3,70.0
9763,474,18.0,16.5,16.0,15.1,0.0,12.9,70.0
10663,474,17.915277777777778,16.5,15.932307692307692,14.8,0.0,14.5,70.0
11563,474,17.9,16.5,15.80625,14.7,0.0,14.5,70.0
12463,474,17.9,16.5,15.8,14.6,0.0,16.1,70.0
13363,474,17.9,16.5,15.8,14.6,0.0,16.1,69.0
14263,474,17.865079365079364,16.5,15.8,14.3,0.0,12.9,71.0
15163,474,17.8,16.5,15.8,14.0,0.0,11.3,72.0
16063,474,17.8,16.5,15.8,14.2,0.0,17.7,72.0
16963,474,17.8,16.5,15.8,14.2,0.0,17.7,72.0
17863,474,17.8,21.890625,19.7984375,13.9,0.0,14.5,73.0
18763,474,17.9046875,28.77142857142857,27.071428571428573,13.8,0.0,16.1,74.0
19663,474,18.061403508771928,28.9296875,27.6359375,13.7,0.0,20.9,74.0
20563,474,18.31846153846154,32.86290322580645,30.75,13.9,0.0,25.7,74.0
21463,474,18.49508196721312,32.19852941176471,31.394117647058824,13.7,0.0,25.7,75.0
22363,474,18.7625,27.714285714285715,27.78412698412698,13.8,7.0,25.7,74.0
23263,474,19.092424242424244,45.72222222222222,41.0968253968254,13.9,12.0,25.7,75.0
24163,474,19.731914893617024,44.582089552238806,41.929850746268656,14.0,14.0,27.4,74.0
25063,474,20.247368421052634,32.6969696969697,29.77121212121212,14.1,16.0,30.6,75.0
25963,474,20.41935483870968,25.963235294117645,23.73235294117647,14.1,19.0,27.4,75.0
26863,474,20.406976744186046,22.415384615384617,20.864615384615384,14.4,32.0,25.7,74.0
27763,474,20.293478260869566,20.3828125,19.33125,14.6,32.0,25.7,74.0
28663,474,20.15,19.2578125,18.51875,14.6,40.0,24.1,74.0
29563,474,19.985714285714288,18.6031746031746,17.95079365079365,14.6,37.0,24.1,73.0
30463,474,19.843478260869567,18.1484375,17.6171875,14.8,46.0,16.1,74.0
31363,474,19.694444444444446,18.0,17.386153846153846,14.9,46.0,19.3,73.0
32263,474,19.570212765957447,17.75714285714286,17.3,15.5,359.0,19.3,71.0
33163,474,19.4775,17.5,17.13125,15.7,381.0,22.5,71.0
34063,474,19.4,17.5,17.0,16.3,422.0,17.7,70.0
34963,474,19.304,17.5,17.0,16.4,452.0,19.3,71.0
35863,474,19.271153846153844,17.5,17.0,16.5,496.0,20.9,70.0
36763,474,19.2,17.5,16.994202898550725,16.8,529.0,19.3,69.0
37663,474,19.146938775510204,17.5,16.844117647058823,17.1,564.0,20.9,69.0
38563,474,19.1,17.5,16.8,17.3,578.0,19.3,69.0
39463,474,19.09245283018868,17.5,16.8,17.6,612.0,19.3,68.0
40363,474,19.0,17.5,16.8,17.9,663.0,16.1,67.0
41263,474,19.0,17.5,16.8,18.4,717.0,14.5,66.0
42163,474,19.0,17.5,16.8,18.4,772.0,11.3,66.0
43063,474,19.0,17.5,16.8,18.5,765.0,16.1,66.0
43963,474,19.0,17.5,16.8,18.4,297.0,12.9,65.0
44863,474,18.91481481481481,17.5,16.769117647058824,18.3,237.0,12.9,68.0
45763,474,18.9,17.5,16.623809523809523,18.7,338.0,12.9,65.0
46663,474,18.9,17.5,16.508955223880598,17.8,195.0,12.9,68.0
47563,474,18.9,17.5,16.5,17.4,241.0,14.5,69.0
48463,474,18.9,17.5,16.5,17.4,213.0,14.5,69.0
49363,474,18.9,17.5,16.5,17.2,160.0,12.9,71.0
50263,474,18.9,17.492537313432837,16.5,17.4,278.0,17.7,72.0
51163,474,18.9,17.5,16.5,18.8,819.0,17.7,69.0
52063,474,18.9,17.5,16.504545454545454,17.7,227.0,14.5,70.0
52963,474,18.9,17.5,16.5,16.9,178.0,17.7,72.0
53863,474,18.9,17.5,16.504411764705882,16.9,264.0,19.3,72.0
54763,474,18.9,17.5,16.5,17.6,592.0,19.3,71.0
55663,474,18.873584905660376,17.5,16.5,16.9,255.0,20.9,71.0
56563,474,18.848936170212767,17.5,16.5,17.3,747.0,17.7,70.0
57463,474,18.8,17.5,16.5,16.3,216.0,17.7,73.0
58363,474,18.8,17.5,16.5,16.3,301.0,19.3,73.0
59263,474,18.806666666666665,20.77611940298508,18.99253731343284,17.0,200.0,17.7,69.0
60163,474,18.927906976744183,26.727941176470587,24.614705882352943,16.1,142.0,19.3,73.0
61063,474,19.11428571428572,30.022058823529413,27.94264705882353,16.0,105.0,16.1,73.0
61963,474,19.3890625,33.26086956521739,31.342028985507245,16.2,374.0,17.7,70.0
62863,474,19.716129032258063,35.81884057971014,31.75217391304348,16.4,146.0,20.9,67.0
63763,474,19.74375,28.37692307692308,26.475384615384616,16.3,139.0,19.3,68.0
64663,474,19.553030303030305,23.0,21.133802816901408,15.9,118.0,17.7,68.0
65563,474,19.50166666666667,20.74576271186441,19.60677966101695,15.9,111.0,14.5,70.0
66463,474,19.50163934426229,19.598360655737704,18.937704918032782,15.8,76.0,11.3,71.0
67363,474,19.5,18.888059701492537,18.41492537313433,15.6,74.0,12.9,72.0
68263,474,19.43181818181818,18.5,18.06290322580645,15.3,127.0,14.5,73.0
69163,474,19.41,18.666666666666664,18.475757575757576,15.2,93.0,14.5,73.0
70063,474,19.344776119402987,28.3,24.290769230769232,14.7,58.0,17.7,74.0
70963,474,19.716417910447763,59.6231884057971,54.78405797101449,14.1,26.0,17.7,76.0
71863,474,20.45942028985507,52.20454545454545,49.125757575757575,13.4,14.0,14.5,79.0
72763,474,20.85147058823529,48.00769230769231,45.43692307692308,13.1,9.0,12.9,80.0
73663,474,21.03432835820896,39.82575757575758,37.625757575757575,12.6,0.0,9.7,81.0
74563,474,20.99855072463768,30.55223880597015,28.195522388059704,12.3,0.0,11.3,82.0
75463,474,20.831147540983608,24.11290322580645,22.80806451612904,12.1,0.0,9.7,82.0
76363,474,20.655223880597013,32.52272727272727,30.845454545454544,12.0,0.0,9.7,82.0
77263,474,20.56935483870968,30.515151515151512,28.5439393939394,11.9,0.0,6.4,81.0
78163,474,20.484848484848484,25.31159420289855,24.78695652173913,11.9,0.0,8.0,81.0
79063,474,20.393650793650792,23.198529411764707,23.33235294117647,11.9,0.0,6.4,80.0
79963,474,20.237313432835823,20.985915492957748,20.516901408450703,11.9,0.0,3.2,80.0
80863,474,20.05151515151515,19.72463768115941,19.044927536231885,11.3,0.0,1.6,82.0
81763,474,19.85757575757576,19.0234375,18.396875,11.2,0.0,3.2,82.0
82663,474,19.7,18.526315789473685,18.052631578947366,10.9,0.0,4.8,83.0
83563,474,19.55625,18.5,17.808823529411764,11.0,0.0,1.6,83.0
84463,474,19.44705882352941,18.044776119402982,17.634328358208954,11.0,0.0,4.8,82.0
85363,474,19.3546875,18.0,17.5,11.0,0.0,3.2,81.0
86263,474,19.3,18.0,17.43939393939394,11.0,0.0,4.8,81.0
763,475,19.2,18.0,17.3,10.9,0.0,4.8,81.0
1663,475,19.16,18.0,17.3,10.2,0.0,1.6,82.0
2563,475,19.1,18.0,17.3,9.9,0.0,1.6,84.0
3463,475,19.030645161290323,17.946969696969695,17.236363636363638,9.3,0.0,0.0,85.0
4363,475,19.0,17.553846153846155,17.00923076923077,9.1,0.0,0.0,86.0
5263,475,19.0,17.5,17.0,8.9,0.0,0.0,87.0
6163,475,18.915625,17.5,17.0,8.9,0.0,0.0,88.0
7063,475,18.9,17.5,17.0,9.1,0.0,0.0,88.0
7963,475,18.89855072463768,17.5,17.0,9.1,0.0,0.0,87.0
8863,475,18.803571428571427,17.5,17.0,9.8,0.0,6.4,86.0
9763,475,18.8,17.5,17.0,9.9,0.0,3.2,85.0
10663,475,18.76129032258065,17.5,16.94857142857143,9.6,0.0,4.8,86.0
11563,475,18.7,17.5,16.80923076923077,9.4,0.0,4.8,86.0
12463,475,18.7,17.5,16.8,8.9,0.0,1.6,88.0
13363,475,18.675,17.5,16.8,8.7,0.0,3.2,89.0
14263,475,18.6,17.5,16.8,8.7,0.0,0.0,89.0
15163,475,18.6,17.5,16.8,8.6,0.0,0.0,89.0
16063,475,18.6,17.639705882352942,16.94705882352941,8.2,0.0,1.6,91.0
16963,475,18.6,17.5,16.895384615384614,8.0,0.0,4.8,91.0
17863,475,18.56142857142857,17.5,16.8,7.8,0.0,0.0,92.0
18763,475,18.5,19.433823529411764,17.75588235294118,8.4,0.0,4.8,92.0
19663,475,18.5609375,22.0,21.256060606060608,9.2,0.0,4.8,89.0
20563,475,18.658461538461538,25.94029850746269,24.51492537313433,9.2,0.0,3.2,89.0
21463,475,18.693548387096776,25.88970588235294,25.38235294117647,8.9,0.0,3.2,90.0
22363,475,19.477272727272727,45.10294117647059,39.502941176470586,8.8,7.0,1.6,89.0
23263,475,19.777941176470588,56.05737704918033,52.9344262295082,8.4,14.0,1.6,91.0
24163,475,20.754838709677426,43.0390625,41.1125,8.4,21.0,4.8,92.0
25063,475,21.208474576271183,32.940298507462686,31.95522388059701,8.3,25.0,3.2,92.0
25963,475,21.3,26.66923076923077,25.75846153846154,8.3,26.0,6.4,92.0
26863,475,21.271212121212123,23.214285714285715,22.3968253968254,8.7,30.0,4.8,92.0
27763,475,21.16,21.207692307692305,20.58153846153846,9.2,30.0,4.8,91.0
28663,475,20.96984126984127,20.007042253521128,19.556338028169016,10.5,33.0,11.3,87.0
29563,475,20.8,19.295081967213115,18.927868852459017,10.9,35.0,9.7,86.0
30463,475,20.66315789473684,19.0,18.54153846153846,11.8,51.0,19.3,78.0
31363,475,20.5078125,18.541666666666664,18.313333333333333,12.0,44.0,16.1,80.0
32263,475,20.364615384615384,18.5,18.076119402985075,12.4,369.0,17.7,78.0
33163,475,20.24090909090909,18.5,18.0,12.6,410.0,17.7,78.0
34063,475,20.172131147540984,18.34426229508197,17.852459016393443,12.6,445.0,17.7,78.0
34963,475,20.083333333333336,18.0078125,17.8,12.5,473.0,19.3,77.0
35863,475,20.0,18.0,17.8,13.3,522.0,16.1,74.0
36763,475,19.91587301587301,18.0,17.645,13.4,563.0,14.5,73.0
37663,475,19.88030303030304,18.0,17.5,13.3,585.0,19.3,70.0
38563,475,19.8,18.0,17.5,13.6,643.0,17.7,69.0
39463,475,19.8,18.0,17.5,13.6,636.0,19.3,65.0
40363,475,19.743076923076924,18.0,17.5,13.9,649.0,17.7,63.0
41263,475,19.7,18.0,17.5,14.4,759.0,19.3,59.0
42163,475,19.7,18.0,17.491176470588236,14.8,708.0,17.7,58.0
43063,475,19.7,18.0,17.42537313432836,14.6,714.0,19.3,60.0
43963,475,19.7,18.0,17.3,14.6,733.0,17.7,58.0
44863,475,19.7,18.0,17.3,14.1,156.0,17.7,63.0
45763,475,19.64307692307693,18.0,17.3,14.4,759.0,19.3,61.0
46663,475,19.6,18.0,17.3,15.1,780.0,17.7,59.0
47563,475,19.6,18.0,17.3,15.6,763.0,16.1,58.0
48463,475,19.6,18.0,17.3,15.3,155.0,19.3,55.0
49363,475,19.6,18.0,17.3,14.4,181.0,22.5,57.0
50263,475,19.6,18.0,17.3,13.6,151.0,17.7,60.0
51163,475,19.6,18.0,17.3,15.2,766.0,20.9,57.0
52063,475,19.58939393939394,18.0,17.3,14.4,223.0,20.9,59.0
52963,475,19.5,18.0,17.3,14.2,171.0,19.3,57.0
53863,475,19.5,18.0,17.3,13.8,218.0,19.3,58.0
54763,475,19.5,18.0,17.3,14.0,294.0,17.7,57.0
55663,475,19.5,18.0,17.3,15.2,749.0,20.9,57.0
56563,475,19.5,18.0,17.3,14.4,258.0,19.3,60.0
57463,475,19.5,17.976190476190474,17.295238095238098,14.8,612.0,22.5,55.0
58363,475,19.5,17.92537313432836,17.291044776119403,14.8,703.0,20.9,57.0
59263,475,19.5,17.9375,17.2578125,15.0,559.0,19.3,53.0
60163,475,19.52238805970149,22.746153846153845,21.03692307692308,14.4,506.0,20.9,56.0
61063,475,19.77692307692308,27.5390625,26.1359375,14.3,529.0,22.5,56.0
61963,475,19.91864406779661,31.133333333333333,29.65833333333333,14.1,294.0,20.9,57.0
62863,475,20.10508474576272,32.45384615384616,31.42923076923077,14.0,188.0,20.9,56.0
63763,475,20.311864406779662,27.32407407407408,25.82037037037037,13.8,193.0,19.3,57.0
64663,475,20.4,22.735849056603776,21.49056603773585,13.4,69.0,17.7,58.0
65563,475,20.3640625,20.61206896551724,19.839655172413792,13.3,118.0,17.7,61.0
66463,475,20.261403508771927,19.661538461538463,19.09846153846154,13.2,86.0,14.5,62.0
67363,475,20.136206896551723,19.02173913043478,18.60869565217392,13.1,105.0,16.1,63.0
68263,475,20.024242424242424,18.68115942028985,18.3231884057971,12.9,65.0,16.1,65.0
69163,475,19.904615384615383,18.5,18.05076923076923,12.7,102.0,14.5,65.0
70063,475,19.7828125,18.253968253968253,17.863492063492064,12.6,32.0,14.5,67.0
70963,475,19.65,18.0,17.728,12.2,25.0,16.1,68.0
71863,475,19.52857142857143,21.46153846153846,20.746153846153845,11.6,16.0,16.1,71.0
72763,475,19.5,27.31818181818182,25.59090909090909,11.3,11.0,12.9,72.0
73663,475,19.583673469387755,28.20175438596491,27.457894736842103,10.7,5.0,11.3,75.0
74563,475,19.70967741935484,29.423076923076923,28.119230769230768,10.4,0.0,8.0,76.0
75463,475,19.87540983606557,29.885714285714283,29.374285714285712,10.0,0.0,11.3,76.0
76363,475,19.938235294117646,31.428571428571427,29.46666666666667,9.8,0.0,9.7,76.0
77263,475,19.995384615384616,28.050724637681164,26.981159420289856,9.6,0.0,11.3,78.0
78163,475,19.9,22.746031746031747,21.514285714285712,9.6,0.0,12.9,78.0
79063,475,19.8296875,20.544776119402982,19.74179104477612,9.7,0.0,14.5,78.0
79963,475,19.73125,19.463235294117645,18.873529411764707,9.6,0.0,14.5,78.0
80863,475,19.754838709677426,19.61428571428572,20.062857142857144,9.5,0.0,12.9,78.0
81763,475,20.753125,19.813432835820898,19.934328358208955,9.5,0.0,16.1,78.0
82663,475,20.26825396825397,19.149253731343286,18.70597014925373,9.3,0.0,12.9,79.0
83563,475,19.907462686567165,18.63768115942029,18.18550724637681,9.2,0.0,11.3,79.0
84463,475,19.69855072463768,18.5,17.935294117647057,8.9,0.0,12.9,80.0
85363,475,19.530985915492955,18.301470588235293,17.8,8.8,0.0,11.3,80.0
86263,475,19.3828125,18.0,17.597058823529412,8.7,0.0,11.3,81.0
763,476,19.293103448275865,18.0,17.5,8.7,0.0,11.3,81.0
1663,476,19.2,18.0,17.47391304347826,8.8,0.0,14.5,79.0
2563,476,19.11641791044776,18.0,17.3,8.9,0.0,12.9,78.0
3463,476,19.04285714285714,18.0,17.3,8.9,0.0,14.5,78.0
4363,476,19.0,17.97101449275362,17.3,8.9,0.0,12.9,78.0
5263,476,18.95846153846154,17.552631578947366,17.142105263157895,8.9,0.0,11.3,77.0
6163,476,18.9,17.5,17.0,8.7,0.0,6.4,79.0
7063,476,18.9,17.5,17.0,8.7,0.0,9.7,78.0
7963,476,18.811940298507466,17.5,17.0,8.9,0.0,9.7,75.0
8863,476,18.8,17.5,17.0,9.1,0.0,8.0,75.0
9763,476,18.744444444444447,17.5,17.0,9.2,0.0,8.0,74.0
10663,476,18.7,17.5,17.0,9.3,0.0,9.7,73.0
11563,476,18.7,17.5,16.876923076923077,9.2,0.0,4.8,74.0
12463,476,18.6515625,17.5,16.8,8.8,0.0,6.4,75.0
13363,476,18.6,17.5,16.8,8.7,0.0,6.4,76.0
14263,476,18.6,17.5,16.8,8.2,0.0,1.6,78.0
15163,476,18.590625,17.5,16.8,8.1,0.0,1.6,79.0
16063,476,18.5,17.5,16.8,8.1,0.0,1.6,80.0
16963,476,18.5,17.5,16.8,7.9,0.0,1.6,81.0
17863,476,18.5,17.5,16.8,7.6,0.0,1.6,82.0
18763,476,18.42058823529412,17.5,16.8,7.3,0.0,1.6,83.0
19663,476,18.4,19.801470588235293,18.47352941176471,7.1,0.0,0.0,84.0
20563,476,18.449295774647887,24.615384615384617,23.007692307692302,6.7,0.0,0.0,84.0
21463,476,18.6483870967742,28.036764705882355,26.627941176470586,6.2,5.0,1.6,87.0
22363,476,18.81159420289855,31.166666666666668,29.116666666666667,6.3,9.0,0.0,87.0
23263,476,17.703076923076924,28.7089552238806,28.498507462686568,6.2,14.0,0.0,87.0
24163,476,16.466666666666665,22.713235294117645,21.144117647058824,6.2,16.0,0.0,87.0
25063,476,16.293939393939393,19.52272727272728,18.221212121212123,6.9,21.0,3.2,88.0
25963,476,16.11044776119403,18.02307692307692,17.28153846153846,7.4,23.0,3.2,87.0
26863,476,16.03015873015873,17.807142857142857,17.694285714285716,8.6,26.0,4.8,84.0
27763,476,16.48030303030303,17.742424242424242,17.716666666666665,8.9,28.0,4.8,84.0
28663,476,16.734920634920634,17.492307692307694,16.85076923076923,9.3,81.0,4.8,81.0
29563,476,17.078333333333333,17.136363636363637,16.686363636363637,9.2,56.0,4.8,82.0
30463,476,17.297014925373134,16.794117647058822,16.405882352941177,9.0,37.0,4.8,83.0
31363,476,17.322413793103447,16.508333333333333,15.86,9.1,40.0,4.8,83.0
32263,476,17.31864406779661,17.147540983606557,16.48688524590164,9.5,369.0,3.2,81.0
33163,476,17.383333333333333,17.0,16.3,11.2,397.0,1.6,77.0
34063,476,17.435555555555556,17.25581395348837,16.472093023255816,11.9,450.0,4.8,73.0
34963,476,17.63448275862069,17.613636363636363,16.78181818181818,12.3,475.0,3.2,71.0
35863,476,17.7,17.346774193548388,16.438709677419354,12.9,515.0,8.0,67.0
36763,476,17.75588235294118,17.0,16.14776119402985,13.2,568.0,8.0,68.0
37663,476,17.726153846153846,16.717391304347824,16.0,13.9,260.0,11.3,66.0
38563,476,17.794117647058822,16.792307692307695,16.152307692307694,14.4,724.0,12.9,67.0
39463,476,17.846969696969698,17.0,16.1359375,14.7,218.0,12.9,63.0
40363,476,17.975384615384616,17.0,16.3,15.0,190.0,9.7,61.0
41263,476,18.040677966101693,17.0,16.33076923076923,15.4,202.0,11.3,59.0
42163,476,18.1,17.0,16.3,16.0,770.0,9.7,57.0
43063,476,18.166666666666664,17.0,16.261904761904763,16.0,214.0,11.3,54.0
43963,476,18.1,17.0,16.013636363636362,16.3,784.0,12.9,55.0
44863,476,18.1,17.03174603174603,16.19206349206349,15.8,761.0,14.5,56.0
45763,476,18.1,17.0,16.302985074626868,15.8,163.0,11.3,56.0
46663,476,18.1,17.0,16.125757575757575,15.3,854.0,12.9,56.0
47563,476,18.1,17.0,16.30923076923077,16.8,819.0,12.9,53.0
48463,476,18.086440677966102,16.952830188679247,16.090566037735847,17.8,773.0,9.7,49.0
49363,476,18.0,16.724137931034484,16.04655172413793,17.3,350.0,12.9,49.0
50263,476,18.0,17.136363636363637,16.342424242424244,16.9,251.0,8.0,50.0
51163,476,18.0,17.0,16.3,17.2,202.0,9.7,48.0
52063,476,18.0,17.0,16.3,17.9,738.0,9.7,46.0
52963,476,18.0,17.0,16.3,18.3,714.0,11.3,46.0
53863,476,18.0,17.0,16.3,18.7,682.0,11.3,45.0
54763,476,18.0,17.0,16.3,18.4,664.0,11.3,43.0
55663,476,18.0,17.0,16.295454545454547,18.6,635.0,11.3,43.0
56563,476,18.21451612903226,17.389705882352942,16.61911764705882,18.8,619.0,11.3,39.0
57463,476,18.31846153846154,17.4296875,16.575,19.0,580.0,8.0,44.0
58363,476,18.269491525423728,19.70967741935484,17.26290322580645,17.3,559.0,11.3,52.0
59263,476,19.32,26.79850746268657,23.143283582089552,16.7,517.0,12.9,53.0
60163,476,18.953125,31.61029411764706,29.313235294117646,16.0,492.0,14.5,54.0
61063,476,18.81818181818182,32.1171875,30.7890625,16.1,401.0,11.3,56.0
61963,476,18.524615384615384,31.81818181818182,30.274242424242424,15.8,376.0,12.9,57.0
62863,476,18.714492753623187,28.340909090909093,26.92727272727273,15.5,156.0,12.9,57.0
63763,476,18.86774193548387,22.685714285714287,21.24285714285714,15.7,176.0,12.9,56.0
64663,476,18.9,20.147058823529413,19.301470588235293,15.2,114.0,9.7,58.0
65563,476,18.826760563380283,18.95238095238096,18.387301587301582,15.0,125.0,11.3,58.0
66463,476,18.763076923076923,18.333333333333336,17.887878787878787,15.2,91.0,6.4,58.0
67363,476,18.7,19.451612903225808,18.65322580645161,15.2,83.0,4.8,58.0
68263,476,18.7,24.919117647058822,24.405882352941177,15.4,139.0,4.8,56.0
69163,476,18.791044776119403,27.21538461538461,26.09230769230769,15.6,113.0,3.2,57.0
70063,476,18.86617647058824,28.223076923076924,27.346153846153847,15.6,69.0,3.2,55.0
70963,476,18.928169014084503,29.156716417910445,27.89850746268657,15.3,30.0,1.6,57.0
71863,476,19.0,29.457142857142856,28.56857142857143,14.5,18.0,3.2,61.0
72763,476,19.06268656716417,30.19117647058824,28.988235294117647,13.9,11.0,3.2,62.0
73663,476,19.1,27.36805555555556,26.26111111111111,13.1,0.0,1.6,64.0
74563,476,19.1,22.32575757575757,21.095454545454547,12.8,0.0,0.0,65.0
75463,476,19.06969696969697,20.022058823529413,19.22352941176471,12.2,0.0,1.6,67.0
76363,476,19.0,30.17692307692308,26.54615384615385,12.1,0.0,3.2,67.0
77263,476,19.359375,51.70967741935484,48.987096774193546,12.2,0.0,3.2,68.0
78163,476,19.835384615384616,37.392857142857146,37.072857142857146,12.0,0.0,3.2,68.0
79063,476,19.95217391304348,29.471014492753625,30.295652173913044,11.9,0.0,4.8,69.0
79963,476,20.0,24.936507936507937,25.546031746031748,11.6,0.0,3.2,70.0
80863,476,19.93076923076924,22.327868852459016,22.098360655737704,11.9,0.0,4.8,69.0
81763,476,19.83582089552239,20.466101694915256,19.69830508474576,11.9,0.0,3.2,69.0
82663,476,19.665714285714284,19.34126984126984,18.74126984126984,11.6,0.0,4.8,71.0
83563,476,19.50869565217392,19.2,19.34923076923077,11.8,0.0,6.4,70.0
84463,476,19.3578125,18.72131147540984,18.62622950819672,12.2,0.0,6.4,70.0
85363,476,19.23709677419355,18.48529411764705,18.286764705882355,11.6,0.0,8.0,72.0
86263,476,19.2,19.27611940298508,19.51492537313433,13.7,0.0,14.5,72.0
763,477,19.11269841269841,18.55223880597015,18.16417910447761,13.8,0.0,14.5,73.0
1663,477,19.00952380952381,18.039682539682538,17.623809523809523,14.2,0.0,16.1,76.0
2563,477,18.94626865671642,18.0,17.392307692307693,14.3,0.0,20.9,77.0
3463,477,18.9,17.934782608695652,17.3,14.3,0.0,20.9,78.0
4363,477,18.8,17.507462686567163,17.28208955223881,14.2,0.0,20.9,78.0
5263,477,18.75857142857143,17.5,17.026865671641794,14.7,0.0,19.3,80.0
6163,477,18.7,17.5,17.0,14.4,0.0,16.1,80.0
7063,477,18.690140845070424,17.5,17.0,14.6,0.0,14.5,79.0
7963,477,18.6,17.5,17.0,14.7,0.0,17.7,80.0
8863,477,18.6,17.5,17.0,14.6,0.0,17.7,82.0
9763,477,18.57619047619048,17.5,16.99705882352941,14.5,0.0,14.5,84.0
10663,477,18.5,17.5,16.85151515151515,14.5,0.0,14.5,86.0
11563,477,18.5,17.5,16.8,14.6,0.0,16.1,85.0
12463,477,18.47846153846153,17.5,16.8,14.4,0.0,9.7,87.0
13363,477,18.4,17.5,16.8,14.3,0.0,12.9,85.0
14263,477,18.4,17.5,16.8,14.5,0.0,14.5,83.0
15163,477,18.4,17.5,16.8,14.3,0.0,16.1,84.0
16063,477,18.392424242424244,17.5,16.8,14.0,0.0,16.1,84.0
16963,477,18.30151515151515,17.485294117647058,16.8,14.0,0.0,17.7,84.0
17863,477,18.3,17.42753623188406,16.8,14.0,0.0,17.7,83.0
18763,477,18.3,17.161290322580648,16.8,13.8,0.0,14.5,83.0
19663,477,18.3,19.99242424242424,18.721212121212123,13.5,0.0,11.3,84.0
20563,477,18.32686567164179,24.888059701492537,23.35074626865672,13.2,0.0,14.5,85.0
21463,477,18.453030303030303,27.284615384615385,26.024615384615384,13.3,5.0,16.1,81.0
22363,477,18.650746268656714,30.23134328358209,28.517910447761192,13.2,12.0,12.9,80.0
23263,477,18.89855072463768,30.43382352941176,29.43088235294117,13.2,25.0,17.7,74.0
24163,477,19.12089552238806,30.742857142857144,29.45,13.2,28.0,20.9,71.0
25063,477,19.31714285714286,28.402985074626866,27.21791044776119,12.8,40.0,22.5,62.0
25963,477,19.417241379310347,23.869230769230768,24.10615384615385,12.8,39.0,20.9,60.0
26863,477,19.247692307692308,20.9609375,20.625,12.7,76.0,17.7,57.0
27763,477,19.193939393939395,20.44029850746269,20.88358208955224,12.6,77.0,20.9,55.0
28663,477,19.066666666666663,19.065217391304348,18.60869565217392,12.0,60.0,19.3,60.0
29563,477,18.98030303030303,18.25757575757576,17.683333333333334,11.8,60.0,19.3,59.0
30463,477,18.87575757575757,17.86231884057971,17.268115942028984,11.6,102.0,17.7,61.0
31363,477,18.758064516129032,17.5,17.0,11.7,97.0,19.3,58.0
32263,477,18.67462686567164,17.5,16.844444444444445,12.3,142.0,17.7,52.0
33163,477,18.5983870967742,17.485294117647058,16.8,12.3,113.0,16.1,54.0
34063,477,18.501492537313432,17.084615384615383,16.763076923076923,12.2,169.0,16.1,56.0
34963,477,18.48235294117647,17.0,16.513235294117646,12.4,125.0,17.7,57.0
35863,477,18.4,17.0,16.5,12.2,134.0,14.5,61.0
36763,477,18.368181818181817,17.0,16.5,12.3,160.0,12.9,62.0
37663,477,18.3,17.0,16.5,12.7,207.0,11.3,59.0
38563,477,18.3,17.0,16.48688524590164,12.8,250.0,11.3,60.0
39463,477,18.2015625,17.0,16.43913043478261,12.3,149.0,20.9,62.0
40363,477,18.2,17.0,16.306060606060605,12.1,125.0,17.7,64.0
41263,477,18.2,17.174603174603174,16.634920634920636,11.4,118.0,17.7,69.0
42163,477,18.14626865671642,17.0,16.5,11.3,127.0,17.7,68.0
43063,477,18.1,17.051470588235293,16.47058823529412,11.3,202.0,20.9,70.0
43963,477,18.1,17.0,16.274285714285714,11.1,153.0,19.3,72.0
44863,477,18.02741935483871,16.930769230769233,16.00923076923077,12.0,884.0,24.1,71.0
45763,477,18.0,16.879310344827587,16.181034482758623,12.3,339.0,20.9,69.0
46663,477,18.0,16.984848484848484,16.356060606060606,11.4,352.0,25.7,74.0
47563,477,18.0,17.19047619047619,16.461904761904762,11.4,269.0,20.9,74.0
48463,477,18.0,17.0,16.3,12.2,376.0,20.9,73.0
49363,477,17.988524590163934,17.0,16.3,11.5,297.0,25.7,74.0
50263,477,17.9,17.0,16.3,10.9,206.0,17.7,81.0
51163,477,17.9,16.985294117647058,16.3,10.4,190.0,17.7,86.0
52063,477,17.9,16.934426229508198,16.295081967213115,10.1,301.0,22.5,89.0
52963,477,17.89516129032258,16.606060606060606,16.045454545454547,10.7,840.0,22.5,83.0
53863,477,17.801694915254238,16.5,16.0,11.1,404.0,20.9,78.0
54763,477,17.8,16.92452830188679,16.254716981132074,11.1,323.0,20.9,79.0
55663,477,17.8,16.555555555555554,16.023809523809526,11.3,255.0,17.7,75.0
56563,477,17.8,16.76851851851852,16.15,11.3,165.0,19.3,75.0
57463,477,17.86315789473684,42.68055555555556,35.7,10.0,199.0,16.1,84.0
58363,477,18.566666666666663,57.66666666666666,54.16,9.9,160.0,14.5,83.0
59263,477,19.3734375,43.31818181818182,39.61212121212121,11.1,313.0,16.1,76.0
60163,477,19.74,41.8046875,40.5203125,11.5,243.0,16.1,72.0
61063,477,19.8,32.24242424242424,32.239393939393935,11.2,200.0,16.1,72.0
61963,477,19.68,25.6031746031746,25.460317460317462,11.2,237.0,19.3,71.0
62863,477,19.46825396825397,25.188524590163933,25.06065573770492,12.0,199.0,17.7,66.0
63763,477,19.322222222222223,44.3046875,39.9953125,11.9,234.0,17.7,66.0
64663,477,19.811940298507466,56.375,54.26470588235294,11.6,146.0,19.3,69.0
65563,477,20.333333333333336,48.53076923076923,45.58769230769231,11.9,185.0,16.1,69.0
66463,477,20.585714285714285,37.33088235294117,33.266176470588235,11.4,90.0,19.3,69.0
67363,477,20.45593220338983,28.3125,25.7,10.7,93.0,17.7,75.0
68263,477,20.25074626865672,25.43076923076924,26.84307692307692,10.4,18.0,16.1,78.0
69163,477,20.02258064516129,22.23880597014925,21.89253731343284,10.1,11.0,17.7,84.0
70063,477,19.79032258064516,20.253731343283583,19.4089552238806,8.8,21.0,22.5,88.0
70963,477,19.559375,19.115384615384617,18.42923076923077,8.6,25.0,16.1,90.0
71863,477,19.352941176470587,18.47761194029851,17.88955223880597,8.7,26.0,20.9,89.0
72763,477,19.16875,18.084615384615383,17.7,8.8,12.0,20.9,89.0
73663,477,19.01111111111112,18.1640625,18.021875,8.7,7.0,22.5,89.0
74563,477,18.871186440677967,19.65873015873016,18.45079365079365,8.7,0.0,20.9,89.0
75463,477,18.8328125,25.088235294117645,24.28529411764706,8.6,0.0,19.3,88.0
76363,477,18.9044776119403,27.75757575757576,26.313636363636363,8.6,0.0,20.9,87.0
77263,477,19.0,31.294117647058822,29.39264705882353,8.7,0.0,19.3,89.0
78163,477,19.08852459016393,27.63846153846153,25.409230769230767,8.7,0.0,22.5,89.0
79063,477,19.10967741935484,22.49180327868853,21.031147540983607,8.6,0.0,19.3,88.0
79963,477,19.1,20.130769230769232,19.361538461538466,8.7,0.0,19.3,89.0
80863,477,19.0703125,20.15625,20.909375,8.4,0.0,24.1,89.0
81763,477,19.0,19.397058823529413,20.038235294117648,8.3,0.0,22.5,90.0
82663,477,18.92794117647059,19.09230769230769,19.08153846153846,8.3,0.0,17.7,91.0
83563,477,18.831884057971017,18.246153846153845,17.736923076923077,8.2,0.0,19.3,92.0
84463,477,18.725,17.833333333333336,17.26969696969697,7.8,0.0,16.1,92.0
85363,477,18.62,17.5,17.0,7.8,0.0,16.1,92.0
86263,477,18.53333333333333,17.5,16.85142857142857,7.7,0.0,16.1,92.0
763,478,18.44626865671642,17.485294117647058,16.8,7.7,0.0,17.7,92.0
1663,478,18.394117647058824,17.075757575757574,16.71818181818182,7.6,0.0,19.3,92.0
2563,478,18.3,17.0,16.5,7.4,0.0,17.7,92.0
3463,478,18.24242424242424,17.0,16.5,7.7,0.0,24.1,91.0
4363,478,18.2,17.0,16.5,7.7,0.0,27.4,91.0
5263,478,18.13384615384616,17.0,16.5,7.7,0.0,27.4,91.0
6163,478,18.1,17.0,16.41014492753623,7.7,0.0,25.7,91.0
7063,478,18.067692307692308,17.0,16.3,7.6,0.0,20.9,92.0
7963,478,18.0,17.0,16.3,7.8,0.0,24.1,91.0
8863,478,18.0,17.0,16.3,7.8,0.0,24.1,91.0
9763,478,17.924242424242426,17.0,16.3,7.8,0.0,20.9,91.0
10663,478,17.9,17.0,16.3,7.8,0.0,22.5,91.0
11563,478,17.886567164179105,17.0,16.3,7.8,0.0,22.5,91.0
12463,478,17.8,16.992537313432837,16.3,7.7,0.0,25.7,90.0
13363,478,17.8,16.83582089552239,16.237313432835823,7.7,0.0,24.1,89.0
14263,478,17.8,16.545454545454547,16.022727272727273,7.5,0.0,24.1,89.0
15163,478,17.728125,16.5,16.0,7.4,0.0,22.5,88.0
16063,478,17.7,16.5,16.0,7.5,0.0,22.5,88.0
16963,478,17.7,16.5,16.0,7.7,0.0,25.7,88.0
17863,478,17.7484375,34.69047619047619,30.17619047619048,7.7,0.0,22.5,88.0
18763,478,18.20952380952381,38.5,37.1890625,7.7,0.0,25.7,88.0
19663,478,18.655882352941177,32.81818181818182,31.51212121212121,7.6,0.0,25.7,88.0
20563,478,18.93846153846154,30.768115942028988,29.4768115942029,7.7,0.0,24.1,89.0
21463,478,19.62833333333333,26.115384615384613,24.50923076923077,7.4,5.0,22.5,93.0
22363,478,19.8890625,22.46825396825397,22.039682539682538,7.3,9.0,20.9,93.0
23263,478,19.527272727272727,25.2,24.325714285714287,7.3,14.0,20.9,91.0
24163,478,19.15820895522388,28.5,27.145454545454545,7.5,32.0,19.3,91.0
25063,478,19.29090909090909,29.71538461538461,27.904615384615383,7.5,19.0,20.9,90.0
25963,478,19.333823529411767,32.93846153846154,30.77692307692308,7.6,21.0,22.5,89.0
26863,478,19.51969696969697,31.46923076923077,29.087692307692304,7.9,26.0,17.7,89.0
27763,478,19.6,24.184615384615384,22.244615384615383,8.1,49.0,20.9,88.0
28663,478,19.50655737704918,20.953125,19.7640625,8.4,70.0,24.1,86.0
29563,478,19.348333333333333,19.38888888888889,18.628571428571423,8.2,51.0,20.9,88.0
30463,478,19.17619047619048,18.49230769230769,17.947692307692307,8.4,127.0,20.9,87.0
31363,478,19.003225806451614,18.0,17.4875,8.7,169.0,22.5,85.0
32263,478,18.84090909090909,17.52238805970149,17.197014925373132,8.8,158.0,20.9,85.0
33163,478,18.68939393939394,17.5,16.99375,9.1,345.0,20.9,85.0
34063,478,18.59718309859155,17.21969696969697,16.806060606060605,9.5,65.0,20.9,81.0
34963,478,18.496774193548383,17.0,16.79516129032258,9.4,193.0,17.7,82.0
35863,478,18.4,17.0,16.51451612903226,8.9,167.0,20.9,88.0
36763,478,18.32753623188406,17.0,16.5,8.8,195.0,19.3,88.0
37663,478,18.221212121212123,17.0,16.5,10.1,671.0,20.9,84.0
38563,478,18.17,17.0,16.346875,9.3,213.0,20.9,86.0
39463,478,18.1,17.0,16.3,9.1,128.0,19.3,88.0
40363,478,18.1,17.0,16.3,9.5,499.0,24.1,87.0
41263,478,18.01818181818182,17.0,16.3,9.5,499.0,24.1,87.0
42163,478,18.0,16.942028985507246,16.3,8.9,156.0,22.5,91.0
43063,478,18.0,16.615384615384617,16.3,9.7,292.0,16.1,84.0
43963,478,17.973846153846154,16.5625,16.3,10.8,793.0,20.9,81.0
44863,478,17.9,16.507692307692306,16.143076923076926,9.9,304.0,27.4,77.0
45763,478,17.9,16.5,16.01818181818182,10.4,406.0,19.3,77.0
46663,478,17.892857142857142,16.5,16.0,10.8,380.0,22.5,72.0
47563,478,17.801470588235293,16.5,16.0,11.2,520.0,20.9,70.0
48463,478,17.8,16.5,16.0,11.1,438.0,19.3,71.0
49363,478,17.8,16.5,16.0,10.7,381.0,27.4,72.0
50263,478,17.731746031746034,16.5,16.0,11.6,388.0,24.1,69.0
51163,478,17.7,16.5,16.0,11.4,490.0,19.3,70.0
52063,478,17.7,16.5,16.0,11.3,232.0,20.9,70.0
52963,478,17.65076923076923,16.5,16.0,11.1,512.0,19.3,73.0
53863,478,17.6,16.5,15.923076923076923,11.6,357.0,20.9,71.0
54763,478,17.596875,16.5,15.803125,11.7,357.0,22.5,69.0
55663,478,17.5,16.5,15.8,11.2,255.0,24.1,70.0
56563,478,17.5,16.51492537313433,15.816417910447765,11.0,220.0,20.9,72.0
57463,478,17.734375,43.785714285714285,37.87857142857143,11.1,65.0,22.5,69.0
58363,478,18.759322033898307,41.0703125,39.5671875,10.6,62.0,20.9,73.0
59263,478,19.22777777777777,27.970149253731343,26.46119402985075,10.1,174.0,22.5,78.0
60163,478,19.3,24.366071428571427,22.45,10.2,211.0,20.9,82.0
61063,478,19.297014925373134,21.253731343283583,20.262686567164177,9.2,81.0,19.3,86.0
61963,478,19.16774193548387,19.671875,19.075,9.2,232.0,19.3,87.0
62863,478,19.037704918032787,18.859375,18.6671875,9.1,190.0,25.7,86.0
63763,478,18.866153846153846,23.12903225806452,22.36290322580645,9.3,155.0,27.4,87.0
64663,478,18.726984126984128,24.19402985074627,23.535820895522388,9.6,128.0,27.4,85.0
65563,478,18.613333333333333,24.557142857142857,23.59285714285714,9.7,230.0,29.0,85.0
66463,478,18.5078125,24.575,23.805,9.5,81.0,30.6,85.0
67363,478,18.462686567164177,25.17741935483871,24.14354838709677,9.6,74.0,32.2,86.0
68263,478,18.4,25.369565217391305,24.53333333333333,9.9,137.0,32.2,85.0
69163,478,18.4,26.58955223880597,25.1179104477612,10.1,65.0,27.4,85.0
70063,478,18.75238095238096,54.659090909090914,47.18787878787879,9.8,40.0,25.7,89.0
70963,478,19.9688524590164,58.3,55.67999999999999,9.9,53.0,27.4,90.0
71863,478,20.91875,51.326086956521735,49.2,10.2,14.0,32.2,87.0
72763,478,21.28833333333333,40.546875,38.11875,10.2,18.0,29.0,87.0
73663,478,21.296875,45.47058823529412,42.96764705882353,10.2,11.0,19.3,88.0
74563,478,21.213114754098363,45.24242424242424,42.7469696969697,10.1,5.0,22.5,88.0
75463,478,21.07258064516129,42.06617647058824,39.936764705882354,10.0,0.0,19.3,89.0
76363,478,20.961290322580645,37.7089552238806,36.22238805970149,9.9,0.0,20.9,89.0
77263,478,20.74285714285714,35.95161290322581,33.651612903225804,9.6,0.0,27.4,87.0
78163,478,20.580303030303032,30.932835820895527,27.72238805970149,9.3,0.0,29.0,88.0
79063,478,20.308474576271188,24.97692307692308,24.39384615384615,8.7,0.0,29.0,88.0
79963,478,20.88888888888889,28.716417910447763,28.161194029850748,8.4,0.0,33.8,88.0
80863,478,20.3484375,29.35074626865672,28.519402985074628,8.2,0.0,35.4,87.0
81763,478,20.223076923076924,30.60169491525424,29.3542372881356,8.2,0.0,33.8,87.0
82663,478,20.09705882352941,29.13636363636364,28.225757575757576,8.1,0.0,33.8,84.0
83563,478,19.92028985507246,23.186567164179102,21.8955223880597,7.9,0.0,32.2,83.0
84463,478,19.70483870967742,20.536231884057973,19.568115942028985,7.8,0.0,30.6,82.0
85363,478,19.47878787878788,19.19696969696969,18.46212121212121,7.7,0.0,29.0,83.0
86263,478,19.28,18.419117647058822,17.847058823529412,7.6,0.0,29.0,83.0
763,479,19.087878787878783,18.0,17.422388059701493,7.6,0.0,33.8,84.0
1663,479,18.926470588235293,17.639705882352942,17.14558823529412,7.5,0.0,27.4,84.0
2563,479,18.74788732394366,17.5,16.928125,7.5,0.0,29.0,85.0
3463,479,18.615873015873014,20.433823529411764,19.47058823529412,7.7,0.0,25.7,84.0
4363,479,18.6,24.74285714285714,23.65571428571429,7.6,0.0,22.5,85.0
5263,479,18.626470588235293,26.962686567164177,26.061194029850743,7.6,0.0,25.7,87.0
6163,479,18.73064516129032,29.069230769230767,27.698461538461537,7.3,0.0,22.5,90.0
7063,479,18.871428571428574,29.975409836065573,28.927868852459017,7.0,0.0,17.7,94.0
7963,479,18.971212121212123,30.573529411764707,29.32058823529412,7.1,0.0,24.1,93.0
8863,479,19.038709677419355,31.061538461538465,30.064615384615383,6.9,0.0,20.9,91.0
9763,479,19.1,26.29464285714285,24.88571428571429,6.9,0.0,25.7,91.0
10663,479,19.042105263157897,21.535714285714285,20.23035714285714,6.8,0.0,25.7,90.0
11563,479,18.915,19.41489361702128,18.51276595744681,6.8,0.0,27.4,90.0
12463,479,18.783783783783782,18.41025641025641,17.787179487179486,7.2,0.0,30.6,89.0
13363,479,18.57,17.651162790697676,17.12558139534884,7.1,0.0,25.7,89.0
14263,479,18.45151515151515,20.830882352941178,20.022058823529413,6.9,0.0,24.1,89.0
15163,479,18.4,24.59230769230769,23.58,6.9,0.0,25.7,88.0
16063,479,18.43188405797101,28.10714285714285,26.97,7.1,0.0,27.4,88.0
16963,479,18.556716417910447,30.46825396825397,29.15714285714285,6.8,0.0,27.4,86.0
17863,479,18.73617021276596,28.06617647058824,27.61029411764706,6.6,0.0,24.1,86.0
18763,479,18.866129032258065,31.0625,27.4828125,6.5,0.0,22.5,86.0
19663,479,18.534782608695654,31.87313432835821,30.33731343283582,6.4,0.0,22.5,88.0
20563,479,18.40333333333333,33.656716417910445,31.516417910447764,6.3,0.0,22.5,89.0
21463,479,18.380645161290325,31.514925373134325,30.25970149253731,6.4,7.0,25.7,88.0
22363,479,18.493939393939392,31.0,29.77428571428572,6.4,9.0,22.5,88.0
23263,479,,,,6.5,26.0,25.7,85.0
24163,479,,,,6.4,25.0,20.9,86.0
25063,479,,,,6.4,47.0,24.1,89.0
25963,479,,,,6.7,21.0,25.7,87.0
26863,479,,,,6.8,26.0,24.1,87.0
27763,479,,,,6.8,26.0,29.0,87.0
28663,479,,,,7.1,30.0,30.6,87.0
29563,479,,,,7.4,40.0,30.6,85.0
30463,479,,,,7.8,70.0,25.7,84.0
31363,479,,,,7.9,90.0,27.4,84.0
32263,479,,,,8.7,415.0,25.7,83.0
33163,479,,,,9.0,466.0,24.1,81.0
34063,479,,,,9.2,232.0,20.9,78.0
34963,479,,,,9.1,179.0,24.1,78.0
35863,479,,,,9.2,241.0,22.5,77.0
36763,479,,,,9.4,241.0,20.9,75.0
37663,479,,,,9.7,176.0,24.1,74.0
38563,479,,,,9.9,271.0,24.1,73.0
39463,479,,,,10.6,466.0,19.3,71.0
40363,479,,,,11.2,837.0,24.1,71.0
41263,479,,,,11.3,345.0,25.7,70.0
42163,479,,,,11.2,434.0,27.4,68.0
43063,479,,,,11.9,791.0,24.1,71.0
43963,479,,,,11.4,610.0,25.7,70.0
44863,479,,,,11.2,624.0,24.1,70.0
45763,479,,,,11.1,701.0,27.4,70.0
46663,479,,,,11.3,663.0,25.7,67.0
47563,479,,,,11.8,594.0,22.5,68.0
48463,479,,,,11.2,276.0,19.3,68.0
49363,479,,,,11.3,311.0,17.7,67.0
50263,479,,,,11.7,497.0,19.3,64.0
51163,479,,,,11.4,278.0,19.3,64.0
52063,479,,,,11.3,251.0,17.7,67.0
52963,479,,,,11.3,295.0,19.3,65.0
53863,479,,,,11.8,371.0,17.7,64.0
54763,479,,,,11.9,294.0,19.3,63.0
55663,479,,,,12.2,241.0,14.5,59.0
56563,479,17.6,16.5,15.8,12.3,288.0,16.1,59.0
57463,479,17.697014925373132,41.26119402985075,34.34179104477612,12.0,383.0,16.1,62.0
58363,479,18.506153846153847,45.721428571428575,46.14571428571429,12.2,279.0,17.7,62.0
59263,479,18.996774193548383,30.228571428571428,29.194285714285712,11.9,243.0,16.1,64.0
60163,479,19.11230769230769,24.97222222222222,22.85833333333333,11.7,230.0,19.3,64.0
61063,479,19.1,21.246153846153845,19.62153846153846,11.6,155.0,17.7,64.0
61963,479,18.995384615384616,19.19402985074627,18.565671641791045,11.4,86.0,16.1,65.0
62863,479,18.8125,20.884615384615383,20.48307692307692,11.1,98.0,14.5,67.0
63763,479,18.71875,36.63333333333333,31.311666666666667,11.1,199.0,14.5,68.0
64663,479,19.34,45.56617647058824,41.20441176470588,11.1,192.0,16.1,68.0
65563,479,19.821875,38.60769230769231,36.14,11.1,84.0,12.9,69.0
66463,479,19.9,29.421875,27.753125,10.6,113.0,16.1,74.0
67363,479,19.816129032258065,24.62686567164179,24.149253731343286,9.9,63.0,17.7,75.0
68263,479,19.590625,21.623076923076923,22.824615384615385,10.2,206.0,11.3,78.0
69163,479,19.389705882352946,35.580882352941174,31.41617647058824,10.8,51.0,14.5,73.0
70063,479,20.12089552238806,56.392857142857146,53.317142857142855,9.7,30.0,16.1,77.0
70963,479,20.73492063492064,42.06521739130435,38.64782608695652,9.3,39.0,16.1,79.0
71863,479,20.769841269841272,31.713235294117645,30.711764705882352,8.9,23.0,14.5,81.0
72763,479,20.633333333333333,25.93076923076924,25.01538461538461,8.8,18.0,11.3,81.0
73663,479,20.35,22.34375,21.4171875,8.7,0.0,14.5,81.0
74563,479,20.04032258064516,20.166666666666664,19.33484848484849,8.7,0.0,17.7,82.0
75463,479,19.725757575757576,19.05223880597015,18.59402985074627,8.6,0.0,9.7,85.0
76363,479,19.46969696969697,18.84126984126984,18.93809523809524,8.5,0.0,8.0,86.0
77263,479,19.2515625,18.125,17.5109375,8.3,0.0,9.7,86.0
78163,479,19.04375,18.0625,18.0921875,8.1,0.0,11.3,88.0
79063,479,19.0,18.88405797101449,19.214492753623187,7.6,0.0,8.0,88.0
79963,479,18.88939393939394,18.166666666666664,17.806060606060605,7.4,0.0,11.3,87.0
80863,479,18.72238805970149,17.611940298507463,17.102985074626865,7.4,0.0,17.7,89.0
81763,479,18.580882352941178,17.5,16.817391304347826,7.3,0.0,20.9,89.0
82663,479,18.475,17.17910447761194,16.665671641791043,7.3,0.0,17.7,89.0
83563,479,18.397183098591547,17.0,16.5,7.3,0.0,19.3,89.0
84463,479,18.3,17.0,16.5,7.0,0.0,12.9,91.0
85363,479,18.214285714285715,17.0,16.433333333333334,6.9,0.0,14.5,91.0
86263,479,18.15873015873016,17.0,16.3,6.9,0.0,14.5,91.0
763,480,18.1,17.0,16.3,7.0,0.0,16.1,91.0
1663,480,18.02063492063492,17.0,16.3,6.9,0.0,14.5,91.0
2563,480,18.0,16.98507462686567,16.3,6.7,0.0,11.3,91.0
3463,480,17.918181818181818,16.67142857142857,16.05142857142857,6.4,0.0,14.5,90.0
4363,480,17.9,16.5,16.0,6.4,0.0,17.7,90.0
5263,480,17.80597014925373,16.5,16.0,6.6,0.0,19.3,90.0
6163,480,17.8,16.5,16.0,6.5,0.0,16.1,91.0
7063,480,17.77647058823529,16.5,16.0,6.3,0.0,12.9,91.0
7963,480,17.7,16.5,16.0,6.4,0.0,14.5,92.0
8863,480,17.7,16.5,15.966197183098592,6.6,0.0,14.5,92.0
9763,480,17.62121212121212,16.5,15.81492537313433,6.7,0.0,16.1,91.0
10663,480,17.6,16.5,15.8,6.4,0.0,12.9,92.0
11563,480,17.59558823529412,16.5,15.8,6.4,0.0,14.5,92.0
12463,480,17.5,16.5,15.8,6.2,0.0,14.5,92.0
13363,480,17.5,16.5,15.8,6.2,0.0,16.1,92.0
14263,480,17.47142857142857,16.5,15.8,6.1,0.0,14.5,92.0
15163,480,17.4,16.5,15.8,6.1,0.0,11.3,92.0
16063,480,17.4,16.5,15.790322580645162,6.2,0.0,11.3,92.0
16963,480,17.3421875,16.606060606060606,15.743939393939394,6.3,0.0,14.5,91.0
17863,480,17.3,17.5,16.863235294117647,6.1,0.0,14.5,90.0
18763,480,17.3,17.93846153846154,16.93846153846154,6.1,0.0,17.7,90.0
19663,480,17.524193548387096,46.17164179104478,37.72238805970149,5.8,0.0,14.5,91.0
20563,480,18.44918032786885,44.97692307692308,43.20461538461539,5.8,0.0,14.5,92.0
21463,480,19.24838709677419,38.21186440677966,37.37796610169492,6.1,7.0,16.1,90.0
22363,480,19.5375,44.75373134328358,39.9134328358209,6.0,9.0,11.3,90.0
23263,480,19.684375,39.1640625,37.1625,6.1,18.0,20.9,90.0
24163,480,19.8,36.34848484848485,35.42121212121212,6.3,30.0,19.3,90.0
25063,480,19.766666666666666,28.296875,26.7390625,6.3,19.0,20.9,90.0
25963,480,19.62,23.198529411764707,21.62205882352941,6.4,25.0,20.9,89.0
26863,480,19.45522388059701,20.541666666666664,19.475,6.8,32.0,22.5,87.0
27763,480,19.26031746031746,19.084615384615383,18.32923076923077,7.0,32.0,19.3,87.0
28663,480,19.123076923076923,18.25,17.69,7.3,90.0,19.3,87.0
29563,480,18.95555555555556,17.7421875,17.271875,7.5,69.0,14.5,86.0
30463,480,18.81641791044776,17.5,16.96764705882353,7.8,98.0,22.5,83.0
31363,480,18.701587301587303,17.15625,16.8,7.5,47.0,24.1,83.0
32263,480,18.5625,17.0,16.55217391304348,8.2,387.0,22.5,79.0
33163,480,18.433333333333334,17.0,16.4864406779661,8.6,431.0,25.7,79.0
34063,480,18.363636363636363,17.0,16.30909090909091,9.2,403.0,24.1,76.0
34963,480,18.26142857142857,16.9,16.3,9.4,610.0,24.1,77.0
35863,480,18.160344827586208,16.51492537313433,16.273134328358207,9.6,640.0,17.7,78.0
36763,480,18.1,16.5,16.058064516129033,9.4,185.0,19.3,77.0
37663,480,18.02380952380953,16.5,16.0,9.3,302.0,20.9,78.0
38563,480,17.99076923076923,16.5,16.0,9.9,141.0,19.3,73.0
39463,480,17.9,16.5,16.0,7.9,285.0,20.9,87.0
40363,480,17.9,16.5,16.0,8.7,392.0,16.1,87.0
41263,480,17.8609375,16.5,16.0,8.9,262.0,22.5,81.0
42163,480,17.8,16.5,15.846153846153843,9.3,130.0,22.5,77.0
43063,480,17.8,16.5,15.803076923076924,10.2,889.0,24.1,73.0
43963,480,17.8,16.5,15.8,11.3,881.0,22.5,70.0
44863,480,17.746774193548386,16.5,15.8,10.9,795.0,27.4,69.0
45763,480,17.7,16.5,15.8,11.8,789.0,22.5,62.0
46663,480,17.7,16.5,15.8,10.1,246.0,22.5,73.0
47563,480,17.7,16.5,15.8,11.1,824.0,22.5,68.0
48463,480,17.62950819672131,16.5,15.8,10.3,269.0,22.5,67.0
49363,480,17.6,16.5,15.8,10.2,279.0,24.1,71.0
50263,480,17.6,16.5,15.8,10.4,684.0,27.4,66.0
51163,480,17.6,16.40151515151515,15.790909090909093,10.7,714.0,25.7,68.0
52063,480,17.510606060606058,16.25,15.774285714285714,11.0,302.0,19.3,66.0
52963,480,17.5,16.1015625,15.70625,10.6,130.0,19.3,67.0
53863,480,17.5,16.007246376811594,15.508695652173913,8.6,216.0,20.9,78.0
54763,480,17.5,16.0,15.5,10.4,621.0,17.7,71.0
55663,480,17.5,16.0,15.5,9.0,253.0,22.5,78.0
56563,480,17.514545454545456,34.38235294117647,28.38235294117647,10.3,675.0,17.7,74.0
57463,480,18.1,41.58461538461539,39.86923076923077,11.0,621.0,20.9,67.0
58363,480,18.58888888888889,35.315384615384616,35.752307692307696,11.4,647.0,25.7,65.0
59263,480,18.821739130434786,28.05223880597015,27.09850746268657,10.2,566.0,24.1,79.0
60163,480,18.9,27.09701492537313,25.76865671641791,10.9,559.0,20.9,72.0
61063,480,18.871666666666663,22.442857142857143,20.708571428571428,10.6,223.0,22.5,65.0
61963,480,18.75,19.727272727272727,18.55454545454545,10.9,415.0,20.9,65.0
62863,480,18.62575757575757,18.3955223880597,17.632835820895522,10.2,135.0,20.9,65.0
63763,480,18.4955223880597,18.8968253968254,18.16984126984127,10.3,206.0,17.7,66.0
64663,480,18.4,22.83076923076923,22.130769230769232,10.1,91.0,19.3,68.0
65563,480,18.32686567164179,23.984126984126984,22.96984126984127,10.1,104.0,19.3,67.0
66463,480,18.3,25.514705882352946,24.288235294117648,10.2,69.0,16.1,66.0
67363,480,18.363636363636363,27.6,26.124615384615385,9.6,86.0,24.1,69.0
68263,480,18.4,27.644927536231883,26.66521739130435,9.6,171.0,19.3,71.0
69163,480,18.456060606060607,29.074626865671643,27.23134328358209,9.7,141.0,20.9,70.0
70063,480,18.94754098360656,47.984375,43.0328125,9.3,72.0,16.1,71.0
70963,480,19.717741935483872,43.40441176470589,40.76029411764706,8.7,32.0,17.7,72.0
71863,480,19.99402985074627,39.4765625,37.4859375,7.9,12.0,20.9,74.0
72763,480,20.056716417910447,32.02985074626866,28.604477611940297,7.7,11.0,19.3,77.0
73663,480,19.893939393939394,25.57971014492754,24.315942028985507,7.2,7.0,19.3,80.0
74563,480,19.60869565217392,22.053030303030305,21.166666666666664,6.9,0.0,20.9,81.0
75463,480,19.31846153846154,19.84090909090909,19.76363636363636,6.7,0.0,22.5,82.0
76363,480,19.06617647058824,18.82258064516129,18.45,6.6,0.0,22.5,83.0
77263,480,18.866666666666667,18.35820895522388,18.37611940298508,6.6,0.0,22.5,84.0
78163,480,18.669696969696968,18.35606060606061,18.52272727272728,6.5,0.0,20.9,85.0
79063,480,20.11076923076923,18.053030303030305,17.74848484848485,6.2,0.0,17.7,86.0
79963,480,20.207692307692305,18.007692307692306,17.97230769230769,6.2,0.0,24.1,86.0
80863,480,19.525396825396825,17.5,17.027272727272727,6.1,0.0,20.9,86.0
81763,480,18.965671641791044,17.03174603174603,16.60952380952381,6.0,0.0,19.3,87.0
82663,480,18.487142857142857,17.0,16.375757575757575,6.1,0.0,22.5,86.0
83563,480,18.10967741935484,16.7,16.265714285714285,6.2,0.0,22.5,87.0
84463,480,17.88955223880597,16.5,16.0,6.2,0.0,22.5,86.0
85363,480,17.77910447761194,16.5,16.0,6.1,0.0,20.9,86.0
86263,480,17.68888888888889,16.5,16.0,6.1,0.0,24.1,86.0
763,481,17.6,16.5,15.81492537313433,6.1,0.0,24.1,87.0
1663,481,17.52463768115942,16.5,15.8,5.8,0.0,24.1,87.0
2563,481,17.485294117647058,16.5,15.8,5.8,0.0,27.4,87.0
3463,481,17.4,16.464285714285715,15.8,5.8,0.0,29.0,87.0
4363,481,,,,5.9,0.0,32.2,88.0
5263,481,,,,5.9,0.0,25.7,89.0
6163,481,17.296969696969697,16.0,15.5,5.9,0.0,24.1,89.0
7063,481,17.2,16.0,15.5,5.7,0.0,17.7,90.0
7963,481,17.2,16.0,15.5,5.7,0.0,20.9,90.0
8863,481,17.122222222222224,16.0,15.395384615384614,5.7,0.0,22.5,90.0
9763,481,17.1,16.0,15.302898550724638,5.7,0.0,24.1,89.0
10663,481,17.02923076923077,16.0,15.3,5.8,0.0,22.5,88.0
11563,481,17.0,16.0,15.3,5.7,0.0,22.5,89.0
12463,481,16.96875,16.0,15.3,5.6,0.0,27.4,89.0
13363,481,16.9,16.0,15.3,5.6,0.0,27.4,89.0
14263,481,16.9,16.0,15.3,5.4,0.0,20.9,89.0
15163,481,16.870149253731345,15.992753623188406,15.295652173913044,5.3,0.0,17.7,90.0
16063,481,16.861764705882354,36.3015873015873,29.925396825396824,5.4,0.0,25.7,90.0
16963,481,17.66060606060606,45.75757575757576,43.9590909090909,5.4,0.0,25.7,90.0
17863,481,18.4125,55.64705882352941,52.375,5.4,0.0,27.4,89.0
18763,481,19.076119402985075,44.44615384615385,42.86923076923077,5.5,0.0,30.6,88.0
19663,481,19.3375,41.17424242424242,40.06666666666667,5.7,0.0,32.2,88.0
20563,481,19.4,33.13076923076923,32.57846153846154,5.7,0.0,27.4,89.0
21463,481,19.323880597014927,26.1,25.34923076923077,5.6,5.0,20.9,90.0
22363,481,19.605172413793102,23.107692307692307,23.76615384615385,5.6,7.0,22.5,90.0
23263,481,19.1953125,23.684615384615384,22.946153846153845,5.6,28.0,19.3,91.0
24163,481,19.10806451612904,47.49206349206349,42.422222222222224,5.7,18.0,22.5,90.0
25063,481,19.38636363636364,41.731884057971016,38.72028985507247,5.4,35.0,22.5,88.0
25963,481,19.5,36.34615384615385,33.74153846153846,5.6,37.0,20.9,89.0
26863,481,19.455,28.11904761904762,26.36984126984127,6.0,86.0,20.9,88.0
27763,481,19.32258064516129,23.13846153846153,21.71846153846154,6.0,109.0,17.7,87.0
28663,481,19.155384615384616,20.460317460317462,19.29365079365079,6.0,81.0,20.9,88.0
29563,481,18.986567164179103,18.8359375,17.9265625,6.2,53.0,22.5,89.0
30463,481,18.83125,17.90441176470588,17.225,6.8,165.0,25.7,87.0
31363,481,18.626470588235293,17.330645161290324,16.7,6.9,51.0,22.5,87.0
32263,481,18.43802816901408,17.0,16.397142857142857,7.4,148.0,24.1,84.0
33163,481,18.32361111111112,16.701492537313435,16.197014925373132,7.7,515.0,25.7,83.0
34063,481,18.17538461538461,16.5,16.0,7.9,281.0,22.5,81.0
34963,481,18.095384615384614,16.5,15.87462686567164,7.8,388.0,24.1,83.0
35863,481,18.0,16.5,15.8,7.7,555.0,25.7,83.0
36763,481,17.904615384615386,16.436507936507937,15.8,8.4,610.0,25.7,79.0
37663,481,17.80151515151515,16.02238805970149,15.553731343283582,8.6,341.0,27.4,77.0
38563,481,17.73898305084746,16.0,15.5,9.2,269.0,22.5,75.0
39463,481,17.7,16.0,15.5,9.4,622.0,29.0,74.0
40363,481,17.6,16.0,15.5,9.8,253.0,25.7,73.0
41263,481,17.6,16.0,15.382539682539685,9.1,244.0,27.4,75.0
42163,481,17.575384615384614,16.0,15.306153846153848,8.3,265.0,27.4,79.0
43063,481,17.5,16.0,15.3,8.4,733.0,27.4,79.0
43963,481,17.5,16.0,15.3,9.1,737.0,25.7,78.0
44863,481,17.5,16.0,15.3,10.6,1009.0,25.7,74.0
45763,481,17.444262295081966,16.0,15.3,10.8,972.0,25.7,71.0
46663,481,17.4,16.0,15.3,10.9,814.0,29.0,70.0
47563,481,17.4,16.0,15.3,11.3,819.0,29.0,70.0
48463,481,17.38923076923077,16.0,15.3,10.4,784.0,29.0,74.0
49363,481,17.3,16.0,15.3,10.7,868.0,30.6,68.0
50263,481,17.3,16.0,15.260655737704916,10.9,828.0,29.0,68.0
51163,481,17.28787878787879,15.97101449275362,15.034782608695654,11.0,830.0,25.7,68.0
52063,481,17.2,15.784615384615384,15.0,11.5,327.0,30.6,64.0
52963,481,17.2,15.544776119402986,15.0,9.4,243.0,27.4,79.0
53863,481,17.2,15.5,15.0,10.4,721.0,27.4,73.0
54763,481,17.2,15.5,15.0,11.2,686.0,24.1,69.0
55663,481,17.20634920634921,26.15217391304348,21.50144927536232,11.3,686.0,24.1,66.0
56563,481,17.783076923076923,52.20454545454545,48.90909090909091,11.4,650.0,27.4,67.0
57463,481,18.564705882352943,51.9672131147541,47.826229508196725,11.0,127.0,20.9,71.0
58363,481,19.13728813559322,32.330769230769235,29.56615384615385,10.8,671.0,24.1,77.0
59263,481,19.3,29.80555555555556,28.475,9.3,547.0,25.7,83.0
60163,481,19.29384615384616,34.10606060606061,32.38939393939394,10.2,480.0,20.9,79.0
61063,481,19.1875,27.545454545454543,26.192424242424245,11.0,392.0,25.7,70.0
61963,481,19.03939393939394,23.26153846153846,22.91076923076923,10.9,432.0,22.5,70.0
62863,481,18.796774193548387,20.20289855072464,19.41014492753623,10.5,301.0,25.7,69.0
63763,481,18.465079365079365,21.15079365079365,19.798412698412697,10.7,216.0,24.1,68.0
64663,481,18.407246376811592,53.85294117647059,47.4,10.2,165.0,25.7,68.0
65563,481,18.89672131147541,46.18852459016394,41.51147540983607,10.2,134.0,19.3,70.0
66463,481,19.086440677966102,39.90625,38.25625,9.5,74.0,27.4,69.0
67363,481,19.05084745762712,28.713235294117645,26.83529411764706,9.2,105.0,22.5,72.0
68263,481,18.82089552238806,26.292857142857144,25.82857142857143,9.9,162.0,22.5,67.0
69163,481,18.770491803278688,44.34328358208956,39.54776119402985,9.8,135.0,22.5,68.0
70063,481,19.356896551724137,49.71969696969697,47.79242424242425,9.3,79.0,24.1,70.0
70963,481,19.541666666666664,35.86507936507937,35.5,8.3,33.0,19.3,73.0
71863,481,19.43064516129032,26.67692307692308,25.341538461538462,7.7,19.0,17.7,78.0
72763,481,19.230882352941176,27.13432835820896,26.167164179104475,7.6,14.0,17.7,79.0
73663,481,19.10597014925373,52.25396825396825,46.71428571428572,7.5,11.0,14.5,77.0
74563,481,19.44126984126984,56.79838709677419,54.36774193548386,7.4,5.0,16.1,76.0
75463,481,19.775,53.95522388059702,51.08507462686568,6.9,0.0,16.1,78.0
76363,481,19.97142857142857,48.24626865671642,45.67313432835821,6.8,0.0,16.1,78.0
77263,481,19.98923076923077,39.35606060606061,36.5,6.4,0.0,17.7,79.0
78163,481,19.8439393939394,29.130769230769232,27.135384615384616,6.4,0.0,20.9,80.0
79063,481,19.74285714285714,25.8828125,27.828125,6.3,0.0,19.3,81.0
79963,481,19.5453125,22.44776119402985,22.13134328358209,6.2,0.0,16.1,82.0
80863,481,19.23181818181818,19.6875,18.909375,6.0,0.0,17.7,82.0
81763,481,18.93428571428572,18.32575757575757,17.63939393939394,5.8,0.0,16.1,83.0
82663,481,18.658461538461538,17.59375,16.9625,5.5,0.0,20.9,84.0
83563,481,18.419117647058822,17.09848484848485,16.56818181818182,5.5,0.0,22.5,84.0
84463,481,18.207692307692305,16.984375,16.30625,5.4,0.0,16.1,85.0
85363,481,18.03650793650793,16.558823529411764,16.03970588235294,5.3,0.0,14.5,85.0
86263,481,17.858333333333334,16.5,15.922388059701492,5.1,0.0,17.7,84.0
763,482,17.73846153846154,16.5,15.8,5.0,0.0,17.7,84.0
1663,482,17.62272727272727,16.5,15.786764705882351,4.8,0.0,19.3,85.0
2563,482,17.51212121212121,16.224637681159418,15.517391304347823,4.7,0.0,19.3,85.0
3463,482,17.412121212121214,16.0,15.5,4.7,0.0,20.9,85.0
4363,482,17.325,16.0,15.5,4.7,0.0,19.3,85.0
5263,482,17.2546875,16.0,15.367692307692309,4.6,0.0,19.3,86.0
6163,482,17.2,16.0,15.3,4.5,0.0,19.3,86.0
7063,482,17.10144927536232,16.0,15.3,4.5,0.0,20.9,87.0
7963,482,17.04,16.0,15.3,4.5,0.0,20.9,86.0
8863,482,16.99705882352941,16.0,15.3,4.4,0.0,17.7,87.0
9763,482,16.9,16.0,15.194366197183095,4.4,0.0,19.3,87.0
10663,482,16.89558823529412,15.992424242424244,15.0,4.3,0.0,17.7,88.0
11563,482,16.8,15.64788732394366,15.0,4.4,0.0,17.7,88.0
12463,482,16.8,15.5,15.0,4.6,0.0,22.5,88.0
13363,482,16.734848484848484,15.5,15.0,4.4,0.0,16.1,88.0
14263,482,16.7,15.5,15.0,4.2,0.0,17.7,89.0
15163,482,16.630985915492957,15.5,14.991176470588234,4.1,0.0,14.5,88.0
16063,482,16.63134328358209,30.33050847457627,25.015254237288136,3.9,0.0,12.9,89.0
16963,482,17.366666666666667,50.5,48.5609375,4.1,0.0,16.1,89.0
17863,482,18.2241935483871,54.95774647887324,51.47746478873239,4.2,0.0,19.3,89.0
18763,482,18.845454545454547,42.40833333333333,39.335,4.2,0.0,19.3,88.0
19663,482,19.1030303030303,40.18115942028986,38.57391304347826,4.1,0.0,17.7,89.0
20563,482,19.13636363636364,29.56617647058824,28.29705882352941,4.0,0.0,17.7,89.0
21463,482,19.04558823529412,24.857142857142858,24.52142857142857,4.0,12.0,17.7,90.0
22363,482,19.5234375,21.51515151515152,20.806060606060605,4.1,16.0,17.7,90.0
23263,482,19.27166666666667,23.94776119402985,22.17611940298508,4.2,19.0,12.9,89.0
24163,482,18.503174603174603,24.088709677419352,23.182258064516127,4.3,25.0,12.9,89.0
25063,482,18.414285714285715,25.48507462686567,23.986567164179103,4.7,28.0,16.1,88.0
25963,482,18.51212121212121,30.411764705882355,28.16617647058824,4.8,30.0,16.1,87.0
26863,482,18.646153846153844,29.73188405797101,27.37391304347826,5.1,32.0,16.1,87.0
27763,482,18.7,22.607692307692307,20.775384615384617,5.1,26.0,14.5,86.0
28663,482,18.655072463768114,19.78030303030303,18.631818181818183,5.1,44.0,11.3,86.0
29563,482,18.543076923076924,18.301470588235293,17.548529411764708,5.4,62.0,11.3,85.0
30463,482,18.404545454545453,17.507692307692306,16.94,6.0,44.0,12.9,83.0
31363,482,18.25714285714286,17.0,16.531884057971016,6.3,44.0,12.9,80.0
32263,482,18.13043478260869,16.638461538461538,16.3,6.9,105.0,12.9,79.0
33163,482,18.01818181818182,16.5,16.017910447761192,7.1,318.0,12.9,78.0
34063,482,17.915714285714284,16.5,15.933333333333334,7.6,512.0,11.3,77.0
34963,482,17.815384615384616,16.338461538461537,15.8,8.2,504.0,11.3,72.0
35863,482,17.769230769230766,16.007462686567163,15.8,8.3,601.0,9.7,68.0
36763,482,17.692647058823532,16.0,15.8,9.0,643.0,11.3,69.0
37663,482,17.6,16.0,15.755882352941176,9.2,647.0,8.0,67.0
38563,482,17.522058823529413,16.0,15.535820895522388,9.3,670.0,9.7,68.0
39463,482,17.446153846153845,16.0,15.5,9.4,661.0,9.7,65.0
40363,482,17.4,16.0,15.5,9.7,204.0,8.0,65.0
41263,482,17.36857142857143,16.0,15.5,8.7,181.0,8.0,65.0
42163,482,17.3,16.0,15.5,9.5,179.0,4.8,63.0
43063,482,17.3,16.0,15.5,9.3,197.0,4.8,63.0
43963,482,17.3,16.0,15.407246376811594,9.2,190.0,4.8,64.0
44863,482,17.240625,16.0,15.308823529411764,11.5,824.0,1.6,58.0
45763,482,17.2,16.0,15.3,10.9,329.0,8.0,60.0
46663,482,17.2,16.0,15.3,10.9,329.0,8.0,60.0
47563,482,17.2,16.0,15.3,10.9,329.0,8.0,60.0
48463,482,17.186153846153847,16.0,15.3,10.9,329.0,8.0,60.0
49363,482,17.11044776119403,16.0,15.3,10.9,443.0,3.2,60.0
50263,482,17.1,16.0,15.3,10.9,443.0,3.2,60.0
51163,482,17.1,16.0,15.3,10.9,443.0,3.2,60.0
52063,482,17.1,16.0,15.3,10.9,443.0,3.2,60.0
52963,482,17.1,16.0,15.3,11.8,853.0,6.4,61.0
53863,482,17.077611940298507,16.0,15.3,10.2,359.0,8.0,60.0
54763,482,17.00151515151515,15.984375,15.3,10.6,492.0,6.4,60.0
55663,482,17.0,22.236486486486488,18.53513513513513,11.9,659.0,8.0,57.0
56563,482,17.493846153846153,53.29230769230769,49.15076923076923,11.5,554.0,6.4,58.0
57463,482,18.31142857142857,51.10294117647059,48.20441176470588,12.1,647.0,8.0,48.0
58363,482,18.922222222222224,35.50806451612903,33.84516129032258,12.2,610.0,8.0,51.0
59263,482,19.16031746031746,35.59154929577465,34.085915492957746,12.4,432.0,6.4,51.0
60163,482,19.19090909090909,29.26056338028169,27.385915492957743,12.0,522.0,6.4,50.0
61063,482,19.034375,23.902985074626866,22.535820895522388,11.4,105.0,8.0,57.0
61963,482,18.855882352941176,20.761194029850746,19.677611940298508,10.5,109.0,12.9,62.0
62863,482,18.633333333333333,18.85074626865672,18.017910447761192,9.9,95.0,9.7,60.0
63763,482,18.39,19.130769230769232,18.38615384615385,9.8,79.0,9.7,60.0
64663,482,18.152941176470588,23.959016393442624,23.14754098360656,9.6,105.0,8.0,63.0
65563,482,18.027272727272727,23.801470588235293,22.83235294117647,9.2,86.0,11.3,66.0
66463,482,17.96060606060606,20.57692307692308,19.73076923076924,8.4,100.0,9.7,71.0
67363,482,17.96764705882353,24.514705882352946,23.147058823529413,8.7,162.0,11.3,68.0
68263,482,17.86393442622951,25.63970588235294,24.74264705882353,9.2,244.0,11.3,66.0
69163,482,17.8,27.142857142857142,25.40634920634921,8.6,56.0,12.9,68.0
70063,482,17.868181818181817,30.8125,28.546875,8.3,63.0,9.7,73.0
70963,482,18.0,29.7265625,28.046875,7.9,39.0,9.7,73.0
71863,482,18.0,28.36764705882353,26.986764705882354,7.5,21.0,9.7,74.0
72763,482,18.0,28.484848484848488,26.95,7.4,14.0,6.4,75.0
73663,482,17.915873015873014,27.5530303030303,26.43636363636364,7.1,5.0,6.4,75.0
74563,482,17.9,27.615384615384613,26.12153846153846,7.0,0.0,6.4,78.0
75463,482,17.872307692307693,27.30434782608696,26.16376811594203,6.8,0.0,4.8,81.0
76363,482,17.836363636363636,27.574626865671643,26.72089552238806,6.7,0.0,6.4,83.0
77263,482,19.07647058823529,29.234848484848488,27.774242424242424,6.4,0.0,4.8,86.0
78163,482,18.798529411764708,26.02142857142857,24.214285714285715,6.3,0.0,3.2,86.0
79063,482,18.330303030303032,21.330882352941178,20.075,6.1,0.0,3.2,86.0
79963,482,18.088235294117645,19.166666666666664,18.428985507246377,6.1,0.0,3.2,87.0
80863,482,17.932307692307692,18.113636363636363,17.53636363636364,6.0,0.0,4.8,90.0
81763,482,17.771212121212123,17.46969696969697,16.913636363636364,5.9,0.0,4.8,91.0
82663,482,17.638461538461538,17.0,16.55,5.6,0.0,3.2,91.0
83563,482,17.515151515151516,16.82258064516129,16.298387096774192,5.4,0.0,1.6,91.0
84463,482,17.4,16.5,16.008823529411764,5.4,0.0,3.2,92.0
85363,482,17.3,16.5,15.870588235294118,5.4,0.0,3.2,92.0
86263,482,17.213043478260868,16.433823529411764,15.8,5.4,0.0,4.8,91.0
763,483,17.15441176470588,16.0,15.544776119402986,5.4,0.0,4.8,91.0
1663,483,17.1,16.0,15.5,5.5,0.0,3.2,92.0
2563,483,17.017910447761192,16.0,15.49375,5.5,0.0,3.2,92.0
3463,483,17.0,16.0,15.31714285714286,5.2,0.0,3.2,91.0
4363,483,16.919402985074626,16.0,15.3,5.1,0.0,3.2,92.0
5263,483,16.9,16.0,15.3,4.8,0.0,0.0,91.0
6163,483,16.871428571428574,16.0,15.3,4.8,0.0,0.0,92.0
7063,483,16.8,16.0,15.3,4.7,0.0,0.0,92.0
7963,483,16.8,15.8828125,15.09375,4.7,0.0,0.0,92.0
8863,483,16.794117647058822,15.552238805970148,15.0,4.9,0.0,1.6,92.0
9763,483,16.7,15.5,15.0,5.0,0.0,1.6,92.0
10663,483,16.7,15.5,15.0,5.2,0.0,4.8,90.0
11563,483,16.66060606060606,15.5,15.0,5.2,0.0,3.2,90.0
12463,483,16.6,15.5,15.0,5.2,0.0,1.6,90.0
13363,483,16.6,15.5,15.0,5.1,0.0,0.0,90.0
14263,483,16.508823529411764,15.5,15.0,5.0,0.0,0.0,90.0
15163,483,16.5,15.5,15.0,5.0,0.0,0.0,90.0
16063,483,16.558823529411764,38.4225352112676,31.24507042253521,5.2,0.0,0.0,91.0
16963,483,17.43709677419355,53.93478260869565,50.90144927536232,5.1,0.0,1.6,92.0
17863,483,18.40882352941177,58.48571428571429,54.05857142857143,5.2,0.0,1.6,94.0
18763,483,19.0703125,47.13492063492063,43.74444444444445,5.2,0.0,1.6,94.0
19663,483,19.286764705882355,45.2089552238806,43.57611940298507,4.8,0.0,3.2,94.0
20563,483,19.29090909090909,35.68181818181818,34.25,4.7,0.0,3.2,94.0
21463,483,19.2,44.50757575757576,40.17878787878788,4.6,0.0,1.6,94.0
22363,483,19.388059701492537,51.940298507462686,51.5,4.7,0.0,3.2,94.0
23263,483,19.9,35.09701492537313,31.944776119402984,4.7,5.0,3.2,95.0
24163,483,19.97903225806452,45.73484848484848,42.739393939393935,4.8,7.0,1.6,95.0
25063,483,19.75,46.37692307692308,45.18615384615385,5.0,9.0,1.6,95.0
25963,483,19.3109375,32.21641791044776,31.544776119402982,5.0,18.0,3.2,95.0
26863,483,19.072857142857146,25.77857142857143,25.17428571428572,4.9,14.0,3.2,95.0
27763,483,18.773134328358207,21.014705882352946,19.523529411764702,4.7,28.0,4.8,95.0
28663,483,18.46056338028169,18.43939393939394,17.168181818181818,4.7,19.0,4.8,95.0
29563,483,18.16417910447761,17.184615384615384,16.05076923076923,4.8,21.0,4.8,95.0
30463,483,17.93846153846154,16.470149253731343,15.758208955223882,4.3,25.0,9.7,94.0
31363,483,17.708955223880597,15.821428571428571,15.15857142857143,4.3,23.0,4.8,94.0
32263,483,17.40967741935484,15.5,14.7390625,4.4,174.0,1.6,95.0
33163,483,17.136507936507936,15.5,14.55625,5.0,172.0,1.6,95.0
34063,483,16.961194029850745,15.5,14.6125,6.0,243.0,1.6,93.0
34963,483,16.875,15.265151515151516,14.64090909090909,7.0,369.0,6.4,91.0
35863,483,16.841935483870966,15.336065573770492,14.652459016393442,6.6,223.0,8.0,89.0
36763,483,16.9203125,14.928571428571429,14.214285714285714,6.9,42.0,4.8,90.0
37663,483,16.755223880597015,14.141791044776118,13.38955223880597,5.6,135.0,9.7,92.0
38563,483,16.61159420289855,14.22058823529412,13.455882352941178,5.8,311.0,6.4,94.0
39463,483,16.5,14.00735294117647,13.385294117647058,5.8,111.0,8.0,93.0
40363,483,16.413636363636364,14.0,13.306153846153848,5.5,130.0,8.0,93.0
41263,483,16.323076923076922,14.0,13.30625,5.8,197.0,6.4,94.0
42163,483,16.21212121212121,14.0,13.211764705882354,6.1,276.0,8.0,94.0
43063,483,16.12727272727273,14.0,13.228358208955225,6.3,341.0,4.8,91.0
43963,483,16.0515625,14.0,13.29047619047619,7.0,406.0,1.6,89.0
44863,483,15.951724137931034,14.45,13.426666666666668,8.1,570.0,9.7,89.0
45763,483,15.8765625,14.5,13.5,8.5,371.0,12.9,90.0
46663,483,15.8,14.5,13.5,7.6,253.0,14.5,90.0
47563,483,15.701470588235292,14.5,13.504545454545454,8.1,243.0,11.3,91.0
48463,483,15.66769230769231,14.5,13.534285714285716,7.6,211.0,14.5,87.0
49363,483,15.6,14.5,13.5,7.9,139.0,12.9,88.0
50263,483,15.511764705882351,14.5,13.5,9.3,842.0,16.1,80.0
51163,483,15.439130434782609,14.37878787878788,13.5,8.6,167.0,16.1,79.0
52063,483,15.36969696969697,14.014925373134329,13.49402985074627,9.9,742.0,14.5,74.0
52963,483,15.3,14.0,13.357142857142858,9.3,163.0,14.5,76.0
53863,483,15.231746031746033,14.0,13.3,9.9,686.0,16.1,73.0
54763,483,15.2,14.0,13.3,10.1,731.0,14.5,68.0
55663,483,15.17536231884058,31.97826086956522,25.18115942028985,10.7,661.0,12.9,65.0
56563,483,15.849253731343286,56.9179104477612,52.87462686567165,10.6,671.0,12.9,66.0
57463,483,16.83134328358209,57.21538461538462,54.472307692307695,10.3,592.0,12.9,63.0
58363,483,17.496969696969696,50.23076923076923,47.9,10.0,626.0,14.5,67.0
59263,483,17.768571428571427,42.51428571428572,40.40714285714286,10.5,599.0,12.9,66.0
60163,483,17.8,36.007462686567166,34.32537313432836,10.3,123.0,11.3,64.0
61063,483,17.676363636363636,28.448275862068964,27.54827586206897,10.3,153.0,11.3,68.0
61963,483,17.339473684210525,26.68115942028985,25.544927536231885,9.9,436.0,12.9,68.0
62863,483,17.029508196721313,25.73188405797101,24.742028985507247,10.1,295.0,14.5,67.0
63763,483,16.740298507462686,26.10769230769231,24.46923076923077,10.2,306.0,11.3,68.0
64663,483,16.80188679245283,49.75,42.49666666666666,9.6,225.0,12.9,68.0
65563,483,17.620512820512822,53.1025641025641,50.42820512820513,9.4,209.0,12.9,70.0
66463,483,18.124590163934425,44.310810810810814,42.96621621621622,9.2,141.0,12.9,69.0
67363,483,18.47692307692308,43.52272727272727,40.99090909090909,9.1,134.0,11.3,71.0
68263,483,18.5,39.33846153846154,36.99692307692308,9.1,156.0,12.9,71.0
69163,483,18.35625,28.27611940298508,25.36268656716418,8.8,134.0,12.9,72.0
70063,483,18.06984126984127,21.84558823529412,19.94117647058824,8.0,53.0,14.5,75.0
70963,483,17.756521739130434,21.015625,19.8140625,7.6,35.0,9.7,77.0
71863,483,17.465217391304346,24.49242424242424,23.56212121212121,7.0,23.0,11.3,81.0
72763,483,17.211940298507464,26.038461538461537,24.53692307692308,6.8,19.0,11.3,83.0
73663,483,17.034426229508195,26.147058823529413,24.91617647058824,6.4,11.0,11.3,85.0
74563,483,16.915873015873014,27.34027777777778,25.809722222222224,6.3,5.0,9.7,86.0
75463,483,16.84655172413793,27.723076923076924,26.538461538461537,6.0,0.0,9.7,88.0
76363,483,16.857142857142858,29.470149253731343,27.9089552238806,5.9,0.0,8.0,88.0
77263,483,16.9,30.78030303030303,28.69848484848485,5.6,0.0,8.0,90.0
78163,483,16.989393939393942,27.830882352941178,24.836764705882352,5.5,0.0,6.4,90.0
79063,483,16.96060606060606,22.0,20.03030303030303,5.3,0.0,6.4,91.0
79963,483,16.877611940298507,19.671641791044777,19.43582089552239,5.2,0.0,6.4,91.0
80863,483,16.759375,18.291044776119403,17.767164179104476,4.9,0.0,4.8,92.0
81763,483,16.7,17.87878787878788,18.612121212121213,4.8,0.0,4.8,92.0
82663,483,16.95483870967742,17.833333333333336,18.413043478260867,4.6,0.0,6.4,92.0
83563,483,18.0875,17.8359375,18.2578125,4.3,0.0,6.4,92.0
84463,483,17.557575757575755,16.992753623188406,16.69710144927536,3.9,0.0,4.8,93.0
85363,483,17.2231884057971,16.652173913043477,16.34057971014493,3.8,0.0,4.8,93.0
86263,483,16.96769230769231,16.192307692307693,15.69076923076923,3.6,0.0,1.6,93.0
763,484,16.79848484848485,16.0,15.39041095890411,3.5,0.0,1.6,92.0
1663,484,16.638805970149257,15.808823529411764,15.28235294117647,3.1,0.0,0.0,92.0
2563,484,16.48805970149254,15.5,15.0,2.8,0.0,1.6,93.0
3463,484,16.366666666666667,15.5,15.0,2.4,0.0,1.6,92.0
4363,484,16.25735294117647,15.5,14.83943661971831,2.2,0.0,1.6,93.0
5263,484,16.1859375,15.5,14.8,1.7,0.0,0.0,93.0
6163,484,16.1,15.485507246376812,14.8,1.7,0.0,0.0,93.0
7063,484,16.03030303030303,15.06153846153846,14.624615384615383,1.4,0.0,3.2,94.0
7963,484,16.0,15.0,14.5,1.5,0.0,3.2,94.0
8863,484,15.92537313432836,15.0,14.5,1.9,0.0,1.6,95.0
9763,484,15.9,15.0,14.5,1.7,0.0,0.0,95.0
10663,484,15.857352941176469,15.0,14.5,2.2,0.0,0.0,96.0
11563,484,15.8,15.0,14.5,2.4,0.0,0.0,96.0
12463,484,15.8,15.0,14.327777777777778,3.0,0.0,3.2,94.0
13363,484,15.725757575757576,15.0,14.3,3.1,0.0,3.2,92.0
14263,484,15.7,15.0,14.3,3.2,0.0,4.8,89.0
15163,484,15.668181818181818,15.0,14.3,3.4,0.0,4.8,88.0
16063,484,15.685507246376812,37.559701492537314,31.14179104477612,3.1,0.0,1.6,87.0
16963,484,16.581159420289858,47.40714285714286,46.39,2.8,0.0,1.6,88.0
17863,484,17.344444444444445,54.864285714285714,49.62428571428571,2.8,0.0,3.2,90.0
18763,484,18.30588235294117,45.85714285714285,43.441428571428574,2.6,0.0,4.8,91.0
19663,484,18.6421875,37.767605633802816,34.73380281690141,2.2,0.0,4.8,92.0
20563,484,18.6,36.35384615384616,34.18,2.1,5.0,3.2,93.0
21463,484,18.465217391304343,32.19402985074627,30.556716417910444,2.2,14.0,3.2,93.0
22363,484,18.25,25.543478260869566,23.39130434782609,2.4,19.0,3.2,93.0
23263,484,17.96086956521739,25.74590163934426,24.645901639344263,2.6,32.0,3.2,94.0
24163,484,17.683870967741935,23.977272727272727,23.1469696969697,2.8,40.0,0.0,94.0
25063,484,17.441538461538464,22.316901408450704,20.963380281690142,3.3,56.0,0.0,95.0
25963,484,17.296774193548387,30.029411764705884,27.829411764705885,3.5,86.0,0.0,95.0
26863,484,17.337681159420292,30.99264705882353,27.963235294117645,4.1,47.0,1.6,95.0
27763,484,17.15,22.23134328358209,21.028358208955225,4.1,25.0,3.2,94.0
28663,484,16.96969696969697,18.85344827586207,18.089655172413792,4.2,42.0,3.2,93.0
29563,484,16.830434782608698,17.376923076923077,16.78153846153846,4.2,54.0,1.6,93.0
30463,484,16.656923076923075,16.594202898550726,16.066666666666666,4.6,69.0,3.2,93.0
31363,484,16.53134328358209,16.03846153846154,15.606153846153848,4.6,42.0,3.2,92.0
32263,484,16.405882352941177,15.75735294117647,15.32941176470588,4.5,69.0,3.2,93.0
33163,484,16.280645161290323,15.42537313432836,15.316417910447765,4.8,207.0,3.2,95.0
34063,484,16.2,16.0,16.184,5.3,142.0,8.0,94.0
34963,484,16.2,15.972222222222223,15.66851851851852,5.4,193.0,9.7,93.0
35863,484,16.2,15.4453125,15.0359375,5.8,243.0,8.0,88.0
36763,484,16.125757575757575,14.784615384615384,14.30923076923077,6.2,325.0,11.3,89.0
37663,484,15.98939393939394,14.417910447761193,13.782089552238808,6.3,278.0,11.3,85.0
38563,484,15.868656716417911,14.0,13.5,6.7,346.0,11.3,85.0
39463,484,15.750819672131149,14.0,13.355882352941176,7.7,415.0,9.7,77.0
40363,484,15.651470588235291,14.0,13.3,7.3,330.0,11.3,74.0
41263,484,15.559677419354838,14.0,13.3,7.7,457.0,9.7,73.0
42163,484,15.5,14.0,13.3,8.5,418.0,11.3,70.0
43063,484,15.40909090909091,13.962686567164178,13.273134328358209,8.2,809.0,12.9,75.0
43963,484,15.349230769230768,14.0,13.3,8.8,773.0,11.3,65.0
44863,484,15.3,14.0,13.291044776119405,8.7,190.0,11.3,67.0
45763,484,15.287719298245614,14.0,13.395652173913044,8.7,914.0,9.7,69.0
46663,484,15.32,14.0,13.317910447761191,8.8,387.0,11.3,62.0
47563,484,15.2515625,19.07462686567164,17.249253731343284,9.1,417.0,9.7,62.0
48463,484,15.209090909090907,23.51515151515152,22.60757575757576,9.3,341.0,9.7,64.0
49363,484,15.323529411764708,21.79230769230769,21.74153846153846,9.9,779.0,9.7,61.0
50263,484,15.4,18.6231884057971,19.139130434782608,9.9,775.0,11.3,60.0
51163,484,15.374242424242423,16.803030303030305,16.465151515151515,9.8,766.0,12.9,60.0
52063,484,15.3,15.70714285714286,15.212857142857144,10.2,817.0,9.7,61.0
52963,484,15.3,15.085714285714284,14.65857142857143,10.1,747.0,11.3,59.0
53863,484,15.203174603174602,14.8515625,14.340625,10.6,733.0,9.7,59.0
54763,484,15.2,14.5,14.07941176470588,10.5,726.0,11.3,60.0
55663,484,15.216417910447763,31.49264705882353,25.47647058823529,10.8,680.0,9.7,56.0
56563,484,16.033333333333335,56.26190476190476,51.53968253968255,10.7,659.0,11.3,56.0
57463,484,17.123076923076923,58.89855072463767,54.74202898550725,10.7,622.0,11.3,49.0
58363,484,17.874242424242425,43.92105263157895,40.10877192982456,10.6,606.0,9.7,46.0
59263,484,18.084615384615383,41.53787878787879,39.154545454545456,10.7,566.0,8.0,42.0
60163,484,18.1,39.0,36.9453125,10.4,547.0,9.7,44.0
61063,484,17.95846153846154,33.09230769230769,32.17384615384616,10.7,489.0,11.3,42.0
61963,484,17.71967213114754,28.5078125,27.45,10.6,448.0,9.7,44.0
62863,484,17.615625,48.0546875,42.5796875,10.2,290.0,9.7,47.0
63763,484,17.866153846153846,37.83571428571428,36.71857142857143,10.1,274.0,12.9,45.0
64663,484,17.841538461538462,28.477272727272727,28.01666666666667,9.6,209.0,11.3,45.0
65563,484,17.671212121212122,23.6984126984127,25.21587301587301,9.4,185.0,9.7,46.0
66463,484,17.425396825396824,20.44776119402985,19.716417910447763,9.0,93.0,11.3,51.0
67363,484,17.1984375,18.769230769230766,19.06153846153846,8.9,100.0,11.3,53.0
68263,484,17.585714285714285,17.41269841269841,17.1984126984127,9.1,179.0,14.5,56.0
69163,484,16.52463768115942,15.8955223880597,15.228358208955225,9.1,151.0,12.9,57.0
70063,484,15.83846153846154,14.91891891891892,14.256756756756758,8.7,107.0,11.3,61.0
70963,484,15.793846153846152,15.0,14.430434782608696,7.9,33.0,12.9,65.0
71863,484,15.8,15.0,14.5,6.9,18.0,12.9,72.0
72763,484,15.8,15.0,14.415942028985508,6.7,12.0,9.7,74.0
73663,484,15.8,15.0,14.476119402985072,6.3,9.0,8.0,75.0
74563,484,15.804545454545451,28.411764705882355,23.04117647058824,6.2,5.0,6.4,76.0
75463,484,16.309375,57.398305084745765,52.26440677966102,6.1,0.0,6.4,78.0
76363,484,17.34179104477612,59.43636363636364,56.29272727272727,6.1,0.0,8.0,78.0
77263,484,18.13939393939394,59.66666666666666,56.65238095238095,6.1,0.0,6.4,78.0
78163,484,18.77611940298508,60.9140625,57.6390625,6.0,0.0,4.8,79.0
79063,484,19.31509433962264,55.26515151515152,52.89545454545455,5.4,0.0,4.8,81.0
79963,484,19.73181818181818,48.75373134328358,46.355223880597016,5.2,0.0,3.2,82.0
80863,484,19.97258064516129,42.46969696969697,39.70151515151515,5.0,0.0,4.8,85.0
81763,484,19.79855072463768,30.3768115942029,26.839130434782607,4.9,0.0,3.2,85.0
82663,484,19.41111111111111,24.15714285714286,21.85142857142857,4.5,0.0,3.2,87.0
83563,484,18.97936507936508,20.876712328767123,19.42465753424657,4.3,0.0,3.2,88.0
84463,484,18.60806451612904,18.95522388059701,18.01194029850746,4.3,0.0,1.6,90.0
85363,484,18.240625,17.75735294117647,17.133823529411764,4.5,0.0,1.6,90.0
86263,484,17.89855072463768,17.126984126984127,16.595238095238095,4.8,0.0,3.2,90.0
763,485,17.605882352941176,16.634328358208954,16.18358208955224,4.8,0.0,4.8,90.0
1663,485,17.376119402985076,16.46212121212121,15.90909090909091,4.8,0.0,4.8,90.0
2563,485,17.2078125,16.0,15.67076923076923,4.8,0.0,3.2,91.0
3463,485,17.05223880597015,16.0,15.5,4.8,0.0,3.2,91.0
4363,485,16.933823529411764,16.0,15.340579710144928,4.8,0.0,3.2,91.0
5263,485,16.846376811594205,15.734848484848484,15.3,4.9,0.0,4.8,90.0
6163,485,16.78955223880597,15.5,15.1,4.8,0.0,4.8,90.0
7063,485,16.7,15.5,15.0,4.5,0.0,3.2,91.0
7963,485,16.62537313432836,15.5,15.0,4.4,0.0,3.2,92.0
8863,485,16.57826086956522,15.5,14.911428571428573,4.4,0.0,8.0,92.0
9763,485,16.5,15.5,14.8,4.4,0.0,6.4,92.0
10663,485,16.46212121212121,15.5,14.8,4.2,0.0,6.4,91.0
11563,485,16.4,15.492753623188406,14.8,4.3,0.0,6.4,91.0
12463,485,16.379710144927536,15.233870967741936,14.8,4.2,0.0,4.8,91.0
13363,485,16.3,15.0,14.63181818181818,4.2,0.0,4.8,91.0
14263,485,16.281159420289857,15.0,14.508695652173913,4.2,0.0,3.2,90.0
15163,485,16.2,15.0,14.5,4.2,0.0,6.4,90.0
16063,485,16.22769230769231,33.30434782608695,27.49855072463768,4.1,0.0,4.8,90.0
16963,485,16.927692307692308,53.40714285714286,51.08428571428571,3.9,0.0,4.8,90.0
17863,485,17.737313432835823,51.43661971830986,48.72112676056338,3.9,0.0,3.2,90.0
18763,485,18.54090909090909,51.13636363636364,48.00606060606061,3.9,0.0,3.2,89.0
19663,485,19.015714285714285,49.014925373134325,45.48358208955224,3.9,0.0,4.8,89.0
20563,485,19.53846153846154,54.11940298507462,52.14477611940298,3.9,0.0,6.4,89.0
21463,485,19.795454545454547,45.58955223880597,42.0910447761194,4.1,9.0,3.2,88.0
22363,485,19.773015873015872,35.161764705882355,32.48088235294118,4.1,19.0,4.8,87.0
23263,485,19.52063492063492,27.00757575757576,27.6530303030303,4.1,30.0,6.4,87.0
24163,485,19.44848484848485,42.68055555555556,37.07361111111111,4.2,33.0,4.8,86.0
25063,485,19.25151515151515,50.63076923076923,44.95230769230769,4.5,63.0,6.4,86.0
25963,485,19.68358208955224,36.55384615384615,33.84153846153846,4.6,90.0,6.4,86.0
26863,485,19.7,27.61764705882353,25.704411764705885,4.8,60.0,8.0,85.0
27763,485,19.577272727272728,22.73333333333333,21.135,4.8,47.0,8.0,84.0
28663,485,19.34179104477612,20.036231884057973,18.83913043478261,4.8,76.0,6.4,85.0
29563,485,19.08636363636364,18.52380952380953,17.644444444444446,5.0,98.0,6.4,84.0
30463,485,18.81692307692308,17.6231884057971,16.95942028985507,5.3,185.0,8.0,82.0
31363,485,18.53521126760564,17.036764705882355,16.508823529411764,5.5,167.0,9.7,82.0
32263,485,18.29384615384616,16.643939393939394,16.21818181818182,5.9,167.0,11.3,80.0
33163,485,18.05588235294117,16.5,15.963636363636365,6.2,181.0,11.3,80.0
34063,485,17.862121212121213,16.350746268656714,15.8,6.2,146.0,11.3,77.0
34963,485,17.742424242424242,16.0,15.60909090909091,6.3,232.0,11.3,77.0
35863,485,17.637096774193548,16.0,15.5,6.8,629.0,11.3,73.0
36763,485,17.538235294117648,16.0,15.36764705882353,6.4,179.0,12.9,74.0
37663,485,17.4421875,16.0,15.3,7.5,705.0,11.3,72.0
38563,485,17.3768115942029,15.886363636363637,15.3,6.6,206.0,11.3,73.0
39463,485,17.3,15.544776119402986,15.20597014925373,6.7,223.0,9.7,74.0
40363,485,17.24153846153846,15.5,15.0,7.2,250.0,9.7,74.0
41263,485,17.2,15.5,15.0,8.8,802.0,11.3,65.0
42163,485,17.143076923076926,15.5,15.0,8.9,842.0,14.5,68.0
43063,485,17.1,15.5,15.0,8.2,802.0,11.3,68.0
43963,485,17.05223880597015,15.5,15.0,9.0,791.0,12.9,66.0
44863,485,17.0,15.5,14.94375,8.7,824.0,14.5,68.0
45763,485,16.98095238095238,15.5,14.828571428571427,9.1,796.0,12.9,65.0
46663,485,16.9,15.5,14.8,8.9,766.0,12.9,66.0
47563,485,16.9,15.5,14.8,9.2,807.0,12.9,65.0
48463,485,16.853968253968254,15.5,14.8,9.9,784.0,9.7,65.0
49363,485,16.8,15.5,14.8,9.8,780.0,11.3,65.0
50263,485,16.8,15.5,14.8,10.0,793.0,11.3,61.0
51163,485,16.756923076923076,15.5,14.8,9.9,772.0,11.3,64.0
52063,485,16.7,15.5,14.8,10.1,733.0,9.7,62.0
52963,485,16.7,15.5,14.8,9.8,740.0,9.7,61.0
53863,485,16.7,15.5,14.8,10.2,717.0,8.0,64.0
54763,485,16.66086956521739,15.5,14.8,10.5,701.0,11.3,63.0
55663,485,16.636923076923075,29.0,23.549230769230768,10.1,682.0,8.0,62.0
56563,485,17.219047619047622,52.67164179104477,50.72537313432836,10.2,668.0,11.3,65.0
57463,485,16.878125,50.59230769230769,48.5,10.1,617.0,9.7,63.0
58363,485,16.40793650793651,44.83571428571428,44.18142857142857,10.4,610.0,4.8,62.0
59263,485,16.476470588235294,34.92857142857143,32.3984126984127,10.1,570.0,6.4,63.0
60163,485,16.419402985074626,31.75735294117647,30.022058823529413,10.1,548.0,8.0,64.0
61063,485,16.295714285714286,22.38888888888889,19.219047619047625,9.8,499.0,6.4,65.0
61963,485,16.023880597014927,21.043478260869566,18.21014492753623,9.7,429.0,9.7,64.0
62863,485,16.3015625,26.83333333333333,26.195454545454545,9.6,301.0,8.0,65.0
63763,485,16.53030303030303,25.88983050847457,24.83728813559322,9.7,316.0,6.4,65.0
64663,485,16.944615384615382,49.483050847457626,41.9593220338983,9.3,257.0,6.4,66.0
65563,485,18.13676470588236,59.69402985074627,56.59850746268656,9.3,218.0,6.4,67.0
66463,485,18.966129032258063,49.14615384615384,45.92153846153846,9.1,134.0,8.0,67.0
67363,485,19.3044776119403,47.73134328358209,44.42835820895522,9.0,111.0,8.0,66.0
68263,485,19.433333333333334,56.796875,53.3375,9.5,183.0,8.0,65.0
69163,485,19.6,46.8688524590164,45.10491803278688,9.6,155.0,6.4,65.0
70063,485,19.52741935483871,37.6953125,36.4546875,9.2,109.0,8.0,65.0
70963,485,19.31451612903226,33.94444444444444,30.01746031746032,8.5,35.0,8.0,68.0
71863,485,19.086666666666662,30.467741935483872,28.875806451612902,7.3,21.0,8.0,73.0
72763,485,18.871428571428574,30.86885245901639,27.21311475409836,7.2,18.0,8.0,74.0
73663,485,18.664615384615384,31.149122807017545,29.44035087719298,6.8,11.0,9.7,75.0
74563,485,18.54137931034483,29.8968253968254,28.32698412698413,6.7,7.0,9.7,75.0
75463,485,18.67121212121212,55.030303030303024,47.940909090909095,6.4,0.0,9.7,76.0
76363,485,19.385,49.67692307692308,45.52,6.2,0.0,8.0,77.0
77263,485,19.725,45.27692307692308,42.24153846153846,5.4,0.0,4.8,79.0
78163,485,19.8,35.89393939393939,31.77878787878788,5.4,0.0,6.4,79.0
79063,485,19.645454545454548,28.040983606557376,26.49180327868853,5.1,0.0,3.2,80.0
79963,485,19.310294117647057,23.1,21.41333333333333,4.9,0.0,3.2,80.0
80863,485,19.085,21.701492537313435,22.52089552238806,4.8,0.0,3.2,80.0
81763,485,19.7359375,21.0,22.66,4.9,0.0,3.2,80.0
82663,485,19.7031746031746,19.727941176470587,19.977941176470587,4.8,0.0,6.4,79.0
83563,485,19.086567164179105,18.432835820895523,18.047761194029853,4.7,0.0,4.8,80.0
84463,485,18.641538461538463,17.724637681159418,17.2768115942029,4.7,0.0,3.2,79.0
85363,485,18.32463768115942,17.302816901408452,16.84788732394366,4.5,0.0,1.6,80.0
86263,485,18.08852459016393,17.0,16.490909090909092,4.2,0.0,0.0,80.0
763,486,17.88095238095238,16.784615384615385,16.3,4.2,0.0,0.0,80.0
1663,486,17.734848484848484,16.5,16.098507462686566,2.9,0.0,0.0,85.0
2563,486,17.596923076923076,16.5,15.968253968253968,2.9,0.0,0.0,85.0
3463,486,17.485714285714288,16.5,15.8,2.9,0.0,0.0,85.0
4363,486,17.392307692307693,16.12686567164179,15.773134328358209,2.9,0.0,0.0,85.0
5263,486,17.3,16.0,15.50483870967742,3.6,0.0,4.8,85.0
6163,486,17.21470588235294,16.0,15.5,4.1,0.0,6.4,84.0
7063,486,17.155223880597013,16.0,15.386153846153846,4.3,0.0,4.8,82.0
7963,486,17.091428571428573,16.0,15.3,3.7,0.0,3.2,82.0
8863,486,17.0,16.0,15.3,3.7,0.0,4.8,84.0
9763,486,16.941791044776117,15.952380952380953,15.3,4.1,0.0,6.4,82.0
10663,486,16.9,15.535211267605636,15.080281690140843,4.6,0.0,6.4,77.0
11563,486,16.83968253968254,15.878378378378375,15.24189189189189,4.8,0.0,8.0,76.0
12463,486,16.8,15.702898550724637,15.1,4.9,0.0,8.0,73.0
13363,486,16.733333333333334,15.5,15.0,4.7,0.0,8.0,74.0
14263,486,16.679411764705883,15.5,14.96470588235294,4.5,0.0,6.4,74.0
15163,486,16.6,15.5,14.803076923076924,4.4,0.0,6.4,74.0
16063,486,16.611940298507463,34.626865671641795,28.4089552238806,4.4,0.0,6.4,72.0
16963,486,17.15483870967742,55.70769230769231,53.19538461538461,4.6,0.0,6.4,71.0
17863,486,17.98181818181818,47.26865671641791,44.51044776119403,4.7,0.0,6.4,71.0
18763,486,18.92,51.340909090909086,47.3,4.7,0.0,6.4,71.0
19663,486,19.465079365079365,39.63235294117647,37.50588235294118,4.7,0.0,4.8,71.0
20563,486,19.51212121212121,30.39130434782609,27.62753623188405,4.6,7.0,1.6,71.0
21463,486,19.391803278688524,27.37096774193548,25.55483870967742,4.1,12.0,1.6,72.0
22363,486,19.330303030303032,40.34375,35.990625,4.1,16.0,3.2,73.0
23263,486,20.06065573770492,48.54477611940298,47.93432835820896,4.4,21.0,4.8,70.0
24163,486,20.11111111111111,38.4765625,38.36875,4.3,23.0,4.8,74.0
25063,486,20.1,28.1875,26.63125,4.2,28.0,1.6,75.0
25963,486,19.995454545454542,23.18181818181818,21.56818181818182,4.6,30.0,1.6,74.0
26863,486,19.82575757575757,20.5,19.380000000000003,5.4,32.0,1.6,73.0
27763,486,19.59375,18.97101449275362,18.14782608695652,6.5,33.0,12.9,69.0
28663,486,19.359375,18.007692307692306,17.416923076923077,7.4,33.0,11.3,69.0
29563,486,19.12272727272727,17.42537313432836,16.907462686567165,7.6,35.0,11.3,69.0
30463,486,18.91818181818181,17.0,16.58095238095238,8.3,39.0,17.7,69.0
31363,486,18.71639344262295,16.783582089552237,16.356716417910448,8.4,40.0,16.1,70.0
32263,486,18.554098360655736,16.5,16.240909090909092,9.0,53.0,11.3,69.0
33163,486,18.42714285714285,16.5,16.0,9.3,476.0,16.1,69.0
34063,486,18.298529411764708,16.5,15.991304347826087,9.3,427.0,19.3,68.0
34963,486,18.187878787878788,16.253623188405797,15.8,9.2,506.0,19.3,68.0
35863,486,18.09701492537313,16.0,15.8,10.1,584.0,16.1,67.0
36763,486,18.0,16.0,15.8,10.2,606.0,17.7,56.0
37663,486,17.912307692307692,16.0,15.723880597014926,10.2,645.0,22.5,56.0
38563,486,17.8484375,16.0,15.5046875,10.7,659.0,17.7,58.0
39463,486,17.8,16.0,15.5,10.8,624.0,22.5,55.0
40363,486,17.744615384615383,16.0,15.5,10.8,622.0,27.4,52.0
41263,486,17.7,16.0,15.5,11.6,703.0,20.9,53.0
42163,486,17.7,16.0,15.5,12.0,786.0,20.9,53.0
43063,486,17.613636363636363,16.0,15.5,11.7,668.0,25.7,53.0
43963,486,17.6,16.0,15.5,11.4,635.0,24.1,52.0
44863,486,17.6,16.0,15.5,12.3,610.0,20.9,50.0
45763,486,17.5984375,16.0,15.473529411764709,12.6,677.0,20.9,50.0
46663,486,17.50625,16.0,15.364705882352942,12.1,629.0,22.5,50.0
47563,486,17.5,16.0,15.306666666666668,11.9,624.0,22.5,50.0
48463,486,17.5,16.0,15.3,11.6,350.0,25.7,46.0
49363,486,17.415625,16.0,15.3,11.6,568.0,27.4,51.0
50263,486,17.4,16.0,15.3,11.4,357.0,25.7,54.0
51163,486,17.4,16.0,15.3,11.5,369.0,20.9,56.0
52063,486,17.30793650793651,16.0,15.3,11.4,297.0,24.1,57.0
52963,486,17.3,15.96875,15.3,10.8,355.0,25.7,61.0
53863,486,17.288888888888888,15.933823529411764,15.3,10.2,186.0,19.3,70.0
54763,486,17.2015625,15.7734375,15.3,9.3,276.0,22.5,74.0
55663,486,17.2,15.602941176470589,15.3,8.9,174.0,20.9,74.0
56563,486,17.2890625,38.55797101449276,32.266666666666666,9.0,260.0,24.1,74.0
57463,486,18.0655737704918,47.50735294117647,46.19705882352942,9.2,202.0,19.3,78.0
58363,486,18.69402985074627,40.19047619047619,38.507936507936506,8.9,158.0,22.5,79.0
59263,486,19.08923076923077,36.26865671641791,34.83582089552239,8.6,239.0,25.7,81.0
60163,486,19.2,34.21232876712329,33.07123287671233,8.4,134.0,27.4,82.0
61063,486,19.17903225806452,27.5,26.763492063492063,8.6,195.0,25.7,78.0
61963,486,18.990384615384617,23.10606060606061,23.37272727272727,8.5,163.0,27.4,78.0
62863,486,18.840740740740745,19.9375,18.896875,8.3,141.0,30.6,78.0
63763,486,18.69047619047619,18.833333333333336,18.434848484848484,8.2,120.0,32.2,79.0
64663,486,18.494230769230768,17.803278688524593,17.30983606557377,8.1,100.0,32.2,81.0
65563,486,18.36785714285714,21.984848484848484,21.021212121212123,8.1,90.0,27.4,81.0
66463,486,18.28695652173913,23.40909090909091,23.27272727272728,8.2,95.0,27.4,82.0
67363,486,18.20434782608696,22.75,22.163636363636364,8.3,84.0,27.4,82.0
68263,486,18.15217391304348,23.875,23.478571428571428,8.4,74.0,24.1,82.0
69163,486,18.1,24.95652173913044,24.22608695652174,8.4,42.0,24.1,82.0
70063,486,18.15909090909091,25.91935483870968,25.293548387096774,8.4,39.0,20.9,83.0
70963,486,18.2,27.401639344262293,26.462295081967216,8.3,25.0,20.9,83.0
71863,486,18.311864406779662,28.17796610169492,27.37966101694916,8.3,12.0,24.1,83.0
72763,486,18.40142857142857,28.574626865671643,27.72089552238806,8.4,14.0,22.5,83.0
73663,486,18.5,26.946153846153845,26.59230769230769,8.4,7.0,25.7,83.0
74563,486,18.441935483870967,27.44262295081968,26.50983606557377,8.4,5.0,22.5,83.0
75463,486,18.4,26.569230769230767,26.02923076923077,8.4,0.0,24.1,83.0
76363,486,18.4,26.550724637681164,25.7,8.4,0.0,22.5,84.0
77263,486,18.39354838709677,27.78358208955224,26.58955223880597,8.4,0.0,20.9,84.0
78163,486,18.4,24.946153846153845,22.998461538461537,8.4,0.0,25.7,84.0
79063,486,18.337096774193547,20.453125,18.8890625,8.4,0.0,16.1,84.0
79963,486,18.244615384615383,19.75,19.82272727272727,8.3,0.0,14.5,85.0
80863,486,18.17878787878788,18.67741935483871,18.387096774193548,8.4,0.0,14.5,84.0
81763,486,18.07704918032787,17.536231884057973,16.968115942028984,8.4,0.0,19.3,84.0
82663,486,17.953333333333333,16.942622950819672,16.35737704918033,8.3,0.0,16.1,87.0
83563,486,17.826984126984126,16.5,15.995454545454546,8.2,0.0,12.9,87.0
84463,486,17.714925373134328,16.5,15.802898550724638,8.2,0.0,16.1,86.0
85363,486,17.613636363636363,16.223076923076924,15.716923076923075,8.2,0.0,16.1,86.0
86263,486,17.5296875,16.0,15.5,8.2,0.0,20.9,86.0
763,487,17.46212121212121,16.0,15.5,8.2,0.0,17.7,86.0
1663,487,17.4,16.0,15.484615384615385,8.3,0.0,17.7,84.0
2563,487,17.331666666666667,16.0,15.305882352941175,8.4,0.0,24.1,84.0
3463,487,17.3,16.0,15.3,8.3,0.0,22.5,84.0
4363,487,17.232307692307693,16.0,15.3,8.3,0.0,22.5,84.0
5263,487,17.2,16.0,15.3,8.3,0.0,20.9,84.0
6163,487,17.174242424242426,16.0,15.3,8.4,0.0,20.9,83.0
7063,487,17.1,16.0,15.24,8.4,0.0,19.3,83.0
7963,487,17.1,15.86764705882353,15.013235294117646,8.4,0.0,17.7,83.0
8863,487,17.023880597014927,15.5234375,15.0,8.3,0.0,20.9,84.0
9763,487,17.0,15.5,15.0,8.3,0.0,16.1,85.0
10663,487,16.9768115942029,15.5,15.0,8.2,0.0,17.7,85.0
11563,487,16.9,15.5,15.0,8.1,0.0,17.7,85.0
12463,487,16.9,15.5,15.0,8.0,0.0,20.9,86.0
13363,487,16.89375,15.5,15.0,8.0,0.0,20.9,86.0
14263,487,16.8,15.5,14.994202898550723,7.8,0.0,20.9,87.0
15163,487,16.8,15.5,14.883076923076922,7.7,0.0,19.3,89.0
16063,487,16.8,23.78301886792453,19.54339622641509,7.4,0.0,20.9,91.0
16963,487,17.33134328358209,53.44117647058823,50.338235294117645,7.2,0.0,22.5,92.0
17863,487,18.189230769230768,54.91129032258065,50.714516129032255,7.1,0.0,25.7,94.0
18763,487,18.79253731343284,35.816901408450704,34.36760563380282,7.0,0.0,22.5,94.0
19663,487,18.98955223880597,32.61643835616438,30.586301369863016,7.0,0.0,22.5,94.0
20563,487,19.0,32.23015873015873,31.47142857142857,7.0,0.0,19.3,94.0
21463,487,19.436507936507937,33.20161290322581,32.51451612903226,7.1,12.0,16.1,94.0
22363,487,19.39692307692308,33.284615384615385,32.37538461538462,7.3,16.0,16.1,94.0
23263,487,19.22222222222222,32.83098591549296,30.263380281690143,7.4,12.0,12.9,94.0
24163,487,19.0,29.813432835820898,28.7955223880597,7.5,19.0,12.9,94.0
25063,487,18.945,30.113636363636363,28.362121212121213,7.6,37.0,14.5,93.0
25963,487,18.9,27.43181818181818,24.881818181818183,7.3,25.0,16.1,93.0
26863,487,18.77460317460317,22.15217391304348,20.292753623188407,6.4,83.0,20.9,93.0
27763,487,18.63676470588236,19.63846153846153,18.503076923076925,6.3,62.0,20.9,93.0
28663,487,18.44761904761905,18.253731343283583,17.516417910447764,6.5,142.0,19.3,93.0
29563,487,18.267692307692307,17.5,16.908823529411766,6.6,160.0,22.5,92.0
30463,487,18.10606060606061,17.0,16.5,6.8,98.0,19.3,92.0
31363,487,17.95,16.630434782608695,16.243478260869566,6.7,135.0,20.9,92.0
32263,487,17.8015873015873,16.5,16.0,6.7,93.0,19.3,92.0
33163,487,17.674285714285713,16.5,15.844117647058823,6.7,58.0,20.9,91.0
34063,487,17.56969696969697,16.102941176470587,15.8,6.6,100.0,19.3,91.0
34963,487,17.475384615384616,16.0,15.563636363636364,6.7,95.0,19.3,90.0
35863,487,17.4,16.0,15.5,6.9,109.0,19.3,88.0
36763,487,17.315151515151516,16.0,15.5,7.0,97.0,17.7,88.0
37663,487,17.3,16.0,15.5,7.3,109.0,16.1,84.0
38563,487,17.26271186440678,16.0,15.407462686567165,7.3,149.0,16.1,84.0
39463,487,17.2,16.0,15.3,7.2,91.0,16.1,85.0
40363,487,17.139705882352942,16.0,15.3,6.5,186.0,16.1,89.0
41263,487,17.1,16.0,15.3,6.7,163.0,11.3,90.0
42163,487,17.1,16.0,15.3,6.6,81.0,6.4,90.0
43063,487,17.1,16.0,15.3,6.4,120.0,11.3,92.0
43963,487,17.1,16.0,15.3,6.3,109.0,11.3,93.0
44863,487,17.015873015873016,15.8203125,15.253125,7.3,436.0,12.9,91.0
45763,487,17.0,15.576923076923077,15.05076923076923,7.6,429.0,12.9,87.0
46663,487,17.0,15.5,15.0,8.3,436.0,8.0,86.0
47563,487,16.961904761904762,15.5,15.0,8.3,299.0,11.3,81.0
48463,487,16.9,15.5,15.0,9.8,1016.0,11.3,74.0
49363,487,16.9,15.5,15.0,10.2,315.0,16.1,62.0
50263,487,16.9,15.5,15.0,9.4,199.0,19.3,60.0
51163,487,16.9,15.5,15.0,10.0,322.0,17.7,58.0
52063,487,16.9,15.5,15.0,9.4,271.0,20.9,57.0
52963,487,16.9,15.5,15.0,9.7,176.0,16.1,57.0
53863,487,16.9,15.5,15.0,10.4,896.0,22.5,56.0
54763,487,16.9,15.5,15.0,11.1,306.0,19.3,50.0
55663,487,16.9,20.414285714285715,17.35,10.2,230.0,22.5,52.0
56563,487,17.47692307692308,54.23484848484848,49.78484848484849,10.4,422.0,17.7,54.0
57463,487,18.438333333333333,53.06521739130435,49.571014492753626,10.7,441.0,22.5,55.0
58363,487,19.45625,57.93939393939394,54.07424242424243,10.7,262.0,22.5,59.0
59263,487,20.165573770491804,48.265625,44.9703125,10.2,613.0,24.1,61.0
60163,487,20.39846153846154,39.72058823529412,38.12352941176471,10.8,670.0,24.1,59.0
61063,487,20.28153846153846,30.15625,29.2203125,10.6,241.0,22.5,59.0
61963,487,19.975,24.404255319148938,23.45531914893617,10.7,114.0,20.9,58.0
62863,487,19.663265306122447,21.2843137254902,20.31764705882353,8.8,346.0,25.7,71.0
63763,487,19.31846153846154,19.07692307692308,18.26153846153846,9.2,318.0,20.9,71.0
64663,487,19.03214285714286,18.02777777777778,17.383333333333333,9.3,330.0,24.1,70.0
65563,487,18.7,25.333333333333336,23.975,9.7,316.0,22.5,67.0
66463,487,18.62549019607843,24.71186440677966,23.75593220338983,9.0,141.0,22.5,69.0
67363,487,18.50655737704918,41.20454545454545,35.480303030303034,9.0,97.0,24.1,68.0
68263,487,18.73076923076924,58.296875,56.2421875,9.1,195.0,20.9,68.0
69163,487,19.1728813559322,60.59166666666666,57.59333333333333,8.9,206.0,20.9,67.0
70063,487,19.579245283018867,57.63,55.426,8.6,118.0,22.5,66.0
70963,487,19.877777777777776,58.30172413793103,55.97068965517242,8.2,30.0,25.7,63.0
71863,487,20.182,59.94047619047619,56.054761904761904,7.8,25.0,20.9,65.0
72763,487,20.6975,61.36585365853658,57.22439024390244,7.6,21.0,19.3,66.0
73663,487,20.988888888888887,58.66363636363637,54.878181818181815,7.2,12.0,16.1,68.0
74563,487,21.091666666666665,49.315789473684205,46.16842105263158,6.9,9.0,17.7,69.0
75463,487,20.87727272727273,34.08974358974359,32.169230769230765,6.5,0.0,20.9,73.0
76363,487,20.585483870967742,25.97692307692308,23.74153846153846,6.4,0.0,17.7,72.0
77263,487,20.2046875,22.13636363636364,21.006060606060608,6.3,0.0,17.7,75.0
78163,487,19.84264705882353,20.17391304347825,18.78695652173913,6.2,0.0,20.9,75.0
79063,487,19.52833333333333,18.8968253968254,17.85238095238095,5.9,0.0,19.3,75.0
79963,487,19.232307692307693,18.12121212121212,17.23787878787879,5.8,0.0,16.1,77.0
80863,487,18.98125,17.8015873015873,17.45714285714286,5.4,0.0,17.7,79.0
81763,487,18.9,18.958333333333336,19.38833333333333,5.4,0.0,17.7,79.0
82663,487,19.77413793103448,18.96551724137931,19.06379310344828,5.2,0.0,16.1,81.0
83563,487,19.5578125,18.231884057971016,17.889855072463767,5.3,0.0,17.7,81.0
84463,487,18.989705882352943,18.02173913043478,17.717391304347824,5.1,0.0,19.3,82.0
85363,487,18.743076923076924,17.49264705882353,16.870588235294118,5.0,0.0,17.7,83.0
86263,487,18.539682539682538,17.022058823529413,16.504411764705882,4.8,0.0,14.5,85.0
763,488,18.365625,17.0,16.365671641791046,4.8,0.0,17.7,85.0
1663,488,18.26,17.0,16.3,4.8,0.0,19.3,86.0
2563,488,18.0,16.5,16.0,4.8,0.0,19.3,86.0
3463,488,17.974545454545456,16.5,16.0,4.9,0.0,17.7,86.0
4363,488,17.874603174603173,16.5,16.0,4.9,0.0,19.3,86.0
5263,488,17.8,16.5,15.852173913043478,5.0,0.0,19.3,87.0
6163,488,17.709230769230768,16.5,15.8,5.0,0.0,19.3,87.0
7063,488,17.7,16.5,15.8,5.0,0.0,20.9,88.0
7963,488,,,,5.1,0.0,17.7,87.0
8863,488,,,,4.9,0.0,16.1,89.0
9763,488,,,,4.8,0.0,16.1,89.0
10663,488,,,,4.8,0.0,17.7,89.0
11563,488,,,,4.8,0.0,19.3,89.0
12463,488,,,,5.1,0.0,20.9,88.0
13363,488,,,,5.2,0.0,22.5,87.0
14263,488,17.2,16.0,15.5,5.2,0.0,22.5,86.0
15163,488,17.2,16.0,15.403030303030302,5.1,0.0,20.9,86.0
16063,488,17.131884057971014,16.0,15.3,5.0,0.0,20.9,86.0
16963,488,17.14848484848485,32.67142857142857,27.331428571428567,5.0,0.0,16.1,86.0
17863,488,17.979032258064514,56.9672131147541,54.03934426229508,5.0,0.0,16.1,86.0
18763,488,18.86515151515152,45.87096774193548,44.79516129032258,5.2,0.0,20.9,86.0
19663,488,19.26865671641791,40.71126760563381,38.62676056338028,5.6,0.0,20.9,88.0
20563,488,19.4,33.492537313432834,32.15373134328358,5.8,7.0,19.3,88.0
21463,488,19.338461538461537,26.35606060606061,25.55,6.0,19.0,20.9,88.0
22363,488,19.25967741935484,22.11111111111111,22.753703703703703,6.1,16.0,24.1,87.0
23263,488,19.263793103448275,40.81967213114754,35.001639344262294,6.2,23.0,19.3,86.0
24163,488,19.526984126984125,53.74166666666666,49.98333333333333,6.3,28.0,16.1,87.0
25063,488,20.0258064516129,53.08955223880597,51.22388059701492,6.7,72.0,16.1,87.0
25963,488,20.295348837209303,37.40909090909091,36.10454545454546,6.9,79.0,19.3,85.0
26863,488,20.22903225806452,30.143939393939394,29.027272727272724,7.3,70.0,24.1,84.0
27763,488,20.070149253731344,24.950819672131143,23.79672131147541,7.3,98.0,22.5,85.0
28663,488,19.861666666666668,21.769230769230766,20.72923076923077,7.7,195.0,25.7,84.0
29563,488,19.605263157894736,19.931034482758623,19.120689655172413,8.1,135.0,27.4,81.0
30463,488,19.359701492537315,18.784615384615385,18.147692307692303,8.1,162.0,20.9,81.0
31363,488,19.123529411764707,18.11111111111111,17.512698412698413,8.2,148.0,22.5,81.0
32263,488,18.882089552238806,17.559701492537314,17.08507462686567,8.7,239.0,20.9,80.0
33163,488,18.659375,17.253623188405797,16.77826086956522,8.9,181.0,20.9,80.0
34063,488,18.49230769230769,17.0,16.5,8.8,153.0,25.7,79.0
34963,488,18.35223880597015,17.0,16.32089552238806,8.9,135.0,20.9,80.0
35863,488,18.22,16.642857142857142,16.265714285714285,9.1,179.0,20.9,79.0
36763,488,18.09354838709677,16.5,16.0,9.2,281.0,20.9,79.0
37663,488,17.982258064516127,16.5,16.0,9.5,186.0,22.5,76.0
38563,488,17.893650793650792,16.5,15.949253731343283,9.7,253.0,22.5,76.0
39463,488,17.8,16.5,15.802985074626866,10.2,274.0,20.9,74.0
40363,488,17.75625,16.5,15.8,10.3,214.0,19.3,73.0
41263,488,17.7,16.5,15.8,10.2,105.0,17.7,74.0
42163,488,17.640298507462685,16.444444444444446,15.8,9.8,142.0,19.3,75.0
43063,488,17.6,16.02898550724638,15.569565217391304,9.5,234.0,19.3,81.0
43963,488,17.539682539682538,16.0,15.5,9.9,264.0,14.5,81.0
44863,488,17.5,16.0,15.5,9.6,128.0,24.1,80.0
45763,488,17.5,16.0,15.5,9.4,302.0,20.9,81.0
46663,488,17.415625,16.0,15.5,9.8,199.0,19.3,77.0
47563,488,17.4,16.0,15.5,9.9,146.0,19.3,78.0
48463,488,17.4,16.0,15.5,10.0,193.0,16.1,78.0
49363,488,17.3140625,16.0,15.5,9.7,185.0,16.1,81.0
50263,488,17.3,16.0,15.496969696969696,9.6,171.0,16.1,80.0
51163,488,17.3,16.0,15.485507246376812,9.7,220.0,19.3,80.0
52063,488,17.3,16.0,15.367741935483872,9.8,195.0,14.5,81.0
52963,488,17.264615384615386,16.0,15.3,9.8,264.0,14.5,79.0
53863,488,17.2,16.0,15.3,9.7,185.0,19.3,78.0
54763,488,17.2,16.0,15.3,9.7,288.0,20.9,79.0
55663,488,17.198181818181816,16.0,15.3,9.2,156.0,20.9,84.0
56563,488,17.118032786885244,27.094827586206897,22.46206896551724,8.8,111.0,22.5,84.0
57463,488,17.644776119402984,47.07692307692308,45.64,8.8,162.0,17.7,85.0
58363,488,18.264814814814816,47.264150943396224,44.33962264150944,8.9,160.0,19.3,83.0
59263,488,18.923684210526314,35.33695652173913,33.70434782608696,8.8,171.0,19.3,82.0
60163,488,19.05,33.25,31.68,8.9,163.0,19.3,82.0
61063,488,19.094117647058823,26.911290322580648,25.279032258064515,9.1,274.0,22.5,82.0
61963,488,18.98125,22.84375,21.4625,9.0,188.0,20.9,84.0
62863,488,18.8,19.347826086956523,18.43913043478261,9.1,183.0,20.9,82.0
63763,488,18.63125,18.387096774193548,17.651612903225807,9.6,248.0,19.3,82.0
64663,488,18.482142857142858,21.00877192982456,20.226315789473684,9.7,197.0,22.5,82.0
65563,488,18.39090909090909,23.569444444444446,22.70555555555556,9.4,188.0,24.1,82.0
66463,488,18.23333333333333,24.547619047619047,23.68095238095238,9.3,306.0,27.4,82.0
67363,488,18.2,25.228813559322035,24.2271186440678,9.2,158.0,27.4,82.0
68263,488,18.14237288135593,25.71875,24.18125,8.9,141.0,27.4,82.0
69163,488,18.1,26.07692307692308,24.77307692307692,8.7,84.0,27.4,82.0
70063,488,18.1,26.5,25.42121212121212,8.6,88.0,27.4,82.0
70963,488,18.1,28.07971014492754,26.53333333333333,8.6,58.0,27.4,83.0
71863,488,18.1,29.41935483870968,28.119354838709675,8.4,35.0,29.0,85.0
72763,488,18.127868852459017,30.753968253968253,29.17936507936508,8.3,26.0,27.4,86.0
73663,488,18.2,30.55882352941176,29.50735294117647,8.4,26.0,27.4,87.0
74563,488,18.2625,30.161538461538463,28.85692307692308,8.4,19.0,27.4,87.0
75463,488,18.3,30.00769230769231,28.783076923076926,8.5,0.0,24.1,88.0
76363,488,18.356666666666666,31.3203125,29.734375,8.5,0.0,24.1,88.0
77263,488,18.4,33.12878787878788,31.127272727272725,8.8,0.0,24.1,88.0
78163,488,18.4,28.772058823529413,25.580882352941178,8.9,0.0,22.5,88.0
79063,488,18.4,22.90579710144928,20.54927536231884,8.8,0.0,22.5,90.0
79963,488,18.37538461538461,20.11111111111111,18.71269841269841,8.9,0.0,25.7,90.0
80863,488,18.326415094339623,20.30701754385965,21.11929824561404,9.1,0.0,25.7,90.0
81763,488,18.385964912280706,19.333333333333336,19.080392156862747,9.1,0.0,22.5,90.0
82663,488,18.3,18.139344262295083,17.42950819672131,9.4,0.0,22.5,90.0
83563,488,18.2125,17.34090909090909,16.674242424242426,9.4,0.0,19.3,90.0
84463,488,18.075806451612905,17.0,16.342424242424244,9.3,0.0,16.1,91.0
85363,488,17.9546875,16.62121212121212,16.05909090909091,9.4,0.0,17.7,91.0
86263,488,17.829850746268654,16.5,15.961194029850745,9.7,0.0,20.9,91.0
763,489,17.733333333333334,16.5,15.8,9.7,0.0,19.3,91.0
1663,489,17.638235294117646,16.5,15.8,9.7,0.0,17.7,91.0
2563,489,17.571014492753623,16.3984375,15.63125,9.7,0.0,19.3,91.0
3463,489,17.5,16.0,15.5,9.7,0.0,14.5,91.0
4363,489,17.43582089552239,16.0,15.5,9.8,0.0,16.1,92.0
5263,489,17.4,16.0,15.5,9.8,0.0,14.5,92.0
6163,489,17.34375,16.0,15.5,9.9,0.0,17.7,92.0
7063,489,17.3,16.0,15.465217391304346,10.0,0.0,20.9,92.0
7963,489,17.3,16.0,15.320833333333336,10.1,0.0,20.9,92.0
8863,489,,,,10.0,0.0,14.5,92.0
9763,489,,,,9.9,0.0,14.5,93.0
10663,489,,,,9.9,0.0,8.0,93.0
11563,489,,,,9.9,0.0,9.7,93.0
12463,489,,,,9.8,0.0,12.9,94.0
13363,489,,,,9.7,0.0,8.0,94.0
14263,489,17.007692307692306,16.0,15.3,9.7,0.0,14.5,94.0
15163,489,17.0,16.0,15.3,9.7,0.0,12.9,94.0
16063,489,17.0,16.0,15.272727272727272,9.7,0.0,12.9,92.0
16963,489,17.002898550724638,22.6328125,18.803125,9.7,0.0,12.9,92.0
17863,489,17.713114754098363,55.52985074626865,50.492537313432834,9.8,0.0,16.1,91.0
18763,489,18.86029411764705,54.369230769230775,49.7876923076923,9.8,0.0,16.1,91.0
19663,489,19.65441176470588,42.92622950819673,38.52950819672131,9.7,0.0,11.3,91.0
20563,489,19.9265625,34.546875,31.7984375,9.7,0.0,12.9,91.0
21463,489,19.90806451612904,27.11224489795918,25.54081632653061,9.6,7.0,11.3,91.0
22363,489,19.767692307692307,22.54615384615385,21.37692307692308,9.5,11.0,6.4,91.0
23263,489,20.084615384615383,20.083333333333336,19.18181818181818,9.4,23.0,8.0,91.0
24163,489,19.8609375,19.234848484848484,19.07878787878788,9.5,33.0,8.0,91.0
25063,489,19.55873015873016,25.61940298507463,23.970149253731343,9.6,62.0,12.9,90.0
25963,489,19.362121212121213,26.461538461538463,24.62,9.7,93.0,9.7,90.0
26863,489,19.234782608695653,21.29032258064516,20.08225806451613,9.8,69.0,12.9,89.0
27763,489,19.04615384615385,19.119402985074625,18.37910447761194,9.8,54.0,14.5,89.0
28663,489,18.8859375,18.059701492537314,17.51492537313433,9.8,105.0,12.9,89.0
29563,489,18.736206896551725,17.5,17.062686567164178,9.9,162.0,14.5,88.0
30463,489,18.573846153846155,17.092307692307692,16.795384615384613,10.1,109.0,14.5,87.0
31363,489,18.465217391304343,17.0,16.5,10.1,141.0,14.5,86.0
32263,489,18.363636363636363,16.847826086956523,16.404347826086955,10.4,156.0,16.1,86.0
33163,489,18.258490566037736,16.5,16.3,10.5,239.0,17.7,86.0
34063,489,18.128571428571423,16.5,16.145,11.6,274.0,20.9,82.0
34963,489,18.013636363636362,16.5,16.0,11.9,343.0,14.5,82.0
35863,489,17.9,16.5,16.0,13.5,279.0,9.7,80.0
36763,489,17.807462686567163,16.5,15.923076923076923,14.1,162.0,12.9,76.0
37663,489,17.76212121212121,16.5,15.8,13.4,81.0,12.9,79.0
38563,489,17.7,16.5,15.8,13.2,91.0,11.3,80.0
39463,489,17.66268656716418,16.448529411764707,15.8,12.9,120.0,9.7,82.0
40363,489,17.6,16.176923076923078,15.8,13.1,142.0,9.7,81.0
41263,489,17.6,16.022058823529413,15.8,13.4,213.0,17.7,80.0
42163,489,17.6,16.0,15.8,13.4,292.0,17.7,80.0
43063,489,17.544117647058822,16.0,15.725,14.2,454.0,12.9,79.0
43963,489,17.5,16.0,15.513636363636362,15.0,390.0,16.1,77.0
44863,489,17.5,16.0,15.524193548387098,15.1,267.0,17.7,77.0
45763,489,17.5,16.0,15.634482758620688,14.3,185.0,19.3,78.0
46663,489,17.56393442622951,16.452380952380953,15.8984126984127,15.7,422.0,17.7,74.0
47563,489,17.927868852459017,17.0,16.29,15.2,397.0,20.9,76.0
48463,489,18.0,16.5234375,15.9375,15.7,650.0,19.3,76.0
49363,489,17.9046875,16.5,15.8,15.8,436.0,19.3,75.0
50263,489,17.858064516129033,16.5,15.8,15.8,513.0,16.1,76.0
51163,489,17.8,16.47761194029851,15.8,16.3,540.0,19.3,76.0
52063,489,17.786764705882355,16.130769230769232,15.61076923076923,16.8,550.0,17.7,73.0
52963,489,17.7,16.0,15.5,16.6,596.0,19.3,73.0
53863,489,17.682539682539684,16.0,15.5,15.3,466.0,17.7,77.0
54763,489,17.6,16.0,15.5,15.1,387.0,19.3,77.0
55663,489,17.6,16.0,15.5,15.7,624.0,20.9,77.0
56563,489,17.6,16.0,15.5,15.4,343.0,17.7,77.0
57463,489,17.81304347826087,43.76865671641791,37.53731343283582,15.1,360.0,19.3,78.0
58363,489,18.81515151515152,39.11764705882353,38.225,15.2,378.0,17.7,78.0
59263,489,19.438805970149254,37.215384615384615,35.738461538461536,15.2,244.0,17.7,77.0
60163,489,19.71363636363636,34.03731343283582,32.5,14.8,144.0,17.7,79.0
61063,489,19.765671641791045,30.14179104477612,28.565671641791045,14.6,183.0,20.9,80.0
61963,489,19.628125,23.49242424242424,21.703030303030303,15.1,258.0,17.7,79.0
62863,489,19.433333333333334,20.48507462686567,19.30597014925373,15.1,225.0,16.1,78.0
63763,489,19.25757575757576,18.94776119402985,18.235820895522387,15.2,232.0,17.7,78.0
64663,489,19.06969696969697,21.734848484848484,21.00454545454545,14.1,167.0,20.9,81.0
65563,489,19.0,25.05223880597015,24.18507462686567,13.7,114.0,24.1,81.0
66463,489,18.922727272727272,26.07575757575757,25.077272727272728,14.0,121.0,19.3,81.0
67363,489,18.9,27.306451612903224,26.027419354838703,14.0,70.0,24.1,80.0
68263,489,18.96935483870968,28.091549295774648,27.035211267605632,13.4,62.0,19.3,82.0
69163,489,19.0,28.56818181818182,27.313636363636363,13.2,98.0,17.7,83.0
70063,489,19.04,28.71875,27.740625,13.8,116.0,16.1,81.0
70963,489,19.1,28.609375,27.446875,13.2,19.0,17.7,82.0
71863,489,19.1,28.30882352941176,27.354411764705883,12.1,21.0,14.5,86.0
72763,489,19.1,28.6969696969697,27.477272727272727,12.1,30.0,12.9,86.0
73663,489,19.1,28.784615384615385,27.84923076923077,12.1,16.0,14.5,86.0
74563,489,19.1,28.772058823529413,27.61617647058824,12.2,14.0,11.3,86.0
75463,489,19.1,28.40579710144928,27.807246376811595,12.5,0.0,12.9,84.0
76363,489,19.103125,32.992537313432834,27.82089552238806,12.4,0.0,9.7,84.0
77263,489,19.26231884057971,31.9921875,29.734375,12.7,0.0,9.7,84.0
78163,489,19.34603174603175,27.73913043478261,25.705797101449274,12.6,0.0,11.3,84.0
79063,489,19.302985074626868,23.78030303030303,23.6469696969697,12.9,0.0,11.3,83.0
79963,489,19.236764705882354,20.455882352941178,19.82794117647059,12.7,0.0,9.7,83.0
80863,489,19.088235294117645,19.02941176470588,18.475,12.0,0.0,8.0,85.0
81763,489,18.97230769230769,19.46923076923077,20.10923076923077,11.6,0.0,8.0,86.0
82663,489,18.815942028985507,18.619402985074625,18.252238805970148,11.4,0.0,12.9,87.0
83563,489,18.6955223880597,18.1044776119403,17.697014925373132,11.4,0.0,12.9,86.0
84463,489,18.61492537313433,18.20634920634921,18.034920634920635,11.6,0.0,12.9,86.0
85363,489,18.478125,17.6328125,17.1375,11.6,0.0,14.5,86.0
86263,489,18.37910447761194,17.5,16.80909090909091,11.9,0.0,12.9,87.0
763,490,18.290625,17.051470588235293,16.55294117647059,12.7,0.0,17.7,86.0
1663,490,18.2,17.0,16.5,12.9,0.0,16.1,84.0
2563,490,18.154545454545453,17.0,16.424242424242426,12.8,0.0,16.1,85.0
3463,490,18.1,17.0,16.303076923076922,13.4,0.0,19.3,83.0
4363,490,18.049180327868854,17.0,16.3,13.4,0.0,19.3,83.0
5263,490,18.0,17.0,16.3,13.4,0.0,19.3,82.0
6163,490,17.991044776119402,17.0,16.3,13.3,0.0,19.3,82.0
7063,490,17.9,17.0,16.3,12.4,0.0,14.5,84.0
7963,490,,,,12.1,0.0,14.5,85.0
8863,490,,,,11.1,0.0,14.5,89.0
9763,490,,,,10.7,0.0,14.5,90.0
10663,490,,,,10.4,0.0,14.5,91.0
11563,490,,,,10.3,0.0,17.7,92.0
12463,490,,,,10.4,0.0,19.3,92.0
13363,490,17.7,16.5,16.0,10.4,0.0,20.9,92.0
14263,490,17.698529411764707,16.5,16.0,10.5,0.0,19.3,92.0
15163,490,17.60142857142857,16.5,16.0,10.7,0.0,20.9,91.0
16063,490,17.6,16.5,16.0,10.7,0.0,20.9,91.0
16963,490,17.6,16.5,16.0,10.7,0.0,19.3,90.0
17863,490,17.659701492537316,32.661764705882355,28.41617647058824,11.0,0.0,19.3,89.0
18763,490,18.26060606060605,40.392857142857146,38.53285714285714,10.9,0.0,20.9,89.0
19663,490,18.907692307692308,35.5,34.231884057971016,10.6,5.0,24.1,90.0
20563,490,19.206451612903223,32.73134328358209,31.12089552238806,10.6,9.0,24.1,90.0
21463,490,19.3,25.78030303030303,23.795454545454547,10.6,14.0,27.4,91.0
22363,490,19.395454545454548,21.75,20.40757575757576,10.6,16.0,30.6,90.0
23263,490,19.48030303030303,19.73846153846154,18.946153846153845,10.4,21.0,25.7,91.0
24163,490,19.5,20.28030303030303,19.424242424242426,10.6,25.0,22.5,91.0
25063,490,19.53333333333333,23.764705882352946,23.804411764705883,10.7,28.0,22.5,90.0
25963,490,19.53636363636364,27.39855072463768,26.027536231884056,10.7,30.0,22.5,90.0
26863,490,19.51774193548388,24.14516129032258,23.806451612903224,10.9,33.0,17.7,90.0
27763,490,19.56268656716417,21.036764705882355,21.219117647058823,11.2,51.0,17.7,89.0
28663,490,19.6,19.6640625,19.4578125,11.4,39.0,9.7,88.0
29563,490,19.3875,19.071428571428573,19.12063492063492,11.7,37.0,14.5,87.0
30463,490,19.156923076923075,44.17692307692308,38.2123076923077,12.7,39.0,16.1,84.0
31363,490,19.3234375,54.63709677419355,52.572580645161295,12.9,42.0,12.9,83.0
32263,490,19.51875,55.80597014925373,53.27313432835821,13.4,46.0,14.5,82.0
33163,490,20.079104477611946,57.6060606060606,54.69090909090909,14.0,455.0,14.5,80.0
34063,490,20.561194029850743,44.32394366197183,40.95774647887324,13.8,153.0,12.9,80.0
34963,490,20.67391304347825,31.15,26.772857142857145,13.8,178.0,8.0,81.0
35863,490,20.57794117647059,25.125,22.6171875,14.3,288.0,12.9,79.0
36763,490,20.417910447761194,21.9609375,20.6109375,14.4,570.0,16.1,78.0
37663,490,20.205714285714286,20.295454545454547,19.443939393939395,14.8,758.0,19.3,76.0
38563,490,20.003174603174603,19.26363636363636,18.76727272727273,15.3,902.0,17.7,76.0
39463,490,19.81764705882353,19.52173913043478,20.02753623188406,14.4,213.0,16.1,78.0
40363,490,19.64264705882353,18.73134328358209,18.371641791044777,14.4,323.0,16.1,79.0
41263,490,19.478125,18.201492537313435,17.738805970149254,14.6,304.0,17.7,78.0
42163,490,19.344117647058823,18.0,17.438235294117646,15.8,401.0,16.1,77.0
43063,490,19.2109375,17.686567164179102,17.301492537313433,15.6,334.0,14.5,75.0
43963,490,19.04705882352941,18.0,17.92923076923077,14.9,366.0,17.7,78.0
44863,490,18.984615384615385,18.0,17.846153846153847,15.7,367.0,16.1,75.0
45763,490,18.9,17.985294117647058,17.61764705882353,15.2,315.0,17.7,77.0
46663,490,18.9,17.5,17.03142857142857,15.1,227.0,17.7,78.0
47563,490,18.80483870967742,17.619402985074625,16.965671641791044,15.3,308.0,16.1,78.0
48463,490,18.75079365079365,17.53076923076923,17.115384615384617,15.7,448.0,16.1,75.0
49363,490,18.7,17.5,16.873529411764707,16.6,420.0,14.5,73.0
50263,490,18.669696969696968,17.5,16.8,16.8,896.0,19.3,72.0
51163,490,18.6,17.5,16.8,17.6,877.0,19.3,69.0
52063,490,18.6,17.5,16.8,18.5,807.0,19.3,68.0
52963,490,18.68181818181818,17.813432835820898,17.243283582089553,19.0,784.0,14.5,66.0
53863,490,18.7,17.5,16.947692307692307,18.9,682.0,11.3,68.0
54763,490,18.6955223880597,17.5,16.8,19.1,617.0,16.1,65.0
55663,490,18.6,17.5,16.8,18.9,694.0,22.5,68.0
56563,490,18.6,17.492307692307694,16.795384615384613,18.3,656.0,25.7,68.0
57463,490,18.6,17.289473684210527,16.58684210526316,18.4,656.0,24.1,68.0
58363,490,,,,18.2,659.0,24.1,68.0
59263,490,,,,17.7,573.0,22.5,70.0
60163,490,,,,17.5,336.0,25.7,71.0
61063,490,,,,16.9,148.0,22.5,74.0
61963,490,,,,17.1,508.0,22.5,74.0
62863,490,,,,16.9,255.0,20.9,73.0
63763,490,19.5,28.244680851063823,27.21489361702128,16.9,318.0,20.9,72.0
64663,490,19.54693877551021,23.73,23.504,16.7,436.0,20.9,74.0
65563,490,19.59692307692308,21.18115942028985,20.617391304347827,16.9,355.0,22.5,73.0
66463,490,19.501492537313432,19.56716417910448,18.932835820895523,16.9,271.0,19.3,73.0
67363,490,19.40909090909091,18.7265625,18.2,16.7,250.0,22.5,73.0
68263,490,19.31230769230769,18.298507462686565,17.83134328358209,16.9,195.0,17.7,73.0
69163,490,19.22063492063492,18.0,17.50952380952381,16.9,171.0,17.7,72.0
70063,490,19.115,18.0,17.35151515151515,16.4,70.0,17.7,73.0
70963,490,19.002985074626867,17.612903225806452,17.3,15.7,70.0,17.7,75.0
71863,490,18.934848484848484,17.5,17.10327868852459,14.8,25.0,12.9,79.0
72763,490,18.9,22.833333333333336,21.57826086956522,14.5,23.0,12.9,81.0
73663,490,18.90144927536232,26.3030303030303,25.45,13.9,12.0,12.9,82.0
74563,490,19.01384615384616,28.323529411764707,27.13676470588236,13.8,9.0,12.9,82.0
75463,490,19.145454545454548,29.63768115942029,28.714492753623187,13.2,0.0,14.5,85.0
76363,490,19.27096774193549,30.27777777777778,29.060317460317457,13.0,0.0,12.9,86.0
77263,490,19.37846153846154,27.87878787878788,26.77878787878788,12.8,0.0,14.5,86.0
78163,490,19.4,22.723076923076924,21.37538461538461,12.7,0.0,12.9,86.0
79063,490,19.356716417910448,20.363636363636363,19.466666666666665,13.2,0.0,14.5,83.0
79963,490,19.284375,19.192307692307693,18.53538461538461,13.3,0.0,12.9,83.0
80863,490,19.2,18.52238805970149,18.040298507462687,13.6,0.0,17.7,83.0
81763,490,19.143283582089552,18.291044776119403,18.037313432835823,13.4,0.0,16.1,83.0
82663,490,19.170149253731346,18.977272727272727,19.4,12.8,0.0,14.5,85.0
83563,490,19.35074626865672,18.716417910447763,18.5268656716418,12.8,0.0,14.5,84.0
84463,490,19.34558823529412,18.64179104477612,18.426865671641792,12.7,0.0,14.5,84.0
85363,490,19.21363636363636,18.09027777777778,17.558333333333334,13.1,0.0,19.3,81.0
86263,490,19.054285714285715,17.849206349206348,17.166666666666664,13.4,0.0,20.9,78.0
763,491,18.958823529411767,17.5,16.952238805970147,13.5,0.0,19.3,78.0
1663,491,18.85942028985508,17.5,16.8,13.3,0.0,14.5,79.0
2563,491,18.75192307692308,17.5,16.8,13.2,0.0,16.1,79.0
3463,491,18.7,17.5,16.689230769230768,13.0,0.0,14.5,79.0
4363,491,18.60441176470588,17.27941176470588,16.5,12.9,0.0,16.1,79.0
5263,491,18.596969696969698,17.024193548387096,16.5,13.1,0.0,14.5,78.0
6163,491,18.501470588235293,17.0,16.5,13.1,0.0,12.9,79.0
7063,491,18.5,17.46212121212121,16.884848484848483,13.1,0.0,11.3,78.0
7963,491,18.5,17.5,16.8,13.2,0.0,12.9,78.0
8863,491,18.444927536231884,17.5,16.8,13.1,0.0,11.3,78.0
9763,491,18.4,17.5,16.7109375,13.1,0.0,12.9,78.0
10663,491,18.4,17.42028985507246,16.52173913043478,12.8,0.0,6.4,78.0
11563,491,18.384615384615383,17.139705882352942,16.5,12.5,0.0,3.2,79.0
12463,491,18.3,17.0,16.5,12.1,0.0,4.8,81.0
13363,491,18.3,17.0,16.5,11.9,0.0,3.2,81.0
14263,491,18.260294117647057,17.0,16.5,11.6,0.0,3.2,83.0
15163,491,18.2,17.0,16.5,10.9,0.0,3.2,85.0
16063,491,18.2,17.0,16.5,10.2,0.0,0.0,87.0
16963,491,18.2,17.0,16.5,9.8,0.0,0.0,88.0
17863,491,18.2,17.0,16.5,9.3,0.0,3.2,90.0
18763,491,18.2,18.56617647058824,17.20735294117647,9.1,0.0,0.0,90.0
19663,491,18.245454545454542,23.828125,22.459375,8.8,7.0,0.0,91.0
20563,491,18.39322033898305,28.18181818181818,26.33484848484849,8.6,21.0,1.6,92.0
21463,491,18.65441176470588,31.686567164179102,29.84776119402985,9.3,25.0,0.0,92.0
22363,491,19.07076923076923,34.23134328358209,32.48059701492537,9.4,19.0,0.0,92.0
23263,491,19.50757575757576,27.2463768115942,26.26376811594203,9.2,25.0,0.0,91.0
24163,491,19.65151515151515,22.33582089552239,21.911940298507464,9.3,23.0,0.0,92.0
25063,491,19.886567164179105,21.13636363636364,21.324242424242424,9.5,26.0,0.0,91.0
25963,491,19.9,19.56451612903226,19.14516129032258,10.1,28.0,3.2,90.0
26863,491,19.8530303030303,18.62676056338028,18.08450704225352,10.7,30.0,3.2,88.0
27763,491,19.7734375,18.053030303030305,17.613636363636363,12.1,32.0,4.8,83.0
28663,491,19.671641791044777,17.919354838709676,17.351612903225806,12.7,35.0,1.6,80.0
29563,491,19.553846153846155,17.51388888888889,17.241666666666667,12.9,37.0,6.4,80.0
30463,491,19.45409836065574,17.5,17.0,13.1,42.0,3.2,82.0
31363,491,19.35735294117647,17.5,17.0,13.2,44.0,1.6,81.0
32263,491,19.277142857142856,17.5,17.0,13.9,47.0,3.2,79.0
33163,491,19.19855072463768,17.5,16.991304347826087,14.4,452.0,3.2,78.0
34063,491,19.1,17.59375,17.009375,15.7,494.0,4.8,73.0
34963,491,19.1,17.765625,17.403125,15.8,517.0,6.4,73.0
35863,491,18.925757575757576,17.9921875,17.5609375,16.9,626.0,4.8,71.0
36763,491,18.54927536231884,17.893939393939394,17.33939393939394,16.4,501.0,4.8,71.0
37663,491,18.242372881355934,17.5,17.010714285714286,17.6,290.0,3.2,69.0
38563,491,18.2625,17.762295081967213,17.181967213114753,17.8,747.0,4.8,68.0
39463,491,18.008333333333333,17.5,16.96,17.1,323.0,6.4,71.0
40363,491,17.95079365079365,17.85820895522388,16.99402985074627,17.6,374.0,6.4,69.0
41263,491,17.873846153846152,17.641666666666666,16.990000000000002,17.4,223.0,6.4,70.0
42163,491,17.953125,17.5,16.87878787878788,18.4,366.0,8.0,70.0
43063,491,18.012698412698413,17.5,16.8,18.1,311.0,11.3,67.0
43963,491,18.15396825396825,17.5,16.8,17.2,260.0,8.0,69.0
44863,491,18.284615384615385,17.676923076923078,16.88307692307692,17.5,260.0,9.7,67.0
45763,491,18.3,17.838983050847457,16.989830508474576,18.2,967.0,6.4,71.0
46663,491,18.2,17.53846153846154,16.91794871794872,18.1,278.0,4.8,70.0
47563,491,18.2,17.5,16.8,17.7,241.0,6.4,69.0
48463,491,18.308333333333334,17.5,16.746428571428574,17.8,264.0,4.8,68.0
49363,491,18.548648648648648,17.744444444444447,16.784444444444443,17.9,214.0,6.4,69.0
50263,491,18.815625,17.5,16.823529411764707,21.0,779.0,8.0,59.0
51163,491,19.0,17.5,16.8,21.3,770.0,12.9,56.0
52063,491,19.0,17.5,16.8,21.9,772.0,16.1,55.0
52963,491,19.09090909090909,17.5,16.8,21.9,752.0,17.7,56.0
53863,491,19.2,17.5,16.8,22.1,772.0,14.5,55.0
54763,491,19.2,17.5,16.8,22.4,724.0,14.5,56.0
55663,491,19.24,17.5,16.8,21.5,125.0,19.3,57.0
56563,491,19.32258064516129,17.5,16.8,21.1,127.0,16.1,59.0
57463,491,19.4,17.5,16.8,20.9,220.0,14.5,61.0
58363,491,19.479166666666664,17.61764705882353,16.870588235294118,21.5,628.0,16.1,57.0
59263,491,19.5,17.75,17.0,21.3,582.0,19.3,54.0
60163,491,19.576666666666668,23.53125,21.2,21.9,555.0,17.7,50.0
61063,491,19.731034482758623,29.236111111111107,27.63055555555556,21.6,510.0,20.9,52.0
61963,491,19.91515151515152,32.2972972972973,30.34864864864865,21.3,487.0,19.3,50.0
62863,491,20.044736842105262,29.916666666666668,28.673809523809524,20.9,355.0,22.5,52.0
63763,491,20.178125,23.513513513513512,21.983783783783785,21.1,406.0,19.3,52.0
64663,491,20.2,21.387096774193548,21.070967741935483,20.8,336.0,17.7,53.0
65563,491,20.2,20.28,19.880000000000003,20.6,332.0,20.9,53.0
66463,491,20.056521739130435,19.6796875,19.7140625,20.2,288.0,20.9,55.0
67363,491,19.92142857142857,19.15217391304348,18.83478260869565,20.3,262.0,17.7,56.0
68263,491,19.838461538461537,18.59756097560976,18.24878048780488,20.7,206.0,17.7,54.0
69163,491,19.71470588235294,18.5,18.27647058823529,20.7,178.0,14.5,55.0
70063,491,19.6,18.5,18.52878787878788,19.5,23.0,16.1,58.0
70963,491,19.5,18.866666666666667,18.851666666666667,18.5,19.0,16.1,61.0
71863,491,19.405263157894737,18.51063829787234,18.19148936170213,17.6,18.0,12.9,65.0
72763,491,19.33076923076923,18.2948717948718,17.774358974358975,17.2,12.0,11.3,71.0
73663,491,19.3,18.0,17.5,15.9,9.0,12.9,74.0
74563,491,19.20909090909091,18.0,17.5,15.8,9.0,11.3,75.0
75463,491,19.2,18.0,17.32857142857143,15.4,0.0,9.7,76.0
76363,491,19.120689655172413,18.0,17.444827586206895,15.2,0.0,11.3,76.0
77263,491,19.1,18.0,17.49122807017544,14.9,0.0,9.7,77.0
78163,491,19.14666666666667,18.537313432835823,18.002985074626867,14.9,0.0,11.3,77.0
79063,491,20.27173913043478,18.99253731343284,18.438805970149254,14.7,0.0,11.3,77.0
79963,491,20.548,18.833333333333336,18.204545454545453,14.6,0.0,11.3,76.0
80863,491,20.145833333333336,18.5,17.861538461538462,14.6,0.0,9.7,76.0
81763,491,19.816666666666663,18.4140625,17.7015625,14.8,0.0,6.4,76.0
82663,491,19.63023255813953,18.0,17.5,14.7,0.0,8.0,75.0
83563,491,19.51590909090909,18.0,17.5,14.6,0.0,6.4,75.0
84463,491,19.4,18.0,17.45714285714286,14.2,0.0,6.4,75.0
85363,491,19.27894736842105,18.0,17.30625,14.0,0.0,9.7,76.0
86263,491,19.2,18.0,17.3,13.5,0.0,4.8,80.0
763,492,19.2,18.0,17.3,13.3,0.0,6.4,82.0
1663,492,19.2,18.0,17.3,13.0,0.0,9.7,83.0
2563,492,19.11764705882353,18.0,17.3,13.0,0.0,9.7,83.0
3463,492,19.1,18.0,17.3,13.1,0.0,8.0,83.0
4363,492,19.1,18.0,17.3,12.9,0.0,3.2,83.0
5263,492,19.1,18.0,17.3,12.6,0.0,3.2,84.0
6163,492,19.02325581395349,18.0,17.3,12.4,0.0,1.6,85.0
7063,492,19.0,18.0,17.3,12.1,0.0,4.8,86.0
7963,492,19.0,18.0,17.3,12.3,0.0,6.4,85.0
8863,492,19.0,18.0,17.3,12.1,0.0,1.6,85.0
9763,492,19.0,18.0,17.3,11.9,0.0,3.2,86.0
10663,492,18.969767441860466,18.0,17.3,11.6,0.0,1.6,86.0
11563,492,18.9,18.0,17.3,11.4,0.0,1.6,87.0
12463,492,18.9,18.0,17.3,11.5,0.0,4.8,88.0
13363,492,18.9,18.0,17.3,11.5,0.0,3.2,88.0
14263,492,18.9,18.0,17.3,11.2,0.0,0.0,89.0
15163,492,18.9,18.0,17.3,11.1,0.0,1.6,89.0
16063,492,18.81142857142857,18.0,17.3,10.7,0.0,0.0,90.0
16963,492,18.8,18.0,17.3,10.7,0.0,0.0,90.0
17863,492,18.80222222222222,18.0,17.3,10.7,0.0,0.0,91.0
18763,492,18.91627906976744,18.03030303030303,17.357575757575756,10.6,0.0,0.0,91.0
19663,492,19.0,18.186567164179102,17.440298507462686,10.4,9.0,0.0,91.0
20563,492,19.04032258064516,21.183823529411764,19.733823529411765,10.6,16.0,0.0,91.0
21463,492,20.01967213114754,24.44776119402985,23.265671641791045,10.5,28.0,8.0,91.0
22363,492,19.557575757575755,24.18548387096774,23.10483870967742,10.6,44.0,9.7,92.0
23263,492,19.40735294117647,27.0,26.302941176470583,12.0,62.0,8.0,88.0
24163,492,19.549230769230768,28.6640625,27.1953125,12.2,47.0,12.9,86.0
25063,492,19.74516129032257,27.154411764705884,26.279411764705884,12.3,79.0,12.9,85.0
25963,492,19.8,22.584615384615383,21.54615384615385,12.3,54.0,14.5,85.0
26863,492,19.8,20.426470588235293,19.738235294117647,12.7,158.0,12.9,84.0
27763,492,19.74516129032257,19.369230769230768,18.909230769230767,13.2,100.0,12.9,83.0
28663,492,19.765671641791045,18.9453125,18.4375,14.0,171.0,11.3,80.0
29563,492,19.8,18.5,18.2,14.2,197.0,9.7,80.0
30463,492,19.704615384615387,18.5,18.0,14.3,123.0,11.3,79.0
31363,492,19.687878787878788,18.45384615384616,17.855384615384615,14.3,199.0,8.0,80.0
32263,492,19.6,18.02173913043478,17.8,14.8,322.0,11.3,80.0
33163,492,19.55151515151515,18.0,17.8,15.0,457.0,11.3,79.0
34063,492,19.5,18.0,17.603125,14.4,269.0,9.7,80.0
34963,492,19.5,18.0,17.5,14.8,341.0,6.4,80.0
35863,492,19.5,18.0,17.5,14.6,179.0,6.4,80.0
36763,492,19.5,18.0,17.5,13.7,360.0,8.0,83.0
37663,492,19.5,18.0,17.5,14.1,341.0,8.0,82.0
38563,492,19.5,18.0,17.5,14.4,461.0,4.8,82.0
39463,492,19.5,18.0,17.5,15.3,719.0,4.8,81.0
40363,492,19.5,18.0,17.5,15.6,803.0,8.0,80.0
41263,492,19.5,18.0,17.5,16.0,700.0,11.3,77.0
42163,492,19.44558823529412,18.0,17.5,16.6,819.0,9.7,76.0
43063,492,19.4,18.0,17.5,16.3,779.0,9.7,76.0
43963,492,19.4,18.0,17.5,17.4,693.0,6.4,72.0
44863,492,19.4,18.0,17.496923076923075,17.6,766.0,8.0,72.0
45763,492,19.4,18.0,17.5,17.4,780.0,6.4,74.0
46663,492,19.4,18.0,17.484615384615385,17.4,789.0,6.4,72.0
47563,492,19.4,18.0,17.47352941176471,18.6,786.0,6.4,67.0
48463,492,19.4,18.0,17.482089552238808,21.7,759.0,12.9,38.0
49363,492,19.4,18.361538461538466,17.746153846153845,21.7,768.0,14.5,36.0
50263,492,19.459016393442624,18.328125,17.8375,22.3,793.0,17.7,34.0
51163,492,19.746774193548383,18.9140625,18.084375,22.0,731.0,14.5,32.0
52063,492,19.71272727272727,18.5,17.85084745762712,22.0,531.0,12.9,40.0
52963,492,19.683928571428574,18.358490566037737,17.647169811320754,20.8,371.0,14.5,37.0
53863,492,19.6,18.0,17.5,22.0,840.0,11.3,36.0
54763,492,19.6,18.0,17.5,22.7,749.0,9.7,36.0
55663,492,19.6,18.0,17.5,21.7,494.0,12.9,37.0
56563,492,19.6,18.0,17.5,21.6,643.0,11.3,39.0
57463,492,19.6,18.428571428571427,17.761904761904763,21.4,338.0,14.5,38.0
58363,492,19.6,18.107142857142858,17.633928571428573,20.6,206.0,12.9,38.0
59263,492,19.661818181818184,18.0,17.5,21.1,345.0,17.7,37.0
60163,492,19.7,18.0,17.5,21.3,573.0,16.1,37.0
61063,492,19.7,18.0,17.5,21.9,526.0,12.9,37.0
61963,492,19.7,18.0,17.5,21.7,118.0,11.3,37.0
62863,492,19.6,18.0,17.5,20.8,327.0,11.3,41.0
63763,492,19.55555555555556,18.0,17.5,20.7,97.0,11.3,41.0
64663,492,19.5,18.0,17.5,19.6,120.0,11.3,45.0
65563,492,19.5,18.232558139534884,17.63953488372093,19.7,369.0,11.3,45.0
66463,492,19.5,18.5,17.8,20.1,107.0,9.7,48.0
67363,492,,18.12121212121212,17.55909090909091,20.2,285.0,9.7,45.0
68263,492,,18.0,17.5,20.0,239.0,9.7,44.0
69163,492,,18.0,17.5,19.7,44.0,9.7,44.0
70063,492,19.4,18.23076923076924,17.661538461538463,18.6,62.0,11.3,45.0
70963,492,,18.0,17.5,18.6,116.0,8.0,47.0
71863,492,,18.0,17.5,18.0,30.0,9.7,46.0
72763,492,19.3,18.0,17.5,17.8,30.0,6.4,49.0
73663,492,19.365853658536587,18.21969696969697,17.631818181818183,17.2,26.0,9.7,52.0
74563,492,19.4,18.107142857142858,17.53,16.8,18.0,11.3,53.0
75463,492,19.361702127659576,18.0,17.5,16.5,0.0,11.3,54.0
76363,492,19.3,18.0,17.5,16.2,0.0,9.7,56.0
77263,492,19.3,18.0,17.5,16.0,0.0,12.9,56.0
78163,492,19.3,18.0,17.5,15.7,0.0,8.0,58.0
79063,492,19.3,18.0,17.46923076923077,15.9,0.0,11.3,55.0
79963,492,19.3,18.0,17.466666666666665,15.8,0.0,11.3,57.0
80863,492,19.214285714285715,18.0,17.5,15.2,0.0,9.7,61.0
81763,492,19.226666666666667,18.387096774193548,17.683870967741935,15.4,0.0,14.5,60.0
82663,492,19.3,18.734848484848484,17.915151515151514,15.7,0.0,14.5,59.0
83563,492,,18.5,17.8,15.6,0.0,14.5,60.0
84463,492,,18.5,17.8,15.3,0.0,11.3,59.0
85363,492,,18.5,17.8,15.7,0.0,12.9,55.0
86263,492,,18.5,17.8,16.3,0.0,12.9,50.0
763,493,,18.5,17.8,16.4,0.0,14.5,49.0
1663,493,,18.5,17.8,15.9,0.0,12.9,55.0
2563,493,,18.48360655737705,17.8,15.9,0.0,12.9,54.0
3463,493,,18.318840579710145,17.8,15.4,0.0,9.7,59.0
4363,493,,18.32307692307692,17.8,15.0,0.0,9.7,62.0
5263,493,,18.16393442622951,17.8,14.5,0.0,9.7,64.0
6163,493,,18.3,17.8,14.3,0.0,9.7,66.0
7063,493,,,,14.5,0.0,11.3,64.0
7963,493,,,,15.0,0.0,14.5,61.0
8863,493,,,,15.3,0.0,12.9,59.0
9763,493,,,,15.4,0.0,14.5,58.0
10663,493,,,,15.3,0.0,16.1,59.0
11563,493,,,,15.2,0.0,16.1,59.0
12463,493,,18.0,17.8,14.9,0.0,12.9,62.0
13363,493,,18.007575757575758,17.8,14.8,0.0,16.1,62.0
14263,493,,18.0,17.795652173913044,13.7,0.0,14.5,67.0
15163,493,,18.0,17.78153846153846,13.4,0.0,12.9,68.0
16063,493,,18.0,17.726153846153846,14.1,0.0,17.7,66.0
16963,493,,18.0,17.54153846153846,14.1,0.0,17.7,66.0
17863,493,,18.0,17.5,13.7,0.0,17.7,68.0
18763,493,,18.0,17.5,13.7,0.0,19.3,69.0
19663,493,,18.0,17.5,13.6,9.0,17.7,69.0
20563,493,,18.0,17.5,13.8,16.0,16.1,67.0
21463,493,19.43846153846154,18.0,17.5,13.1,33.0,4.8,71.0
22363,493,19.7375,18.41044776119403,17.759701492537314,13.2,44.0,3.2,73.0
23263,493,20.63050847457627,18.692307692307693,18.21538461538461,13.9,83.0,16.1,70.0
24163,493,20.53174603174603,19.0,18.41076923076923,13.9,98.0,20.9,70.0
25063,493,20.6,18.6875,18.075,13.9,123.0,19.3,68.0
25963,493,20.6,18.5,17.925,13.9,120.0,17.7,69.0
26863,493,20.6,18.5,17.8,14.1,127.0,22.5,66.0
27763,493,20.56086956521739,18.5,17.8,14.3,100.0,20.9,63.0
28663,493,20.475384615384616,18.47058823529412,17.8,14.5,95.0,17.7,61.0
29563,493,20.365573770491803,18.10144927536232,17.639130434782608,14.6,118.0,17.7,60.0
30463,493,20.25692307692308,18.0,17.5,15.1,49.0,17.7,61.0
31363,493,20.1936507936508,18.0,17.5,15.2,40.0,17.7,61.0
32263,493,20.1,18.0,17.5,15.0,42.0,20.9,65.0
33163,493,20.1,18.0,17.508695652173913,15.0,489.0,19.3,67.0
34063,493,20.01774193548388,18.0,17.57258064516129,15.9,531.0,16.1,68.0
34963,493,20.0,18.0,17.695454545454545,16.0,552.0,11.3,67.0
35863,493,20.0,18.0,17.7765625,16.2,592.0,17.7,68.0
36763,493,20.0,18.03846153846154,17.8,16.5,619.0,14.5,67.0
37663,493,20.0,18.2089552238806,17.8,16.4,668.0,14.5,69.0
38563,493,19.92205882352941,18.393939393939394,17.8,16.4,668.0,16.1,66.0
39463,493,19.9,18.361538461538466,17.8,16.3,751.0,19.3,68.0
40363,493,19.9,18.44202898550725,17.8,16.6,761.0,17.7,68.0
41263,493,19.9,18.463235294117645,17.8,16.3,780.0,17.7,67.0
42163,493,19.82058823529412,18.470149253731343,17.8,17.0,823.0,16.1,67.0
43063,493,19.8,18.450704225352112,17.8,15.9,443.0,17.7,69.0
43963,493,19.8,18.45384615384616,17.8,15.6,466.0,20.9,70.0
44863,493,19.769230769230766,18.4296875,17.7953125,15.0,276.0,22.5,69.0
45763,493,19.7,18.26056338028169,17.7112676056338,14.7,265.0,19.3,72.0
46663,493,19.7,18.10606060606061,17.586363636363636,14.5,193.0,22.5,71.0
47563,493,19.686567164179102,18.02307692307692,17.50923076923077,14.2,171.0,24.1,70.0
48463,493,19.6015873015873,18.008064516129032,17.504838709677422,13.7,169.0,19.3,75.0
49363,493,19.6,18.01538461538461,17.5,13.4,181.0,19.3,77.0
50263,493,19.6,18.096774193548388,17.524193548387096,13.2,132.0,17.7,80.0
51163,493,19.6,18.09375,17.565625,12.9,141.0,19.3,82.0
52063,493,19.6,18.25,17.616129032258065,12.2,98.0,16.1,87.0
52963,493,19.6,18.393939393939394,17.795454545454547,12.0,107.0,17.7,88.0
53863,493,19.6,18.484848484848484,17.795454545454547,11.7,137.0,14.5,91.0
54763,493,19.6,18.5,17.795714285714286,11.7,125.0,16.1,91.0
55663,493,19.6,18.5,17.8,11.8,186.0,16.1,91.0
56563,493,19.6,18.5,17.8,12.3,239.0,12.9,91.0
57463,493,19.6,18.49253731343284,17.8,12.7,220.0,12.9,89.0
58363,493,19.6,18.5,17.8,13.2,418.0,14.5,87.0
59263,493,19.6,18.484615384615385,17.8,13.4,239.0,14.5,84.0
60163,493,19.6,18.5,17.786153846153844,13.4,229.0,12.9,84.0
61063,493,19.529577464788733,18.102941176470587,17.47941176470588,13.7,452.0,14.5,82.0
61963,493,19.5,28.12878787878788,23.51515151515152,13.7,230.0,16.1,82.0
62863,493,19.890625,48.93076923076923,45.81384615384615,13.2,181.0,16.1,84.0
63763,493,20.40757575757576,42.65441176470589,41.18382352941176,12.9,181.0,17.7,85.0
64663,493,20.6,31.727272727272727,30.46969696969697,11.2,134.0,19.3,91.0
65563,493,20.58507462686567,25.49242424242424,24.46363636363636,11.2,438.0,17.7,92.0
66463,493,20.40909090909091,21.676056338028168,20.963380281690142,12.1,308.0,16.1,84.0
67363,493,20.232835820895524,22.21969696969697,21.846969696969698,12.4,199.0,17.7,81.0
68263,493,20.13809523809524,45.18181818181818,41.34090909090909,12.3,216.0,17.7,77.0
69163,493,20.60757575757576,44.22794117647059,43.06764705882353,11.8,193.0,19.3,78.0
70063,493,21.14179104477612,38.5703125,36.825,11.4,60.0,17.7,80.0
70963,493,21.15689655172413,28.639344262295083,28.3655737704918,11.1,49.0,14.5,81.0
71863,493,21.11746031746032,43.76190476190476,39.31587301587302,10.9,37.0,16.1,82.0
72763,493,21.6327868852459,53.54032258064516,51.314516129032256,11.0,35.0,12.9,83.0
73663,493,21.83098591549296,36.65441176470589,32.17058823529412,10.9,19.0,12.9,84.0
74563,493,21.775,28.044776119402982,24.691044776119405,10.9,12.0,12.9,84.0
75463,493,21.59230769230769,24.03787878787879,22.10606060606061,10.7,7.0,8.0,86.0
76363,493,21.353125,21.9296875,20.7609375,10.6,0.0,9.7,86.0
77263,493,21.145901639344263,20.6953125,19.96875,10.2,0.0,9.7,87.0
78163,493,20.9546875,20.0,19.445714285714285,10.1,0.0,6.4,87.0
79063,493,20.77142857142857,20.20967741935484,20.833870967741937,9.7,0.0,6.4,87.0
79963,493,21.13870967741936,20.859375,21.5875,9.6,0.0,8.0,87.0
80863,493,21.25818181818181,19.9453125,19.725,9.4,0.0,8.0,87.0
81763,493,20.837878787878783,19.46153846153846,18.947692307692307,9.2,0.0,8.0,86.0
82663,493,20.655555555555555,19.0,18.62794117647059,8.8,0.0,9.7,86.0
83563,493,20.488709677419354,19.0,18.45942028985507,8.7,0.0,8.0,86.0
84463,493,20.325396825396822,19.0,18.3,8.7,0.0,9.7,85.0
85363,493,20.19701492537313,18.977272727272727,18.62727272727273,8.7,0.0,9.7,84.0
86263,493,20.0828125,19.0,18.42950819672131,8.6,0.0,6.4,82.0
763,494,19.98360655737705,18.57971014492754,18.1,8.4,0.0,8.0,82.0
1663,494,19.89253731343284,18.5,18.0,8.4,0.0,6.4,83.0
2563,494,19.8,18.5,17.856716417910448,8.7,0.0,8.0,82.0
3463,494,19.724615384615383,18.5,17.8,8.8,0.0,6.4,80.0
4363,494,19.67460317460317,18.5,17.8,8.9,0.0,9.7,79.0
5263,494,19.6,18.5,17.8,9.3,0.0,12.9,77.0
6163,494,19.540677966101693,18.5,17.68695652173913,9.3,0.0,9.7,78.0
7063,494,19.5,18.35185185185185,17.505555555555553,8.9,0.0,6.4,83.0
7963,494,,,,8.5,0.0,4.8,84.0
8863,494,,,,7.7,0.0,1.6,85.0
9763,494,,,,7.4,0.0,6.4,87.0
10663,494,,,,7.4,0.0,9.7,87.0
11563,494,,,,7.3,0.0,8.0,88.0
12463,494,,,,7.1,0.0,8.0,88.0
13363,494,,,,7.1,0.0,8.0,87.0
14263,494,19.1,18.0,17.3,7.3,0.0,9.7,86.0
15163,494,19.1,18.0,17.3,7.4,0.0,11.3,85.0
16063,494,19.1,18.0,17.3,7.4,0.0,11.3,85.0
16963,494,19.1,18.0,17.3,7.6,0.0,12.9,84.0
17863,494,19.09705882352941,18.0,17.3,7.9,5.0,14.5,83.0
18763,494,19.085245901639347,18.0,17.3,7.9,5.0,12.9,83.0
19663,494,19.0,18.0,17.3,7.9,18.0,12.9,84.0
20563,494,19.0,20.772058823529413,19.458823529411767,8.2,23.0,12.9,84.0
21463,494,19.073846153846155,23.285714285714285,22.45714285714286,8.3,35.0,11.3,84.0
22363,494,19.186666666666667,22.65573770491803,22.08360655737705,8.3,30.0,11.3,84.0
23263,494,18.451666666666668,23.3,22.863076923076925,8.1,32.0,11.3,84.0
24163,494,19.37073170731708,22.55681818181818,22.35681818181818,7.9,32.0,14.5,86.0
25063,494,19.371153846153845,34.625,29.70384615384616,8.0,58.0,11.3,87.0
25963,494,19.512307692307694,25.56617647058824,24.873529411764707,8.3,97.0,12.9,88.0
26863,494,19.6,21.31060606060606,21.23333333333333,9.2,86.0,16.1,85.0
27763,494,19.6,19.784615384615385,19.51384615384616,9.2,113.0,17.7,86.0
28663,494,19.6,19.06153846153846,18.686153846153847,9.6,149.0,19.3,86.0
29563,494,19.6,18.58955223880597,18.249253731343284,9.9,171.0,12.9,86.0
30463,494,19.51875,18.5,17.961194029850745,10.4,171.0,19.3,83.0
31363,494,19.45441176470588,18.13492063492064,17.8,10.5,176.0,17.7,83.0
32263,494,19.391044776119404,18.0,17.68181818181818,10.8,216.0,16.1,80.0
33163,494,19.3,18.0,17.5,11.2,411.0,17.7,77.0
34063,494,19.26,18.0,17.5,11.2,221.0,19.3,77.0
34963,494,19.2,18.0,17.455555555555556,11.2,227.0,16.1,76.0
35863,494,19.147692307692303,18.0,17.3,11.0,213.0,17.7,77.0
36763,494,19.1,18.0,17.3,11.2,234.0,20.9,74.0
37663,494,19.0328125,18.0,17.3,11.1,236.0,20.9,74.0
38563,494,19.0,17.83076923076923,17.3,11.1,250.0,20.9,73.0
39463,494,19.0,17.56060606060606,17.3,11.1,251.0,19.3,74.0
40363,494,18.99230769230769,17.5,17.3,11.1,183.0,19.3,73.0
41263,494,,,,11.0,176.0,16.1,74.0
42163,494,,,,11.0,200.0,16.1,76.0
43063,494,18.9,17.5,17.0,10.9,192.0,20.9,75.0
43963,494,,,,10.9,181.0,19.3,76.0
44863,494,,,,10.8,190.0,17.7,75.0
45763,494,,,,10.8,181.0,22.5,74.0
46663,494,,,,11.0,232.0,22.5,75.0
47563,494,,,,11.1,229.0,20.9,73.0
48463,494,,,,11.8,241.0,19.3,73.0
49363,494,,,,11.7,260.0,14.5,74.0
50263,494,,,,11.5,192.0,17.7,72.0
51163,494,,,,11.4,204.0,16.1,73.0
52063,494,,,,11.6,192.0,12.9,73.0
52963,494,,,,11.6,165.0,11.3,74.0
53863,494,18.6,17.5,16.814634146341465,11.2,88.0,19.3,77.0
54763,494,18.6,17.5,16.806060606060605,10.4,135.0,22.5,82.0
55663,494,18.548387096774192,17.5,16.8,10.6,227.0,17.7,82.0
56563,494,18.5,17.5,16.8,10.5,169.0,20.9,82.0
57463,494,18.5,17.5,16.8,10.2,142.0,16.1,84.0
58363,494,18.5,17.5,16.8,10.1,162.0,19.3,83.0
59263,494,18.5,19.52941176470588,18.236764705882354,9.8,90.0,16.1,85.0
60163,494,18.5,22.17910447761194,21.27164179104478,9.8,216.0,14.5,85.0
61063,494,18.563076923076924,24.8984375,23.8328125,9.9,109.0,22.5,82.0
61963,494,18.654545454545453,28.411764705882355,27.05588235294117,9.9,146.0,19.3,83.0
62863,494,18.7703125,29.919117647058822,28.97647058823529,10.1,220.0,20.9,84.0
63763,494,18.88142857142857,30.16417910447761,29.11343283582089,9.9,172.0,25.7,82.0
64663,494,18.947457627118645,29.713235294117645,28.92205882352941,9.9,151.0,24.1,82.0
65563,494,19.0,28.65079365079365,28.128571428571423,9.8,128.0,19.3,85.0
66463,494,19.0984375,23.4296875,22.809375,9.6,105.0,22.5,83.0
67363,494,19.015873015873016,20.86885245901639,20.572131147540983,9.4,128.0,25.7,83.0
68263,494,18.92666666666667,19.35483870967742,18.856451612903225,9.3,100.0,24.1,85.0
69163,494,18.831666666666667,18.6031746031746,18.165079365079364,9.3,81.0,25.7,85.0
70063,494,18.716216216216218,18.19767441860465,17.823255813953487,9.3,54.0,24.1,86.0
70963,494,,,,9.3,30.0,22.5,86.0
71863,494,,,,9.1,30.0,25.7,86.0
72763,494,,,,9.1,21.0,25.7,86.0
73663,494,,,,9.1,11.0,24.1,86.0
74563,494,,,,9.1,11.0,22.5,87.0
75463,494,,,,9.2,5.0,20.9,88.0
76363,494,,,,9.2,0.0,20.9,88.0
77263,494,20.40833333333333,46.04545454545455,44.27272727272727,8.7,0.0,17.7,89.0
78163,494,20.55692307692308,38.45890410958904,37.51095890410959,8.2,0.0,14.5,90.0
79063,494,20.5531914893617,30.637254901960784,29.850980392156863,7.6,0.0,16.1,89.0
79963,494,,,,7.7,0.0,16.1,84.0
80863,494,,,,7.9,0.0,17.7,82.0
81763,494,,,,7.8,0.0,17.7,83.0
82663,494,,,,7.9,0.0,16.1,82.0
83563,494,,,,8.0,0.0,16.1,81.0
84463,494,,,,8.2,0.0,19.3,81.0
85363,494,,,,8.3,0.0,19.3,81.0
86263,494,,,,8.2,0.0,16.1,81.0
763,495,,,,8.1,0.0,16.1,81.0
1663,495,,,,8.3,0.0,19.3,82.0
2563,495,,,,8.2,0.0,19.3,82.0
3463,495,,,,8.1,0.0,17.7,82.0
4363,495,,,,8.0,0.0,17.7,82.0
5263,495,,,,7.6,0.0,12.9,84.0
6163,495,,,,7.6,0.0,14.5,84.0
7063,495,,,,7.5,0.0,17.7,85.0
7963,495,,,,7.7,0.0,22.5,85.0
8863,495,,,,7.7,0.0,20.9,84.0
9763,495,,,,7.6,0.0,20.9,84.0
10663,495,,,,7.4,0.0,20.9,84.0
11563,495,,,,7.3,0.0,19.3,83.0
12463,495,,,,7.3,0.0,22.5,83.0
13363,495,,,,7.2,0.0,20.9,84.0
14263,495,,,,7.0,0.0,17.7,84.0
15163,495,,,,6.9,0.0,17.7,85.0
16063,495,,,,6.9,0.0,17.7,85.0
16963,495,,,,7.0,0.0,19.3,86.0
17863,495,,,,6.9,0.0,19.3,86.0
18763,495,,,,6.6,0.0,14.5,86.0
19663,495,,,,6.2,5.0,16.1,88.0
20563,495,,,,6.2,7.0,19.3,87.0
21463,495,,,,6.2,14.0,24.1,88.0
22363,495,,,,6.3,18.0,22.5,87.0
23263,495,,,,6.6,23.0,24.1,87.0
24163,495,,,,6.7,26.0,22.5,86.0
25063,495,,,,6.7,32.0,24.1,86.0
25963,495,,,,6.9,35.0,24.1,85.0
26863,495,,,,7.1,40.0,24.1,84.0
27763,495,,,,7.2,42.0,24.1,84.0
28663,495,,,,7.4,54.0,24.1,83.0
29563,495,,,,7.6,62.0,22.5,82.0
30463,495,,,,7.9,65.0,20.9,81.0
31363,495,,,,7.9,62.0,24.1,82.0
32263,495,,,,8.6,84.0,22.5,79.0
33163,495,,,,8.8,70.0,22.5,77.0
34063,495,,,,9.7,538.0,20.9,76.0
34963,495,,,,9.4,566.0,20.9,77.0
35863,495,,,,10.3,504.0,19.3,71.0
36763,495,,,,9.4,155.0,22.5,69.0
37663,495,,,,10.2,657.0,20.9,71.0
38563,495,,,,10.5,684.0,20.9,66.0
39463,495,,,,11.2,791.0,20.9,61.0
40363,495,,,,11.6,831.0,20.9,60.0
41263,495,,,,12.2,863.0,19.3,61.0
42163,495,,,,11.5,782.0,20.9,63.0
43063,495,,,,11.8,805.0,22.5,61.0
43963,495,,,,12.8,889.0,17.7,53.0
44863,495,,,,12.7,821.0,19.3,56.0
45763,495,,,,12.1,847.0,24.1,56.0
46663,495,,,,13.1,830.0,17.7,57.0
47563,495,,,,12.9,840.0,19.3,56.0
48463,495,,,,13.3,761.0,17.7,51.0
49363,495,,,,13.5,923.0,22.5,54.0
50263,495,,,,13.6,856.0,22.5,51.0
51163,495,,,,13.1,896.0,20.9,51.0
52063,495,,,,12.9,830.0,27.4,54.0
52963,495,,,,12.6,429.0,22.5,54.0
53863,495,,,,11.9,243.0,24.1,60.0
54763,495,,,,12.4,766.0,17.7,59.0
55663,495,,,,12.8,861.0,20.9,56.0
56563,495,,,,12.9,712.0,19.3,59.0
57463,495,,,,12.8,223.0,16.1,56.0
58363,495,,,,12.5,234.0,17.7,58.0
59263,495,,,,13.6,158.0,16.1,53.0
60163,495,,,,12.6,390.0,17.7,54.0
61063,495,,,,13.5,570.0,16.1,52.0
61963,495,,,,13.3,513.0,17.7,48.0
62863,495,,,,12.8,229.0,17.7,53.0
63763,495,,,,13.2,387.0,16.1,51.0
64663,495,,,,12.7,369.0,19.3,49.0
65563,495,,,,12.9,348.0,16.1,50.0
66463,495,,,,12.9,214.0,14.5,50.0
67363,495,,,,12.9,281.0,16.1,49.0
68263,495,,,,13.2,227.0,16.1,49.0
69163,495,,,,12.9,192.0,16.1,49.0
70063,495,,,,12.6,156.0,14.5,49.0
70963,495,,,,12.2,139.0,12.9,51.0
71863,495,,,,11.4,39.0,11.3,54.0
72763,495,,,,11.3,39.0,6.4,56.0
73663,495,,,,10.8,35.0,6.4,58.0
74563,495,,,,10.7,16.0,9.7,62.0
75463,495,,,,10.4,5.0,9.7,69.0
76363,495,,,,10.4,5.0,9.7,69.0
77263,495,,,,9.3,0.0,19.3,73.0
78163,495,,,,9.3,0.0,19.3,73.0
79063,495,,,,9.0,0.0,20.9,74.0
79963,495,,,,8.7,0.0,14.5,76.0
80863,495,,,,8.4,0.0,17.7,74.0
81763,495,,,,8.5,0.0,20.9,72.0
82663,495,,,,8.4,0.0,17.7,71.0
83563,495,,,,8.4,0.0,20.9,71.0
84463,495,,,,8.3,0.0,22.5,74.0
85363,495,,,,8.2,0.0,20.9,74.0
86263,495,,,,8.1,0.0,19.3,73.0
763,496,,,,8.1,0.0,20.9,73.0
1663,496,,,,7.9,0.0,19.3,72.0
2563,496,,,,7.9,0.0,22.5,72.0
3463,496,,,,7.9,0.0,22.5,73.0
4363,496,,,,7.6,0.0,20.9,75.0
5263,496,17.9,17.0,16.5,7.3,0.0,22.5,77.0
6163,496,17.9,17.0,16.5,7.2,0.0,20.9,78.0
7063,496,,,,6.9,0.0,17.7,80.0
7963,496,,,,7.3,0.0,19.3,77.0
8863,496,,,,7.4,0.0,16.1,77.0
9763,496,,,,6.2,0.0,9.7,82.0
10663,496,,,,5.4,0.0,6.4,86.0
11563,496,,,,5.4,0.0,6.4,86.0
12463,496,17.6,16.5,16.0,5.8,0.0,6.4,84.0
13363,496,17.593939393939394,16.5,16.0,5.8,0.0,4.8,83.0
14263,496,17.5,16.5,16.0,5.0,0.0,0.0,85.0
15163,496,17.5,16.5,16.0,4.7,0.0,0.0,86.0
16063,496,17.493846153846153,16.5,16.0,4.3,0.0,4.8,88.0
16963,496,17.4,16.5,15.996969696969696,4.1,0.0,0.0,88.0
17863,496,17.44181818181818,29.444444444444446,25.46825396825397,3.7,0.0,3.2,89.0
18763,496,17.79705882352941,37.76190476190476,35.18888888888889,3.6,9.0,0.0,90.0
19663,496,18.13770491803279,41.45238095238095,38.1920634920635,4.0,16.0,4.8,91.0
20563,496,18.63043478260869,53.16379310344828,48.26379310344827,4.2,21.0,6.4,91.0
21463,496,19.28095238095237,49.86666666666667,47.723333333333336,3.9,39.0,0.0,90.0
22363,496,19.65625,35.32352941176471,33.65147058823529,4.1,51.0,1.6,91.0
23263,496,19.99090909090909,27.73880597014925,26.47761194029851,4.8,58.0,1.6,90.0
24163,496,19.36865671641791,23.903508771929825,24.34561403508772,5.2,67.0,1.6,89.0
25063,496,19.344117647058823,27.943548387096776,27.17096774193548,6.4,70.0,6.4,83.0
25963,496,19.24561403508772,28.404411764705884,26.325,6.9,72.0,12.9,80.0
26863,496,19.052307692307693,22.569230769230767,21.144615384615385,7.2,83.0,12.9,79.0
27763,496,18.91692307692308,20.15909090909091,19.35454545454545,7.3,97.0,12.9,79.0
28663,496,18.753731343283583,18.924242424242426,18.383333333333333,7.7,95.0,11.3,78.0
29563,496,18.63030303030304,18.227941176470587,17.808823529411764,8.1,123.0,9.7,76.0
30463,496,18.503076923076925,17.815384615384616,17.395384615384614,8.4,158.0,14.5,75.0
31363,496,18.377777777777776,17.5,17.119999999999997,8.6,174.0,17.7,74.0
32263,496,18.255714285714284,17.5,16.944615384615382,8.7,139.0,19.3,74.0
33163,496,18.16515151515152,17.140625,16.8,8.7,171.0,19.3,75.0
34063,496,18.09130434782609,17.0,16.71363636363636,9.5,160.0,17.7,73.0
34963,496,18.0,17.0,16.5,9.9,146.0,16.1,72.0
35863,496,17.959016393442624,17.0,16.5,10.6,144.0,20.9,69.0
36763,496,17.9,17.0,16.5,10.8,153.0,17.7,68.0
37663,496,17.9,17.0,16.49705882352941,11.1,179.0,16.1,67.0
38563,496,17.9,17.0,16.401492537313434,11.3,195.0,17.7,64.0
39463,496,17.9,17.0,16.303030303030305,11.6,251.0,17.7,62.0
40363,496,17.9,17.0,16.3,11.9,339.0,24.1,60.0
41263,496,17.9,17.0,16.3,12.2,322.0,27.4,57.0
42163,496,17.83230769230769,16.992424242424242,16.3,12.3,329.0,25.7,58.0
43063,496,17.8,16.886363636363637,16.3,12.5,318.0,27.4,54.0
43963,496,17.8,16.55072463768116,16.3,12.8,376.0,25.7,54.0
44863,496,17.8,16.5,16.3,12.9,306.0,25.7,54.0
45763,496,17.8,16.5,16.3,13.0,279.0,24.1,55.0
46663,496,17.707575757575757,16.5,16.22741935483871,12.9,281.0,27.4,56.0
47563,496,17.7,16.5,16.138805970149257,13.0,371.0,27.4,56.0
48463,496,17.7,16.5,16.162,13.1,257.0,25.7,58.0
49363,496,17.7,16.5,16.075,13.2,264.0,19.3,60.0
50263,496,17.7,16.5,16.004615384615384,13.3,311.0,24.1,57.0
51163,496,17.7,16.5,16.0,13.4,316.0,24.1,55.0
52063,496,17.7,16.5,16.0,13.6,329.0,29.0,53.0
52963,496,17.7,16.5,16.0,13.6,295.0,29.0,54.0
53863,496,17.682089552238807,16.5,16.0,13.4,297.0,27.4,54.0
54763,496,17.6,16.5,16.0,13.7,306.0,19.3,55.0
55663,496,17.6,16.5,16.0,13.6,288.0,24.1,54.0
56563,496,17.6,16.5,16.0,13.5,274.0,27.4,54.0
57463,496,17.623076923076923,24.13235294117647,21.45,13.5,258.0,27.4,54.0
58363,496,17.86764705882353,30.36567164179105,28.81492537313433,13.6,271.0,27.4,53.0
59263,496,18.175,27.99242424242424,26.81969696969697,14.0,246.0,19.3,55.0
60163,496,18.38939393939394,31.65384615384616,29.275384615384617,13.7,200.0,27.4,54.0
61063,496,18.62686567164179,33.7265625,31.70625,13.8,202.0,22.5,55.0
61963,496,18.865,33.507462686567166,31.432835820895527,13.8,176.0,24.1,57.0
62863,496,19.001538461538463,32.9,31.193846153846152,13.6,69.0,22.5,55.0
63763,496,19.1,32.24242424242424,30.56969696969697,13.4,86.0,20.9,56.0
64663,496,19.1,31.984615384615388,30.72153846153846,13.5,134.0,20.9,57.0
65563,496,19.1,30.044776119402982,28.753731343283583,13.6,120.0,12.9,57.0
66463,496,19.07230769230769,24.40151515151515,22.98333333333333,13.5,49.0,14.5,58.0
67363,496,18.966666666666665,21.1953125,20.065625,13.4,42.0,14.5,59.0
68263,496,18.83968253968254,19.52941176470588,19.0,13.5,65.0,20.9,57.0
69163,496,18.67076923076923,19.594202898550726,19.22898550724637,13.5,79.0,19.3,57.0
70063,496,18.5390625,22.2109375,21.759375,13.3,23.0,19.3,58.0
70963,496,18.466666666666665,23.11764705882353,22.22941176470588,13.1,23.0,17.7,60.0
71863,496,18.4,23.99180327868853,23.16065573770492,12.6,19.0,14.5,62.0
72763,496,18.473015873015875,25.42028985507246,24.031884057971016,12.5,16.0,9.7,63.0
73663,496,18.51194029850746,26.916666666666668,25.743939393939392,12.4,7.0,4.8,64.0
74563,496,18.63134328358209,28.588709677419352,26.896774193548385,12.3,7.0,8.0,65.0
75463,496,18.767692307692307,29.432835820895527,27.882089552238806,12.0,7.0,11.3,69.0
76363,496,18.92727272727273,30.573529411764707,28.580882352941178,11.6,5.0,9.7,72.0
77263,496,19.03174603174603,32.630434782608695,30.157971014492755,11.0,0.0,12.9,77.0
78163,496,19.16515151515152,28.40714285714285,25.548571428571428,10.8,0.0,11.3,78.0
79063,496,19.2,24.46153846153846,24.755384615384617,10.7,0.0,8.0,79.0
79963,496,19.09354838709677,21.44776119402985,21.18358208955224,10.5,0.0,6.4,80.0
80863,496,18.947692307692307,19.415384615384617,19.16,10.3,0.0,8.0,81.0
81763,496,18.79016393442623,19.088709677419352,19.211290322580645,10.3,0.0,8.0,81.0
82663,496,18.59206349206349,18.22058823529412,17.780882352941177,10.4,0.0,6.4,80.0
83563,496,18.435714285714287,17.742424242424242,17.239393939393942,10.4,0.0,4.8,80.0
84463,496,18.284375,17.5,16.975757575757576,10.2,0.0,0.0,82.0
85363,496,18.159375,17.484848484848484,16.8,10.1,0.0,0.0,83.0
86263,496,18.05555555555556,17.036231884057973,16.77391304347826,9.8,0.0,6.4,87.0
763,497,17.980645161290322,17.0,16.513432835820897,9.6,0.0,9.7,88.0
1663,497,17.9,17.0,16.5,9.2,0.0,8.0,91.0
2563,497,17.825757575757574,17.0,16.5,9.1,0.0,8.0,91.0
3463,497,17.8,17.0,16.394117647058824,8.9,0.0,9.7,93.0
4363,497,17.7625,17.0,16.3,8.8,0.0,9.7,93.0
5263,497,17.7,17.0,16.3,8.8,0.0,4.8,93.0
6163,497,17.7,17.0,16.3,8.8,0.0,6.4,93.0
7063,497,17.6546875,17.0,16.3,8.7,0.0,6.4,92.0
7963,497,17.6,17.0,16.3,8.6,0.0,11.3,90.0
8863,497,17.6,16.977941176470587,16.326470588235292,7.6,0.0,11.3,86.0
9763,497,17.6,17.0,16.453846153846154,7.3,0.0,14.5,89.0
10663,497,17.53,17.0,16.3,6.7,0.0,11.3,90.0
11563,497,17.5,16.830882352941178,16.29558823529412,6.5,0.0,9.7,91.0
12463,497,17.46818181818182,16.51492537313433,16.05373134328358,6.4,0.0,6.4,91.0
13363,497,17.4,16.5,16.0,6.4,0.0,1.6,92.0
14263,497,17.4,16.5,16.0,6.3,0.0,0.0,92.0
15163,497,17.349253731343286,16.5,16.0,6.3,0.0,0.0,93.0
16063,497,17.3,16.5,16.0,6.4,0.0,3.2,93.0
16963,497,17.3,16.5,16.0,6.3,0.0,3.2,92.0
17863,497,17.473134328358206,38.01449275362319,33.01304347826087,6.3,0.0,4.8,94.0
18763,497,18.29047619047619,44.97058823529412,42.188235294117646,6.2,0.0,3.2,94.0
19663,497,19.021212121212123,36.52142857142857,34.76142857142857,5.8,11.0,3.2,91.0
20563,497,19.273134328358207,35.34931506849315,33.364383561643834,5.7,12.0,3.2,91.0
21463,497,19.455384615384617,34.22950819672131,33.23606557377049,5.7,18.0,6.4,89.0
22363,497,19.66212121212121,27.82089552238806,26.167164179104475,5.7,26.0,3.2,89.0
23263,497,19.67462686567164,20.81746031746032,19.936507936507937,5.7,23.0,3.2,89.0
24163,497,19.56969696969697,34.24264705882353,29.730882352941176,6.0,23.0,6.4,89.0
25063,497,20.246875,53.3,50.34769230769231,6.9,60.0,9.7,85.0
25963,497,20.90634920634921,38.47761194029851,36.96716417910447,7.3,65.0,8.0,85.0
26863,497,20.975384615384616,29.37692307692308,30.146153846153844,7.9,32.0,8.0,82.0
27763,497,20.26774193548388,24.07575757575757,26.439393939393938,8.1,33.0,9.7,81.0
28663,497,19.81176470588236,21.38636363636364,21.112121212121213,8.4,32.0,4.8,80.0
29563,497,19.7984375,20.64516129032258,20.833870967741937,8.7,35.0,6.4,80.0
30463,497,19.8,20.22058823529412,21.04705882352941,8.9,40.0,6.4,79.0
31363,497,19.283076923076923,18.171641791044777,17.834328358208957,9.1,39.0,6.4,78.0
32263,497,18.953125,17.727941176470587,17.02058823529412,9.3,102.0,4.8,78.0
33163,497,18.815,17.43939393939394,16.618181818181817,9.6,76.0,4.8,78.0
34063,497,18.659322033898302,17.0,16.37462686567164,11.0,527.0,4.8,71.0
34963,497,18.567692307692308,18.529850746268657,17.14626865671642,11.1,538.0,4.8,71.0
35863,497,18.58095238095238,25.27941176470588,24.40882352941177,11.4,617.0,4.8,68.0
36763,497,18.646875,28.57692307692308,26.755384615384617,11.8,636.0,4.8,67.0
37663,497,18.75862068965517,31.07894736842105,29.217543859649123,11.9,673.0,3.2,65.0
38563,497,18.888059701492537,31.85820895522388,29.734328358208955,12.3,687.0,4.8,64.0
39463,497,19.01384615384616,33.05555555555556,31.21111111111111,12.6,719.0,3.2,60.0
40363,497,19.14677419354839,33.11666666666667,31.026666666666664,13.3,749.0,4.8,58.0
41263,497,19.2265625,33.838235294117645,32.114705882352936,13.2,775.0,4.8,59.0
42163,497,19.3,33.582089552238806,31.832835820895525,13.7,840.0,4.8,61.0
43063,497,19.38125,33.475806451612904,32.28225806451613,12.9,851.0,6.4,64.0
43963,497,19.4,33.35074626865672,31.32089552238806,13.9,874.0,8.0,65.0
44863,497,19.427692307692308,33.857142857142854,31.334920634920632,14.0,830.0,9.7,62.0
45763,497,19.4,29.309859154929576,28.34647887323944,14.8,800.0,6.4,57.0
46663,497,19.331147540983608,30.14516129032258,28.717741935483872,14.3,673.0,6.4,57.0
47563,497,19.29032258064516,32.73015873015873,31.547619047619047,14.8,722.0,8.0,58.0
48463,497,19.2,33.723880597014926,32.51044776119403,15.3,867.0,8.0,56.0
49363,497,19.2,33.68181818181818,32.22575757575758,14.9,756.0,6.4,54.0
50263,497,19.2,34.43846153846154,33.22769230769231,15.1,805.0,9.7,52.0
51163,497,18.863636363636363,28.897058823529413,28.13088235294118,15.1,796.0,8.0,52.0
52063,497,17.983098591549297,30.451612903225804,29.283870967741933,15.4,724.0,11.3,45.0
52963,497,17.578787878787878,30.865079365079367,29.48888888888889,15.1,679.0,9.7,47.0
53863,497,17.45735294117647,31.96825396825397,31.05079365079365,15.1,626.0,4.8,49.0
54763,497,17.753846153846155,28.694915254237287,27.789830508474573,15.4,649.0,8.0,44.0
55663,497,18.24558823529412,30.84126984126984,29.884126984126983,15.1,645.0,11.3,46.0
56563,497,18.46417910447761,29.985074626865675,28.85074626865672,15.3,693.0,11.3,44.0
57463,497,18.62608695652174,30.142857142857142,29.13174603174603,15.2,657.0,12.9,46.0
58363,497,18.7,25.75757575757576,25.28939393939394,15.2,615.0,12.9,45.0
59263,497,18.7390625,23.34328358208955,22.69253731343284,14.4,420.0,9.7,46.0
60163,497,18.8265625,25.753968253968253,24.64126984126984,14.5,659.0,9.7,45.0
61063,497,18.9,25.1328125,24.25,14.4,490.0,8.0,41.0
61963,497,18.9,25.016129032258064,24.085483870967742,14.7,350.0,9.7,41.0
62863,497,18.91230769230769,24.73529411764705,23.989705882352943,14.9,461.0,9.7,42.0
63763,497,19.0,24.53061224489796,23.59183673469388,15.1,362.0,9.7,42.0
64663,497,19.0,24.714285714285715,24.061904761904763,15.2,403.0,9.7,43.0
65563,497,19.0,26.045454545454543,24.80151515151515,15.0,427.0,11.3,46.0
66463,497,19.45,28.775362318840585,27.771014492753626,15.0,255.0,11.3,46.0
67363,497,18.84032258064516,29.976190476190474,28.43333333333333,14.7,169.0,11.3,48.0
68263,497,18.5375,29.649253731343283,27.04328358208956,14.5,239.0,11.3,45.0
69163,497,18.265217391304347,27.705882352941178,26.52058823529412,14.3,223.0,11.3,45.0
70063,497,18.349206349206348,27.37878787878788,26.44090909090909,14.0,109.0,9.7,46.0
70963,497,18.307692307692307,28.796875,27.3203125,13.4,69.0,11.3,44.0
71863,497,18.47,30.294117647058822,28.948529411764707,13.1,79.0,8.0,43.0
72763,497,18.6734375,31.0,29.33880597014925,12.9,44.0,9.7,44.0
73663,497,18.87611940298508,31.83333333333333,30.61449275362319,12.4,37.0,8.0,50.0
74563,497,19.08059701492537,44.04918032786885,38.88852459016393,12.3,19.0,6.4,49.0
75463,497,19.772916666666667,57.72115384615385,54.469230769230776,11.7,5.0,3.2,54.0
76363,497,20.39848484848485,41.7578125,37.159375,11.4,5.0,3.2,56.0
77263,497,20.6,30.99264705882353,27.569117647058825,10.9,0.0,1.6,58.0
78163,497,20.49275362318841,25.198529411764707,22.885294117647057,10.5,0.0,1.6,60.0
79063,497,20.290769230769232,22.17692307692308,20.661538461538463,9.9,0.0,0.0,63.0
79963,497,20.071875,20.44696969696969,19.442424242424245,9.6,0.0,0.0,64.0
80863,497,19.8768115942029,19.835714285714285,19.937142857142856,10.1,0.0,3.2,66.0
81763,497,19.69076923076923,19.553030303030305,19.425757575757576,9.9,0.0,1.6,71.0
82663,497,19.475757575757576,18.78985507246377,18.246376811594203,9.8,0.0,3.2,79.0
83563,497,19.286764705882355,18.40151515151515,17.830303030303032,9.8,0.0,0.0,82.0
84463,497,19.140625,18.0,17.5,9.4,0.0,1.6,84.0
85363,497,18.99411764705882,18.0,17.36376811594203,9.4,0.0,3.2,86.0
86263,497,18.88088235294118,17.9765625,17.3,9.2,0.0,0.0,88.0
763,498,18.770149253731343,17.53030303030303,17.045454545454547,9.1,0.0,0.0,88.0
1663,498,18.6859375,17.5,17.0,9.2,0.0,3.2,89.0
2563,498,18.6,17.5,17.0,9.2,0.0,3.2,89.0
3463,498,18.53970588235294,17.5,16.908823529411766,9.1,0.0,6.4,90.0
4363,498,18.5,17.5,16.8,8.9,0.0,4.8,91.0
5263,498,18.4234375,17.5,16.8,9.0,0.0,0.0,91.0
6163,498,18.4,17.5,16.8,8.9,0.0,1.6,91.0
7063,498,18.372857142857143,17.5,16.8,8.9,0.0,0.0,92.0
7963,498,18.3,17.5,16.791304347826088,8.9,0.0,0.0,93.0
8863,498,18.3,17.5,16.5796875,8.9,0.0,1.6,94.0
9763,498,18.22205882352941,17.5,16.5,8.8,0.0,3.2,94.0
10663,498,18.2,17.217741935483872,16.5,8.8,0.0,1.6,95.0
11563,498,18.2,17.015151515151516,16.5,8.8,0.0,0.0,95.0
12463,498,18.1453125,17.0,16.5,8.7,0.0,0.0,95.0
13363,498,18.1,17.0,16.5,8.6,0.0,0.0,95.0
14263,498,18.1,17.0,16.5,8.6,0.0,1.6,96.0
15163,498,18.1,17.0,16.5,8.6,0.0,1.6,96.0
16063,498,18.1,17.0,16.5,8.4,0.0,3.2,96.0
16963,498,18.0359375,17.0,16.5,8.4,0.0,3.2,96.0
17863,498,18.0,17.058823529411764,16.508823529411764,8.3,0.0,0.0,96.0
18763,498,18.033870967741937,28.56428571428572,25.44,8.3,0.0,0.0,96.0
19663,498,18.2,29.99180327868853,28.54262295081968,8.3,0.0,4.8,96.0
20563,498,18.42028985507246,35.315384615384616,32.901538461538465,8.1,5.0,3.2,96.0
21463,498,18.749253731343284,37.109375,35.528125,7.9,5.0,3.2,96.0
22363,498,19.02,34.95774647887324,33.433802816901405,7.9,11.0,1.6,96.0
23263,498,19.189230769230768,28.06617647058824,28.194117647058825,7.9,18.0,0.0,97.0
24163,498,19.2,24.049180327868854,23.94918032786885,8.0,16.0,1.6,97.0
25063,498,19.111940298507463,21.0,21.25714285714286,8.0,16.0,0.0,97.0
25963,498,19.0,19.904761904761905,20.56031746031746,8.1,21.0,0.0,97.0
26863,498,18.92923076923077,19.56818181818182,19.837878787878783,8.2,26.0,3.2,97.0
27763,498,18.9421875,19.59848484848485,20.074242424242424,8.2,32.0,1.6,97.0
28663,498,18.83968253968254,18.685714285714287,18.33142857142857,8.2,42.0,1.6,97.0
29563,498,18.69090909090909,17.96153846153846,17.42923076923077,8.3,47.0,3.2,97.0
30463,498,18.6,17.634328358208954,17.161194029850744,8.3,44.0,4.8,97.0
31363,498,18.571875,17.559701492537314,17.22835820895522,8.3,62.0,4.8,97.0
32263,498,18.5,17.36764705882353,16.72058823529412,8.5,128.0,6.4,97.0
33163,498,18.45714285714286,17.0,16.5,8.6,153.0,4.8,97.0
34063,498,18.4,17.0,16.5,9.5,348.0,3.2,96.0
34963,498,18.4,17.0,16.392753623188405,9.9,561.0,4.8,94.0
35863,498,18.35909090909091,17.0,16.3,10.7,341.0,4.8,90.0
36763,498,18.3,17.0,16.3,10.7,350.0,6.4,91.0
37663,498,18.3,17.0,16.3,10.9,605.0,8.0,89.0
38563,498,18.253030303030304,17.0,16.3,11.3,831.0,6.4,84.0
39463,498,18.2,17.0,16.3,11.2,151.0,9.7,86.0
40363,498,18.1984375,16.93846153846154,16.189230769230768,11.2,457.0,9.7,86.0
41263,498,18.101612903225806,16.70634920634921,16.0,12.4,578.0,11.3,80.0
42163,498,18.1,16.942622950819672,16.181967213114753,12.3,374.0,8.0,81.0
43063,498,18.1,17.0,16.3,12.7,281.0,6.4,80.0
43963,498,18.016129032258064,17.0,16.3,12.9,993.0,8.0,80.0
44863,498,18.0,17.0,16.3,13.1,302.0,6.4,76.0
45763,498,18.0,16.97692307692308,16.18,12.9,251.0,6.4,76.0
46663,498,17.9984126984127,16.64179104477612,16.0,13.9,933.0,8.0,71.0
47563,498,17.9046875,16.507692307692306,16.0,13.3,865.0,8.0,74.0
48463,498,17.901666666666667,16.595238095238095,16.033333333333335,13.8,654.0,9.7,69.0
49363,498,18.034848484848485,17.16417910447761,16.3,14.0,1018.0,12.9,71.0
50263,498,18.253968253968253,17.303030303030305,16.43939393939394,15.5,849.0,11.3,65.0
51163,498,18.2,17.0,16.3,15.9,830.0,11.3,61.0
52063,498,18.2,17.0,16.3,15.0,267.0,11.3,60.0
52963,498,18.19848484848485,17.0,16.3,15.3,981.0,12.9,60.0
53863,498,18.17121212121212,17.0,16.3,16.6,791.0,9.7,53.0
54763,498,18.143939393939394,17.0,16.3,17.0,780.0,9.7,48.0
55663,498,18.1,17.0,16.3,15.8,193.0,11.3,50.0
56563,498,18.1,17.0,16.3,16.8,719.0,14.5,46.0
57463,498,18.103125,25.109375,20.8921875,17.2,679.0,11.3,46.0
58363,498,18.6890625,46.10769230769231,43.606153846153845,16.3,156.0,12.9,44.0
59263,498,19.32280701754386,36.24468085106383,35.304255319148936,17.3,645.0,14.5,45.0
60163,498,19.55,36.098214285714285,34.223214285714285,17.3,636.0,9.7,45.0
61063,498,19.734285714285715,38.10377358490566,36.218867924528304,16.6,677.0,11.3,46.0
61963,498,19.954237288135594,35.70833333333333,33.78,17.8,527.0,9.7,45.0
62863,498,20.008064516129032,27.169117647058822,24.855882352941176,17.4,490.0,12.9,48.0
63763,498,19.95740740740741,22.69047619047619,21.21587301587301,17.0,329.0,14.5,48.0
64663,498,19.845283018867924,20.552631578947366,19.63157894736842,15.9,171.0,14.5,54.0
65563,498,19.66851851851852,19.375,18.8,15.6,149.0,16.1,54.0
66463,498,19.50208333333333,18.688524590163933,18.27868852459016,14.9,81.0,17.7,54.0
67363,498,19.34516129032258,18.3125,17.905,14.7,353.0,17.7,54.0
68263,498,19.227272727272727,21.63265306122449,20.687755102040818,15.9,276.0,17.7,51.0
69163,498,19.2,26.935483870967744,26.006451612903227,15.9,227.0,14.5,49.0
70063,498,19.24,28.76744186046512,28.01162790697674,15.0,160.0,17.7,52.0
70963,498,19.3,29.797619047619047,28.56904761904762,14.8,130.0,16.1,51.0
71863,498,19.3,29.975409836065573,29.109836065573766,13.8,32.0,16.1,50.0
72763,498,19.3,27.38405797101449,26.5463768115942,13.5,26.0,11.3,52.0
73663,498,19.29047619047619,22.81060606060606,21.721212121212123,13.0,21.0,9.7,54.0
74563,498,19.16857142857143,20.21875,19.396875,12.7,18.0,6.4,56.0
75463,498,19.03134328358209,18.9140625,18.31875,12.1,9.0,4.8,60.0
76363,498,18.871875,19.161764705882355,18.527941176470588,11.8,5.0,6.4,60.0
77263,498,18.74558823529412,23.915384615384617,22.59846153846154,11.0,0.0,1.6,64.0
78163,498,18.7,23.5,22.2,10.4,0.0,1.6,67.0
79063,498,18.7,20.301470588235293,19.344117647058823,10.2,0.0,6.4,68.0
79963,498,19.68305084745763,19.08208955223881,18.5044776119403,10.2,0.0,6.4,69.0
80863,498,20.163636363636364,19.56818181818182,19.98333333333333,10.1,0.0,4.8,69.0
81763,498,19.506976744186048,19.046875,18.9734375,10.0,0.0,3.2,70.0
82663,498,19.179245283018865,18.307692307692307,17.869230769230768,9.7,0.0,4.8,72.0
83563,498,18.971153846153847,18.0,17.38888888888889,9.4,0.0,4.8,73.0
84463,498,18.773469387755103,17.55223880597015,17.12089552238806,9.2,0.0,9.7,73.0
85363,498,18.64313725490196,17.5,17.0,9.8,0.0,14.5,71.0
86263,498,18.546296296296298,17.5,16.842424242424244,9.9,0.0,14.5,72.0
763,499,18.464150943396227,17.5,16.8,9.9,0.0,12.9,72.0
1663,499,18.4,17.5,16.8,9.7,0.0,9.7,74.0
2563,499,18.30227272727273,17.464285714285715,16.8,9.4,0.0,11.3,75.0
3463,499,18.246808510638296,17.15151515151515,16.604545454545452,9.6,0.0,14.5,74.0
4363,499,18.2,17.0,16.5,9.7,0.0,11.3,73.0
5263,499,18.13809523809524,17.0,16.5,9.8,0.0,9.7,72.0
6163,499,18.1,17.0,16.5,9.4,0.0,4.8,73.0
7063,499,18.050980392156863,17.0,16.5,8.4,0.0,6.4,77.0
7963,499,18.0,17.0,16.5,8.3,0.0,4.8,78.0
8863,499,18.0,17.0,16.5,7.9,0.0,6.4,80.0
9763,499,17.928571428571427,17.0,16.38235294117647,7.8,0.0,4.8,80.0
10663,499,17.9,17.0,16.303076923076922,7.8,0.0,6.4,80.0
11563,499,17.9,17.0,16.3,7.7,0.0,6.4,80.0
12463,499,17.804166666666667,17.0,16.3,7.7,0.0,6.4,80.0
13363,499,17.8,17.0,16.3,8.1,0.0,6.4,78.0
14263,499,17.8,17.0,16.3,8.2,0.0,4.8,77.0
15163,499,17.8,17.0,16.3,8.2,0.0,4.8,77.0
16063,499,17.8,17.0,16.3,7.7,0.0,0.0,78.0
16963,499,17.8,17.0,16.3,7.3,0.0,1.6,80.0
17863,499,17.830303030303032,19.522058823529413,18.10147058823529,6.7,0.0,1.6,83.0
18763,499,17.96769230769231,23.76153846153846,22.51538461538461,6.5,5.0,0.0,84.0
19663,499,18.225806451612904,30.417910447761194,28.064179104477613,6.0,11.0,3.2,85.0
20563,499,18.721212121212123,35.26119402985075,33.234328358208955,5.9,12.0,1.6,85.0
21463,499,19.377777777777776,32.638461538461534,31.64153846153846,5.9,19.0,3.2,86.0
22363,499,19.71320754716981,30.2109375,29.034375,6.1,21.0,3.2,86.0
23263,499,19.848936170212767,24.61764705882353,23.29705882352941,6.7,28.0,1.6,85.0
24163,499,19.928125,21.764705882352946,21.47647058823529,6.8,37.0,0.0,86.0
25063,499,19.2,21.045454545454547,21.368181818181817,7.9,53.0,0.0,84.0
25963,499,19.04848484848485,19.97101449275362,19.994202898550725,8.8,60.0,1.6,82.0
26863,499,19.2171875,18.82307692307692,18.44923076923077,9.4,65.0,6.4,78.0
27763,499,19.3,18.24264705882353,17.788235294117648,10.1,62.0,4.8,78.0
28663,499,19.246376811594203,18.0,17.45151515151515,10.9,56.0,1.6,74.0
29563,499,19.2,17.6328125,17.3,11.2,56.0,0.0,75.0
30463,499,19.119696969696967,17.5,17.182608695652174,12.0,62.0,4.8,70.0
31363,499,19.044776119402982,17.5,17.0,12.3,65.0,3.2,69.0
32263,499,19.0,17.5,17.0,12.5,77.0,3.2,66.0
33163,499,18.98030303030303,17.5,17.0,13.0,95.0,3.2,66.0
34063,499,18.9,17.5,17.0,14.2,580.0,1.6,64.0
34963,499,18.9,17.5,16.996923076923075,14.1,645.0,6.4,64.0
35863,499,18.86,17.5,16.846875,14.8,638.0,3.2,61.0
36763,499,18.80307692307692,17.5,16.8,15.3,700.0,3.2,62.0
37663,499,18.8,17.5,16.8,14.5,199.0,4.8,64.0
38563,499,18.8,17.5,16.8,14.2,227.0,3.2,63.0
39463,499,18.756451612903227,17.5,16.8,14.8,274.0,3.2,64.0
40363,499,18.7,17.5,16.8,14.6,295.0,4.8,65.0
41263,499,18.7,17.5,16.8,14.6,244.0,6.4,65.0
42163,499,18.7,17.5,16.8,15.4,376.0,4.8,60.0
43063,499,18.7,17.5,16.8,15.5,807.0,4.8,65.0
43963,499,18.7,17.5,16.8,15.7,824.0,6.4,62.0
44863,499,18.60508474576272,17.5,16.8,16.2,816.0,4.8,60.0
45763,499,18.6,17.5,16.8,16.9,798.0,6.4,55.0
46663,499,18.6,17.5,16.8,17.7,809.0,4.8,61.0
47563,499,18.6,17.5,16.8,17.2,810.0,4.8,55.0
48463,499,18.6,17.5,16.8,17.7,807.0,9.7,58.0
49363,499,18.584126984126986,17.5,16.8,17.4,795.0,8.0,56.0
50263,499,18.5,17.5,16.8,17.8,786.0,6.4,52.0
51163,499,18.5,17.5,16.8,17.9,782.0,9.7,54.0
52063,499,18.5,17.5,16.8,18.7,768.0,6.4,51.0
52963,499,18.5,17.5,16.8,18.5,758.0,9.7,51.0
53863,499,18.5,17.5,16.8,18.0,738.0,11.3,50.0
54763,499,18.5,17.5,16.85483870967742,17.8,724.0,11.3,51.0
55663,499,18.5,17.5,16.8,18.4,700.0,9.7,50.0
56563,499,18.5,17.5,16.8,18.3,684.0,11.3,50.0
57463,499,18.5,17.5,16.8,17.7,650.0,11.3,51.0
58363,499,19.08636363636364,17.930769230769233,17.192307692307693,18.2,635.0,11.3,53.0
59263,499,18.869354838709675,21.039682539682538,19.363492063492064,17.9,592.0,11.3,51.0
60163,499,18.60952380952381,28.193548387096776,25.627419354838707,18.1,573.0,11.3,52.0
61063,499,18.702985074626863,32.61940298507463,30.95820895522388,18.4,529.0,12.9,53.0
61963,499,19.1078125,32.77272727272727,30.87575757575757,17.8,476.0,12.9,52.0
62863,499,19.35483870967742,25.671641791044777,23.51044776119403,17.9,374.0,9.7,51.0
63763,499,19.4,21.63846153846153,20.203076923076924,18.0,369.0,9.7,54.0
64663,499,19.4,19.8671875,18.90625,17.5,338.0,11.3,53.0
65563,499,19.340625,18.924242424242426,18.246969696969696,17.4,295.0,9.7,54.0
66463,499,19.25757575757576,18.49253731343284,17.86865671641791,16.8,322.0,9.7,56.0
67363,499,19.15373134328358,18.015873015873016,17.571428571428573,17.2,209.0,9.7,57.0
68263,499,19.043076923076924,18.0,17.380597014925375,16.9,142.0,8.0,58.0
69163,499,19.0,18.261194029850746,18.01492537313433,16.8,155.0,8.0,58.0
70063,499,18.921666666666667,18.5,18.51774193548388,16.6,169.0,6.4,59.0
70963,499,18.88235294117647,18.31746031746032,17.931746031746034,16.6,132.0,8.0,61.0
71863,499,18.8,21.241071428571427,19.9,15.9,37.0,6.4,62.0
72763,499,18.86393442622951,26.05263157894737,25.240350877192984,15.6,30.0,9.7,63.0
73663,499,19.003125,28.8032786885246,28.139344262295083,15.3,19.0,4.8,67.0
74563,499,19.16190476190476,25.046875,23.7421875,14.9,14.0,0.0,68.0
75463,499,19.2,21.3768115942029,20.120289855072464,13.8,9.0,0.0,71.0
76363,499,19.2,19.61111111111111,18.78095238095237,13.4,5.0,0.0,74.0
77263,499,19.1171875,18.78030303030303,18.14090909090909,13.2,0.0,4.8,76.0
78163,499,19.01935483870968,18.333333333333336,17.785,12.9,0.0,3.2,77.0
79063,499,19.0,18.40322580645161,18.329032258064515,12.4,0.0,3.2,79.0
79963,499,19.0,19.0,18.95757575757576,12.3,0.0,3.2,79.0
80863,499,19.0,18.47761194029851,17.970149253731343,11.9,0.0,4.8,80.0
81763,499,18.926315789473684,18.00714285714286,17.555714285714284,11.8,0.0,3.2,80.0
82663,499,18.9,18.0,17.40625,12.0,0.0,8.0,78.0
83563,499,18.85593220338983,18.0,17.3,12.2,0.0,8.0,76.0
84463,499,18.8,18.0,17.3,12.4,0.0,8.0,73.0
85363,499,18.77894736842105,17.84848484848485,17.3,12.2,0.0,6.4,74.0
86263,499,18.7,17.551470588235293,17.13235294117647,12.1,0.0,8.0,74.0
763,500,18.7,17.5,17.0,11.9,0.0,6.4,74.0
1663,500,18.69830508474576,17.5,17.0,11.7,0.0,8.0,75.0
2563,500,18.60566037735849,17.5,17.0,11.7,0.0,8.0,75.0
3463,500,18.6,17.5,17.0,11.6,0.0,6.4,76.0
4363,500,18.6,17.5,17.0,11.4,0.0,4.8,76.0
5263,500,18.6,17.5,17.0,11.2,0.0,1.6,77.0
6163,500,18.525454545454544,17.5,17.0,10.8,0.0,1.6,79.0
7063,500,18.5,17.5,17.0,10.3,0.0,3.2,81.0
7963,500,,,,10.2,0.0,3.2,82.0
8863,500,,,,9.8,0.0,1.6,83.0
9763,500,,,,9.4,0.0,0.0,84.0
10663,500,,,,8.7,0.0,0.0,87.0
11563,500,,,,8.5,0.0,0.0,88.0
12463,500,,,,8.2,0.0,0.0,89.0
13363,500,,,,8.2,0.0,1.6,90.0
14263,500,18.35428571428572,17.5,16.986206896551725,8.8,0.0,4.8,90.0
15163,500,18.3,17.5,16.957575757575757,8.7,0.0,1.6,89.0
16063,500,18.3,17.5,16.92173913043478,8.6,0.0,3.2,90.0
16963,500,18.3,17.5,16.88307692307692,8.6,0.0,0.0,90.0
17863,500,18.383333333333333,17.5,16.993650793650794,8.3,0.0,0.0,90.0
18763,500,18.471929824561403,18.49253731343284,17.37313432835821,8.3,5.0,3.2,92.0
19663,500,18.584482758620688,22.807692307692307,21.76,9.4,11.0,3.2,92.0
20563,500,18.725396825396825,25.548387096774192,24.241935483870968,9.5,12.0,4.8,91.0
21463,500,18.95079365079365,28.45238095238096,27.571428571428573,10.0,19.0,6.4,90.0
22363,500,20.227272727272727,30.6904761904762,29.64444444444445,10.2,21.0,6.4,90.0
23263,500,20.13174603174604,25.63846153846153,25.095384615384614,10.9,26.0,8.0,90.0
24163,500,20.389705882352946,22.06716417910448,21.38507462686567,11.2,28.0,6.4,90.0
25063,500,20.4,20.35606060606061,19.74848484848485,11.7,33.0,6.4,88.0
25963,500,20.4,19.460317460317462,19.01111111111112,11.7,35.0,4.8,88.0
26863,500,20.35625,18.967741935483872,18.596774193548388,12.1,39.0,6.4,88.0
27763,500,20.3,18.5,18.32333333333333,12.3,44.0,4.8,87.0
28663,500,20.216666666666665,18.5,18.049180327868854,12.7,49.0,9.7,86.0
29563,500,20.146153846153844,18.201612903225808,17.9,12.9,49.0,6.4,86.0
30463,500,20.06065573770492,18.0,17.8,13.3,76.0,8.0,83.0
31363,500,19.945454545454545,18.0,17.75090909090909,13.4,90.0,9.7,82.0
32263,500,19.83384615384616,18.0,17.5,13.8,77.0,9.7,78.0
33163,500,19.8,18.0,17.5,14.3,83.0,11.3,74.0
34063,500,19.743548387096773,18.0,17.5,15.6,545.0,12.9,71.0
34963,500,19.7,18.0,17.5,15.4,564.0,11.3,71.0
35863,500,19.7,18.0,17.5,15.2,279.0,12.9,70.0
36763,500,19.635384615384616,18.0,17.5,16.1,626.0,12.9,68.0
37663,500,19.6,18.0,17.398305084745765,16.4,689.0,14.5,67.0
38563,500,19.6,18.0,17.312121212121212,16.3,710.0,14.5,68.0
39463,500,19.6,18.0,17.3,16.7,439.0,14.5,67.0
40363,500,19.6,18.0,17.3,16.3,369.0,14.5,68.0
41263,500,19.6,18.0,17.324615384615385,17.5,882.0,12.9,64.0
42163,500,19.6,18.0,17.306060606060605,16.8,295.0,16.1,64.0
43063,500,19.6,18.0,17.3,17.1,350.0,16.1,63.0
43963,500,19.6,18.0,17.3,18.3,1109.0,14.5,61.0
44863,500,19.6,18.0,17.3,17.2,299.0,12.9,63.0
45763,500,19.6,18.0,17.3,17.4,568.0,16.1,62.0
46663,500,19.6,18.0,17.3,17.8,585.0,12.9,62.0
47563,500,19.6,18.0,17.3,17.7,425.0,14.5,61.0
48463,500,19.6,18.0,17.3,19.6,1016.0,16.1,56.0
49363,500,19.645714285714284,18.0,17.306451612903224,19.6,960.0,16.1,57.0
50263,500,19.7,18.0,17.396875,19.2,877.0,17.7,55.0
51163,500,19.7,18.0,17.36769230769231,18.7,870.0,16.1,57.0
52063,500,19.7,18.0,17.365714285714283,18.4,519.0,17.7,58.0
52963,500,19.659375,18.0,17.336666666666666,18.8,814.0,16.1,57.0
53863,500,19.6,18.0,17.3375,18.1,316.0,16.1,60.0
54763,500,19.6,18.0,17.32941176470588,18.1,225.0,12.9,59.0
55663,500,19.6,18.0,17.33214285714286,17.3,206.0,16.1,63.0
56563,500,19.6,18.0,17.332,16.8,172.0,17.7,65.0
57463,500,,,,16.4,211.0,16.1,70.0
58363,500,,,,16.4,230.0,14.5,68.0
59263,500,,,,16.7,153.0,14.5,68.0
60163,500,,,,16.4,109.0,14.5,71.0
61063,500,,,,15.8,51.0,14.5,75.0
61963,500,,,,15.5,51.0,14.5,77.0
62863,500,19.4,18.0,17.5,15.0,146.0,14.5,80.0
63763,500,,,,14.8,104.0,16.1,81.0
64663,500,,,,14.2,62.0,14.5,85.0
65563,500,,,,13.7,35.0,17.7,87.0
66463,500,,,,13.2,42.0,14.5,90.0
67363,500,,,,12.9,72.0,11.3,89.0
68263,500,,,,13.1,67.0,14.5,88.0
69163,500,,,,13.0,46.0,12.9,88.0
70063,500,19.3,18.0,17.37272727272727,13.0,56.0,12.9,86.0
70963,500,,,,13.0,56.0,14.5,85.0
71863,500,,,,12.8,21.0,16.1,84.0
72763,500,,,,12.8,33.0,11.3,84.0
73663,500,,,,12.5,19.0,14.5,84.0
74563,500,,,,12.3,12.0,16.1,83.0
75463,500,,,,11.9,0.0,19.3,75.0
76363,500,19.2,18.285714285714285,17.5,11.8,0.0,17.7,75.0
77263,500,19.2,18.0,17.493939393939392,11.5,0.0,16.1,75.0
78163,500,19.2,18.0,17.317391304347826,11.3,0.0,16.1,75.0
79063,500,19.21451612903226,18.044776119402982,17.36417910447761,11.0,0.0,16.1,75.0
79963,500,20.17090909090909,18.508196721311474,17.904918032786885,10.9,0.0,16.1,75.0
80863,500,20.402380952380952,18.5,17.833846153846153,10.7,0.0,16.1,74.0
81763,500,19.942424242424245,18.5,17.776923076923076,10.6,0.0,12.9,75.0
82663,500,19.720370370370368,18.059701492537314,17.5,10.2,0.0,14.5,76.0
83563,500,19.567346938775508,18.0,17.5,10.1,0.0,16.1,76.0
84463,500,19.4468085106383,18.0,17.5,9.8,0.0,11.3,77.0
85363,500,19.37272727272727,18.0,17.437313432835822,9.6,0.0,11.3,78.0
86263,500,19.3,18.0,17.303076923076922,9.4,0.0,9.7,78.0
763,501,19.2025,18.0,17.3,9.2,0.0,9.7,79.0
1663,501,19.14814814814815,18.0,17.3,9.0,0.0,11.3,79.0
2563,501,19.096,18.0,17.3,8.9,0.0,12.9,79.0
3463,501,19.0,18.0,17.3,8.6,0.0,11.3,80.0
4363,501,19.0,18.0,17.3,8.5,0.0,9.7,80.0
5263,501,18.91372549019608,18.0,17.3,8.3,0.0,11.3,80.0
6163,501,18.9,18.0,17.3,8.2,0.0,11.3,80.0
7063,501,18.9,17.984126984126984,17.185714285714287,7.9,0.0,9.7,80.0
7963,501,,,,7.8,0.0,8.0,80.0
8863,501,,,,7.7,0.0,8.0,79.0
9763,501,,,,7.6,0.0,9.7,79.0
10663,501,,,,7.6,0.0,9.7,77.0
11563,501,,,,7.6,0.0,6.4,77.0
12463,501,,,,7.3,0.0,6.4,77.0
13363,501,,,,7.2,0.0,8.0,77.0
14263,501,18.6,17.5,17.0,7.1,0.0,6.4,76.0
15163,501,18.6,17.5,17.0,6.9,0.0,6.4,76.0
16063,501,18.596153846153847,17.5,17.0,6.7,0.0,6.4,77.0
16963,501,18.5,17.5,17.0,6.7,0.0,6.4,77.0
17863,501,18.5,17.5,17.0,6.8,0.0,6.4,77.0
18763,501,18.5,17.5,17.0,6.7,0.0,6.4,77.0
19663,501,18.50943396226415,20.35820895522388,18.87910447761194,6.5,7.0,8.0,77.0
20563,501,18.629166666666663,25.35606060606061,23.82121212121212,6.4,9.0,6.4,78.0
21463,501,18.86756756756757,29.154411764705884,27.91617647058824,6.1,14.0,4.8,78.0
22363,501,19.355319148936168,32.03389830508475,30.835593220338986,6.1,16.0,4.8,78.0
23263,501,20.41904761904762,33.641666666666666,31.88833333333333,6.1,51.0,4.8,79.0
24163,501,20.27692307692308,29.54464285714285,27.691071428571423,6.2,53.0,4.8,79.0
25063,501,19.9609375,30.01470588235294,28.211764705882352,6.7,35.0,6.4,76.0
25963,501,20.125806451612902,29.181034482758623,27.03448275862069,6.8,67.0,6.4,76.0
26863,501,20.246153846153845,23.825396825396822,22.182539682539684,7.4,44.0,6.4,73.0
27763,501,20.259375,21.166666666666664,20.261403508771927,7.6,42.0,6.4,72.0
28663,501,20.2,19.863636363636363,19.296969696969697,7.8,47.0,6.4,72.0
29563,501,20.096969696969698,19.1328125,18.7078125,7.8,49.0,4.8,72.0
30463,501,19.97941176470588,18.64516129032258,18.34516129032258,8.1,53.0,3.2,70.0
31363,501,19.87313432835821,18.5,18.0421875,8.2,54.0,3.2,70.0
32263,501,19.76290322580645,18.3046875,17.89375,9.0,62.0,3.2,71.0
33163,501,19.65967741935484,18.0,17.8,9.5,65.0,6.4,67.0
34063,501,19.5703125,18.0,17.8,10.3,545.0,6.4,64.0
34963,501,19.5,18.0,17.56,10.3,566.0,4.8,64.0
35863,501,19.4453125,18.0,17.5,11.4,605.0,4.8,62.0
36763,501,19.4,18.0,17.5,11.4,624.0,3.2,62.0
37663,501,19.387878787878787,18.0,17.5,11.4,661.0,3.2,60.0
38563,501,19.3,18.0,17.5,11.7,680.0,6.4,62.0
39463,501,19.3,18.0,17.493939393939392,12.1,715.0,8.0,59.0
40363,501,19.3,18.0,17.350746268656714,12.8,733.0,8.0,58.0
41263,501,19.20151515151515,18.0,17.3,12.7,759.0,9.7,57.0
42163,501,19.2,18.0,17.3,12.8,772.0,11.3,53.0
43063,501,19.2,18.0,17.3,12.4,786.0,11.3,54.0
43963,501,19.14,18.0,17.3,13.2,796.0,9.7,54.0
44863,501,19.1,18.0,17.3,12.9,803.0,11.3,53.0
45763,501,19.1,18.0,17.3,12.8,814.0,9.7,49.0
46663,501,19.1,18.0,17.3,13.5,819.0,8.0,50.0
47563,501,19.01538461538461,17.94776119402985,17.3,13.6,823.0,9.7,50.0
48463,501,19.0,17.81818181818182,17.3,13.2,817.0,11.3,53.0
49363,501,19.0,17.78125,17.3,13.8,814.0,11.3,48.0
50263,501,19.0,17.623076923076923,17.3,13.7,810.0,9.7,47.0
51163,501,19.0,17.543478260869566,17.282608695652176,14.4,796.0,11.3,48.0
52063,501,19.0,17.515625,17.196875,13.8,780.0,11.3,52.0
52963,501,19.0,17.5,17.170149253731346,13.9,775.0,9.7,53.0
53863,501,18.955384615384617,17.5,17.1,14.4,754.0,11.3,55.0
54763,501,18.9,17.5,17.009090909090908,14.1,738.0,9.7,50.0
55663,501,18.9,17.5,17.0,14.6,707.0,11.3,52.0
56563,501,18.9,17.5,17.0,14.1,696.0,9.7,48.0
57463,501,18.9,17.5,17.0,14.1,671.0,11.3,53.0
58363,501,18.9,17.761194029850746,17.18955223880597,14.3,645.0,9.7,52.0
59263,501,18.9,18.0,17.3,14.6,606.0,9.7,52.0
60163,501,18.9,22.61111111111111,20.79047619047619,14.2,582.0,9.7,54.0
61063,501,18.98448275862069,26.130769230769232,25.11230769230769,14.0,534.0,8.0,49.0
61963,501,19.088135593220336,29.08955223880597,27.607462686567164,13.9,512.0,9.7,54.0
62863,501,19.233898305084743,31.24590163934426,30.072131147540983,13.9,429.0,9.7,54.0
63763,501,19.359016393442623,26.671641791044777,25.071641791044776,14.1,413.0,9.7,52.0
64663,501,19.4,22.31060606060606,21.06060606060606,13.7,387.0,11.3,55.0
65563,501,19.343333333333334,20.36567164179105,19.576119402985075,13.5,360.0,12.9,56.0
66463,501,19.3,19.3203125,18.7953125,13.2,315.0,11.3,57.0
67363,501,19.21269841269841,18.8,18.37076923076923,13.1,290.0,14.5,57.0
68263,501,19.1864406779661,18.5,18.048529411764708,13.1,237.0,12.9,57.0
69163,501,19.1,18.28030303030303,17.84848484848485,12.8,214.0,11.3,57.0
70063,501,19.038709677419355,18.0,17.751470588235293,12.6,160.0,12.9,58.0
70963,501,19.0,18.0,17.5,12.3,134.0,11.3,58.0
71863,501,18.95185185185185,18.0,17.5,11.3,40.0,12.9,61.0
72763,501,18.9,18.0,17.34848484848485,10.9,35.0,12.9,61.0
73663,501,18.8765625,18.0,17.3,10.4,21.0,12.9,63.0
74563,501,18.8,18.047619047619047,17.546031746031748,10.2,18.0,14.5,63.0
75463,501,18.81549295774648,18.384615384615383,18.03846153846154,9.8,7.0,11.3,65.0
76363,501,18.9,18.022058823529413,17.685294117647057,9.6,5.0,11.3,66.0
77263,501,18.84328358208955,17.863636363636363,17.471212121212123,9.3,0.0,11.3,68.0
78163,501,18.723333333333333,18.0,17.391176470588235,8.8,0.0,8.0,71.0
79063,501,18.7,17.698529411764707,17.16470588235294,8.2,0.0,9.7,74.0
79963,501,18.7,18.3984375,17.6734375,8.1,0.0,9.7,75.0
80863,501,18.65384615384616,18.0,17.380000000000003,7.9,0.0,8.0,75.0
81763,501,18.619696969696967,18.0,17.363636363636363,7.8,0.0,8.0,75.0
82663,501,18.6,17.630769230769232,17.161538461538463,7.6,0.0,8.0,76.0
83563,501,18.505714285714284,17.5,17.0,7.6,0.0,8.0,75.0
84463,501,18.5,17.5,17.0,7.5,0.0,8.0,74.0
85363,501,18.4578125,17.5,16.99402985074627,7.4,0.0,9.7,73.0
86263,501,18.4,17.5,16.824242424242424,7.4,0.0,8.0,74.0
763,502,18.4,17.5,16.8,7.5,0.0,6.4,74.0
1663,502,18.4,17.5,16.8,7.7,0.0,6.4,73.0
2563,502,18.316666666666663,17.5,16.8,7.7,0.0,6.4,72.0
3463,502,18.3,17.5,16.8,7.6,0.0,4.8,73.0
4363,502,18.3,17.5,16.8,7.6,0.0,4.8,74.0
5263,502,18.22615384615385,17.484375,16.8,7.5,0.0,4.8,75.0
6163,502,18.2,17.30952380952381,16.8,7.4,0.0,4.8,76.0
7063,502,18.2,17.073529411764707,16.711764705882352,7.1,0.0,6.4,77.0
7963,502,,,,7.1,0.0,6.4,77.0
8863,502,,,,7.1,0.0,8.0,73.0
9763,502,,,,7.0,0.0,6.4,73.0
10663,502,,,,7.1,0.0,6.4,72.0
11563,502,,,,7.2,0.0,6.4,71.0
12463,502,,,,7.2,0.0,6.4,72.0
13363,502,,,,7.1,0.0,4.8,73.0
14263,502,18.0,17.0,16.5,6.9,0.0,6.4,72.0
15163,502,17.94920634920635,17.0,16.48840579710145,6.9,0.0,6.4,71.0
16063,502,17.9,17.0,16.362068965517242,6.5,0.0,4.8,72.0
16963,502,17.9,17.0,16.3,6.4,0.0,6.4,72.0
17863,502,17.9,17.0,16.3,6.3,0.0,6.4,72.0
18763,502,17.973015873015875,27.31617647058824,24.36617647058824,6.3,7.0,6.4,72.0
19663,502,18.123076923076923,28.31617647058824,27.813235294117646,6.2,14.0,6.4,74.0
20563,502,18.153125,30.21969696969697,28.97272727272728,6.3,18.0,6.4,74.0
21463,502,18.77462686567164,48.13432835820896,42.35820895522388,6.6,25.0,6.4,73.0
22363,502,19.555223880597016,45.85833333333333,44.00333333333334,6.7,30.0,6.4,73.0
23263,502,20.303125,37.56944444444444,36.40833333333333,7.2,46.0,6.4,72.0
24163,502,19.741935483870968,32.95522388059702,31.5268656716418,7.3,51.0,4.8,73.0
25063,502,18.568253968253966,29.0703125,28.1671875,8.1,49.0,6.4,71.0
25963,502,18.10151515151515,22.06060606060606,20.474242424242423,8.3,58.0,6.4,70.0
26863,502,18.349206349206348,20.5859375,20.03125,8.8,77.0,6.4,68.0
27763,502,18.563636363636363,19.661538461538463,19.326153846153847,8.9,79.0,9.7,67.0
28663,502,18.68983050847458,18.69090909090909,18.33636363636364,9.0,86.0,6.4,68.0
29563,502,18.534920634920635,19.31818181818182,19.725757575757576,9.2,84.0,8.0,67.0
30463,502,18.507462686567163,18.423076923076923,17.87846153846154,9.4,88.0,8.0,67.0
31363,502,18.5,17.966101694915256,17.659322033898306,9.5,95.0,8.0,68.0
32263,502,18.5,17.818840579710145,17.48840579710145,10.2,105.0,6.4,67.0
33163,502,18.444615384615386,17.5,16.916176470588233,10.2,105.0,6.4,67.0
34063,502,18.4,17.153225806451612,16.596774193548388,10.2,105.0,6.4,67.0
34963,502,18.308928571428574,17.0,16.5,10.2,105.0,6.4,67.0
35863,502,18.284375,17.0,16.376470588235293,10.2,105.0,6.4,67.0
36763,502,18.2,17.0,16.3,10.2,105.0,6.4,67.0
37663,502,18.2,17.0,16.3,10.2,105.0,6.4,67.0
38563,502,18.2,17.0,16.3,10.2,105.0,6.4,67.0
39463,502,,,,10.2,105.0,6.4,67.0
40363,502,,,,10.2,105.0,6.4,67.0
41263,502,,,,10.2,105.0,6.4,67.0
42163,502,,,,10.2,105.0,6.4,67.0
43063,502,,,,10.2,105.0,6.4,67.0
43963,502,,,,10.2,105.0,6.4,67.0
44863,502,,,,10.2,105.0,6.4,67.0
45763,502,,,,15.4,635.0,11.3,51.0
46663,502,,,,15.4,635.0,11.3,51.0
47563,502,,,,15.4,635.0,11.3,51.0
48463,502,18.2,17.0,16.59,15.4,635.0,11.3,51.0
49363,502,18.2,17.5,16.8,15.4,635.0,11.3,51.0
50263,502,18.27936507936508,17.28125,16.7296875,15.4,635.0,11.3,51.0
51163,502,18.255357142857143,17.0,16.5,15.4,635.0,11.3,51.0
52063,502,18.2,20.00735294117647,18.564705882352943,15.4,635.0,11.3,51.0
52963,502,18.25593220338983,25.27611940298508,23.928358208955224,15.4,635.0,11.3,51.0
53863,502,18.38769230769231,29.04918032786885,27.77540983606557,15.4,635.0,11.3,51.0
54763,502,18.549230769230768,30.09523809523809,28.92063492063492,15.4,635.0,11.3,51.0
55663,502,18.7,29.27777777777778,27.73492063492064,15.4,635.0,11.3,51.0
56563,502,18.819444444444446,31.716216216216218,30.064864864864862,15.4,635.0,11.3,51.0
57463,502,18.9140625,33.169230769230765,31.587692307692304,15.4,635.0,11.3,51.0
58363,502,19.0,28.254237288135595,27.306779661016947,15.4,635.0,11.3,51.0
59263,502,19.0,28.68181818181818,26.27272727272728,15.7,606.0,9.7,52.0
60163,502,19.020289855072463,30.81159420289855,28.52898550724637,15.7,582.0,11.3,52.0
61063,502,19.15757575757576,31.71538461538461,30.37076923076923,15.2,543.0,11.3,50.0
61963,502,19.3046875,32.23015873015873,30.728571428571428,15.3,519.0,11.3,50.0
62863,502,19.4125,30.135593220338983,28.784745762711868,15.4,471.0,9.7,47.0
63763,502,19.489705882352943,23.65909090909091,22.081818181818186,15.5,446.0,9.7,44.0
64663,502,19.4,20.833333333333336,19.85909090909091,15.3,390.0,9.7,46.0
65563,502,19.324242424242424,19.49242424242424,18.84090909090909,15.1,374.0,9.7,47.0
66463,502,19.23968253968254,18.75,18.294117647058822,15.2,325.0,9.7,45.0
67363,502,19.1,18.40625,17.928125,15.3,292.0,9.7,46.0
68263,502,18.98032786885246,18.0,17.714925373134328,15.2,243.0,8.0,46.0
69163,502,18.88030303030304,18.0,17.5,14.8,211.0,11.3,48.0
70063,502,18.8,21.52857142857143,20.442857142857143,14.5,158.0,11.3,52.0
70963,502,18.8,26.008064516129032,25.05806451612904,14.3,137.0,12.9,51.0
71863,502,18.834375,28.8030303030303,27.809090909090905,13.7,60.0,12.9,48.0
72763,502,18.926865671641792,30.25757575757576,29.03636363636364,13.5,53.0,11.3,48.0
73663,502,19.11290322580645,28.96031746031746,28.71746031746032,12.8,39.0,11.3,60.0
74563,502,19.20952380952381,28.909090909090907,27.17727272727273,12.3,26.0,14.5,62.0
75463,502,19.561016949152545,57.73684210526316,51.33684210526316,11.6,9.0,11.3,65.0
76363,502,20.3,52.016129032258064,49.17258064516129,11.2,5.0,11.3,67.0
77263,502,20.69016393442623,48.28688524590165,44.82295081967213,10.6,0.0,11.3,65.0
78163,502,20.88405797101449,38.3,32.861538461538466,10.4,0.0,12.9,66.0
79063,502,20.878873239436626,28.3671875,24.5265625,10.0,0.0,12.9,67.0
79963,502,20.804615384615385,25.25757575757576,25.292424242424243,9.9,0.0,14.5,66.0
80863,502,21.52166666666667,23.51515151515152,24.524242424242424,9.4,0.0,11.3,69.0
81763,502,20.87272727272727,21.416666666666664,21.345454545454547,9.3,0.0,12.9,69.0
82663,502,20.386666666666667,20.573529411764707,20.773529411764702,9.3,0.0,12.9,71.0
83563,502,20.09516129032258,19.813432835820898,19.68358208955224,9.2,0.0,8.0,72.0
84463,502,19.846969696969698,19.088709677419352,18.651612903225807,9.6,0.0,8.0,69.0
85363,502,19.606349206349208,18.58208955223881,18.17910447761194,9.7,0.0,8.0,66.0
86263,502,19.41746031746032,18.4921875,17.903125,9.8,0.0,9.7,54.0
763,503,19.26031746031746,18.016129032258064,17.770967741935486,9.7,0.0,8.0,49.0
1663,503,19.136666666666667,18.0,17.5,9.5,0.0,9.7,49.0
2563,503,19.0140625,18.0,17.487301587301587,9.4,0.0,8.0,51.0
3463,503,18.93478260869565,18.0,17.303076923076922,9.4,0.0,9.7,50.0
4363,503,18.85151515151515,17.653846153846153,17.295384615384613,9.4,0.0,4.8,60.0
5263,503,18.758333333333333,17.5,17.033333333333335,8.6,0.0,0.0,70.0
6163,503,18.7,17.5,17.0,8.3,0.0,0.0,71.0
7063,503,18.62131147540984,17.5,17.0,7.5,0.0,0.0,75.0
7963,503,18.6,17.5,16.997101449275362,7.3,0.0,0.0,74.0
8863,503,18.525,17.5,16.84776119402985,7.0,0.0,0.0,75.0
9763,503,18.5,17.5,16.8,7.0,0.0,0.0,75.0
10663,503,18.46865671641791,17.5,16.8,6.8,0.0,0.0,75.0
11563,503,18.4,17.5,16.8,6.8,0.0,0.0,76.0
12463,503,18.4,17.5,16.8,6.9,0.0,0.0,78.0
13363,503,18.36610169491525,17.5,16.8,6.8,0.0,0.0,79.0
14263,503,18.3,17.5,16.8,7.0,0.0,1.6,82.0
15163,503,18.3,17.4921875,16.8,6.9,0.0,0.0,81.0
16063,503,18.25238095238096,17.296875,16.8,6.2,0.0,0.0,82.0
16963,503,18.2,17.073529411764707,16.769117647058824,5.9,0.0,0.0,83.0
17863,503,18.24782608695652,32.3046875,27.85,5.6,5.0,0.0,84.0
18763,503,18.64754098360656,38.08333333333333,37.28636363636364,5.4,7.0,0.0,85.0
19663,503,19.018644067796608,34.26515151515152,33.1530303030303,5.2,11.0,0.0,86.0
20563,503,19.370967741935484,35.31617647058824,33.78088235294118,5.2,16.0,0.0,87.0
21463,503,19.72758620689656,36.21666666666667,35.40833333333333,5.8,25.0,0.0,86.0
22363,503,20.4359375,31.293650793650794,31.56666666666667,5.8,23.0,0.0,86.0
23263,503,20.66190476190476,26.71311475409836,26.73606557377049,6.0,30.0,0.0,87.0
24163,503,20.80983606557377,50.76984126984127,47.3079365079365,6.1,33.0,0.0,87.0
25063,503,21.33125,52.52307692307693,49.550769230769234,7.2,53.0,0.0,84.0
25963,503,21.5828125,38.15873015873016,35.46507936507937,7.8,56.0,0.0,82.0
26863,503,21.516666666666666,29.459016393442624,27.6344262295082,8.8,97.0,0.0,80.0
27763,503,21.3,24.79230769230769,23.51076923076923,9.1,127.0,0.0,79.0
28663,503,21.052857142857142,22.111940298507463,21.291044776119403,10.2,200.0,0.0,77.0
29563,503,20.816666666666663,20.559701492537314,20.07462686567164,10.6,195.0,0.0,75.0
30463,503,20.63235294117647,19.68493150684932,19.28356164383562,11.4,209.0,3.2,72.0
31363,503,20.45846153846154,19.08955223880597,18.8,11.5,197.0,1.6,72.0
32263,503,20.301538461538463,18.76086956521739,18.424637681159417,11.7,185.0,4.8,71.0
33163,503,20.2,18.5,18.2390625,11.7,160.0,4.8,73.0
34063,503,20.106349206349208,18.5,18.0,12.2,357.0,4.8,69.0
34963,503,20.021212121212123,18.234375,17.875,12.9,364.0,4.8,64.0
35863,503,19.98125,18.0,17.8,13.5,411.0,4.8,65.0
36763,503,19.9,18.0,17.8,13.9,661.0,3.2,63.0
37663,503,19.8530303030303,18.0,17.616417910447762,14.6,717.0,8.0,58.0
38563,503,19.8,18.0,17.5,15.2,696.0,6.4,58.0
39463,503,19.79090909090909,18.0,17.5,15.4,640.0,8.0,57.0
40363,503,19.7,18.0,17.5,15.8,478.0,8.0,50.0
41263,503,19.7,18.0,17.5,15.6,668.0,6.4,54.0
42163,503,19.7,18.0,17.5,15.9,714.0,8.0,48.0
43063,503,19.7,18.0,17.5,16.2,714.0,8.0,48.0
43963,503,19.7,18.0,17.475384615384616,16.1,482.0,9.7,46.0
44863,503,19.612121212121213,18.0,17.32941176470588,16.7,492.0,6.4,51.0
45763,503,19.6,18.0,17.3,16.3,457.0,6.4,48.0
46663,503,19.6,18.0,17.3,16.6,557.0,9.7,45.0
47563,503,19.6,18.0,17.3,16.7,659.0,9.7,42.0
48463,503,19.6,18.0,17.3,17.4,701.0,9.7,43.0
49363,503,19.6,18.0,17.3,17.0,622.0,12.9,43.0
50263,503,19.6,18.0,17.3,17.1,513.0,11.3,41.0
51163,503,19.6,18.0,17.3,17.1,501.0,12.9,41.0
52063,503,19.6,18.0,17.3,16.8,410.0,11.3,44.0
52963,503,19.6,18.0,17.3,16.8,424.0,11.3,44.0
53863,503,19.6,18.0,17.3,16.9,512.0,6.4,43.0
54763,503,19.6,18.0,17.3,18.2,793.0,9.7,43.0
55663,503,19.6,18.0,17.3,18.6,738.0,4.8,42.0
56563,503,19.6,18.0,17.3,17.8,287.0,8.0,43.0
57463,503,19.6,18.0,17.3,18.4,476.0,12.9,44.0
58363,503,19.6,18.0,17.3,18.3,485.0,11.3,46.0
59263,503,19.6,18.0,17.3,17.5,306.0,8.0,47.0
60163,503,19.515942028985503,18.0,17.3,17.9,403.0,6.4,50.0
61063,503,19.5,18.0,17.3,17.3,248.0,8.0,51.0
61963,503,19.48709677419355,18.0,17.3,17.4,239.0,6.4,50.0
62863,503,19.4,18.0,17.3,17.3,227.0,4.8,51.0
63763,503,19.393650793650792,17.984848484848484,17.3,17.3,227.0,6.4,52.0
64663,503,19.3,20.06617647058824,18.82794117647059,17.0,221.0,3.2,56.0
65563,503,19.3,20.7421875,20.05,17.2,246.0,3.2,55.0
66463,503,19.31875,24.3936170212766,23.76382978723404,17.3,134.0,8.0,54.0
67363,503,19.426315789473684,26.923076923076923,26.08205128205128,17.1,192.0,3.2,53.0
68263,503,19.562857142857144,27.02564102564103,26.30769230769231,16.8,65.0,4.8,56.0
69163,503,19.68181818181818,22.52777777777778,21.516666666666666,16.6,49.0,3.2,58.0
70063,503,19.7,20.337209302325583,19.665116279069768,16.1,14.0,3.2,58.0
70963,503,19.66904761904762,19.34090909090909,18.87727272727273,15.8,7.0,1.6,59.0
71863,503,19.6,18.833333333333336,18.406666666666663,15.6,5.0,3.2,64.0
72763,503,19.56271186440678,18.5,18.141176470588235,15.4,5.0,4.8,65.0
73663,503,19.5,18.47560975609756,17.941463414634146,15.1,7.0,4.8,65.0
74563,503,19.43076923076924,18.0,17.8,15.1,12.0,4.8,64.0
75463,503,19.385,18.0,17.709302325581397,15.2,19.0,4.8,62.0
76363,503,19.3,18.0,17.5,15.1,7.0,6.4,62.0
77263,503,19.3,18.025,17.556666666666665,14.7,0.0,6.4,66.0
78163,503,19.3,18.5,18.335483870967742,14.6,0.0,8.0,67.0
79063,503,19.213432835820896,18.16417910447761,17.813432835820898,14.0,0.0,4.8,69.0
79963,503,19.2,18.0,17.5,13.7,0.0,4.8,69.0
80863,503,19.163235294117648,18.0,17.490322580645163,12.9,0.0,6.4,72.0
81763,503,19.1,18.0,17.320588235294117,12.7,0.0,8.0,72.0
82663,503,19.1,18.0,17.3,12.3,0.0,8.0,72.0
83563,503,19.033898305084744,18.0,17.3,12.2,0.0,6.4,71.0
84463,503,19.0,18.0,17.3,12.1,0.0,8.0,70.0
85363,503,19.0,18.0,17.3,12.0,0.0,8.0,70.0
86263,503,19.0,18.0,17.3,11.9,0.0,6.4,71.0
763,504,18.94090909090909,17.992424242424242,17.3,11.8,0.0,6.4,71.0
1663,504,18.9,18.0,17.3,11.7,0.0,4.8,72.0
2563,504,18.9,17.992307692307694,17.3,11.7,0.0,3.2,72.0
3463,504,18.9,17.992424242424242,17.3,11.8,0.0,8.0,72.0
4363,504,18.82686567164179,17.815384615384616,17.290769230769232,11.9,0.0,8.0,72.0
5263,504,18.8,17.640625,17.215625,11.7,0.0,6.4,73.0
6163,504,,,,11.6,0.0,6.4,72.0
7063,504,,,,11.5,0.0,4.8,74.0
7963,504,,,,11.4,0.0,6.4,74.0
8863,504,,,,11.2,0.0,4.8,75.0
9763,504,,,,11.1,0.0,4.8,76.0
10663,504,,,,10.6,0.0,0.0,78.0
11563,504,,,,10.7,0.0,4.8,78.0
12463,504,18.6,17.5,17.0,10.6,0.0,4.8,78.0
13363,504,18.6,17.5,17.0,10.5,0.0,4.8,79.0
14263,504,18.6,17.5,17.0,10.4,0.0,4.8,80.0
15163,504,18.57692307692308,17.5,17.0,10.1,0.0,3.2,80.0
16063,504,18.5,17.5,17.0,9.5,0.0,3.2,83.0
16963,504,18.5,17.5,17.0,9.3,0.0,3.2,83.0
17863,504,18.56764705882353,17.5,17.0,9.2,5.0,3.2,84.0
18763,504,18.65142857142857,18.671641791044777,17.450746268656715,9.1,7.0,4.8,85.0
19663,504,18.769117647058824,23.889705882352946,22.56176470588236,8.8,14.0,4.8,85.0
20563,504,18.9921875,28.111111111111107,26.41587301587301,8.8,16.0,3.2,86.0
21463,504,19.331818181818186,30.104477611940297,29.0,9.2,21.0,1.6,83.0
22363,504,20.1765625,31.34166666666667,30.03666666666667,9.6,25.0,3.2,81.0
23263,504,20.7758064516129,34.54716981132076,30.239622641509435,10.4,26.0,3.2,76.0
24163,504,20.72878787878788,28.2890625,27.0765625,11.1,28.0,3.2,73.0
25063,504,20.975757575757576,23.75,22.754838709677426,11.9,32.0,6.4,70.0
25963,504,21.116666666666667,22.18181818181818,22.51969696969697,12.1,33.0,4.8,71.0
26863,504,21.005769230769232,20.444444444444446,20.074603174603176,12.2,37.0,4.8,69.0
27763,504,20.85873015873016,19.467741935483872,19.056451612903224,12.7,39.0,8.0,66.0
28663,504,20.7,19.0,18.577272727272728,13.2,40.0,8.0,63.0
29563,504,20.55,18.7421875,18.7125,13.4,42.0,12.9,62.0
30463,504,20.390625,18.93548387096774,18.846774193548388,13.9,44.0,12.9,60.0
31363,504,20.226984126984128,18.5,18.117391304347827,14.1,47.0,14.5,60.0
32263,504,20.096875,18.37121212121212,17.827272727272728,14.6,51.0,14.5,60.0
33163,504,19.98059701492537,18.0,17.68,14.8,53.0,12.9,58.0
34063,504,19.9,18.0,17.5,15.9,550.0,11.3,58.0
34963,504,19.80149253731344,18.0,17.5,15.8,575.0,14.5,57.0
35863,504,19.76716417910448,18.0,17.5,16.4,613.0,12.9,58.0
36763,504,19.7,18.0,17.5,16.5,631.0,12.9,57.0
37663,504,19.61515151515152,18.0,17.5,17.4,684.0,11.3,58.0
38563,504,19.583870967741937,18.0,17.5,17.3,717.0,9.7,55.0
39463,504,19.5,18.0,17.5,17.7,788.0,11.3,55.0
40363,504,19.5,18.0,17.5,18.4,858.0,8.0,53.0
41263,504,19.46818181818182,18.0,17.49411764705882,18.2,819.0,12.9,54.0
42163,504,19.4,18.0,17.461904761904762,18.8,773.0,11.3,54.0
43063,504,19.4,18.0,17.421212121212122,19.0,803.0,11.3,47.0
43963,504,19.4,18.0,17.38285714285714,19.1,821.0,9.7,52.0
44863,504,19.4,18.0,17.39,18.7,645.0,8.0,51.0
45763,504,,,,19.7,865.0,9.7,51.0
46663,504,19.4,18.0,17.3,19.6,802.0,12.9,46.0
47563,504,19.4,18.0,17.3,19.7,731.0,14.5,51.0
48463,504,19.4,18.0,17.3,19.6,671.0,14.5,46.0
49363,504,19.4,18.0,17.3,19.7,761.0,11.3,48.0
50263,504,19.4,18.0,17.3,20.4,724.0,12.9,47.0
51163,504,19.4,18.0,17.3,20.4,693.0,11.3,50.0
52063,504,19.4,18.0,17.3,21.1,708.0,12.9,46.0
52963,504,19.4,18.0,17.3,20.2,789.0,14.5,46.0
53863,504,19.4,18.0,17.3,20.2,664.0,16.1,46.0
54763,504,19.4,18.0,17.3,19.5,564.0,16.1,47.0
55663,504,19.4,18.0,17.315384615384616,20.4,740.0,16.1,47.0
56563,504,19.4,18.0,17.36551724137931,20.3,638.0,16.1,47.0
57463,504,19.4,18.0,17.419402985074626,19.8,476.0,14.5,46.0
58363,504,19.4,18.0,17.418181818181818,19.3,378.0,17.7,47.0
59263,504,19.4,18.0,17.402941176470588,18.8,387.0,14.5,50.0
60163,504,19.4,18.0,17.38695652173913,18.7,360.0,17.7,48.0
61063,504,19.4,18.0,17.366666666666667,18.0,271.0,19.3,48.0
61963,504,19.392307692307693,18.0,17.351612903225806,17.9,327.0,20.9,46.0
62863,504,19.302985074626868,18.0,17.32898550724638,17.7,244.0,22.5,44.0
63763,504,19.3,18.0,17.32258064516129,17.3,223.0,22.5,45.0
64663,504,19.3,18.0,17.323880597014927,16.9,202.0,19.3,45.0
65563,504,19.3,18.0,17.379411764705882,16.9,193.0,20.9,43.0
66463,504,19.3,18.0,17.5,16.8,216.0,17.7,43.0
67363,504,19.3,18.0,17.5,16.8,178.0,19.3,43.0
68263,504,19.3,18.0,17.5,16.5,128.0,19.3,47.0
69163,504,19.3,18.0,17.5,16.2,100.0,19.3,51.0
70063,504,19.3,18.0,17.5,15.9,76.0,19.3,53.0
70963,504,19.297014925373134,18.0,17.5,15.8,63.0,20.9,52.0
71863,504,19.20597014925373,18.0,17.493650793650794,15.4,47.0,22.5,53.0
72763,504,19.2,18.0,17.485714285714288,15.2,33.0,27.4,53.0
73663,504,19.2,18.0,17.47230769230769,14.6,19.0,32.2,54.0
74563,504,19.2,18.0,17.429411764705883,14.5,16.0,30.6,54.0
75463,504,19.2,18.0,17.485507246376812,14.6,9.0,32.2,54.0
76363,504,19.2,18.0,17.5,14.5,5.0,30.6,54.0
77263,504,19.2,18.0,17.5,14.6,0.0,32.2,53.0
78163,504,19.2,18.0,17.5,14.7,0.0,32.2,52.0
79063,504,19.2,18.0,17.5,14.7,0.0,33.8,52.0
79963,504,19.362121212121213,18.46875,17.771875,14.7,0.0,30.6,52.0
80863,504,19.3,18.5,17.754716981132074,14.5,0.0,29.0,54.0
81763,504,19.3,18.196428571428573,17.510714285714286,14.4,0.0,29.0,54.0
82663,504,,,,14.6,0.0,32.2,54.0
83563,504,,,,14.5,0.0,30.6,55.0
84463,504,,,,14.5,0.0,30.6,55.0
85363,504,19.2,18.0,17.5,14.3,0.0,27.4,55.0
86263,504,19.2,18.0,17.5,14.1,0.0,35.4,57.0
763,505,19.13230769230769,18.0,17.5,13.9,0.0,32.2,58.0
1663,505,19.1,18.0,17.5,13.2,0.0,32.2,61.0
2563,505,19.1,18.0,17.496969696969696,12.9,0.0,30.6,63.0
3463,505,19.06,18.0,17.490909090909092,12.8,0.0,30.6,64.0
4363,505,19.0,18.0,17.442028985507246,13.1,0.0,27.4,61.0
5263,505,19.0,18.0,17.33606557377049,13.2,0.0,25.7,62.0
6163,505,19.0,18.0,17.3,13.1,0.0,29.0,63.0
7063,505,19.0,18.0,17.3,13.4,0.0,33.8,60.0
7963,505,,,,13.4,0.0,29.0,61.0
8863,505,,,,13.0,0.0,30.6,63.0
9763,505,,,,12.8,0.0,30.6,63.0
10663,505,,,,12.6,0.0,29.0,64.0
11563,505,,,,12.4,0.0,27.4,66.0
12463,505,,,,12.3,0.0,29.0,66.0
13363,505,,,,12.4,0.0,27.4,66.0
14263,505,18.9,18.0,17.3,12.4,0.0,30.6,65.0
15163,505,18.871014492753623,18.0,17.3,12.5,0.0,27.4,65.0
16063,505,18.8,18.0,17.3,12.4,0.0,25.7,65.0
16963,505,18.8,18.0,17.3,12.5,0.0,24.1,65.0
17863,505,18.8,18.0,17.3,12.3,0.0,30.6,65.0
18763,505,18.8,18.0,17.3,12.2,5.0,27.4,65.0
19663,505,18.8,19.7,18.48,12.2,14.0,24.1,66.0
20563,505,18.8421875,22.81617647058824,21.652941176470588,12.2,16.0,24.1,65.0
21463,505,18.944927536231884,24.857142857142858,23.95714285714286,12.2,26.0,22.5,66.0
22363,505,19.0296875,24.921875,24.340625,12.2,35.0,20.9,66.0
23263,505,19.136507936507936,24.73275862068965,24.3,12.4,49.0,22.5,64.0
24163,505,19.3,22.126984126984127,21.88095238095238,12.4,49.0,22.5,64.0
25063,505,19.3,20.183098591549296,19.585915492957746,12.4,84.0,24.1,64.0
25963,505,19.3,19.2089552238806,18.68358208955224,12.5,54.0,24.1,65.0
26863,505,19.26935483870968,18.70714285714286,18.231428571428573,12.4,81.0,25.7,66.0
27763,505,19.2,18.5,17.984848484848484,12.5,97.0,22.5,65.0
28663,505,19.1968253968254,18.31451612903226,17.8,12.6,137.0,25.7,65.0
29563,505,19.1,18.0,17.8,12.7,162.0,22.5,66.0
30463,505,19.1,18.0,17.59130434782609,12.5,137.0,22.5,69.0
31363,505,19.034920634920635,18.0,17.5,12.3,149.0,22.5,73.0
32263,505,19.0,18.0,17.5,12.1,176.0,22.5,75.0
33163,505,19.0,18.0,17.5,12.3,199.0,19.3,76.0
34063,505,19.0,18.0,17.5,12.7,227.0,22.5,72.0
34963,505,18.95846153846154,18.0,17.46969696969697,12.9,218.0,22.5,70.0
35863,505,18.9,18.0,17.317647058823532,13.3,216.0,20.9,70.0
36763,505,18.9,18.0,17.3,13.4,214.0,20.9,68.0
37663,505,18.9,18.0,17.3,13.6,218.0,22.5,67.0
38563,505,18.87121212121212,18.0,17.3,13.8,244.0,20.9,67.0
39463,505,18.8,18.0,17.3,14.1,274.0,20.9,66.0
40363,505,18.8,18.0,17.3,14.2,202.0,19.3,66.0
41263,505,18.8,18.0,17.3,14.1,172.0,19.3,65.0
42163,505,18.8,18.0,17.3,13.9,172.0,20.9,64.0
43063,505,18.78970588235294,18.0,17.3,14.1,174.0,16.1,66.0
43963,505,18.725757575757576,17.99264705882353,17.3,14.2,179.0,12.9,64.0
44863,505,18.76969696969697,18.0,17.3,14.3,178.0,16.1,64.0
45763,505,18.79846153846153,18.0,17.3,14.4,229.0,16.1,64.0
46663,505,18.79090909090909,18.0,17.3,14.8,255.0,14.5,63.0
47563,505,18.72089552238806,17.976190476190474,17.3,14.8,292.0,17.7,65.0
48463,505,18.704545454545453,17.984615384615385,17.3,15.4,274.0,17.7,63.0
49363,505,18.73692307692308,18.0,17.3,15.5,279.0,16.1,62.0
50263,505,18.78208955223881,17.985507246376812,17.3,15.9,213.0,12.9,61.0
51163,505,18.720289855072465,17.97058823529412,17.3,15.6,223.0,16.1,62.0
52063,505,18.7,17.795454545454547,17.3,15.8,253.0,17.7,62.0
52963,505,18.7,17.508333333333333,17.225,15.6,345.0,17.7,63.0
53863,505,18.7,17.5,17.085,16.5,272.0,16.1,63.0
54763,505,18.7,17.5,17.125999999999998,16.2,278.0,14.5,64.0
55663,505,18.7,17.5,17.158823529411766,15.9,211.0,16.1,63.0
56563,505,18.7,17.5,17.101694915254235,15.6,186.0,19.3,64.0
57463,505,18.7,17.5,17.23898305084746,16.3,313.0,16.1,63.0
58363,505,18.7,17.516666666666666,17.294999999999998,16.7,258.0,16.1,59.0
59263,505,18.7,19.327272727272728,18.26727272727273,16.4,216.0,12.9,62.0
60163,505,18.704545454545453,22.35454545454545,21.21272727272727,16.5,200.0,16.1,60.0
61063,505,18.828,24.825,23.76333333333333,16.4,151.0,17.7,57.0
61963,505,18.970370370370368,27.09,25.626,16.3,169.0,14.5,57.0
62863,505,19.13432835820896,28.20769230769231,27.22923076923077,16.4,165.0,12.9,56.0
63763,505,19.37258064516129,28.0,27.478688524590165,16.3,153.0,12.9,55.0
64663,505,19.4,25.71186440677966,24.84915254237288,16.3,118.0,11.3,57.0
65563,505,19.4,21.861538461538466,20.85076923076923,16.1,88.0,14.5,54.0
66463,505,19.388059701492537,20.02272727272728,19.395454545454548,15.7,44.0,11.3,53.0
67363,505,19.3,19.21538461538461,18.72,15.5,49.0,9.7,53.0
68263,505,19.2175,18.732558139534884,18.334883720930232,15.4,62.0,8.0,51.0
69163,505,19.130000000000003,18.5,18.005769230769232,15.3,54.0,9.7,51.0
70063,505,19.061016949152545,18.253846153846155,17.84,15.0,28.0,11.3,51.0
70963,505,19.0,18.0,17.789830508474576,14.9,37.0,9.7,52.0
71863,505,18.933823529411764,18.0,17.52608695652174,14.8,30.0,9.7,52.0
72763,505,18.9,18.0,17.5,14.7,25.0,11.3,54.0
73663,505,18.88823529411765,18.0,17.5,14.7,14.0,12.9,53.0
74563,505,18.8,18.0,17.5,14.6,14.0,12.9,54.0
75463,505,18.8,18.0,17.5,14.4,11.0,16.1,54.0
76363,505,18.8,18.666666666666664,17.755555555555553,14.5,11.0,17.7,54.0
77263,505,18.8,23.48913043478261,22.23913043478261,14.5,0.0,17.7,54.0
78163,505,18.90816326530612,23.59803921568628,22.36862745098039,14.5,0.0,14.5,53.0
79063,505,19.0,20.63768115942029,19.843478260869567,14.1,0.0,11.3,56.0
79963,505,19.0,19.36567164179105,18.762686567164177,13.9,0.0,11.3,56.0
80863,505,18.930434782608696,18.77611940298508,18.311940298507466,13.7,0.0,11.3,57.0
81763,505,18.9,18.5,18.0,13.5,0.0,9.7,57.0
82663,505,18.816666666666663,18.26515151515152,17.80909090909091,13.5,0.0,9.7,59.0
83563,505,18.8,18.0,17.78208955223881,13.5,0.0,9.7,59.0
84463,505,18.71384615384616,18.0,17.5046875,13.8,0.0,9.7,56.0
85363,505,18.7,18.0,17.5,13.6,0.0,6.4,59.0
86263,505,18.7,18.0,17.5,12.9,0.0,0.0,63.0
763,506,18.626984126984127,18.0,17.43,12.8,0.0,0.0,62.0
1663,506,18.6,18.0,17.3,12.6,0.0,3.2,63.0
2563,506,18.6,18.0,17.3,12.5,0.0,6.4,62.0
3463,506,18.6,18.0,17.3,12.7,0.0,4.8,62.0
4363,506,18.556060606060605,18.0,17.3,12.7,0.0,4.8,62.0
5263,506,18.5,17.992537313432837,17.3,12.4,0.0,9.7,63.0
6163,506,18.5,17.83076923076923,17.3,12.5,0.0,11.3,63.0
7063,506,18.5,17.65671641791045,17.3,12.0,0.0,9.7,66.0
7963,506,18.5,17.522727272727273,17.259090909090908,12.1,0.0,8.0,66.0
8863,506,,,,12.0,0.0,8.0,67.0
9763,506,,,,12.1,0.0,9.7,66.0
10663,506,,,,12.4,0.0,11.3,63.0
11563,506,,,,12.4,0.0,11.3,63.0
12463,506,,,,12.2,0.0,8.0,64.0
13363,506,,,,12.0,0.0,6.4,66.0
14263,506,,,,11.7,0.0,8.0,66.0
15163,506,18.3,17.5,17.0,11.6,0.0,8.0,66.0
16063,506,18.3,17.5,17.0,11.5,0.0,11.3,63.0
16963,506,18.3,17.5,17.0,11.7,0.0,11.3,62.0
17863,506,18.35735294117647,17.5,17.0,11.8,9.0,3.2,63.0
18763,506,18.445,18.269841269841272,17.285714285714285,11.6,14.0,0.0,64.0
19663,506,18.557377049180328,19.984375,19.4546875,11.8,21.0,8.0,62.0
20563,506,18.73064516129032,24.34328358208955,22.76865671641791,12.2,23.0,6.4,61.0
21463,506,19.065625,27.34126984126984,25.64761904761905,11.7,28.0,3.2,64.0
22363,506,19.52063492063492,26.984848484848488,24.63030303030304,11.5,30.0,1.6,65.0
23263,506,19.693939393939395,30.2910447761194,29.094029850746267,12.1,35.0,9.7,61.0
24163,506,19.8890625,29.261538461538464,28.146153846153844,12.7,39.0,12.9,59.0
25063,506,20.04225352112676,23.9609375,22.678125,13.2,40.0,9.7,59.0
25963,506,20.1,21.357142857142858,20.404761904761905,13.4,42.0,11.3,59.0
26863,506,20.1,20.00735294117647,19.43088235294117,13.7,47.0,11.3,59.0
27763,506,20.0703125,19.253731343283583,18.86865671641791,13.9,51.0,11.3,61.0
28663,506,20.0,18.88636363636364,18.45909090909091,14.2,54.0,12.9,60.0
29563,506,19.903125,18.5,18.3,14.4,54.0,12.9,58.0
30463,506,19.811290322580646,18.5,18.077272727272728,14.7,60.0,12.9,56.0
31363,506,19.71846153846154,18.5,18.0,15.0,63.0,9.7,57.0
32263,506,19.64126984126984,18.12878787878788,17.893939393939394,15.8,67.0,11.3,52.0
33163,506,19.5875,18.0,17.8,16.2,69.0,12.9,49.0
34063,506,19.5,18.0,17.8,17.4,550.0,11.3,47.0
34963,506,19.5,18.0,17.8,17.7,575.0,12.9,46.0
35863,506,19.423809523809524,18.0,17.8,18.6,628.0,9.7,49.0
36763,506,19.4,18.0,17.78153846153846,18.9,650.0,11.3,50.0
37663,506,19.4,18.0,17.58507462686567,19.5,724.0,12.9,44.0
38563,506,19.33235294117647,18.0,17.504347826086956,19.9,791.0,12.9,47.0
39463,506,19.3,18.0,17.5,20.0,568.0,14.5,47.0
40363,506,19.3,18.0,17.5,19.9,431.0,9.7,50.0
41263,506,19.3,18.0,17.5,20.2,563.0,8.0,49.0
42163,506,19.3,18.0,17.5,20.4,457.0,8.0,50.0
43063,506,19.3,18.0,17.5,20.2,626.0,11.3,52.0
43963,506,19.3,18.0,17.5,20.3,705.0,9.7,55.0
44863,506,19.3,18.0,17.5,20.4,462.0,9.7,49.0
45763,506,19.38939393939394,18.0,17.5,20.3,577.0,9.7,51.0
46663,506,19.4,18.0,17.5,20.6,570.0,9.7,48.0
47563,506,19.4,18.475806451612904,17.824193548387097,20.7,566.0,11.3,48.0
48463,506,19.488524590163934,18.184615384615384,17.707692307692305,20.2,494.0,9.7,49.0
49363,506,19.5,18.083333333333336,17.795454545454547,20.6,575.0,9.7,50.0
50263,506,19.5,18.15625,17.8,21.3,522.0,9.7,53.0
51163,506,19.4,18.35384615384616,17.8,20.7,448.0,9.7,48.0
52063,506,19.5,18.446153846153845,17.8,21.6,589.0,8.0,47.0
52963,506,19.5,18.5,17.973134328358206,21.3,619.0,8.0,46.0
53863,506,19.59090909090909,18.524193548387096,18.0,20.6,468.0,6.4,52.0
54763,506,19.6,18.73076923076924,18.05538461538461,20.0,615.0,6.4,52.0
55663,506,19.6,18.6031746031746,17.952380952380953,19.9,541.0,8.0,52.0
56563,506,19.545454545454547,18.59016393442623,17.96065573770492,20.4,566.0,9.7,50.0
57463,506,19.5,18.5,17.8,20.4,596.0,11.3,50.0
58363,506,19.5,18.686567164179102,17.88955223880597,19.9,225.0,9.7,52.0
59263,506,19.43285714285714,18.54615384615385,17.935384615384613,19.3,218.0,6.4,53.0
60163,506,19.4,18.5,17.8,18.9,188.0,8.0,54.0
61063,506,19.391935483870967,18.5,17.80294117647059,18.6,190.0,6.4,56.0
61963,506,19.4,20.174242424242426,18.454545454545453,18.6,323.0,6.4,59.0
62863,506,19.49838709677419,25.96875,24.94375,18.4,211.0,6.4,64.0
63763,506,19.69090909090909,28.59230769230769,27.367692307692305,18.2,197.0,8.0,65.0
64663,506,19.884848484848483,28.571428571428573,27.53333333333333,17.7,167.0,8.0,67.0
65563,506,20.016176470588235,23.491071428571427,22.56428571428572,17.6,178.0,8.0,68.0
66463,506,20.098333333333333,21.887096774193548,21.95967741935484,17.7,132.0,6.4,67.0
67363,506,20.016129032258064,20.90972222222222,20.740277777777777,17.7,195.0,6.4,67.0
68263,506,20.0,19.775362318840585,19.23913043478261,18.3,216.0,8.0,64.0
69163,506,19.9625,19.269230769230766,18.698461538461537,18.2,93.0,9.7,64.0
70063,506,19.9,19.0,18.473134328358206,17.3,42.0,11.3,66.0
70963,506,19.9,19.0,18.3,16.4,37.0,16.1,67.0
71863,506,19.847692307692306,18.984848484848484,18.759090909090908,15.3,37.0,14.5,72.0
72763,506,19.764705882352946,18.977272727272727,18.437878787878788,14.9,37.0,16.1,73.0
73663,506,19.7,18.50757575757576,18.21363636363636,14.3,37.0,12.9,73.0
74563,506,19.60151515151515,18.5,18.0,14.1,30.0,12.9,75.0
75463,506,19.6,18.5,18.02272727272728,13.7,11.0,14.5,77.0
76363,506,19.954545454545453,18.98529411764705,18.62058823529412,13.6,5.0,11.3,79.0
77263,506,20.928125,19.08955223880597,18.7,12.8,0.0,11.3,81.0
78163,506,20.45689655172413,19.0,18.37878787878788,12.6,0.0,12.9,82.0
79063,506,20.0921875,19.0,18.29516129032258,12.3,0.0,11.3,84.0
79963,506,19.838461538461537,18.51492537313433,18.0,12.3,0.0,11.3,83.0
80863,506,19.677777777777777,18.5,18.0,11.3,0.0,12.9,86.0
81763,506,19.565079365079363,18.5,18.0,10.5,0.0,16.1,89.0
82663,506,19.4859649122807,18.5,17.836923076923078,10.1,0.0,17.7,90.0
83563,506,19.4,18.5,17.8,9.9,0.0,16.1,89.0
84463,506,19.342424242424244,18.5,17.93030303030303,9.4,0.0,16.1,89.0
85363,506,19.3,18.5,17.873529411764707,9.3,0.0,16.1,89.0
86263,506,19.26818181818182,18.5,17.8,9.0,0.0,17.7,89.0
763,507,19.2,18.49242424242424,17.71818181818182,8.9,0.0,17.7,89.0
1663,507,19.2,18.26153846153846,17.5,8.8,0.0,17.7,89.0
2563,507,19.102985074626865,18.007462686567163,17.5,8.7,0.0,19.3,88.0
3463,507,19.1,18.0,17.5,8.6,0.0,16.1,89.0
4363,507,19.04909090909091,18.0,17.482758620689655,8.6,0.0,14.5,89.0
5263,507,19.0,18.0,17.308955223880595,8.3,0.0,19.3,89.0
6163,507,19.0,18.0,17.3,8.2,0.0,20.9,89.0
7063,507,18.929411764705883,18.0,17.3,8.1,0.0,20.9,89.0
7963,507,18.9,18.0,17.3,8.1,0.0,19.3,89.0
8863,507,18.9,18.0,17.3,7.9,0.0,17.7,90.0
9763,507,18.83606557377049,18.0,17.26086956521739,7.9,0.0,19.3,90.0
10663,507,18.8,18.0,17.1640625,7.7,0.0,19.3,90.0
11563,507,18.8,18.0,17.198529411764707,7.7,0.0,19.3,91.0
12463,507,18.7546875,18.0,17.124137931034483,7.7,0.0,17.7,90.0
13363,507,18.7,17.93939393939394,17.0,7.6,0.0,17.7,90.0
14263,507,18.7,17.782608695652176,17.0,7.6,0.0,17.7,90.0
15163,507,18.7,17.551470588235293,17.0,7.6,0.0,16.1,90.0
16063,507,18.64,17.5,17.0,7.6,0.0,16.1,90.0
16963,507,18.6,17.5,17.0,7.6,0.0,16.1,90.0
17863,507,18.6,17.5,17.0,7.6,0.0,16.1,90.0
18763,507,18.6,17.5,17.0,7.6,0.0,16.1,90.0
19663,507,18.57301587301588,18.96969696969697,17.887878787878787,7.6,7.0,16.1,89.0
20563,507,18.5359375,21.875,20.759375,7.6,7.0,14.5,89.0
21463,507,18.6,23.7890625,22.9734375,7.7,16.0,16.1,89.0
22363,507,18.39333333333333,26.029411764705884,22.46764705882353,7.7,28.0,16.1,90.0
23263,507,19.714285714285715,25.565217391304348,25.195652173913043,7.7,26.0,17.7,90.0
24163,507,18.747619047619047,24.807692307692307,24.13846153846153,7.7,30.0,16.1,90.0
25063,507,18.6578125,26.33333333333333,24.668333333333333,7.9,39.0,14.5,90.0
25963,507,18.824615384615385,32.05357142857143,30.519642857142856,7.8,39.0,16.1,90.0
26863,507,18.9,26.272058823529413,26.461764705882352,7.9,39.0,12.9,90.0
27763,507,18.9,21.607692307692307,21.784615384615385,7.9,47.0,16.1,89.0
28663,507,18.9,19.925,19.78833333333333,8.1,120.0,16.1,89.0
29563,507,18.83731343283582,19.146153846153844,18.78923076923077,8.2,104.0,17.7,88.0
30463,507,18.786206896551725,18.584745762711865,18.24576271186441,8.1,49.0,17.7,87.0
31363,507,18.7,18.5,17.92923076923077,8.2,114.0,16.1,86.0
32263,507,18.68857142857143,18.053846153846155,17.790769230769232,8.3,114.0,19.3,86.0
33163,507,18.6,18.0,17.513432835820897,8.3,113.0,16.1,87.0
34063,507,18.6,18.0,17.5,8.2,113.0,19.3,87.0
34963,507,18.51212121212121,18.0,17.356716417910448,8.2,116.0,17.7,87.0
35863,507,18.5,18.0,17.3,8.2,149.0,19.3,86.0
36763,507,18.5,17.992537313432837,17.3,8.3,169.0,14.5,86.0
37663,507,18.5,17.90625,17.3,8.5,153.0,17.7,86.0
38563,507,18.5,17.583333333333336,17.3,8.6,221.0,19.3,86.0
39463,507,18.5,17.507462686567163,17.3,8.8,225.0,16.1,86.0
40363,507,18.49384615384616,17.5,17.244615384615383,8.9,218.0,17.7,85.0
41263,507,18.48153846153846,17.5,17.118181818181817,9.3,237.0,16.1,84.0
42163,507,18.48196721311476,17.5,17.024590163934427,9.3,220.0,17.7,84.0
43063,507,18.5,17.5,17.04153846153846,9.6,348.0,17.7,83.0
43963,507,18.5,17.5,17.07846153846154,10.1,297.0,17.7,83.0
44863,507,18.5,17.5,17.005555555555553,10.4,408.0,16.1,82.0
45763,507,18.5,17.5,17.0,10.6,373.0,17.7,81.0
46663,507,18.5,17.5,17.0,10.5,438.0,19.3,81.0
47563,507,18.5,17.5,17.0,10.9,476.0,19.3,79.0
48463,507,18.421818181818185,17.5,17.0,10.8,441.0,19.3,79.0
49363,507,18.4,17.5,17.0,11.3,378.0,17.7,78.0
50263,507,18.4,17.5,17.0,11.2,320.0,19.3,76.0
51163,507,18.4,17.5,17.0,11.4,385.0,17.7,77.0
52063,507,18.4,17.5,17.0,11.7,619.0,17.7,75.0
52963,507,18.4,17.5,17.0,11.9,357.0,16.1,76.0
53863,507,18.344776119402987,17.5,17.0,11.6,297.0,17.7,76.0
54763,507,18.3,17.5,17.0,11.7,468.0,17.7,76.0
55663,507,18.3,17.5,17.0,12.7,687.0,19.3,71.0
56563,507,18.3,17.5,16.997014925373133,12.0,239.0,19.3,73.0
57463,507,18.3,17.5,16.95151515151515,12.2,693.0,17.7,73.0
58363,507,18.24242424242424,18.411290322580648,17.25,12.3,631.0,19.3,72.0
59263,507,18.219402985074627,22.8125,21.659375,12.3,387.0,17.7,74.0
60163,507,18.3,25.113636363636363,23.94318181818182,12.4,506.0,16.1,75.0
61063,507,18.37076923076923,26.29310344827586,24.591379310344827,11.9,311.0,17.7,74.0
61963,507,18.4328125,27.346774193548384,25.41774193548387,11.9,225.0,16.1,74.0
62863,507,18.543636363636363,28.04237288135593,26.932203389830512,11.4,185.0,17.7,77.0
63763,507,18.6,27.53773584905661,26.367924528301888,11.4,144.0,12.9,76.0
64663,507,18.6,23.18548387096774,21.98064516129032,10.8,104.0,14.5,79.0
65563,507,18.587692307692308,20.90909090909091,20.98030303030303,10.7,97.0,16.1,79.0
66463,507,18.092424242424244,19.024590163934427,19.188524590163933,10.4,76.0,16.1,80.0
67363,507,17.85483870967742,19.63846153846153,19.123076923076923,10.2,67.0,17.7,81.0
68263,507,18.010169491525424,23.44029850746269,22.89253731343284,10.0,58.0,14.5,81.0
69163,507,18.16060606060606,27.916666666666668,26.163636363636364,9.8,46.0,16.1,82.0
70063,507,18.32769230769231,29.477941176470587,28.20735294117647,9.7,49.0,16.1,82.0
70963,507,18.4,29.28688524590164,28.04754098360656,9.7,40.0,16.1,82.0
71863,507,18.4,24.02898550724638,22.566666666666663,9.6,25.0,14.5,83.0
72763,507,18.4,20.8984375,19.9734375,9.5,23.0,16.1,83.0
73663,507,18.4,19.44117647058824,18.804411764705883,9.3,14.0,14.5,84.0
74563,507,18.358461538461537,18.963235294117645,18.96617647058824,9.2,12.0,14.5,84.0
75463,507,18.3,18.475806451612904,18.13387096774193,9.1,7.0,14.5,84.0
76363,507,18.204615384615387,18.0,17.675384615384615,9.1,0.0,11.3,85.0
77263,507,18.19090909090909,18.0,17.47230769230769,9.1,0.0,11.3,85.0
78163,507,18.10806451612904,17.815384615384616,17.59846153846154,9.0,0.0,11.3,85.0
79063,507,18.172131147540984,18.0,18.11384615384616,8.8,0.0,14.5,85.0
79963,507,18.1,17.97101449275362,17.45942028985507,8.8,0.0,12.9,85.0
80863,507,18.1,17.5,17.291304347826088,8.7,0.0,11.3,85.0
81763,507,18.079032258064515,17.5,17.004545454545454,8.6,0.0,12.9,86.0
82663,507,18.0,17.5,17.0,8.4,0.0,14.5,86.0
83563,507,18.0,17.5,16.996969696969696,8.4,0.0,12.9,86.0
84463,507,17.958333333333336,17.5,16.84,8.3,0.0,11.3,86.0
85363,507,17.9,17.5,16.8,8.3,0.0,9.7,86.0
86263,507,17.9,17.5,16.8,8.2,0.0,14.5,86.0
763,508,17.8828125,17.5,16.8,8.2,0.0,12.9,86.0
1663,508,17.8,17.5,16.8,8.2,0.0,9.7,88.0
2563,508,17.8,17.3125,16.8,8.1,0.0,11.3,88.0
3463,508,17.8,17.021428571428572,16.8,7.9,0.0,9.7,89.0
4363,508,17.8,17.0,16.72258064516129,8.0,0.0,8.0,89.0
5263,508,17.73125,17.0,16.508333333333333,7.9,0.0,8.0,89.0
6163,508,17.7,17.0,16.5,7.9,0.0,9.7,90.0
7063,508,17.7,17.0,16.5,7.9,0.0,4.8,91.0
7963,508,17.7,17.0,16.5,7.9,0.0,8.0,90.0
8863,508,,,,7.8,0.0,9.7,90.0
9763,508,,,,7.8,0.0,11.3,91.0
10663,508,,,,7.8,0.0,6.4,92.0
11563,508,,,,7.8,0.0,6.4,92.0
12463,508,,,,7.8,0.0,8.0,93.0
13363,508,,,,7.7,0.0,8.0,94.0
14263,508,17.5,17.0,16.3,7.7,0.0,6.4,94.0
15163,508,17.5,17.0,16.3,7.6,0.0,8.0,94.0
16063,508,17.5,17.0,16.3,7.5,0.0,6.4,94.0
16963,508,17.5,17.0,16.3,7.4,0.0,6.4,94.0
17863,508,17.5,27.214285714285715,23.784126984126985,7.5,0.0,4.8,95.0
18763,508,17.64107142857143,34.65625,33.51875,7.4,0.0,4.8,94.0
19663,508,17.926415094339625,32.94852941176471,31.68970588235294,7.5,7.0,6.4,95.0
20563,508,18.154098360655738,31.60204081632653,29.78775510204082,7.4,9.0,9.7,94.0
21463,508,18.253225806451614,25.147058823529413,24.652941176470588,7.4,14.0,8.0,94.0
22363,508,18.585714285714285,20.424242424242426,19.904545454545453,7.4,16.0,8.0,94.0
23263,508,18.7578125,28.56428571428572,26.752857142857145,7.5,30.0,9.7,93.0
24163,508,18.933333333333334,31.96969696969697,30.97121212121212,7.4,32.0,9.7,93.0
25063,508,18.86617647058824,29.769841269841272,28.37619047619048,7.6,40.0,11.3,92.0
25963,508,18.768115942028984,23.765625,22.2984375,7.6,39.0,11.3,93.0
26863,508,18.63623188405797,20.96153846153846,20.107692307692307,7.7,53.0,12.9,93.0
27763,508,18.504615384615384,19.484375,18.9828125,7.7,53.0,9.7,93.0
28663,508,18.38125,18.65671641791045,18.302985074626868,7.8,69.0,11.3,93.0
29563,508,18.253731343283583,18.161290322580648,17.883870967741935,7.8,74.0,12.9,92.0
30463,508,18.1546875,17.992537313432837,17.558208955223883,7.9,83.0,11.3,92.0
31363,508,18.052727272727275,17.517857142857142,17.34285714285714,8.1,98.0,11.3,91.0
32263,508,17.990909090909092,17.5,17.125806451612902,8.1,88.0,9.7,91.0
33163,508,17.9,17.5,17.0,8.1,111.0,11.3,90.0
34063,508,17.86875,17.5,16.889855072463767,8.4,125.0,9.7,90.0
34963,508,17.8,17.069230769230767,16.8,8.6,127.0,8.0,89.0
35863,508,17.8,17.0,16.8,8.7,151.0,8.0,90.0
36763,508,17.8,17.0,16.791428571428572,8.7,151.0,8.0,89.0
37663,508,17.72,17.0,16.6,9.1,160.0,8.0,88.0
38563,508,17.7,17.0,16.5,9.1,181.0,9.7,88.0
39463,508,17.7,17.0,16.5,9.2,193.0,8.0,87.0
40363,508,17.7,17.0,16.5,9.4,199.0,9.7,87.0
41263,508,17.729508196721312,17.0,16.5,9.6,236.0,8.0,87.0
42163,508,17.8,17.0,16.5,9.8,257.0,8.0,86.0
43063,508,17.8,17.0,16.5,10.2,362.0,9.7,84.0
43963,508,17.8,17.0,16.5,10.7,376.0,9.7,82.0
44863,508,17.8,17.0,16.5,11.3,410.0,8.0,82.0
45763,508,17.8,17.0,16.5,10.8,357.0,9.7,83.0
46663,508,17.8,17.0,16.5,11.2,476.0,9.7,83.0
47563,508,17.8,17.0,16.5,11.3,610.0,12.9,83.0
48463,508,17.786956521739132,17.0,16.48181818181818,11.9,1009.0,12.9,80.0
49363,508,17.7,17.0,16.444117647058825,12.0,487.0,12.9,80.0
50263,508,17.7,17.0,16.31818181818182,12.4,443.0,11.3,78.0
51163,508,17.7,17.0,16.3,12.4,795.0,12.9,78.0
52063,508,17.7,17.0,16.3,12.5,802.0,12.9,78.0
52963,508,17.619696969696967,17.0,16.3,12.3,798.0,12.9,78.0
53863,508,17.6,17.0,16.3,12.8,780.0,12.9,78.0
54763,508,17.6,17.0,16.3,12.5,754.0,12.9,78.0
55663,508,17.6,17.0,16.3,12.3,735.0,12.9,78.0
56563,508,17.6,17.0,16.3,12.7,703.0,12.9,76.0
57463,508,17.630303030303033,29.869230769230768,25.95384615384616,12.5,684.0,12.9,79.0
58363,508,17.998461538461537,35.638461538461534,34.79230769230769,12.2,657.0,12.9,79.0
59263,508,18.389855072463767,32.88461538461539,31.87846153846154,12.4,621.0,12.9,78.0
60163,508,18.63770491803279,31.80882352941176,30.557352941176468,12.4,601.0,12.9,77.0
61063,508,18.81904761904762,25.5,25.04920634920635,12.4,555.0,11.3,79.0
61963,508,18.8734375,21.746153846153845,20.93230769230769,12.3,538.0,8.0,79.0
62863,508,18.734848484848484,19.730158730158728,19.04126984126984,12.2,490.0,9.7,79.0
63763,508,18.568656716417912,18.676470588235293,18.148529411764702,12.4,468.0,8.0,79.0
64663,508,18.421666666666667,18.059701492537314,17.616417910447762,12.4,415.0,6.4,79.0
65563,508,18.265671641791045,17.68181818181818,17.345454545454547,12.3,392.0,8.0,79.0
66463,508,18.140298507462685,20.5,19.62878787878788,12.2,334.0,8.0,80.0
67363,508,18.1,24.397058823529413,23.801470588235293,12.1,318.0,8.0,81.0
68263,508,18.126984126984127,26.746153846153845,25.92923076923077,12.3,264.0,6.4,80.0
69163,508,18.2,27.532258064516128,26.653225806451616,12.2,243.0,8.0,80.0
70063,508,18.2,25.954545454545457,25.41515151515152,11.7,186.0,6.4,81.0
70963,508,18.2,25.544117647058822,24.625,11.4,156.0,8.0,82.0
71863,508,18.2,25.78358208955224,24.919402985074623,10.6,44.0,4.8,85.0
72763,508,18.2,27.05970149253731,25.786567164179104,10.3,39.0,4.8,86.0
73663,508,18.276785714285715,28.75,27.51818181818182,9.6,30.0,3.2,89.0
74563,508,18.34603174603175,29.73188405797101,28.372463768115946,9.5,26.0,3.2,89.0
75463,508,18.425,31.0,29.8032786885246,9.2,14.0,1.6,90.0
76363,508,18.5,30.723076923076924,29.46923076923077,9.1,9.0,1.6,91.0
77263,508,18.743548387096773,47.9469696969697,42.2469696969697,8.8,0.0,1.6,92.0
78163,508,19.28030303030303,34.5234375,30.1828125,8.7,0.0,3.2,92.0
79063,508,19.437313432835825,26.73529411764706,24.036764705882355,8.3,0.0,1.6,92.0
79963,508,19.45925925925926,24.611940298507463,26.713432835820896,8.2,0.0,0.0,93.0
80863,508,20.941463414634143,22.85384615384616,23.144615384615385,7.5,0.0,0.0,93.0
81763,508,20.61428571428572,20.66,20.210666666666665,7.6,0.0,0.0,94.0
82663,508,19.854166666666664,19.4921875,19.0265625,7.1,0.0,0.0,93.0
83563,508,19.344736842105263,18.746031746031747,18.35873015873016,6.8,0.0,0.0,93.0
84463,508,19.044444444444444,18.291044776119403,17.919402985074626,6.4,0.0,0.0,94.0
85363,508,18.75294117647059,18.0,17.643478260869564,6.4,0.0,0.0,95.0
86263,508,18.5,17.861538461538462,17.447692307692307,6.2,0.0,0.0,95.0
763,509,18.34081632653061,17.5,17.3,6.3,0.0,0.0,96.0
1663,509,18.17551020408164,17.5,17.12272727272727,6.2,0.0,0.0,95.0
2563,509,18.08372093023256,17.5,17.0,6.1,0.0,0.0,95.0
3463,509,18.0,17.5,16.92666666666667,6.5,0.0,0.0,96.0
4363,509,17.926923076923078,17.223880597014926,16.8,6.6,0.0,0.0,96.0
5263,509,17.88372093023256,17.0,16.8,6.9,0.0,0.0,96.0
6163,509,17.8,17.0,16.583823529411767,7.0,0.0,0.0,96.0
7063,509,17.8,17.0,16.5,7.0,0.0,0.0,96.0
7963,509,17.70232558139535,17.0,16.5,7.0,0.0,4.8,96.0
8863,509,17.7,17.0,16.5,7.1,0.0,4.8,96.0
9763,509,17.64651162790698,17.0,16.375757575757575,7.0,0.0,3.2,96.0
10663,509,17.6,17.0,16.3,7.0,0.0,3.2,96.0
11563,509,17.6,17.0,16.3,7.0,0.0,0.0,97.0
12463,509,17.561702127659576,17.0,16.3,7.0,0.0,1.6,97.0
13363,509,17.555172413793105,17.0,16.3,6.9,0.0,3.2,97.0
14263,509,17.5,16.962686567164177,16.3,6.9,0.0,1.6,97.0
15163,509,17.5,16.55,16.214285714285715,6.9,0.0,1.6,97.0
16063,509,17.465,16.5,16.0044776119403,7.0,0.0,0.0,97.0
16963,509,17.4,22.416666666666664,19.113636363636363,6.9,0.0,1.6,97.0
17863,509,17.596363636363638,40.22857142857143,37.667142857142856,6.9,0.0,3.2,97.0
18763,509,18.08392857142857,38.27692307692308,37.05230769230769,6.8,5.0,3.2,97.0
19663,509,18.369090909090907,31.15151515151515,30.243939393939392,6.7,9.0,3.2,97.0
20563,509,18.4,29.84375,28.8109375,6.5,11.0,3.2,97.0
21463,509,18.4,24.39130434782609,22.99855072463768,6.6,18.0,4.8,97.0
22363,509,18.30408163265306,21.0,20.16769230769231,6.4,23.0,4.8,97.0
23263,509,18.2,19.96969696969697,20.816666666666663,6.3,37.0,3.2,97.0
24163,509,18.3765625,19.649253731343286,20.46716417910448,6.3,42.0,4.8,97.0
25063,509,18.3359375,18.6,18.44833333333333,6.4,54.0,1.6,97.0
25963,509,18.16229508196721,17.915384615384617,17.52,6.5,63.0,4.8,97.0
26863,509,18.04179104477612,17.5,17.097058823529412,6.5,81.0,3.2,96.0
27763,509,17.94920634920635,17.492307692307694,16.89846153846154,6.5,84.0,3.2,96.0
28663,509,17.9,17.01492537313433,16.8,6.8,105.0,3.2,96.0
29563,509,17.814285714285713,17.0,16.78153846153846,6.9,118.0,6.4,95.0
30463,509,17.8,17.0,16.52238805970149,6.9,148.0,8.0,94.0
31363,509,17.8,17.0,16.5,7.2,169.0,4.8,94.0
32263,509,17.8,17.0,16.5,7.7,243.0,3.2,93.0
33163,509,17.8,17.0,16.5,8.1,234.0,6.4,92.0
34063,509,17.8,17.0,16.5,8.7,309.0,6.4,90.0
34963,509,17.8,17.0,16.5,9.1,343.0,3.2,89.0
35863,509,17.8,17.0,16.5,10.2,765.0,6.4,86.0
36763,509,17.8,17.0,16.5,9.9,664.0,6.4,85.0
37663,509,17.8,17.0,16.48125,11.3,675.0,6.4,84.0
38563,509,17.8,17.0,16.35373134328358,10.8,719.0,4.8,84.0
39463,509,17.8,17.0,16.3,11.9,729.0,8.0,80.0
40363,509,17.8,17.0,16.3,12.0,742.0,8.0,81.0
41263,509,17.8,17.0,16.3,12.3,765.0,8.0,82.0
42163,509,17.8,17.0,16.3,11.9,777.0,6.4,83.0
43063,509,17.8,17.0,16.3,12.5,798.0,8.0,80.0
43963,509,17.8,17.0,16.3,12.9,807.0,8.0,81.0
44863,509,17.8,17.0,16.3,13.2,809.0,8.0,80.0
45763,509,17.74375,17.0,16.3,13.3,812.0,9.7,78.0
46663,509,17.7,17.0,16.3,13.0,816.0,9.7,79.0
47563,509,17.7,17.0,16.3,12.6,821.0,9.7,80.0
48463,509,17.7,16.97101449275362,16.3,13.2,816.0,12.9,80.0
49363,509,17.693846153846152,16.880597014925375,16.3,12.7,821.0,12.9,80.0
50263,509,17.601694915254235,16.741935483870968,16.3,13.4,831.0,9.7,79.0
51163,509,17.6,16.546153846153846,16.3,13.7,849.0,11.3,80.0
52063,509,17.6,16.53846153846154,16.3,13.7,775.0,11.3,79.0
52963,509,17.6,16.5,16.3,13.3,770.0,11.3,80.0
53863,509,17.6,16.507575757575758,16.3,14.3,740.0,6.4,78.0
54763,509,17.6,16.507462686567163,16.3,14.0,728.0,8.0,76.0
55663,509,17.6,16.5,16.3,14.2,696.0,8.0,78.0
56563,509,17.6,16.56153846153846,16.306153846153848,14.1,686.0,8.0,78.0
57463,509,17.763076923076923,43.99242424242424,38.22575757575758,13.4,654.0,9.7,78.0
58363,509,18.525,44.85915492957746,43.77042253521127,13.2,633.0,8.0,79.0
59263,509,19.075806451612905,37.17424242424242,36.125757575757575,13.1,603.0,9.7,80.0
60163,509,19.277611940298502,30.174242424242426,28.12575757575757,13.2,578.0,8.0,79.0
61063,509,19.224242424242423,24.674242424242426,24.021212121212123,13.2,533.0,11.3,79.0
61963,509,18.68548387096774,22.384615384615383,22.446153846153845,12.8,541.0,11.3,79.0
62863,509,17.934920634920637,19.954545454545453,19.16515151515152,12.9,506.0,8.0,79.0
63763,509,17.465,18.477941176470587,17.819117647058825,12.9,441.0,6.4,79.0
64663,509,17.18709677419355,17.71212121212121,17.124242424242425,12.6,392.0,9.7,80.0
65563,509,16.92295081967213,17.06818181818182,16.56818181818182,12.8,371.0,6.4,80.0
66463,509,16.931343283582088,17.0,16.496923076923075,12.4,329.0,8.0,81.0
67363,509,17.083582089552237,16.68181818181818,16.2,12.5,308.0,8.0,81.0
68263,509,17.19848484848485,16.4453125,15.853125,12.6,262.0,6.4,81.0
69163,509,17.2140625,33.024193548387096,27.270967741935483,12.4,241.0,8.0,81.0
70063,509,17.72063492063492,56.31343283582089,54.2,11.9,183.0,6.4,82.0
70963,509,18.36031746031746,53.22388059701492,52.7,11.4,163.0,6.4,84.0
71863,509,18.76716417910448,54.25,53.17258064516129,10.3,74.0,8.0,88.0
72763,509,19.12153846153846,55.614285714285714,53.61857142857143,10.1,100.0,8.0,89.0
73663,509,19.37301587301588,53.4016393442623,52.69180327868852,9.7,62.0,6.4,91.0
74563,509,19.533846153846152,54.282258064516135,52.68870967741936,9.4,44.0,8.0,92.0
75463,509,19.7,45.11864406779661,42.60847457627119,9.1,21.0,6.4,93.0
76363,509,19.63870967741936,35.03731343283582,32.42686567164179,9.0,14.0,6.4,93.0
77263,509,19.430232558139533,27.12686567164179,25.96716417910448,8.8,0.0,4.8,94.0
78163,509,19.30967741935484,23.960317460317462,24.4936507936508,8.7,0.0,3.2,94.0
79063,509,19.178688524590164,22.56060606060606,24.063636363636363,8.5,0.0,3.2,95.0
79963,509,18.97966101694915,20.365079365079364,20.16984126984127,8.4,0.0,3.2,95.0
80863,509,19.262,19.1031746031746,18.604761904761904,8.4,0.0,3.2,95.0
81763,509,19.97872340425532,18.57971014492754,18.115942028985508,8.3,0.0,1.6,95.0
82663,509,19.32857142857143,18.03076923076923,17.615384615384617,8.1,0.0,1.6,96.0
83563,509,18.937704918032782,17.90441176470588,17.35,8.1,0.0,1.6,96.0
84463,509,18.55806451612904,17.5,17.084375,7.9,0.0,1.6,96.0
85363,509,18.357627118644068,17.5,16.977777777777778,7.9,0.0,3.2,97.0
86263,509,18.2135593220339,17.42753623188406,16.8,7.8,0.0,4.8,97.0
763,510,18.107407407407408,17.024590163934427,16.795081967213115,7.7,0.0,3.2,97.0
1663,510,18.008196721311474,17.0,16.5328125,7.6,0.0,3.2,97.0
2563,510,17.92537313432836,17.0,16.5,7.6,0.0,1.6,97.0
3463,510,17.855223880597016,17.0,16.5,7.6,0.0,3.2,98.0
4363,510,17.8,17.0,16.47058823529412,7.4,0.0,1.6,97.0
5263,510,17.728787878787877,17.0,16.305882352941175,7.4,0.0,3.2,97.0
6163,510,17.7,17.0,16.3,7.3,0.0,1.6,98.0
7063,510,17.62063492063492,17.0,16.3,7.4,0.0,4.8,98.0
7963,510,17.6,17.0,16.3,7.3,0.0,3.2,98.0
8863,510,,,,7.2,0.0,1.6,98.0
9763,510,,,,7.3,0.0,3.2,98.0
10663,510,,,,7.3,0.0,0.0,98.0
11563,510,,,,7.4,0.0,0.0,98.0
12463,510,,,,7.3,0.0,0.0,98.0
13363,510,,,,7.4,0.0,0.0,98.0
14263,510,,,,7.3,0.0,0.0,98.0
15163,510,17.3,16.5,16.0,7.2,0.0,0.0,98.0
16063,510,17.3,16.738805970149254,16.03283582089552,7.3,0.0,1.6,98.0
16963,510,17.52,48.246153846153845,42.503076923076925,7.4,0.0,6.4,98.0
17863,510,18.41774193548387,40.85074626865672,40.65373134328358,7.4,5.0,1.6,98.0
18763,510,18.912903225806453,48.89655172413793,45.77068965517241,7.4,7.0,0.0,98.0
19663,510,19.432258064516127,44.784615384615385,42.30615384615385,7.4,19.0,0.0,98.0
20563,510,19.68448275862069,37.21641791044776,36.44925373134328,7.4,33.0,0.0,98.0
21463,510,19.6936507936508,28.63846153846153,28.25846153846154,7.4,40.0,1.6,98.0
22363,510,19.57454545454545,23.27777777777778,22.65138888888889,7.3,44.0,1.6,98.0
23263,510,20.56065573770492,23.14516129032258,23.579032258064515,7.4,65.0,1.6,98.0
24163,510,19.865957446808512,46.169230769230765,41.44307692307692,7.6,83.0,3.2,98.0
25063,510,19.852272727272727,39.66176470588236,37.125,7.7,109.0,3.2,98.0
25963,510,20.01363636363636,35.06060606060606,31.5030303030303,7.7,79.0,3.2,98.0
26863,510,20.1,26.661538461538463,24.08153846153846,7.9,149.0,0.0,98.0
27763,510,20.1,22.71212121212121,21.366666666666667,8.3,123.0,0.0,98.0
28663,510,19.98,20.65909090909091,19.95151515151515,8.2,113.0,3.2,98.0
29563,510,19.84285714285714,19.484848484848484,19.04848484848485,8.5,111.0,0.0,98.0
30463,510,19.68076923076924,18.7734375,18.43125,9.2,56.0,3.2,97.0
31363,510,19.544444444444444,18.39130434782609,17.99855072463768,9.6,56.0,3.2,96.0
32263,510,19.384615384615383,18.0,17.753125,10.4,58.0,4.8,91.0
33163,510,19.27173913043478,18.0,17.5,11.1,62.0,3.2,89.0
34063,510,19.15925925925925,17.623076923076923,17.373846153846152,12.9,540.0,6.4,80.0
34963,510,19.0375,17.5,17.3,13.7,564.0,4.8,79.0
35863,510,18.935185185185183,17.5,17.2390625,14.2,610.0,6.4,75.0
36763,510,18.85918367346939,17.5,17.005000000000003,14.4,631.0,11.3,74.0
37663,510,18.7686274509804,17.5,17.0,14.8,664.0,9.7,72.0
38563,510,18.7,17.5,17.0,15.2,682.0,11.3,68.0
39463,510,18.686,17.5,17.0,15.4,742.0,14.5,66.0
40363,510,18.6,17.5,16.938235294117646,15.5,687.0,14.5,66.0
41263,510,18.6,17.5,16.8,16.2,789.0,12.9,62.0
42163,510,18.585454545454542,17.5,16.8,16.2,780.0,12.9,63.0
43063,510,18.5,17.5,16.8,16.3,788.0,19.3,61.0
43963,510,18.5,17.5,16.8,16.1,798.0,16.1,60.0
44863,510,18.5,17.5,16.8,16.3,728.0,16.1,61.0
45763,510,18.40175438596492,17.416666666666664,16.8,16.4,828.0,16.1,63.0
46663,510,18.4,17.191176470588236,16.8,16.8,849.0,19.3,61.0
47563,510,18.4,17.06451612903226,16.8,16.4,570.0,19.3,60.0
48463,510,18.4,17.125,16.8,16.6,849.0,24.1,65.0
49363,510,18.4,17.09558823529412,16.8,16.3,417.0,22.5,62.0
50263,510,18.4,17.06818181818182,16.8,15.8,373.0,17.7,67.0
51163,510,18.4,17.144927536231883,16.8,16.6,770.0,17.7,66.0
52063,510,18.4,17.238805970149254,16.8,17.4,817.0,19.3,63.0
52963,510,18.4,17.316176470588236,16.8,17.2,807.0,24.1,63.0
53863,510,18.4,17.483870967741936,16.8,16.9,628.0,22.5,62.0
54763,510,18.4,17.5,16.8,17.0,703.0,22.5,62.0
55663,510,18.354,17.5,16.8,17.2,638.0,20.9,59.0
56563,510,18.305263157894736,17.5,16.94626865671642,17.1,640.0,19.3,57.0
57463,510,18.30625,17.54032258064516,16.861290322580647,17.2,313.0,20.9,53.0
58363,510,18.47931034482759,18.93076923076924,17.604615384615386,16.6,281.0,20.9,54.0
59263,510,18.5,23.346153846153847,22.25230769230769,15.9,257.0,17.7,55.0
60163,510,18.53529411764706,25.05555555555556,23.78333333333333,15.5,241.0,17.7,56.0
61063,510,18.61515151515152,27.340909090909093,26.2939393939394,15.1,246.0,17.7,59.0
61963,510,18.789473684210527,29.5530303030303,28.243939393939392,14.8,232.0,17.7,60.0
62863,510,18.968421052631577,31.02040816326531,29.93469387755102,14.5,197.0,19.3,62.0
63763,510,19.164,31.025,29.78833333333333,14.7,142.0,14.5,63.0
64663,510,19.3,25.34375,23.93125,14.5,130.0,12.9,66.0
65563,510,19.3,21.65625,20.660416666666663,14.3,121.0,17.7,68.0
66463,510,19.226315789473684,19.76,19.144,13.7,127.0,12.9,73.0
67363,510,19.07567567567568,19.303571428571427,19.38571428571429,13.7,102.0,12.9,74.0
68263,510,18.951282051282053,18.81060606060606,18.784848484848485,13.8,229.0,12.9,76.0
69163,510,18.833962264150944,18.31428571428572,17.962857142857143,14.0,178.0,12.9,76.0
70063,510,18.704444444444444,18.0,17.63235294117647,13.3,60.0,12.9,79.0
70963,510,18.616666666666667,23.169642857142858,20.6625,13.1,88.0,11.3,80.0
71863,510,19.226666666666667,55.0,50.19565217391305,12.6,67.0,12.9,84.0
72763,510,20.146875,48.11224489795918,45.19795918367347,12.2,37.0,12.9,84.0
73663,510,20.505714285714284,35.38,33.152,12.0,25.0,11.3,86.0
74563,510,20.514705882352946,27.571428571428573,26.059523809523807,11.9,14.0,11.3,86.0
75463,510,20.36,23.69811320754717,22.552830188679245,11.9,7.0,9.7,85.0
76363,510,20.20566037735849,22.63114754098361,24.10655737704917,11.8,7.0,8.0,86.0
77263,510,20.03018867924528,21.8046875,23.5453125,11.7,5.0,11.3,86.0
78163,510,19.788888888888888,20.8046875,21.5734375,11.7,0.0,9.7,85.0
79063,510,19.552777777777777,19.61290322580645,19.26290322580645,11.6,0.0,12.9,85.0
79963,510,19.35384615384616,18.95714285714286,18.585714285714285,11.5,0.0,11.3,85.0
80863,510,19.29111111111111,19.5,20.007692307692302,11.3,0.0,9.7,86.0
81763,510,19.233898305084743,19.03174603174603,18.728571428571428,11.2,0.0,8.0,86.0
82663,510,19.09384615384615,18.5,18.08125,11.0,0.0,12.9,87.0
83563,510,19.0,18.307692307692307,17.803076923076922,10.9,0.0,14.5,87.0
84463,510,18.908620689655173,18.0,17.61785714285714,10.8,0.0,14.5,88.0
85363,510,18.84385964912281,18.0,17.5,10.7,0.0,12.9,88.0
86263,510,18.788888888888888,18.0,17.5,10.5,0.0,14.5,89.0
763,511,18.7,18.0,17.387323943661972,10.5,0.0,14.5,90.0
1663,511,18.65873015873016,18.0,17.3,10.3,0.0,9.7,90.0
2563,511,18.6,17.984615384615385,17.3,10.2,0.0,8.0,91.0
3463,511,18.584745762711865,17.84848484848485,17.3,10.1,0.0,11.3,91.0
4363,511,18.5,17.51492537313433,17.3,10.0,0.0,11.3,91.0
5263,511,18.5,17.5,17.254545454545454,9.9,0.0,11.3,92.0
6163,511,18.435,17.5,17.021428571428572,9.8,0.0,11.3,92.0
7063,511,18.4,17.5,17.0,9.7,0.0,12.9,93.0
7963,511,18.4,17.5,17.0,9.7,0.0,12.9,93.0
8863,511,18.39814814814815,17.5,17.0,9.7,0.0,12.9,93.0
9763,511,18.3,17.5,17.0,9.7,0.0,12.9,93.0
10663,511,18.3,17.5,17.0,9.6,0.0,9.7,93.0
11563,511,18.3,17.5,17.0,9.7,0.0,8.0,93.0
12463,511,18.246296296296297,17.5,17.0,9.7,0.0,9.7,93.0
13363,511,18.2,17.5,16.985507246376812,9.7,0.0,11.3,92.0
14263,511,18.2,17.5,16.901449275362317,9.7,0.0,14.5,92.0
15163,511,18.2,17.5,16.80923076923077,9.7,0.0,11.3,93.0
16063,511,18.2,17.5,16.8,9.7,0.0,11.3,93.0
16963,511,18.13214285714286,17.5,16.8,9.7,0.0,11.3,93.0
17863,511,18.1,17.5,16.8,9.6,0.0,11.3,93.0
18763,511,18.1,18.607142857142858,17.247142857142855,9.6,0.0,14.5,93.0
19663,511,18.1,23.514705882352946,22.280882352941177,9.6,7.0,11.3,93.0
20563,511,18.15,26.36567164179105,24.90597014925373,9.5,0.0,11.3,94.0
21463,511,18.25714285714286,29.471014492753625,27.89710144927536,9.6,12.0,11.3,94.0
22363,511,18.43606557377049,32.05223880597015,30.34776119402985,9.6,21.0,8.0,94.0
23263,511,18.584615384615383,32.646153846153844,31.52769230769231,9.7,35.0,9.7,94.0
24163,511,18.68653846153846,27.55882352941176,26.729411764705883,9.7,28.0,12.9,94.0
25063,511,18.7,23.174242424242426,23.28636363636364,9.7,53.0,14.5,93.0
25963,511,19.24833333333333,20.87692307692308,21.243076923076924,9.8,51.0,12.9,94.0
26863,511,19.2890625,20.123076923076923,20.33076923076923,9.8,63.0,14.5,93.0
27763,511,18.5078125,19.303030303030305,19.55151515151515,9.9,47.0,12.9,93.0
28663,511,18.59206349206349,18.698529411764707,18.32205882352941,9.9,37.0,14.5,93.0
29563,511,18.57575757575757,18.23846153846154,17.84923076923077,9.9,51.0,16.1,93.0
30463,511,18.5,18.0,17.51875,10.1,105.0,17.7,92.0
31363,511,18.49848484848485,18.0,17.39677419354839,10.2,111.0,20.9,92.0
32263,511,18.40571428571429,17.75,17.3,10.2,209.0,20.9,92.0
33163,511,18.490163934426228,17.5,17.3,10.3,104.0,19.3,92.0
34063,511,18.41333333333333,17.5,17.3,10.2,100.0,16.1,92.0
34963,511,18.49076923076923,17.5,17.2015625,10.4,171.0,12.9,92.0
35863,511,18.5,17.5,17.00857142857143,11.1,320.0,16.1,90.0
36763,511,18.5,17.5,17.0,11.8,253.0,17.7,88.0
37663,511,18.5,17.5,17.0,13.1,773.0,17.7,83.0
38563,511,18.5,17.5,17.0,13.5,455.0,17.7,82.0
39463,511,18.5,17.5,17.0,13.6,448.0,16.1,81.0
40363,511,18.50441176470588,17.5,17.0,13.9,346.0,16.1,81.0
41263,511,18.59692307692308,17.5,17.0,12.9,436.0,16.1,84.0
42163,511,18.6,17.5,17.0,12.7,274.0,16.1,84.0
43063,511,18.6,17.7,17.28923076923077,12.3,454.0,16.1,86.0
43963,511,18.52258064516129,17.7578125,17.2625,13.1,902.0,16.1,85.0
44863,511,18.5,17.5,17.0,14.4,939.0,16.1,81.0
45763,511,18.5,17.5,16.991044776119402,14.6,807.0,14.5,80.0
46663,511,18.4109375,17.5,16.9625,14.1,765.0,16.1,81.0
47563,511,18.4,17.5,16.883582089552238,14.8,854.0,14.5,79.0
48463,511,18.4,17.5,16.8,14.5,844.0,12.9,80.0
49363,511,18.4,17.5,16.8,14.2,786.0,11.3,81.0
50263,511,18.4,17.5,16.8,14.2,749.0,14.5,81.0
51163,511,18.39354838709677,17.5,16.8,14.5,807.0,12.9,80.0
52063,511,18.3,17.5,16.8,14.3,779.0,14.5,81.0
52963,511,18.3,17.5,16.8,14.4,766.0,16.1,78.0
53863,511,18.3,17.5,16.8,14.4,779.0,11.3,79.0
54763,511,18.3,17.5,16.8,14.3,770.0,16.1,79.0
55663,511,18.3,17.5,16.8,14.9,663.0,14.5,75.0
56563,511,18.34328358208955,17.5,16.82941176470588,14.0,330.0,12.9,78.0
57463,511,18.4,17.5,17.0,14.2,668.0,12.9,77.0
58363,511,18.4,18.186567164179102,17.061194029850746,14.4,640.0,12.9,78.0
59263,511,18.4,21.391666666666666,20.38833333333333,14.1,617.0,14.5,79.0
60163,511,18.036764705882355,23.65873015873016,22.64761904761905,14.2,564.0,12.9,79.0
61063,511,17.450819672131146,25.913043478260867,24.96086956521739,14.6,601.0,8.0,78.0
61963,511,17.38095238095238,25.436507936507937,24.91111111111111,14.2,276.0,9.7,78.0
62863,511,17.175409836065576,26.432203389830512,24.38135593220339,12.8,248.0,11.3,81.0
63763,511,17.3828125,56.79629629629629,52.21296296296297,12.5,292.0,9.7,83.0
64663,511,17.5,43.57692307692308,41.18153846153847,12.1,197.0,9.7,84.0
65563,511,17.37794117647059,35.06349206349206,32.6920634920635,11.7,144.0,9.7,85.0
66463,511,17.06984126984127,25.98529411764706,23.69558823529412,10.6,81.0,11.3,89.0
67363,511,16.778787878787877,27.984615384615388,26.98,10.2,93.0,11.3,90.0
68263,511,16.81016949152542,53.88709677419355,48.211290322580645,9.6,81.0,9.7,92.0
69163,511,17.365079365079364,45.77205882352941,43.96911764705882,9.4,42.0,11.3,93.0
70063,511,18.256716417910447,42.3,39.58307692307692,9.2,62.0,9.7,94.0
70963,511,19.075,31.3032786885246,28.47049180327869,9.1,56.0,9.7,94.0
71863,511,19.39032258064516,26.11029411764706,25.391176470588235,9.0,35.0,11.3,94.0
72763,511,19.5,22.676470588235293,21.36029411764705,9.1,18.0,9.7,94.0
73663,511,19.4625,20.70754716981132,19.58679245283019,8.8,11.0,8.0,94.0
74563,511,19.3,19.559701492537314,18.74029850746269,8.8,12.0,9.7,94.0
75463,511,19.1234375,18.90625,18.2796875,8.7,7.0,8.0,95.0
76363,511,18.96,18.5,17.924242424242426,8.7,5.0,9.7,95.0
77263,511,18.864406779661017,18.443548387096776,17.8,8.6,0.0,9.7,96.0
78163,511,18.72615384615385,18.00735294117647,17.65,8.6,0.0,8.0,96.0
79063,511,18.596969696969698,18.0,17.5,8.3,0.0,9.7,96.0
79963,511,18.5,18.0,17.338805970149256,8.3,0.0,8.0,96.0
80863,511,18.441509433962263,18.0,17.52769230769231,8.2,0.0,11.3,97.0
81763,511,18.480392156862745,18.296875,18.203125,8.2,0.0,9.7,97.0
82663,511,18.43888888888889,18.0,17.63968253968254,8.1,0.0,9.7,97.0
83563,511,18.4,18.0,17.34848484848485,8.1,0.0,11.3,97.0
84463,511,18.392857142857142,17.77941176470588,17.3,8.0,0.0,9.7,97.0
85363,511,18.3,17.5,17.111428571428572,8.0,0.0,9.7,97.0
86263,511,18.3,17.5,17.0,7.9,0.0,9.7,98.0
763,512,18.21923076923077,17.5,17.0,8.0,0.0,8.0,98.0
1663,512,18.2,17.5,17.0,7.9,0.0,9.7,98.0
2563,512,18.16842105263158,17.5,17.0,8.0,0.0,9.7,98.0
3463,512,18.1,17.5,16.906060606060606,8.0,0.0,9.7,98.0
4363,512,18.1,17.5,16.8,7.9,0.0,11.3,98.0
5263,512,18.1,17.5,16.8,7.9,0.0,11.3,98.0
6163,512,18.012280701754385,17.5,16.8,7.9,0.0,8.0,98.0
7063,512,18.0,17.5,16.8,7.8,0.0,11.3,98.0
7963,512,18.0,17.5,16.8,7.8,0.0,11.3,98.0
8863,512,17.95357142857143,17.5,16.8,7.7,0.0,9.7,98.0
9763,512,17.9,17.424242424242426,16.8,7.7,0.0,8.0,98.0
10663,512,17.9,17.11111111111111,16.68095238095238,7.7,0.0,8.0,98.0
11563,512,17.880327868852458,17.0,16.5,7.8,0.0,6.4,98.0
12463,512,17.8,17.0,16.5,7.8,0.0,9.7,99.0
13363,512,17.8,17.19047619047619,16.58095238095238,7.8,0.0,11.3,99.0
14263,512,17.8,17.0,16.5,7.8,0.0,9.7,99.0
15163,512,17.8,17.0,16.5,7.8,0.0,9.7,99.0
16063,512,17.712,17.0,16.5,7.7,0.0,14.5,98.0
16963,512,17.7,17.0,16.46363636363636,7.7,0.0,9.7,99.0
17863,512,17.7,19.87121212121212,18.259090909090908,7.6,0.0,11.3,99.0
18763,512,17.7,23.43939393939394,22.48181818181818,7.6,5.0,9.7,99.0
19663,512,17.724074074074075,25.03030303030303,24.145454545454548,7.6,12.0,11.3,99.0
20563,512,17.8,26.560606060606062,25.19696969696969,7.6,12.0,9.7,99.0
21463,512,17.886046511627907,29.40625,27.8203125,7.6,21.0,8.0,99.0
22363,512,18.02173913043478,31.409090909090907,29.5439393939394,7.6,25.0,9.7,99.0
23263,512,18.183333333333334,31.694444444444446,30.71666666666667,7.7,30.0,8.0,99.0
24163,512,18.236507936507937,29.416666666666668,29.040909090909093,7.7,28.0,8.0,99.0
25063,512,18.33692307692308,25.27272727272728,24.922727272727272,7.7,51.0,16.1,99.0
25963,512,18.47258064516129,21.6796875,21.4453125,7.8,63.0,16.1,99.0
26863,512,18.40151515151515,19.66417910447761,19.2955223880597,7.8,67.0,11.3,99.0
27763,512,18.265625,18.5546875,18.1078125,7.9,69.0,11.3,99.0
28663,512,18.15151515151515,18.0,17.54558823529412,8.1,83.0,11.3,99.0
29563,512,18.04769230769231,17.60483870967742,17.22741935483871,8.2,95.0,11.3,99.0
30463,512,17.96818181818182,17.5,17.0,8.4,102.0,11.3,99.0
31363,512,17.9,17.5,16.816129032258065,8.5,88.0,11.3,99.0
32263,512,17.810144927536232,17.242424242424242,16.8,8.6,95.0,12.9,99.0
33163,512,17.8,17.0,16.747826086956522,8.6,86.0,12.9,99.0
34063,512,17.777611940298506,17.0,16.504761904761903,8.7,109.0,8.0,99.0
34963,512,17.7,17.0,16.5,8.6,146.0,11.3,99.0
35863,512,17.7,17.0,16.5,9.1,155.0,9.7,99.0
36763,512,17.7,17.0,16.5,9.0,130.0,11.3,99.0
37663,512,17.7,17.0,16.5,9.1,144.0,12.9,99.0
38563,512,17.7,17.0,16.5,9.2,171.0,9.7,99.0
39463,512,17.7,17.0,16.5,9.2,158.0,8.0,99.0
40363,512,17.6796875,17.0,16.47910447761194,9.2,163.0,11.3,99.0
41263,512,17.696969696969695,17.0,16.474603174603175,9.3,167.0,8.0,99.0
42163,512,17.7,17.0,16.496428571428574,9.4,192.0,9.7,99.0
43063,512,17.7,17.0,16.46764705882353,9.5,223.0,9.7,99.0
43963,512,17.7,17.0,16.47910447761194,9.7,250.0,9.7,99.0
44863,512,17.753731343283583,17.0,16.47142857142857,9.8,265.0,11.3,99.0
45763,512,17.79558823529412,17.0,16.42537313432836,9.7,244.0,9.7,99.0
46663,512,17.707462686567162,17.0,16.326086956521742,10.0,213.0,6.4,99.0
47563,512,17.773846153846154,17.0,16.32622950819672,9.9,236.0,9.7,99.0
48463,512,17.8,17.0,16.315873015873017,10.3,336.0,11.3,99.0
49363,512,17.8,17.0,16.30923076923077,10.4,325.0,9.7,99.0
50263,512,17.77457627118644,17.0,16.31639344262295,10.4,292.0,9.7,98.0
51163,512,17.30862068965517,17.057377049180328,16.427868852459017,10.6,364.0,8.0,98.0
52063,512,16.740983606557375,16.861538461538462,16.01846153846154,10.7,265.0,8.0,97.0
52963,512,16.903389830508473,16.96825396825397,16.276190476190475,10.6,257.0,6.4,96.0
53863,512,16.871428571428574,16.566666666666666,16.04,10.6,250.0,9.7,96.0
54763,512,16.813636363636363,16.492307692307694,15.749230769230769,10.7,362.0,8.0,96.0
55663,512,16.682089552238807,33.09230769230769,27.13692307692308,10.8,272.0,6.4,96.0
56563,512,17.068253968253966,57.046875,54.7609375,10.7,251.0,6.4,95.0
57463,512,17.6078125,51.10606060606061,48.82878787878788,10.8,246.0,3.2,95.0
58363,512,18.106451612903225,51.518181818181816,49.260000000000005,11.2,325.0,3.2,95.0
59263,512,18.17627118644068,35.072580645161295,33.84193548387097,11.1,214.0,4.8,94.0
60163,512,18.016176470588235,26.2734375,25.1,10.8,195.0,6.4,94.0
61063,512,17.821875,21.38888888888889,20.1984126984127,11.1,229.0,4.8,94.0
61963,512,17.504761904761903,19.35384615384616,18.41692307692308,10.9,253.0,4.8,95.0
62863,512,16.822222222222223,19.00757575757576,19.333333333333336,10.9,204.0,6.4,94.0
63763,512,16.522058823529413,17.8203125,17.4515625,10.7,186.0,6.4,94.0
64663,512,16.35,17.1,16.555384615384618,10.7,181.0,8.0,95.0
65563,512,16.713846153846156,17.0,16.5,10.8,188.0,3.2,95.0
66463,512,16.8969696969697,17.0,16.5,10.9,156.0,6.4,95.0
67363,512,17.02258064516129,17.0,16.5,10.8,149.0,8.0,94.0
68263,512,17.110169491525422,17.0,16.5044776119403,10.7,104.0,8.0,95.0
69163,512,17.2,17.0,16.94626865671642,10.6,107.0,6.4,95.0
70063,512,17.2,17.0,16.544117647058822,10.6,109.0,4.8,95.0
70963,512,17.2,17.0,16.356716417910448,10.3,95.0,8.0,96.0
71863,512,17.2,17.0,16.3,10.4,81.0,3.2,96.0
72763,512,17.2,17.0,16.3,10.4,37.0,4.8,96.0
73663,512,17.293939393939393,17.0,16.43030303030303,10.0,33.0,6.4,97.0
74563,512,17.184615384615384,16.5,15.949253731343283,9.8,21.0,8.0,97.0
75463,512,17.1,16.5,15.815873015873017,9.9,7.0,4.8,98.0
76363,512,17.1,16.5,15.996923076923077,9.8,5.0,6.4,98.0
77263,512,17.1,16.5,16.0,9.9,0.0,6.4,98.0
78163,512,17.1,16.5,16.0,9.9,0.0,6.4,98.0
79063,512,17.1,16.5,16.0,10.0,0.0,6.4,98.0
79963,512,17.1,16.5,16.0,10.0,0.0,4.8,98.0
80863,512,17.165151515151514,16.761904761904763,16.211111111111112,9.8,0.0,1.6,98.0
81763,512,18.628571428571423,17.424242424242426,16.637878787878787,9.8,0.0,3.2,98.0
82663,512,18.432352941176468,17.053030303030305,16.5,9.7,0.0,6.4,98.0
83563,512,18.090625,17.0,16.5,9.6,0.0,6.4,98.0
84463,512,17.8015873015873,17.0,16.346875,9.5,0.0,6.4,98.0
85363,512,17.56451612903226,17.0,16.3,9.4,0.0,6.4,99.0
86263,512,17.4484375,17.0,16.3,9.3,0.0,6.4,99.0
763,513,17.4,17.0,16.3,9.3,0.0,6.4,99.0
1663,513,17.30793650793651,16.825757575757574,16.3,9.1,0.0,9.7,99.0
2563,513,17.3,16.515151515151516,16.295454545454547,9.1,0.0,8.0,99.0
3463,513,17.3,16.5,16.12923076923077,8.9,0.0,1.6,99.0
4363,513,17.23846153846154,16.5,16.022727272727273,8.9,0.0,1.6,99.0
5263,513,17.2,16.5,16.0,8.8,0.0,3.2,99.0
6163,513,17.2,16.5,16.0,8.6,0.0,3.2,99.0
7063,513,17.2,16.5,16.0,8.6,0.0,0.0,99.0
7963,513,17.2,16.5,16.0,8.6,0.0,3.2,99.0
8863,513,17.13134328358209,16.5,16.0,8.7,0.0,0.0,99.0
9763,513,17.1,16.5,16.0,8.8,0.0,0.0,99.0
10663,513,17.1,16.5,16.0,9.0,0.0,1.6,99.0
11563,513,17.1,16.5,16.0,9.1,0.0,1.6,99.0
12463,513,17.1,16.5,16.0,8.9,0.0,6.4,99.0
13363,513,17.053030303030305,16.5,16.0,8.9,0.0,4.8,99.0
14263,513,17.0,16.5,16.0,8.9,0.0,6.4,99.0
15163,513,17.0,16.5,16.0,8.9,0.0,6.4,99.0
16063,513,17.0,16.5,15.970967741935484,9.0,0.0,6.4,99.0
16963,513,17.0,16.5,15.95,9.0,0.0,8.0,99.0
17863,513,17.0,16.5,15.885714285714286,9.1,5.0,11.3,99.0
18763,513,17.0,16.5,15.826470588235292,9.1,7.0,11.3,99.0
19663,513,17.0,16.5,15.81159420289855,9.2,14.0,9.7,99.0
20563,513,17.0,16.5,15.8,9.2,18.0,9.7,99.0
21463,513,17.0,16.5,15.8,9.3,39.0,8.0,99.0
22363,513,17.0,16.5,15.8,9.4,39.0,6.4,99.0
23263,513,17.0,16.5,15.8,9.7,69.0,8.0,99.0
24163,513,17.0,16.5,15.8,9.9,70.0,4.8,99.0
25063,513,17.0,16.5,15.854545454545454,10.0,83.0,3.2,99.0
25963,513,17.0,16.806451612903224,16.0,10.3,88.0,1.6,99.0
26863,513,17.1203125,17.0,16.13943661971831,10.4,114.0,1.6,99.0
27763,513,17.3,16.833333333333336,16.10952380952381,10.4,141.0,3.2,99.0
28663,513,17.214492753623187,16.5,15.90144927536232,10.4,156.0,8.0,99.0
29563,513,17.2,16.5,16.0,10.6,153.0,11.3,99.0
30463,513,17.2,16.5,15.876923076923076,10.7,148.0,11.3,99.0
31363,513,17.23448275862069,16.5,15.8,10.8,151.0,12.9,99.0
32263,513,17.3,16.611940298507463,15.95820895522388,11.2,241.0,12.9,99.0
33163,513,17.31,16.5,15.93125,11.3,304.0,11.3,99.0
34063,513,17.4,16.5,15.963157894736842,11.8,294.0,12.9,99.0
34963,513,17.4,16.725806451612904,16.0,12.4,309.0,11.3,99.0
35863,513,17.4,16.653225806451612,16.0,13.9,621.0,8.0,98.0
36763,513,17.4,16.5,15.996774193548386,14.3,610.0,9.7,96.0
37663,513,17.3359375,16.5,16.0,16.2,663.0,4.8,91.0
38563,513,17.0390625,16.5,15.861016949152544,16.9,680.0,3.2,88.0
39463,513,16.9234375,16.5,15.98709677419355,18.2,737.0,4.8,83.0
40363,513,16.971212121212123,16.5,16.0,18.3,178.0,4.8,82.0
41263,513,17.1,16.5,16.0,19.2,770.0,9.7,81.0
42163,513,17.187878787878788,16.5,16.00923076923077,19.2,784.0,11.3,80.0
43063,513,17.263636363636362,16.8015873015873,16.185714285714287,18.5,784.0,12.9,78.0
43963,513,17.28181818181818,16.5,16.0,18.7,791.0,14.5,78.0
44863,513,17.3,16.5,16.02033898305085,19.2,809.0,12.9,73.0
45763,513,17.38153846153846,16.5,16.01304347826087,19.4,812.0,12.9,72.0
46663,513,17.4,16.5,16.0,19.9,814.0,14.5,73.0
47563,513,17.4390625,16.5,16.01578947368421,19.7,819.0,12.9,73.0
48463,513,17.5,16.5,16.0,19.0,812.0,14.5,75.0
49363,513,17.5,16.5,16.0,19.2,812.0,12.9,75.0
50263,513,17.5,16.930769230769233,16.27230769230769,19.5,803.0,11.3,76.0
51163,513,17.53076923076923,16.828125,16.1921875,20.2,796.0,9.7,74.0
52063,513,17.606557377049178,16.5,16.0,19.9,782.0,11.3,72.0
52963,513,17.82537313432836,16.98507462686567,16.359701492537315,20.7,773.0,11.3,71.0
53863,513,17.9,17.0,16.3,20.7,751.0,9.7,71.0
54763,513,17.984848484848484,16.95,16.3,20.6,740.0,11.3,71.0
55663,513,18.006666666666668,16.64516129032258,16.3,21.2,708.0,9.7,70.0
56563,513,18.1,16.62295081967213,16.3,21.5,694.0,11.3,69.0
57463,513,18.1,16.5,16.3,21.3,659.0,12.9,67.0
58363,513,18.1,16.51492537313433,16.26865671641791,21.4,645.0,11.3,66.0
59263,513,18.1,17.0,16.3,21.0,601.0,12.9,63.0
60163,513,18.06,16.88888888888889,16.3,21.3,589.0,11.3,63.0
61063,513,18.01639344262295,16.863636363636363,16.3,21.7,538.0,8.0,61.0
61963,513,18.1734375,16.991525423728813,16.303389830508472,21.4,566.0,9.7,60.0
62863,513,18.2,17.0,16.3,21.9,483.0,12.9,59.0
63763,513,18.2296875,17.0,16.3,21.8,459.0,11.3,59.0
64663,513,18.3,17.0,16.3,21.7,413.0,9.7,59.0
65563,513,18.2765625,17.0,16.3,21.5,388.0,9.7,59.0
66463,513,18.22063492063492,17.0,16.3,20.9,345.0,9.7,63.0
67363,513,18.15625,17.0,16.303030303030305,20.8,322.0,6.4,64.0
68263,513,18.0828125,17.0,16.478787878787877,21.1,271.0,4.8,63.0
69163,513,17.998360655737706,17.0,16.475757575757576,21.1,246.0,3.2,63.0
70063,513,17.9,17.0,16.37076923076923,20.8,195.0,6.4,64.0
70963,513,17.81639344262295,17.0,16.407462686567165,20.6,169.0,4.8,65.0
71863,513,17.8,17.0,16.383582089552238,19.2,40.0,3.2,69.0
72763,513,17.8,17.0,16.315625,18.6,40.0,3.2,71.0
73663,513,17.716923076923077,17.0,16.303076923076922,17.3,28.0,3.2,75.0
74563,513,17.7,17.0,16.3,16.9,26.0,3.2,77.0
75463,513,17.664615384615384,17.0,16.3,15.9,14.0,3.2,80.0
76363,513,17.6,17.0,16.3,15.6,12.0,1.6,82.0
77263,513,17.6,17.0,16.3,15.0,7.0,1.6,84.0
78163,513,17.6,16.983870967741936,16.3,14.9,0.0,4.8,85.0
79063,513,17.82121212121212,17.066176470588236,16.51764705882353,14.7,0.0,4.8,85.0
79963,513,19.71818181818182,17.5,16.95294117647059,14.6,0.0,4.8,85.0
80863,513,19.23181818181818,17.24285714285714,16.701428571428572,14.4,0.0,1.6,86.0
81763,513,18.822857142857146,17.0,16.5,13.9,0.0,1.6,86.0
82663,513,18.49384615384616,17.0,16.5,12.8,0.0,0.0,88.0
83563,513,18.25151515151515,17.0,16.5,12.7,0.0,1.6,90.0
84463,513,18.043548387096774,17.0,16.5,13.0,0.0,4.8,90.0
85363,513,17.828125,17.0,16.48235294117647,13.0,0.0,3.2,90.0
86263,513,17.7,17.0,16.370588235294118,11.7,0.0,1.6,91.0
763,514,17.7,17.0,16.303125,11.4,0.0,0.0,92.0
1663,514,17.67313432835821,17.0,16.3,11.3,0.0,3.2,93.0
2563,514,17.6,17.0,16.3,11.2,0.0,1.6,92.0
3463,514,17.6,17.0,16.3,10.6,0.0,3.2,93.0
4363,514,17.6,17.0,16.3,10.7,0.0,4.8,94.0
5263,514,17.6,17.0,16.3,10.4,0.0,0.0,93.0
6163,514,17.6,17.0,16.3,9.9,0.0,0.0,93.0
7063,514,17.6,17.0,16.3,9.5,0.0,0.0,94.0
7963,514,,,,9.4,0.0,0.0,94.0
8863,514,,,,9.3,0.0,3.2,96.0
9763,514,,,,9.2,0.0,1.6,96.0
10663,514,,,,9.2,0.0,0.0,97.0
11563,514,,,,9.1,0.0,0.0,97.0
12463,514,,,,9.1,0.0,1.6,97.0
13363,514,,,,9.1,0.0,1.6,97.0
14263,514,,,,9.2,0.0,3.2,98.0
15163,514,17.5,16.5,16.00810810810811,9.1,0.0,3.2,97.0
16063,514,17.5,16.5,16.0,9.2,0.0,0.0,98.0
16963,514,17.5,16.5,16.0,9.4,0.0,3.2,98.0
17863,514,17.4609375,16.5,16.0,9.4,5.0,3.2,98.0
18763,514,17.4,16.5,16.0,9.5,7.0,3.2,98.0
19663,514,17.4,16.5,16.0,9.6,12.0,4.8,98.0
20563,514,17.4,16.5,16.0,9.5,14.0,6.4,98.0
21463,514,17.4,16.5,16.0,9.4,19.0,4.8,98.0
22363,514,17.4,16.5,16.0,9.4,25.0,4.8,98.0
23263,514,17.449253731343283,16.643939393939394,16.104545454545452,9.6,37.0,6.4,98.0
24163,514,18.333333333333336,16.79365079365079,16.166666666666664,9.6,39.0,6.4,98.0
25063,514,19.0234375,17.41044776119403,16.76865671641791,9.8,44.0,3.2,99.0
25963,514,18.65820895522388,17.06818181818182,16.28939393939394,9.9,51.0,3.2,98.0
26863,514,18.3703125,17.0,16.3,9.8,67.0,4.8,98.0
27763,514,18.10151515151515,17.0,16.3,9.9,58.0,4.8,99.0
28663,514,17.86774193548387,17.0,16.3,9.9,47.0,4.8,99.0
29563,514,17.69705882352941,17.0,16.3,9.9,81.0,3.2,99.0
30463,514,17.607462686567164,16.992537313432837,16.3,9.9,77.0,4.8,99.0
31363,514,17.6,16.963235294117645,16.3,10.0,69.0,4.8,99.0
32263,514,17.6,16.863636363636363,16.3,10.1,84.0,6.4,99.0
33163,514,17.6,16.79032258064516,16.3,10.1,93.0,6.4,99.0
34063,514,17.6,16.708955223880597,16.3,10.3,128.0,6.4,99.0
34963,514,17.6,16.67910447761194,16.3,10.3,109.0,6.4,99.0
35863,514,17.6,16.86231884057971,16.3,10.2,135.0,4.8,99.0
36763,514,17.6,16.952380952380953,16.3,10.3,135.0,6.4,99.0
37663,514,17.6,16.87878787878788,16.3,10.3,169.0,6.4,99.0
38563,514,17.6,16.826086956521742,16.3,10.4,200.0,6.4,99.0
39463,514,17.6,16.78813559322034,16.3,10.6,183.0,9.7,99.0
40363,514,17.53970588235294,16.717391304347824,16.3,10.7,209.0,9.7,99.0
41263,514,17.5,16.57462686567164,16.3,11.1,186.0,11.3,99.0
42163,514,17.5,16.536231884057973,16.3,11.0,292.0,9.7,99.0
43063,514,17.5,16.522058823529413,16.3,11.2,199.0,6.4,99.0
43963,514,17.5,16.5,16.3,11.3,204.0,6.4,98.0
44863,514,17.5,16.514705882352942,16.3,11.5,162.0,8.0,98.0
45763,514,17.5,16.5,16.3,11.3,148.0,8.0,98.0
46663,514,17.5,16.515384615384615,16.3,11.2,121.0,8.0,98.0
47563,514,17.5,16.522058823529413,16.3,11.1,123.0,11.3,98.0
48463,514,17.5,16.529850746268657,16.3,11.2,158.0,9.7,98.0
49363,514,17.5,16.55084745762712,16.3,11.2,141.0,12.9,98.0
50263,514,17.5,16.509803921568626,16.3,11.4,181.0,11.3,98.0
51163,514,17.5,16.53030303030303,16.3,11.5,197.0,9.7,98.0
52063,514,17.5,16.5,16.3,11.8,192.0,9.7,97.0
52963,514,17.5,16.571428571428573,16.3,11.9,151.0,8.0,97.0
53863,514,17.5,16.548387096774192,16.3,11.8,90.0,6.4,97.0
54763,514,17.5,16.515625,16.3,11.7,128.0,8.0,97.0
55663,514,17.5,16.5,16.3,11.9,195.0,8.0,97.0
56563,514,17.5,16.5,16.3,11.9,225.0,8.0,96.0
57463,514,17.549230769230768,16.5,16.3,12.5,278.0,6.4,96.0
58363,514,17.6,16.5,16.3,13.4,329.0,8.0,93.0
59263,514,17.6,16.5,16.3,14.6,345.0,9.7,88.0
60163,514,17.6,16.5,16.3,14.9,640.0,8.0,88.0
61063,514,17.6,16.5,16.3,15.4,601.0,9.7,84.0
61963,514,17.6,16.584615384615383,16.3,15.4,575.0,11.3,84.0
62863,514,17.62741935483871,16.85483870967742,16.370967741935484,16.3,522.0,11.3,81.0
63763,514,17.7,17.0,16.391666666666666,16.5,455.0,12.9,79.0
64663,514,17.7,17.0,16.3,16.1,411.0,14.5,80.0
65563,514,17.7,17.0,16.3,15.5,383.0,14.5,82.0
66463,514,17.7,16.974576271186443,16.3,15.1,350.0,14.5,83.0
67363,514,17.7,16.96212121212121,16.3,15.2,264.0,14.5,83.0
68263,514,17.7,16.904761904761905,16.3,15.1,322.0,14.5,82.0
69163,514,17.7,16.761194029850746,16.3,15.5,306.0,12.9,81.0
70063,514,17.7,16.866666666666667,16.3,14.7,146.0,11.3,82.0
70963,514,17.7,16.883928571428573,16.3,14.3,118.0,11.3,84.0
71863,514,17.7,17.0,16.5,14.0,98.0,11.3,85.0
72763,514,17.635384615384616,17.0,16.37462686567164,13.9,84.0,12.9,85.0
73663,514,17.6,17.0,16.3,13.5,40.0,12.9,86.0
74563,514,17.533333333333335,16.841269841269842,16.3,13.3,30.0,9.7,86.0
75463,514,17.5,16.53030303030303,16.3,12.9,25.0,9.7,87.0
76363,514,17.5,16.5,16.3,12.8,12.0,8.0,88.0
77263,514,17.415151515151514,16.753846153846155,16.27230769230769,12.6,9.0,8.0,89.0
78163,514,17.4,16.553846153846155,16.3,12.4,5.0,9.7,89.0
79063,514,17.4,16.5,16.212307692307693,12.3,0.0,9.7,89.0
79963,514,17.4,16.5,16.030434782608697,12.1,0.0,8.0,90.0
80863,514,17.459375,16.93846153846154,16.28153846153846,11.9,0.0,9.7,91.0
81763,514,17.5,17.0,16.3,11.8,0.0,9.7,91.0
82663,514,17.5,16.97761194029851,16.3,11.6,0.0,6.4,92.0
83563,514,17.5,16.86764705882353,16.3,11.4,0.0,6.4,92.0
84463,514,17.5,16.643939393939394,16.3,11.4,0.0,8.0,93.0
85363,514,17.464615384615385,16.515873015873016,16.3,11.4,0.0,8.0,93.0
86263,514,17.4,16.5,16.3,11.3,0.0,8.0,93.0
763,515,17.4,16.5,16.3,11.1,0.0,4.8,94.0
1663,515,17.4,16.5,16.3,11.0,0.0,3.2,94.0
2563,515,17.4,16.5,16.3,10.9,0.0,3.2,94.0
3463,515,17.4,16.5,16.29032258064516,10.9,0.0,4.8,95.0
4363,515,17.4,16.5,16.286764705882355,11.0,0.0,3.2,95.0
5263,515,17.4,16.5,16.273529411764706,11.2,0.0,8.0,95.0
6163,515,17.4,16.5,16.267692307692307,11.3,0.0,4.8,95.0
7063,515,17.4,16.5,16.234782608695653,11.3,0.0,6.4,95.0
7963,515,17.4,16.5,16.189230769230768,11.3,0.0,6.4,95.0
8863,515,17.38923076923077,16.5,16.0796875,11.4,0.0,8.0,95.0
9763,515,17.306060606060605,16.5,16.013235294117646,11.4,0.0,6.4,95.0
10663,515,17.3,16.5,16.0,11.3,0.0,4.8,95.0
11563,515,17.3,16.5,16.0,11.2,0.0,9.7,95.0
12463,515,17.3,16.5,16.0,11.1,0.0,11.3,95.0
13363,515,17.3,16.5,16.0,10.9,0.0,8.0,96.0
14263,515,17.3,16.5,16.0,10.8,0.0,8.0,96.0
15163,515,17.3,16.5,16.0,10.4,0.0,9.7,97.0
16063,515,17.3,16.5,16.0,10.2,0.0,8.0,97.0
16963,515,17.3,16.5,16.0,10.1,0.0,11.3,97.0
17863,515,17.255555555555553,16.5,16.0,10.1,0.0,8.0,98.0
18763,515,17.203174603174602,16.5,16.0,10.0,5.0,8.0,98.0
19663,515,17.2,16.5,16.0,9.9,5.0,6.4,98.0
20563,515,17.2,16.5,16.0,9.9,7.0,4.8,98.0
21463,515,17.28125,16.507575757575758,16.18181818181818,9.9,11.0,6.4,98.0
22363,515,17.3,16.5859375,16.09375,9.9,19.0,6.4,98.0
23263,515,17.995238095238097,16.52941176470588,15.973529411764709,9.9,28.0,6.4,98.0
24163,515,18.72272727272728,17.14179104477612,16.556716417910447,9.9,46.0,4.8,98.0
25063,515,18.45909090909091,17.330645161290324,16.47258064516129,9.8,30.0,6.4,98.0
25963,515,18.218333333333334,17.0,16.3,9.7,30.0,8.0,98.0
26863,515,17.985714285714288,17.0,16.3,9.7,42.0,8.0,99.0
27763,515,17.757575757575758,16.640625,16.3,9.7,91.0,4.8,99.0
28663,515,17.665625,16.508064516129032,16.29516129032258,9.9,62.0,4.8,99.0
29563,515,17.6,16.5,16.2390625,9.9,76.0,4.8,99.0
30463,515,17.6,16.5,16.2484375,10.1,74.0,4.8,99.0
31363,515,17.53235294117647,16.5,16.2625,10.4,176.0,4.8,99.0
32263,515,17.5,16.5,16.264705882352942,10.6,105.0,3.2,99.0
33163,515,17.5,16.5,16.272727272727273,10.7,104.0,6.4,99.0
34063,515,17.5,16.5,16.22058823529412,10.6,88.0,8.0,99.0
34963,515,17.5,16.5,16.19,10.9,360.0,6.4,99.0
35863,515,17.5,16.5,16.295454545454547,11.4,197.0,4.8,98.0
36763,515,17.588059701492536,16.5,16.3,12.1,276.0,9.7,96.0
37663,515,17.6,16.5,16.3,12.4,329.0,9.7,94.0
38563,515,17.6,16.5,16.3,13.2,330.0,11.3,92.0
39463,515,17.6625,16.5,16.3,13.9,531.0,11.3,89.0
40363,515,17.698275862068964,16.5,16.3,14.4,323.0,11.3,88.0
41263,515,17.7,16.5,16.3,14.7,480.0,14.5,88.0
42163,515,17.7,16.5,16.3,15.2,394.0,11.3,85.0
43063,515,17.7,16.5,16.3,15.7,962.0,11.3,83.0
43963,515,17.7,16.5,16.3,16.1,817.0,9.7,81.0
44863,515,17.7,16.5,16.3,16.6,830.0,11.3,79.0
45763,515,17.6046875,16.5,16.3,17.4,830.0,11.3,79.0
46663,515,17.6,16.5,16.3,17.2,396.0,11.3,77.0
47563,515,17.6,16.5,16.3,15.9,269.0,12.9,80.0
48463,515,17.6,16.5,16.3,15.5,288.0,12.9,82.0
49363,515,17.576190476190476,16.5,16.3,15.1,285.0,11.3,84.0
50263,515,17.5,16.5,16.3,14.8,165.0,12.9,85.0
51163,515,17.5,16.5,16.3,14.9,269.0,11.3,86.0
52063,515,17.5,16.5,16.3,14.8,221.0,12.9,86.0
52963,515,17.5,16.5,16.3,14.7,195.0,12.9,87.0
53863,515,17.5,16.5,16.3,14.2,116.0,14.5,88.0
54763,515,17.5,16.5,16.3,14.2,134.0,12.9,90.0
55663,515,17.49855072463768,16.5,16.3,14.2,84.0,14.5,90.0
56563,515,17.415384615384617,16.5,16.3,13.8,63.0,12.9,91.0
57463,515,17.4,16.5,16.3,13.8,67.0,12.9,91.0
58363,515,17.4,16.5,16.3,13.6,90.0,14.5,91.0
59263,515,17.4,16.5,16.3,13.5,69.0,14.5,91.0
60163,515,17.4,16.5,16.3,13.2,72.0,14.5,92.0
61063,515,17.4,16.507575757575758,16.3,13.2,63.0,14.5,93.0
61963,515,17.4,16.5,16.3,13.2,37.0,11.3,93.0
62863,515,17.4,16.5,16.3,13.1,58.0,12.9,94.0
63763,515,17.4,16.5,16.3,13.1,65.0,9.7,94.0
64663,515,17.4,16.50877192982456,16.3,13.1,105.0,9.7,94.0
65563,515,17.4,16.5,16.3,13.1,79.0,11.3,94.0
66463,515,17.37258064516129,16.62121212121212,16.154545454545453,13.1,54.0,9.7,94.0
67363,515,17.31969696969697,16.591666666666665,16.3,12.9,42.0,12.9,94.0
68263,515,17.398387096774194,16.5,16.3,12.9,46.0,8.0,94.0
69163,515,17.4,16.516666666666666,16.3,12.8,37.0,11.3,94.0
70063,515,17.407692307692308,16.58730158730159,16.3,12.7,32.0,11.3,95.0
70963,515,17.5,16.717391304347824,16.3,12.4,19.0,12.9,95.0
71863,515,17.5,16.8955223880597,16.3,12.3,16.0,11.3,95.0
72763,515,17.5,16.984615384615385,16.3,12.3,11.0,12.9,95.0
73663,515,17.5,16.992424242424242,16.3,12.3,5.0,11.3,96.0
74563,515,17.5,17.0,16.438709677419354,12.3,5.0,9.7,96.0
75463,515,17.536923076923078,17.046153846153846,16.5,12.4,0.0,6.4,96.0
76363,515,17.593939393939394,17.007692307692306,16.5,12.6,0.0,8.0,96.0
77263,515,17.5,17.0,16.336363636363636,12.6,0.0,4.8,96.0
78163,515,17.53030303030303,17.0,16.4625,12.6,0.0,6.4,95.0
79063,515,17.5,17.0,16.5,12.6,0.0,4.8,95.0
79963,515,17.5,17.0,16.453846153846154,12.6,0.0,6.4,95.0
80863,515,17.50294117647059,17.0,16.433333333333334,12.6,0.0,6.4,95.0
81763,515,18.11875,17.12121212121212,16.636363636363637,12.6,0.0,4.8,95.0
82663,515,19.23384615384615,17.5,16.88235294117647,12.5,0.0,4.8,96.0
83563,515,18.7031746031746,17.191176470588236,16.636764705882353,12.4,0.0,4.8,96.0
84463,515,18.37058823529412,17.113636363636363,16.595454545454547,12.2,0.0,4.8,96.0
85363,515,18.143283582089552,17.0,16.5,12.1,0.0,8.0,96.0
86263,515,17.95735294117647,17.0,16.5,12.0,0.0,3.2,97.0
763,516,17.802985074626868,17.0,16.5,11.9,0.0,3.2,97.0
1663,516,17.667796610169493,17.0,16.442857142857143,11.8,0.0,4.8,97.0
2563,516,17.6,17.0,16.303076923076922,11.8,0.0,3.2,97.0
3463,516,17.53181818181818,17.0,16.3,11.7,0.0,3.2,98.0
4363,516,17.5,17.0,16.3,11.7,0.0,3.2,98.0
5263,516,17.5,17.0,16.3,11.7,0.0,1.6,98.0
6163,516,17.5,17.0,16.3,11.5,0.0,3.2,98.0
7063,516,,,,11.4,0.0,3.2,98.0
7963,516,,,,11.2,0.0,3.2,98.0
8863,516,,,,11.2,0.0,1.6,98.0
9763,516,,,,11.1,0.0,0.0,98.0
10663,516,,,,11.1,0.0,0.0,98.0
11563,516,,,,11.1,0.0,1.6,98.0
12463,516,17.369230769230768,16.5,16.3,11.1,0.0,1.6,98.0
13363,516,17.311764705882354,16.507575757575758,16.3,11.1,0.0,0.0,98.0
14263,516,17.3,16.5,16.3,10.9,0.0,1.6,98.0
15163,516,17.3,16.5,16.3,10.9,0.0,1.6,98.0
16063,516,17.3,16.5,16.3,10.9,0.0,0.0,98.0
16963,516,17.3,16.5,16.234782608695653,10.9,0.0,0.0,98.0
17863,516,17.3,16.5,16.156923076923075,10.9,0.0,0.0,98.0
18763,516,17.3,16.5,16.02608695652174,10.9,0.0,0.0,98.0
19663,516,17.3,16.5,16.0,10.9,7.0,0.0,98.0
20563,516,17.3,16.5,16.0,10.8,12.0,0.0,98.0
21463,516,17.290769230769232,16.5703125,16.0796875,10.7,18.0,1.6,99.0
22363,516,17.3,17.0,16.165,10.9,21.0,1.6,99.0
23263,516,18.649253731343286,17.0,16.452380952380953,10.7,26.0,3.2,99.0
24163,516,18.379710144927536,17.142857142857142,16.423809523809524,10.8,30.0,1.6,99.0
25063,516,18.138983050847457,16.98360655737705,16.03934426229508,10.8,32.0,1.6,99.0
25963,516,17.921875,16.546153846153846,16.046153846153846,11.0,33.0,0.0,99.0
26863,516,17.758823529411764,16.5,16.0,11.1,46.0,0.0,99.0
27763,516,17.613235294117647,16.5,16.0,11.2,47.0,3.2,99.0
28663,516,17.5734375,16.5,16.0,11.3,67.0,3.2,99.0
29563,516,17.5,16.5,16.0,11.5,95.0,3.2,99.0
30463,516,17.4703125,16.5,16.0,11.8,114.0,0.0,99.0
31363,516,17.4,16.5,16.0,12.0,88.0,0.0,99.0
32263,516,17.4,16.5,16.0,12.3,139.0,0.0,99.0
33163,516,17.4,16.5,16.013432835820897,12.3,111.0,0.0,99.0
34063,516,17.4,16.5,16.00923076923077,12.3,146.0,3.2,99.0
34963,516,17.4,16.5,16.01904761904762,12.9,193.0,1.6,99.0
35863,516,17.4,16.5,16.16086956521739,13.0,195.0,1.6,99.0
36763,516,17.47462686567164,16.5,16.265714285714285,13.3,153.0,0.0,98.0
37663,516,17.5,16.5,16.18,13.3,220.0,3.2,98.0
38563,516,17.5,16.5,16.21290322580645,14.0,262.0,3.2,98.0
39463,516,17.5,16.5,16.279310344827586,14.3,223.0,3.2,96.0
40363,516,17.5,16.5,16.2758064516129,14.5,221.0,1.6,95.0
41263,516,17.530645161290323,16.5,16.272727272727273,14.5,192.0,3.2,94.0
42163,516,17.6,16.5,16.3,14.7,204.0,3.2,93.0
43063,516,17.6,16.5,16.3,14.8,195.0,3.2,93.0
43963,516,17.6,16.5,16.3,14.9,230.0,3.2,92.0
44863,516,17.66060606060606,16.5,16.3,15.5,436.0,3.2,91.0
45763,516,17.7,16.52307692307692,16.3,16.2,501.0,3.2,88.0
46663,516,17.7,16.522727272727273,16.3,16.5,490.0,4.8,87.0
47563,516,17.7,16.57462686567164,16.3,16.6,422.0,4.8,87.0
48463,516,17.7,16.576923076923077,16.3,17.3,448.0,4.8,85.0
49363,516,17.7,16.625,16.3,17.3,364.0,4.8,85.0
50263,516,17.7,16.5859375,16.3,17.7,367.0,3.2,83.0
51163,516,17.611475409836068,16.563492063492063,16.3,17.4,309.0,6.4,84.0
52063,516,17.6984375,16.71875,16.3,17.3,343.0,8.0,83.0
52963,516,17.7,16.88235294117647,16.3,17.4,272.0,8.0,83.0
53863,516,17.655384615384616,16.823076923076922,16.3,17.0,232.0,6.4,84.0
54763,516,17.6,16.723880597014926,16.3,18.2,548.0,3.2,82.0
55663,516,17.6,16.62121212121212,16.3,18.6,780.0,6.4,80.0
56563,516,17.6,16.807692307692307,16.3,17.3,207.0,6.4,82.0
57463,516,17.6,16.96153846153846,16.3,16.9,91.0,4.8,83.0
58363,516,17.6015873015873,16.992424242424242,16.3,16.5,62.0,3.2,86.0
59263,516,17.68307692307692,16.99206349206349,16.3,16.3,69.0,4.8,88.0
60163,516,17.7,17.0,16.3,16.3,139.0,1.6,88.0
61063,516,17.7,17.0,16.3,16.4,218.0,3.2,88.0
61963,516,17.7,17.0,16.3,16.8,160.0,1.6,87.0
62863,516,17.7,17.0,16.3,17.2,246.0,1.6,86.0
63763,516,17.7,17.0,16.3,17.5,276.0,4.8,85.0
64663,516,17.7,17.0,16.49402985074627,18.0,276.0,6.4,83.0
65563,516,17.7,17.0,16.5,18.1,199.0,3.2,83.0
66463,516,17.7,17.0,16.317910447761193,17.8,155.0,6.4,84.0
67363,516,17.7,17.0,16.406060606060606,17.7,179.0,4.8,84.0
68263,516,17.69402985074627,17.0,16.36865671641791,17.4,111.0,6.4,84.0
69163,516,17.691044776119405,17.0,16.472881355932202,16.9,84.0,4.8,85.0
70063,516,17.7,17.0,16.5,16.7,70.0,6.4,86.0
70963,516,17.7,17.0,16.47741935483871,16.5,97.0,3.2,87.0
71863,516,17.76153846153846,17.0,16.428125,16.4,65.0,4.8,87.0
72763,516,17.8,17.0,16.5,16.3,60.0,8.0,88.0
73663,516,17.8,17.0,16.5,16.3,56.0,4.8,88.0
74563,516,17.8,17.0,16.5,16.3,51.0,3.2,88.0
75463,516,17.8,17.0,16.475384615384616,16.3,33.0,4.8,88.0
76363,516,17.89076923076923,17.237704918032787,16.60327868852459,16.1,23.0,4.8,89.0
77263,516,17.914516129032258,17.0,16.5,16.1,11.0,4.8,89.0
78163,516,18.0,17.0,16.5,16.1,0.0,4.8,90.0
79063,516,18.0,17.0,16.5,16.2,0.0,4.8,90.0
79963,516,18.0,17.385245901639344,16.775409836065574,15.9,0.0,3.2,90.0
80863,516,18.0,17.361538461538462,16.8,15.7,0.0,3.2,91.0
81763,516,18.013846153846153,17.315384615384616,16.8,15.4,0.0,1.6,91.0
82663,516,18.1,17.5,16.972727272727273,14.9,0.0,1.6,92.0
83563,516,18.1,17.5,16.841176470588234,14.6,0.0,0.0,93.0
84463,516,18.00793650793651,17.5,16.8,14.1,0.0,3.2,93.0
85363,516,18.0,17.459016393442624,16.8,13.6,0.0,0.0,93.0
86263,516,18.0,17.5,16.8,13.2,0.0,0.0,93.0
763,517,17.972857142857144,17.43181818181818,16.8,13.2,0.0,0.0,93.0
1663,517,17.9,17.078125,16.8,13.2,0.0,0.0,93.0
2563,517,17.9,17.0,16.7955223880597,12.7,0.0,0.0,95.0
3463,517,17.9,17.0,16.665671641791043,12.7,0.0,0.0,95.0
4363,517,17.863076923076925,17.0,16.557352941176468,12.7,0.0,0.0,95.0
5263,517,17.8,17.0,16.51818181818182,12.8,0.0,0.0,95.0
6163,517,17.8,17.0,16.5,12.7,0.0,0.0,95.0
7063,517,17.8,17.0,16.5,12.8,0.0,0.0,96.0
7963,517,17.8,17.0,16.5,13.2,0.0,0.0,96.0
8863,517,17.8,17.0,16.5,13.4,0.0,1.6,95.0
9763,517,,,,13.2,0.0,1.6,95.0
10663,517,,,,12.9,0.0,1.6,94.0
11563,517,,,,12.6,0.0,3.2,95.0
12463,517,,,,12.4,0.0,1.6,95.0
13363,517,,,,12.2,0.0,1.6,95.0
14263,517,,,,12.0,0.0,0.0,95.0
15163,517,,,,11.8,0.0,0.0,95.0
16063,517,17.7,17.0,16.5,11.6,0.0,0.0,96.0
16963,517,17.7,17.0,16.5,11.4,0.0,0.0,96.0
17863,517,17.7,17.0,16.5,11.4,9.0,0.0,96.0
18763,517,17.7,17.0,16.5,11.4,14.0,0.0,96.0
19663,517,17.7,17.0,16.5,11.7,18.0,0.0,97.0
20563,517,17.759999999999998,17.23134328358209,16.58507462686567,11.9,37.0,0.0,97.0
21463,517,17.903125,17.34285714285714,16.658571428571427,12.1,42.0,0.0,97.0
22363,517,19.7515625,17.82089552238806,17.250746268656716,12.0,53.0,1.6,97.0
23263,517,19.386666666666667,17.704918032786885,16.985245901639345,12.1,63.0,0.0,97.0
24163,517,,17.5,16.8,12.3,56.0,0.0,98.0
25063,517,,17.5,16.8,12.2,53.0,4.8,98.0
25963,517,18.53880597014925,17.223880597014926,16.8,12.2,90.0,3.2,98.0
26863,517,18.47428571428572,17.047619047619047,16.785714285714285,12.6,156.0,1.6,98.0
27763,517,18.452857142857145,17.007575757575758,16.745454545454546,12.9,146.0,0.0,98.0
28663,517,18.429850746268656,17.015873015873016,16.8,13.2,165.0,0.0,98.0
29563,517,18.34,17.03076923076923,16.8,13.6,204.0,0.0,97.0
30463,517,18.3,17.042372881355934,16.79491525423729,13.9,160.0,0.0,96.0
31363,517,18.3,17.007575757575758,16.8,14.6,169.0,0.0,94.0
32263,517,18.37027027027027,17.059701492537314,16.8,15.0,174.0,1.6,92.0
33163,517,18.4,17.20634920634921,16.8,15.6,200.0,3.2,90.0
34063,517,18.43943661971831,17.303030303030305,16.8,16.4,316.0,4.8,87.0
34963,517,18.5,17.419354838709676,16.8,17.2,492.0,6.4,85.0
35863,517,18.5,17.5,16.8,18.1,605.0,4.8,82.0
36763,517,18.577611940298507,17.5,16.8,18.7,615.0,4.8,79.0
37663,517,18.57272727272727,17.5,16.8,19.3,652.0,4.8,78.0
38563,517,18.6,17.5,16.8,20.1,666.0,3.2,77.0
39463,517,18.6,17.5,16.8,21.1,673.0,3.2,75.0
40363,517,18.6,17.5,16.8,20.1,206.0,3.2,77.0
41263,517,18.6,17.5,16.8,20.2,223.0,3.2,77.0
42163,517,18.6,17.5,16.8,20.3,287.0,3.2,77.0
43063,517,18.6,17.5,16.8,20.4,276.0,4.8,76.0
43963,517,18.6,17.5,16.8,20.2,272.0,3.2,78.0
44863,517,18.6,17.5,16.8,20.1,334.0,4.8,79.0
45763,517,18.6,17.5,16.8,19.8,281.0,4.8,80.0
46663,517,18.54264705882353,17.5,16.8,19.9,336.0,3.2,80.0
47563,517,18.5,17.5,16.8,21.2,619.0,4.8,78.0
48463,517,18.5,17.5,16.8,21.8,345.0,4.8,73.0
49363,517,18.497222222222224,17.5,16.8,21.0,229.0,4.8,76.0
50263,517,18.40571428571429,17.5,16.8,20.5,91.0,4.8,76.0
51163,517,18.4,17.5,16.8,20.0,35.0,1.6,77.0
52063,517,18.4,17.5,16.8,19.7,25.0,3.2,78.0
52963,517,18.4,17.5,16.8,19.4,23.0,4.8,86.0
53863,517,18.4,17.5,16.863636363636363,18.3,28.0,4.8,90.0
54763,517,18.4,17.5,17.0,17.7,39.0,6.4,93.0
55663,517,18.4,17.5,17.0,17.5,76.0,4.8,95.0
56563,517,18.43939393939394,17.5,17.0,17.4,158.0,6.4,95.0
57463,517,18.463380281690142,17.5,17.0,17.3,186.0,4.8,94.0
58363,517,18.49298245614035,17.5,17.0,17.6,98.0,0.0,93.0
59263,517,18.45396825396825,17.55,17.075,17.9,111.0,4.8,94.0
60163,517,18.733870967741936,18.0,17.3,18.0,132.0,6.4,95.0
61063,517,18.735714285714288,17.991666666666667,17.3,18.1,121.0,1.6,95.0
61963,517,18.7,17.742424242424242,17.23181818181818,18.0,97.0,0.0,94.0
62863,517,18.7,18.0,17.2953125,18.0,127.0,3.2,94.0
63763,517,18.7,17.602941176470587,17.05294117647059,18.1,137.0,4.8,95.0
64663,517,18.7,17.75,17.15,18.0,79.0,4.8,95.0
65563,517,18.7,17.97101449275362,17.3,17.6,97.0,9.7,96.0
66463,517,18.7,17.508474576271187,17.101694915254235,17.2,118.0,11.3,95.0
67363,517,18.7,17.5,17.0,17.2,130.0,4.8,93.0
68263,517,18.7,17.5,17.0,17.4,107.0,4.8,91.0
69163,517,18.7,17.5,17.0,17.4,60.0,6.4,90.0
70063,517,18.7,17.5,17.02307692307692,17.2,72.0,6.4,91.0
70963,517,18.7,17.5,17.0984375,17.2,91.0,6.4,90.0
71863,517,18.7,17.51492537313433,17.286567164179104,17.4,67.0,3.2,90.0
72763,517,18.7,17.515625,17.2953125,17.4,49.0,3.2,90.0
73663,517,18.7,17.53846153846154,17.3,17.6,39.0,3.2,91.0
74563,517,18.7,17.56818181818182,17.3,17.5,37.0,0.0,92.0
75463,517,18.7,17.634328358208954,17.3,17.4,25.0,0.0,91.0
76363,517,18.7,17.70714285714286,17.3,17.4,16.0,0.0,92.0
77263,517,18.70151515151515,17.83076923076923,17.3,17.3,9.0,0.0,93.0
78163,517,18.8,18.014285714285712,17.47714285714286,17.1,5.0,3.2,94.0
79063,517,18.8,18.0,17.386567164179105,16.8,0.0,0.0,94.0
79963,517,18.70555555555556,18.0,17.3,16.7,0.0,0.0,94.0
80863,517,18.7,18.0,17.3,16.4,0.0,0.0,94.0
81763,517,18.7,18.0,17.3,16.1,0.0,0.0,94.0
82663,517,18.7,17.983050847457626,17.3,15.8,0.0,0.0,94.0
83563,517,18.69861111111112,17.93939393939394,17.3,15.7,0.0,0.0,94.0
84463,517,18.630000000000003,17.941176470588236,17.3,15.4,0.0,0.0,94.0
85363,517,18.6,17.93181818181818,17.3,14.9,0.0,0.0,94.0
86263,517,18.6,17.984615384615385,17.3,14.6,0.0,0.0,94.0
763,518,18.6,17.992424242424242,17.3,14.4,0.0,0.0,95.0
1663,518,18.6,17.98507462686567,17.3,14.3,0.0,0.0,95.0
2563,518,18.6,17.99264705882353,17.3,14.0,0.0,0.0,95.0
3463,518,18.6,18.0,17.3,13.8,0.0,0.0,95.0
4363,518,18.6,18.0,17.3,14.0,0.0,0.0,95.0
5263,518,18.516176470588235,18.0,17.3,14.5,0.0,3.2,95.0
6163,518,18.5,18.0,17.3,14.9,0.0,3.2,94.0
7063,518,18.5,18.0,17.3,14.9,0.0,1.6,93.0
7963,518,,,,14.9,0.0,3.2,93.0
8863,518,,,,14.7,0.0,1.6,94.0
9763,518,,,,14.6,0.0,3.2,93.0
10663,518,,,,14.5,0.0,3.2,94.0
11563,518,,,,14.3,0.0,0.0,94.0
12463,518,,,,13.8,0.0,0.0,95.0
13363,518,18.5,17.85135135135135,17.3,13.6,0.0,0.0,95.0
14263,518,18.5,17.8359375,17.3,13.5,0.0,0.0,95.0
15163,518,18.5,17.803030303030305,17.3,13.6,0.0,0.0,96.0
16063,518,18.5,17.823076923076922,17.3,13.5,0.0,0.0,96.0
16963,518,18.5,17.69047619047619,17.3,13.8,0.0,0.0,97.0
17863,518,18.5,17.576271186440678,17.3,13.7,7.0,0.0,96.0
18763,518,18.5,17.536231884057973,17.27391304347826,13.6,9.0,0.0,96.0
19663,518,18.5,17.5,17.165217391304346,13.7,12.0,0.0,97.0
20563,518,18.5,17.5,17.098507462686566,14.1,19.0,0.0,97.0
21463,518,18.5,17.82089552238806,17.22835820895522,14.4,23.0,0.0,97.0
22363,518,18.5,18.0,17.3,14.4,37.0,0.0,97.0
23263,518,18.56086956521739,17.87313432835821,17.313432835820898,14.4,49.0,0.0,97.0
24163,518,18.7,18.0,17.315151515151516,14.8,53.0,0.0,97.0
25063,518,18.690140845070424,18.0,17.3,15.1,60.0,0.0,97.0
25963,518,18.7,17.97101449275362,17.3,14.9,83.0,4.8,96.0
26863,518,18.806153846153848,17.97692307692308,17.3,14.9,102.0,1.6,97.0
27763,518,18.958333333333336,18.0,17.3,15.3,116.0,3.2,97.0
28663,518,19.028169014084504,18.0,17.3,15.6,139.0,4.8,96.0
29563,518,19.1,18.0,17.3,16.1,172.0,3.2,96.0
30463,518,19.140579710144927,18.0,17.414285714285715,16.6,207.0,3.2,96.0
31363,518,19.2,18.0,17.5,16.9,200.0,4.8,95.0
32263,518,19.25294117647059,18.0,17.5,17.1,181.0,4.8,95.0
33163,518,19.3,18.0,17.5,17.3,199.0,6.4,94.0
34063,518,19.320289855072463,18.0,17.5,17.5,241.0,6.4,92.0
34963,518,19.4,18.0,17.5,17.7,322.0,4.8,92.0
35863,518,19.43692307692308,18.15079365079365,17.622222222222224,18.1,346.0,6.4,91.0
36763,518,20.664615384615384,18.5,17.993939393939392,18.9,633.0,3.2,88.0
37663,518,20.6,18.65384615384616,18.0,19.7,563.0,3.2,85.0
38563,518,20.12156862745098,18.5,18.0,19.9,656.0,4.8,84.0
39463,518,19.916417910447763,18.5,17.863636363636363,20.7,649.0,4.8,81.0
40363,518,19.735616438356164,18.5,17.8,19.8,290.0,4.8,82.0
41263,518,19.679710144927537,18.477272727272727,17.8,20.1,290.0,4.8,81.0
42163,518,19.6,18.234848484848484,17.8,20.1,329.0,1.6,81.0
43063,518,19.55454545454545,18.02380952380953,17.8,21.1,265.0,4.8,78.0
43963,518,19.5,18.01538461538461,17.8,20.2,207.0,8.0,80.0
44863,518,19.5,18.0,17.8,20.0,248.0,6.4,82.0
45763,518,19.5,18.07462686567164,17.8,20.2,336.0,6.4,81.0
46663,518,19.5,18.15151515151515,17.8,20.3,343.0,9.7,79.0
47563,518,19.5,18.23943661971831,17.8,20.7,434.0,6.4,76.0
48463,518,19.5,18.185185185185183,17.8,21.3,522.0,4.8,80.0
49363,518,19.5,18.22222222222222,17.8,21.1,454.0,12.9,78.0
50263,518,19.5,18.13432835820896,17.8,20.8,309.0,9.7,80.0
51163,518,19.5,18.15909090909091,17.8,19.9,276.0,11.3,82.0
52063,518,19.5,18.2265625,17.8,19.8,267.0,9.7,82.0
52963,518,19.5,18.30434782608696,17.8,19.9,204.0,8.0,83.0
53863,518,19.5,18.323943661971832,17.8,19.9,169.0,9.7,85.0
54763,518,19.5,18.39855072463768,17.8,19.8,134.0,9.7,86.0
55663,518,19.5,18.5,17.8,19.5,125.0,9.7,87.0
56563,518,19.5,18.49242424242424,17.8,19.2,128.0,9.7,89.0
57463,518,19.5,18.5,17.8,19.3,139.0,6.4,89.0
58363,518,19.5,18.5,17.8,19.4,142.0,8.0,89.0
59263,518,19.5,18.5,17.8,19.3,139.0,6.4,88.0
60163,518,19.4421875,18.5,17.8,19.4,155.0,8.0,88.0
61063,518,19.4,18.5,17.8,19.6,134.0,3.2,89.0
61963,518,19.38888888888889,18.49253731343284,17.8,19.6,113.0,3.2,88.0
62863,518,19.3,18.49230769230769,17.8,19.5,83.0,0.0,87.0
63763,518,19.3,18.44117647058824,17.8,19.5,67.0,4.8,89.0
64663,518,19.3,18.4453125,17.8,18.3,33.0,4.8,90.0
65563,518,19.3,18.433823529411764,17.8,17.8,30.0,0.0,92.0
66463,518,19.29420289855073,18.42465753424657,17.8,17.8,32.0,1.6,94.0
67363,518,19.20694444444445,18.432835820895523,17.8,17.6,62.0,0.0,94.0
68263,518,19.2,18.5,17.8,17.4,65.0,0.0,95.0
69163,518,19.2,18.5,17.8,17.5,49.0,0.0,95.0
70063,518,19.2,18.36046511627907,17.75813953488372,17.4,33.0,1.6,95.0
70963,518,19.2,18.21538461538461,17.693846153846152,17.3,40.0,3.2,94.0
71863,518,19.2,18.307692307692307,17.735384615384614,17.3,26.0,1.6,95.0
72763,518,19.2,18.37719298245614,17.773684210526316,17.1,33.0,3.2,96.0
73663,518,19.191304347826087,18.36065573770492,17.74590163934426,16.6,35.0,4.8,96.0
74563,518,19.11111111111111,18.28181818181818,17.707272727272727,16.3,26.0,3.2,96.0
75463,518,19.1,18.29230769230769,17.712307692307693,16.3,16.0,1.6,97.0
76363,518,19.1,18.183823529411764,17.548529411764708,16.2,9.0,3.2,97.0
77263,518,19.1,18.01515151515152,17.5,16.1,0.0,1.6,97.0
78163,518,19.1,18.058823529411764,17.530882352941177,15.8,0.0,3.2,96.0
79063,518,19.1,18.5,17.8,14.9,0.0,4.8,96.0
79963,518,19.1,18.5,17.8,14.8,0.0,1.6,97.0
80863,518,19.102985074626865,18.5,17.8,14.9,0.0,3.2,97.0
81763,518,19.142424242424244,18.5,17.8,14.7,0.0,4.8,97.0
82663,518,19.12153846153846,18.5,17.8,14.7,0.0,4.8,97.0
83563,518,19.1,18.5,17.8,14.4,0.0,4.8,97.0
84463,518,19.1,18.5,17.8,14.3,0.0,4.8,97.0
85363,518,19.1,18.5,17.8,14.1,0.0,1.6,97.0
86263,518,19.1,18.5,17.8,14.2,0.0,1.6,97.0
763,519,19.1,18.5,17.8,14.2,0.0,3.2,97.0
1663,519,19.1,18.5,17.8,14.2,0.0,3.2,97.0
2563,519,19.1,18.5,17.8,14.3,0.0,3.2,97.0
3463,519,19.1,18.5,17.8,14.3,0.0,0.0,97.0
4363,519,19.1,18.5,17.8,14.3,0.0,0.0,97.0
5263,519,19.1,18.5,17.8,14.4,0.0,0.0,97.0
6163,519,19.04328358208955,18.5,17.8,14.3,0.0,4.8,97.0
7063,519,19.0015873015873,18.5,17.8,13.9,0.0,6.4,97.0
7963,519,19.0,18.5,17.8,13.7,0.0,3.2,97.0
8863,519,19.0,18.5,17.8,13.6,0.0,4.8,98.0
9763,519,19.0,18.5,17.8,13.5,0.0,4.8,97.0
10663,519,19.0,18.5,17.8,13.4,0.0,3.2,98.0
11563,519,19.0,18.5,17.8,13.4,0.0,1.6,98.0
12463,519,19.0,18.5,17.8,13.3,0.0,3.2,98.0
13363,519,19.0,18.49253731343284,17.8,13.2,0.0,3.2,98.0
14263,519,19.0,18.484126984126984,17.8,13.2,0.0,3.2,98.0
15163,519,19.0,18.411764705882355,17.8,13.3,0.0,1.6,98.0
16063,519,19.0,18.303030303030305,17.76818181818182,13.3,0.0,0.0,98.0
16963,519,19.0,18.21212121212121,17.777272727272727,13.3,0.0,0.0,98.0
17863,519,19.0,18.1031746031746,17.7,13.2,0.0,3.2,98.0
18763,519,19.0,18.09848484848485,17.65,13.3,0.0,3.2,98.0
19663,519,19.0,18.3984375,17.7390625,13.4,0.0,3.2,98.0
20563,519,19.0,18.0,17.5,13.3,9.0,1.6,98.0
21463,519,18.97692307692308,18.0,17.519354838709678,13.3,12.0,1.6,98.0
22363,519,19.167142857142856,18.460317460317462,17.8,13.4,18.0,1.6,98.0
23263,519,19.1,18.5,17.8,13.5,18.0,0.0,98.0
24163,519,19.09672131147541,18.5,17.8,13.6,28.0,0.0,98.0
25063,519,19.009090909090908,18.5,17.8,13.6,40.0,0.0,98.0
25963,519,19.0,18.474576271186443,17.8,13.7,26.0,0.0,98.0
26863,519,19.0,18.23846153846154,17.8,13.7,28.0,0.0,98.0
27763,519,19.0,18.06060606060606,17.763636363636362,13.7,30.0,0.0,98.0
28663,519,19.0,18.007575757575758,17.736363636363638,13.8,30.0,0.0,98.0
29563,519,19.0,18.0,17.721311475409838,13.9,46.0,0.0,98.0
30463,519,19.0,18.393939393939394,17.76818181818182,13.9,46.0,0.0,98.0
31363,519,19.0,18.42753623188406,17.8,14.1,97.0,0.0,98.0
32263,519,19.0,18.15625,17.7953125,14.4,86.0,0.0,98.0
33163,519,19.071641791044776,18.261904761904763,17.8,14.5,62.0,0.0,98.0
34063,519,19.1,18.5,17.8,14.6,104.0,0.0,98.0
34963,519,19.1,18.397058823529413,17.8,14.7,109.0,1.6,98.0
35863,519,19.07647058823529,18.0234375,17.6171875,14.7,72.0,1.6,98.0
36763,519,19.0,18.0,17.5,14.8,174.0,3.2,98.0
37663,519,19.0,18.0,17.5,14.5,113.0,6.4,97.0
38563,519,19.0,18.0,17.5,14.3,200.0,6.4,97.0
39463,519,18.99,18.0,17.5,14.3,272.0,6.4,98.0
40363,519,18.901408450704224,18.0,17.5,14.3,188.0,6.4,97.0
41263,519,18.92089552238805,18.0625,17.51875,14.8,160.0,1.6,98.0
42163,519,19.0,18.1875,17.621875,15.1,272.0,4.8,98.0
43063,519,19.0,18.0,17.5,15.1,185.0,3.2,97.0
43963,519,18.99428571428572,18.0,17.5,15.1,169.0,3.2,97.0
44863,519,18.9,18.0,17.5,14.8,229.0,4.8,96.0
45763,519,18.9,18.0,17.5,15.2,352.0,4.8,95.0
46663,519,18.9,18.0,17.5,15.3,236.0,4.8,94.0
47563,519,18.9,18.0,17.5,15.4,221.0,3.2,94.0
48463,519,18.9,18.0,17.5,15.6,142.0,3.2,94.0
49363,519,18.9,18.0,17.5,15.5,135.0,3.2,94.0
50263,519,18.9,18.0,17.5,15.5,128.0,3.2,94.0
51163,519,18.982857142857146,18.0,17.5,15.6,114.0,4.8,95.0
52063,519,19.0,18.0,17.5,15.7,95.0,3.2,96.0
52963,519,19.065277777777776,18.0,17.5,15.6,111.0,1.6,95.0
53863,519,19.1,18.0,17.5,15.7,183.0,3.2,96.0
54763,519,19.1,18.045454545454547,17.53181818181818,16.0,190.0,4.8,96.0
55663,519,19.1,18.49264705882353,17.8,16.2,272.0,6.4,94.0
56563,519,19.1,18.03030303030303,17.59090909090909,16.6,318.0,8.0,92.0
57463,519,19.1,18.0,17.5,17.2,403.0,8.0,90.0
58363,519,19.1,18.0,17.5,17.2,287.0,8.0,91.0
59263,519,19.1,18.0,17.5,17.4,251.0,4.8,89.0
60163,519,19.1,18.0,17.5,17.4,271.0,4.8,88.0
61063,519,19.1,18.0,17.5,17.2,265.0,6.4,90.0
61963,519,19.1,18.0,17.5,17.1,223.0,6.4,91.0
62863,519,19.1,18.0,17.5,17.2,304.0,6.4,90.0
63763,519,19.1,18.0,17.5,16.5,151.0,11.3,90.0
64663,519,19.083333333333336,18.38235294117647,17.741176470588236,16.1,206.0,6.4,92.0
65563,519,19.0,18.216417910447763,17.732835820895524,15.9,125.0,6.4,92.0
66463,519,19.0,18.0,17.5044776119403,15.6,153.0,4.8,92.0
67363,519,19.0,18.0,17.5,15.4,128.0,6.4,92.0
68263,519,18.92328767123288,18.0,17.5,15.2,111.0,3.2,94.0
69163,519,18.9,18.0,17.5,15.3,113.0,4.8,94.0
70063,519,18.9,18.0,17.5,15.3,125.0,4.8,93.0
70963,519,18.83653846153846,18.0,17.48,15.2,65.0,4.8,93.0
71863,519,18.8,18.0,17.317021276595746,14.9,60.0,3.2,94.0
72763,519,18.8,18.0,17.3,14.8,39.0,3.2,94.0
73663,519,18.704444444444444,18.0,17.3,14.8,39.0,3.2,94.0
74563,519,18.7,18.0,17.3,14.7,35.0,3.2,94.0
75463,519,18.7,18.0,17.3,14.6,21.0,1.6,94.0
76363,519,18.62909090909091,18.0,17.3,14.5,14.0,3.2,94.0
77263,519,18.696428571428573,18.0,17.3,14.2,7.0,1.6,94.0
78163,519,18.7,18.0,17.310714285714287,14.0,0.0,3.2,95.0
79063,519,18.7,18.0,17.444615384615382,13.9,0.0,1.6,95.0
79963,519,18.7,18.0,17.5,13.8,0.0,0.0,95.0
80863,519,18.7,18.0,17.5,13.8,0.0,1.6,96.0
81763,519,18.7,18.0,17.5,13.7,0.0,0.0,96.0
82663,519,18.62153846153846,18.0,17.5,13.4,0.0,3.2,96.0
83563,519,18.6,18.0,17.5,13.4,0.0,3.2,97.0
84463,519,18.6,18.0,17.49402985074627,12.9,0.0,3.2,96.0
85363,519,18.6,18.0,17.49411764705882,13.0,0.0,1.6,97.0
86263,519,18.6,18.0,17.496923076923075,12.8,0.0,0.0,97.0
763,520,18.6,18.0,17.49402985074627,12.6,0.0,1.6,97.0
1663,520,18.6,18.0,17.485454545454544,12.4,0.0,0.0,97.0
2563,520,18.6,18.0,17.463934426229507,12.3,0.0,3.2,97.0
3463,520,18.6,18.0,17.41076923076923,12.3,0.0,3.2,97.0
4363,520,18.51304347826087,18.0,17.375757575757575,12.3,0.0,1.6,97.0
5263,520,18.5,18.0,17.326470588235292,12.3,0.0,0.0,98.0
6163,520,18.5,18.0,17.3,12.3,0.0,0.0,98.0
7063,520,18.5,18.0,17.3,12.3,0.0,1.6,98.0
7963,520,18.5,18.0,17.3,12.0,0.0,3.2,98.0
8863,520,18.5,18.0,17.3,11.8,0.0,3.2,98.0
9763,520,18.5,18.0,17.3,11.7,0.0,3.2,98.0
10663,520,18.5,18.0,17.3,11.6,0.0,3.2,98.0
11563,520,18.47692307692308,18.0,17.3,11.6,0.0,3.2,98.0
12463,520,18.4,18.0,17.3,11.6,0.0,1.6,98.0
13363,520,18.4,18.0,17.3,11.6,0.0,1.6,98.0
14263,520,18.4,18.0,17.3,11.6,0.0,3.2,98.0
15163,520,18.4,18.0,17.3,11.6,0.0,1.6,98.0
16063,520,18.4,18.0,17.3,11.5,0.0,1.6,98.0
16963,520,18.4,18.0,17.3,11.4,0.0,1.6,98.0
17863,520,18.4,18.0,17.3,11.5,5.0,3.2,98.0
18763,520,18.4,18.0,17.3,11.5,5.0,3.2,99.0
19663,520,18.4,18.0,17.3,11.4,7.0,4.8,99.0
20563,520,18.398529411764702,18.0,17.3,11.4,11.0,4.8,99.0
21463,520,18.4,18.0,17.3,11.4,14.0,4.8,99.0
22363,520,18.433846153846154,17.893939393939394,17.24848484848485,11.4,18.0,4.8,99.0
23263,520,18.50555555555556,17.917910447761194,17.350746268656714,11.4,25.0,3.2,99.0
24163,520,17.90869565217391,17.5,16.787692307692307,11.3,32.0,4.8,99.0
25063,520,17.894202898550724,17.5,16.86774193548387,11.4,25.0,6.4,99.0
25963,520,18.021875,17.5,17.0,11.3,21.0,6.4,99.0
26863,520,18.1,17.5,17.0,11.3,28.0,4.8,99.0
27763,520,18.18115942028985,17.5,17.0,11.3,35.0,4.8,99.0
28663,520,18.2,17.5,17.0,11.4,88.0,6.4,99.0
29563,520,18.285074626865672,17.5,17.0,11.6,97.0,8.0,99.0
30463,520,18.3,17.5,17.0,11.8,142.0,6.4,99.0
31363,520,18.3,17.5,17.0,11.9,114.0,6.4,99.0
32263,520,18.3,17.5,17.0,12.0,149.0,6.4,99.0
33163,520,18.3,17.5,17.0,12.1,125.0,9.7,99.0
34063,520,18.3,17.5,17.0,12.4,155.0,8.0,99.0
34963,520,18.3,17.5,17.0,12.6,155.0,6.4,98.0
35863,520,18.3,17.5,17.0,12.8,195.0,6.4,98.0
36763,520,18.324285714285715,17.5,17.0,12.5,172.0,8.0,97.0
37663,520,18.4,17.5,17.0,12.3,185.0,9.7,97.0
38563,520,18.4,17.5,17.0,12.3,171.0,8.0,97.0
39463,520,18.4,17.5,17.0,12.3,193.0,8.0,96.0
40363,520,18.4,17.5,17.0,12.3,169.0,9.7,96.0
41263,520,18.4,17.5,17.0,12.4,232.0,9.7,96.0
42163,520,18.4,17.5,17.0,12.5,181.0,8.0,95.0
43063,520,18.4,17.5,17.0,12.7,211.0,8.0,95.0
43963,520,18.4,17.5,17.0,12.7,216.0,9.7,94.0
44863,520,18.4,17.5,17.0,12.8,251.0,11.3,94.0
45763,520,18.4,17.5,17.0,12.8,223.0,11.3,93.0
46663,520,18.4,17.5,17.0,12.9,225.0,12.9,92.0
47563,520,18.4,17.5,17.0,12.8,260.0,11.3,92.0
48463,520,18.4,17.5,17.0,12.8,257.0,12.9,92.0
49363,520,18.4,17.5,17.0,12.9,311.0,11.3,91.0
50263,520,18.4,17.5,17.0,12.9,302.0,12.9,91.0
51163,520,18.4,17.5,17.0,13.1,290.0,9.7,90.0
52063,520,18.4,17.5,17.0,13.3,304.0,11.3,90.0
52963,520,18.4,17.5,17.0,13.4,367.0,11.3,90.0
53863,520,18.4,17.5,17.0,13.1,241.0,12.9,89.0
54763,520,18.4,17.5,17.0,12.9,218.0,9.7,92.0
55663,520,18.4,17.5,17.0,12.8,236.0,9.7,91.0
56563,520,18.43913043478261,17.71969696969697,17.14090909090909,13.0,236.0,11.3,90.0
57463,520,18.42,17.9921875,17.3,12.8,253.0,11.3,90.0
58363,520,18.4,17.50793650793651,17.04285714285714,12.6,181.0,11.3,90.0
59263,520,18.3609375,17.701492537313435,17.116417910447762,12.3,186.0,12.9,90.0
60163,520,18.19848484848485,17.85820895522388,17.1955223880597,12.4,195.0,12.9,90.0
61063,520,17.309722222222224,17.2421875,16.53125,12.6,251.0,12.9,90.0
61963,520,16.663076923076922,16.833333333333336,16.05909090909091,12.9,218.0,11.3,89.0
62863,520,16.29014084507042,16.5,15.863492063492064,13.0,200.0,9.7,88.0
63763,520,15.88235294117647,16.253731343283583,15.467164179104476,12.8,186.0,11.3,89.0
64663,520,15.860294117647058,16.333333333333336,15.669565217391304,12.7,155.0,9.7,89.0
65563,520,16.51875,16.884057971014492,16.095652173913045,12.6,104.0,6.4,89.0
66463,520,16.892753623188405,17.0,16.3,12.3,93.0,8.0,89.0
67363,520,17.133802816901408,17.0,16.36865671641791,12.1,81.0,9.7,90.0
68263,520,17.281159420289857,17.0,16.496923076923075,11.8,65.0,11.3,90.0
69163,520,17.40151515151515,17.0,16.5,11.6,62.0,12.9,90.0
70063,520,17.504285714285714,17.0,16.5,11.5,46.0,9.7,91.0
70963,520,17.75211267605634,17.492424242424242,16.8,11.3,39.0,12.9,91.0
71863,520,17.9672131147541,17.434426229508198,16.749180327868853,11.1,32.0,12.9,91.0
72763,520,17.89,16.875,16.23125,11.0,21.0,9.7,92.0
73663,520,17.8,16.888059701492537,16.161194029850744,10.9,18.0,11.3,92.0
74563,520,17.8,17.0,16.34923076923077,10.8,14.0,6.4,93.0
75463,520,17.723880597014926,17.0,16.5,10.7,16.0,9.7,94.0
76363,520,17.7,17.0,16.5,10.5,7.0,8.0,95.0
77263,520,17.7,17.00735294117647,16.5,10.3,0.0,11.3,95.0
78163,520,17.7,17.03030303030303,16.5,10.1,0.0,11.3,96.0
79063,520,17.708955223880597,17.477272727272727,16.5,10.0,0.0,8.0,96.0
79963,520,18.50845070422536,17.602941176470587,16.760294117647057,9.8,0.0,9.7,96.0
80863,520,19.43653846153846,17.644927536231883,16.902898550724636,9.7,0.0,9.7,96.0
81763,520,,17.5,16.8,9.7,0.0,8.0,96.0
82663,520,18.6,17.5,16.8,9.7,0.0,9.7,96.0
83563,520,18.373529411764707,17.5,16.8,9.7,0.0,6.4,96.0
84463,520,18.122535211267607,17.5,16.8,9.7,0.0,8.0,96.0
85363,520,17.98235294117647,17.5,16.8,9.6,0.0,8.0,96.0
86263,520,17.873846153846152,17.257575757575758,16.68181818181818,9.4,0.0,9.7,95.0
763,521,17.8,17.02307692307692,16.5,9.5,0.0,11.3,94.0
1663,521,17.8,17.0,16.5,9.6,0.0,8.0,93.0
2563,521,17.711940298507464,17.0,16.5,9.7,0.0,9.7,93.0
3463,521,17.7,17.0,16.5,9.7,0.0,8.0,93.0
4363,521,17.7,17.0,16.5,9.7,0.0,9.7,93.0
5263,521,17.636363636363637,17.0,16.5,9.7,0.0,8.0,93.0
6163,521,17.6,17.0,16.5,9.8,0.0,6.4,93.0
7063,521,17.6,17.0,16.5,9.8,0.0,8.0,93.0
7963,521,17.6,17.0,16.487692307692306,9.8,0.0,8.0,93.0
8863,521,17.522535211267606,17.0,16.35625,9.8,0.0,8.0,93.0
9763,521,17.5,17.0,16.3,9.8,0.0,9.7,92.0
10663,521,17.5,17.0,16.3,9.8,0.0,9.7,92.0
11563,521,17.5,17.0,16.3,9.7,0.0,9.7,92.0
12463,521,17.44375,17.0,16.3,9.6,0.0,9.7,92.0
13363,521,17.4,17.0,16.3,9.6,0.0,11.3,93.0
14263,521,17.4,17.0,16.3,9.4,0.0,8.0,92.0
15163,521,17.4,17.0,16.3,9.4,0.0,6.4,92.0
16063,521,17.4,17.0,16.3,9.4,0.0,8.0,91.0
16963,521,17.32923076923077,17.0,16.3,9.4,0.0,8.0,90.0
17863,521,17.3,17.0,16.3,9.4,5.0,9.7,90.0
18763,521,17.3,17.0,16.3,9.4,7.0,8.0,90.0
19663,521,17.3,17.0,16.291304347826088,9.3,12.0,9.7,90.0
20563,521,17.3,16.992537313432837,16.214925373134328,9.3,21.0,6.4,90.0
21463,521,17.670149253731346,16.77777777777778,16.10952380952381,9.3,26.0,8.0,89.0
22363,521,18.54328358208955,17.276923076923076,16.59384615384615,9.3,40.0,8.0,89.0
23263,521,17.771014492753622,17.363636363636363,16.6,9.3,46.0,9.7,88.0
24163,521,17.71470588235294,17.007462686567163,16.5,9.3,63.0,9.7,87.0
25063,521,17.8,17.0,16.5,9.4,76.0,11.3,86.0
25963,521,17.871641791044777,17.0,16.5,9.4,97.0,11.3,86.0
26863,521,17.9,17.0,16.5,9.6,114.0,11.3,86.0
27763,521,17.9,17.0,16.5,9.8,134.0,6.4,85.0
28663,521,17.9,17.0,16.5,10.1,156.0,9.7,83.0
29563,521,17.883582089552238,17.0,16.5,10.3,111.0,9.7,82.0
30463,521,17.80909090909091,17.0,16.5,10.4,176.0,9.7,81.0
31363,521,17.8,17.0,16.5,10.7,188.0,9.7,82.0
32263,521,17.8,17.0,16.5,11.2,241.0,9.7,82.0
33163,521,17.77846153846154,17.0,16.5,11.1,297.0,9.7,81.0
34063,521,17.7,17.0,16.5,11.7,308.0,9.7,81.0
34963,521,17.7,17.0,16.5,11.5,301.0,12.9,78.0
35863,521,17.7,17.0,16.5,11.8,473.0,11.3,79.0
36763,521,17.7,17.0,16.5,12.2,218.0,12.9,78.0
37663,521,17.7,17.0,16.5,13.1,717.0,9.7,75.0
38563,521,17.7,17.0,16.5,13.3,694.0,11.3,73.0
39463,521,17.7,17.0,16.5,13.4,735.0,11.3,71.0
40363,521,17.7,17.0,16.5,13.8,766.0,12.9,71.0
41263,521,17.7,17.0,16.5,13.8,773.0,12.9,68.0
42163,521,17.7,17.0,16.5,14.8,800.0,11.3,66.0
43063,521,17.7,17.0,16.5,14.7,814.0,12.9,64.0
43963,521,17.7,17.0,16.5,15.1,831.0,12.9,58.0
44863,521,17.7,17.0,16.5,15.2,840.0,9.7,57.0
45763,521,17.7,17.0,16.5,16.3,844.0,11.3,57.0
46663,521,17.7,17.0,16.5,15.9,846.0,9.7,56.0
47563,521,17.7,17.0,16.5,16.2,847.0,11.3,60.0
48463,521,17.7,17.0,16.5,16.2,849.0,12.9,57.0
49363,521,17.7,17.0,16.5,16.5,844.0,12.9,59.0
50263,521,17.7,17.0,16.5,16.9,838.0,9.7,56.0
51163,521,17.7,17.0,16.5,16.9,833.0,12.9,60.0
52063,521,17.7,17.0,16.5,16.6,816.0,12.9,62.0
52963,521,17.7,17.0,16.5,16.5,779.0,11.3,62.0
53863,521,17.7,17.0,16.5,16.4,714.0,12.9,59.0
54763,521,17.7,17.0,16.5,16.5,788.0,12.9,62.0
55663,521,17.7,17.0,16.5,16.7,740.0,9.7,63.0
56563,521,17.7,17.0,16.5,16.4,701.0,12.9,65.0
57463,521,17.7,17.0,16.5,16.0,700.0,12.9,67.0
58363,521,17.7,17.0,16.5,16.2,670.0,12.9,70.0
59263,521,17.7,17.0,16.5,15.9,664.0,14.5,69.0
60163,521,17.7,17.0,16.5,15.3,628.0,12.9,69.0
61063,521,17.7,17.0,16.604761904761904,14.7,573.0,14.5,71.0
61963,521,17.7,17.0,16.52769230769231,15.1,624.0,11.3,71.0
62863,521,17.7,17.0,16.5,14.6,469.0,12.9,71.0
63763,521,17.604761904761904,17.0,16.5,13.9,309.0,12.9,74.0
64663,521,17.6,17.0,16.5,13.6,206.0,11.3,75.0
65563,521,17.6,17.0,16.5,13.2,213.0,12.9,76.0
66463,521,17.6,17.0,16.5,13.1,202.0,11.3,76.0
67363,521,17.6,17.0,16.5,12.9,211.0,11.3,77.0
68263,521,17.68507462686567,17.0,16.5,12.9,213.0,9.7,77.0
69163,521,17.764285714285712,17.0,16.5,12.8,162.0,11.3,77.0
70063,521,17.8,17.0,16.5,12.5,123.0,9.7,78.0
70963,521,17.72,17.0,16.4,12.1,114.0,9.7,79.0
71863,521,17.614705882352943,16.695652173913043,16.139130434782608,11.8,100.0,9.7,80.0
72763,521,17.522222222222222,16.5,15.887878787878789,11.7,83.0,8.0,81.0
73663,521,17.446875,16.626984126984127,15.946031746031746,11.5,62.0,8.0,82.0
74563,521,17.4,16.99264705882353,16.29558823529412,11.3,39.0,9.7,80.0
75463,521,17.4,16.764285714285712,16.201428571428572,11.1,30.0,9.7,81.0
76363,521,17.376119402985076,16.55223880597015,16.062686567164178,10.8,26.0,9.7,82.0
77263,521,17.3,16.53174603174603,16.00952380952381,10.6,21.0,6.4,84.0
78163,521,17.33283582089552,16.746268656716417,16.197014925373132,10.3,7.0,8.0,84.0
79063,521,17.4,17.0,16.3,10.0,0.0,8.0,85.0
79963,521,17.4,17.0,16.3,9.7,0.0,8.0,85.0
80863,521,17.4,17.0,16.3,9.5,0.0,6.4,87.0
81763,521,17.4,17.0,16.3,9.5,0.0,6.4,88.0
82663,521,17.4,17.0,16.3,9.7,0.0,8.0,88.0
83563,521,17.4,17.0,16.3,9.7,0.0,9.7,87.0
84463,521,17.4,17.0,16.3,9.8,0.0,8.0,87.0
85363,521,17.37123287671233,17.0,16.3,9.7,0.0,11.3,87.0
86263,521,17.3,17.0,16.3,9.6,0.0,11.3,87.0
763,522,17.3,16.950704225352112,16.3,9.5,0.0,11.3,87.0
1663,522,17.3,16.83076923076923,16.3,9.4,0.0,14.5,87.0
2563,522,17.3,16.609375,16.290625,9.3,0.0,11.3,88.0
3463,522,17.3,16.537313432835823,16.192537313432837,9.3,0.0,9.7,88.0
4363,522,17.3,16.514492753623188,16.086956521739133,9.2,0.0,11.3,88.0
5263,522,17.28955223880597,16.5,16.0140625,9.2,0.0,8.0,89.0
6163,522,17.204225352112676,16.5,16.0,8.9,0.0,9.7,89.0
7063,522,17.2,16.5,16.0,8.8,0.0,8.0,89.0
7963,522,17.2,16.5,16.0,8.7,0.0,6.4,90.0
8863,522,17.2,16.5,16.0,8.5,0.0,6.4,90.0
9763,522,17.2,16.5,16.0,8.3,0.0,6.4,91.0
10663,522,17.192537313432837,16.5,16.0,8.2,0.0,6.4,92.0
11563,522,17.11060606060606,16.5,16.0,8.2,0.0,6.4,91.0
12463,522,17.1,16.5,16.0,8.0,0.0,4.8,92.0
13363,522,17.1,16.5,16.0,7.8,0.0,4.8,92.0
14263,522,17.1,16.5,16.0,7.7,0.0,6.4,92.0
15163,522,17.1,16.5,16.0,7.7,0.0,4.8,93.0
16063,522,17.1,16.5,16.0,7.9,0.0,3.2,93.0
16963,522,17.1,16.5,16.0,7.9,5.0,4.8,93.0
17863,522,17.176923076923078,16.5,16.0,7.8,5.0,4.8,93.0
18763,522,17.265714285714285,16.5,16.0,7.6,9.0,4.8,92.0
19663,522,17.387142857142855,16.5,16.216176470588234,7.4,14.0,3.2,93.0
20563,522,17.516666666666666,16.649253731343286,16.3,7.4,21.0,3.2,93.0
21463,522,17.6,17.0,16.3,7.5,25.0,1.6,93.0
22363,522,18.20289855072464,17.0,16.389705882352942,7.7,26.0,4.8,93.0
23263,522,18.3536231884058,17.322033898305087,16.71864406779661,8.0,56.0,4.8,92.0
24163,522,18.055714285714284,17.3515625,16.5,8.6,51.0,8.0,91.0
25063,522,17.963235294117645,17.0,16.5,8.9,91.0,9.7,89.0
25963,522,17.82205882352941,17.0,16.38307692307692,9.2,113.0,9.7,88.0
26863,522,17.730434782608697,17.0,16.3,9.4,127.0,11.3,87.0
27763,522,17.63134328358209,17.0,16.3,9.4,163.0,11.3,86.0
28663,522,17.564705882352943,16.74264705882353,16.3,9.4,132.0,11.3,86.0
29563,522,17.5,16.52307692307692,16.3,9.5,178.0,11.3,85.0
30463,522,17.463380281690142,16.5,16.3,9.6,188.0,12.9,85.0
31363,522,17.4,16.5,16.3,9.8,206.0,9.7,85.0
32263,522,17.4,16.5,16.3,10.1,230.0,9.7,86.0
33163,522,17.4,16.5,16.3,10.1,239.0,9.7,85.0
34063,522,17.4,16.5,16.3,10.3,225.0,8.0,85.0
34963,522,17.4,16.5,16.3,10.4,250.0,9.7,86.0
35863,522,17.4,16.5,16.3,10.6,295.0,11.3,85.0
36763,522,17.4,16.5,16.3,10.8,301.0,11.3,85.0
37663,522,17.4,16.5,16.3,10.9,329.0,9.7,84.0
38563,522,17.4015625,16.507246376811594,16.3,11.4,329.0,9.7,83.0
39463,522,17.492753623188406,16.5,16.3,11.7,353.0,9.7,82.0
40363,522,17.5,16.5,16.3,11.9,436.0,9.7,82.0
41263,522,17.5,16.5,16.3,12.0,431.0,8.0,83.0
42163,522,17.5,16.5,16.3,13.6,1030.0,8.0,76.0
43063,522,17.5,16.5,16.3,14.1,870.0,9.7,76.0
43963,522,17.5,16.5,16.29558823529412,13.7,294.0,8.0,76.0
44863,522,17.5,16.5,16.3,15.2,935.0,6.4,74.0
45763,522,17.5,16.5,16.3,15.3,847.0,6.4,73.0
46663,522,17.5,16.5,16.3,15.1,846.0,6.4,73.0
47563,522,17.5,16.5,16.295652173913044,15.6,844.0,8.0,73.0
48463,522,17.5,16.5,16.280645161290323,15.7,849.0,9.7,69.0
49363,522,17.5,16.5,16.295454545454547,16.1,851.0,9.7,68.0
50263,522,17.5,16.5,16.26865671641791,16.0,840.0,8.0,68.0
51163,522,17.5,16.5,16.291304347826088,16.7,840.0,6.4,67.0
52063,522,17.5,16.5,16.3,16.6,830.0,6.4,65.0
52963,522,17.5,16.5,16.3,16.4,812.0,8.0,61.0
53863,522,17.5,16.5,16.3,17.4,796.0,6.4,62.0
54763,522,17.5,16.5,16.3,17.5,779.0,8.0,59.0
55663,522,17.5,16.5,16.3,17.6,761.0,9.7,61.0
56563,522,17.5,16.5,16.3,17.4,737.0,9.7,65.0
57463,522,17.5,16.5,16.3,17.4,715.0,9.7,65.0
58363,522,17.5,16.5,16.3,17.4,689.0,9.7,66.0
59263,522,17.5,16.5,16.3,17.3,657.0,9.7,65.0
60163,522,17.5,16.5,16.3,17.6,631.0,9.7,61.0
61063,522,17.591176470588234,16.963235294117645,16.361764705882354,16.8,603.0,11.3,62.0
61963,522,17.6,17.0,16.3,17.1,619.0,9.7,61.0
62863,522,17.6,17.0,16.3,16.9,585.0,8.0,61.0
63763,522,17.6,17.0,16.3,16.9,497.0,9.7,61.0
64663,522,17.6,16.941176470588236,16.3,16.9,464.0,11.3,62.0
65563,522,17.6,16.924242424242426,16.333333333333336,16.6,424.0,11.3,63.0
66463,522,17.6,17.0,16.342424242424244,16.5,388.0,9.7,63.0
67363,522,17.526865671641794,17.0,16.3,16.7,350.0,8.0,62.0
68263,522,17.5,16.8125,16.3,16.4,315.0,9.7,65.0
69163,522,17.5,17.0,16.442857142857143,15.9,276.0,11.3,65.0
70063,522,17.5,17.0,16.303333333333335,15.8,237.0,9.7,67.0
70963,522,17.5,17.0,16.3,15.7,195.0,8.0,66.0
71863,522,17.5,16.765151515151516,16.263636363636362,15.3,46.0,8.0,68.0
72763,522,17.42537313432836,16.88888888888889,16.238095238095237,14.1,40.0,8.0,72.0
73663,522,17.4,16.93181818181818,16.3,13.7,44.0,6.4,71.0
74563,522,17.3640625,16.522058823529413,16.088235294117645,13.4,35.0,6.4,71.0
75463,522,17.3,16.5,16.0,13.1,26.0,4.8,70.0
76363,522,17.21875,16.5,15.85625,12.8,18.0,4.8,79.0
77263,522,17.186567164179102,16.5,15.8,12.2,12.0,4.8,83.0
78163,522,17.1,16.5,15.8,11.6,7.0,4.8,86.0
79063,522,17.040845070422534,16.470149253731343,15.755223880597017,11.1,0.0,4.8,89.0
79963,522,17.066666666666666,16.424242424242426,15.813636363636364,10.7,0.0,4.8,90.0
80863,522,18.798571428571428,16.918032786885245,16.331147540983608,10.6,0.0,3.2,91.0
81763,522,18.86428571428572,17.0,16.3,10.3,0.0,3.2,91.0
82663,522,18.4,17.0,16.3,10.2,0.0,4.8,91.0
83563,522,18.201492537313435,16.97761194029851,16.3,10.0,0.0,4.8,92.0
84463,522,17.87727272727273,16.623076923076923,16.3,9.7,0.0,6.4,92.0
85363,522,17.704285714285714,16.507462686567163,16.264179104477613,9.4,0.0,6.4,92.0
86263,522,17.51290322580645,16.5,16.01846153846154,9.3,0.0,6.4,93.0
763,523,17.4,16.5,16.0,9.1,0.0,6.4,93.0
1663,523,17.355172413793106,16.5,16.0,9.0,0.0,8.0,94.0
2563,523,17.3,16.5,16.0,9.0,0.0,6.4,94.0
3463,523,17.3,16.5,16.0,9.0,0.0,6.4,94.0
4363,523,17.3,16.5,16.0,9.0,0.0,4.8,94.0
5263,523,17.3,16.5,16.0,9.2,0.0,3.2,95.0
6163,523,17.3,16.5,16.0,9.2,0.0,6.4,95.0
7063,523,17.29,16.5,16.0,9.1,0.0,4.8,96.0
7963,523,17.204918032786885,16.5,16.0,8.9,0.0,3.2,96.0
8863,523,17.2,16.5,16.0,8.8,0.0,3.2,96.0
9763,523,17.2,16.5,16.0,8.8,0.0,1.6,96.0
10663,523,17.2,16.5,16.0,8.8,0.0,1.6,96.0
11563,523,17.2,16.5,16.0,8.8,0.0,3.2,96.0
12463,523,17.2,16.5,16.0,8.9,0.0,1.6,97.0
13363,523,17.2,16.5,16.0,9.0,0.0,1.6,97.0
14263,523,17.2,16.5,16.0,9.1,0.0,1.6,96.0
15163,523,17.2,16.5,16.0,9.2,0.0,3.2,96.0
16063,523,17.1859375,16.5,16.0,9.2,0.0,4.8,96.0
16963,523,17.104761904761904,16.5,16.0,9.3,0.0,4.8,96.0
17863,523,17.1,16.5,16.0,9.3,5.0,4.8,96.0
18763,523,17.1,16.5,16.0,9.3,9.0,4.8,95.0
19663,523,17.1,16.5,16.0,9.4,16.0,3.2,95.0
20563,523,17.1,16.5,16.0,9.4,21.0,3.2,95.0
21463,523,17.159375,16.5,16.0,9.5,25.0,3.2,94.0
22363,523,17.2,16.5,16.0,9.6,37.0,3.2,94.0
23263,523,18.38840579710145,16.8,16.294285714285714,9.7,54.0,4.8,94.0
24163,523,17.81304347826087,17.0,16.471212121212123,9.8,60.0,4.8,93.0
25063,523,17.620588235294118,17.0,16.3,9.9,70.0,4.8,93.0
25963,523,17.6,16.786764705882355,16.3,10.1,95.0,6.4,92.0
26863,523,17.6,16.5,16.3,10.2,91.0,6.4,92.0
27763,523,17.6,16.5,16.3,10.4,114.0,6.4,92.0
28663,523,17.50857142857143,16.5,16.24705882352941,10.7,130.0,6.4,92.0
29563,523,17.5,16.654545454545453,16.3,10.8,142.0,6.4,91.0
30463,523,17.5,16.5,16.3,10.9,149.0,4.8,91.0
31363,523,17.5,16.5,16.3,11.4,188.0,6.4,90.0
32263,523,17.5,16.5,16.3,11.6,179.0,4.8,89.0
33163,523,17.573015873015873,16.5,16.3,11.7,199.0,4.8,89.0
34063,523,17.6,16.510416666666664,16.3,11.8,241.0,4.8,88.0
34963,523,17.6,16.584615384615383,16.3,12.1,246.0,8.0,87.0
35863,523,17.75438596491228,17.081632653061227,16.47142857142857,12.1,371.0,9.7,85.0
36763,523,18.06376811594203,17.234375,16.603125,12.8,406.0,4.8,85.0
37663,523,18.0,17.0,16.490163934426228,13.3,287.0,8.0,82.0
38563,523,17.959701492537313,17.0,16.321875,13.9,754.0,9.7,80.0
39463,523,17.9,17.0,16.3,14.5,830.0,8.0,79.0
40363,523,17.83888888888889,16.99264705882353,16.3,14.9,793.0,6.4,79.0
41263,523,17.8,16.94776119402985,16.3,15.3,670.0,8.0,77.0
42163,523,17.8,16.826086956521742,16.3,15.3,802.0,9.7,76.0
43063,523,17.8,16.718309859154928,16.3,15.4,851.0,9.7,75.0
43963,523,17.8,16.62121212121212,16.3,15.5,846.0,8.0,77.0
44863,523,17.8,16.566176470588236,16.3,16.6,867.0,9.7,74.0
45763,523,17.750819672131147,16.54032258064516,16.3,16.2,872.0,8.0,75.0
46663,523,17.7,16.563492063492063,16.3,16.4,798.0,11.3,73.0
47563,523,17.7,16.53076923076923,16.3,16.9,865.0,9.7,74.0
48463,523,17.7,16.59090909090909,16.3,17.0,779.0,9.7,63.0
49363,523,17.7,16.544117647058822,16.3,16.9,816.0,11.3,64.0
50263,523,17.7,16.62121212121212,16.3,16.7,861.0,12.9,67.0
51163,523,17.7,16.6328125,16.3,17.5,826.0,11.3,65.0
52063,523,17.7,16.671641791044777,16.3,17.6,846.0,11.3,59.0
52963,523,17.7,16.72058823529412,16.3,17.8,793.0,12.9,63.0
53863,523,17.7,16.828358208955223,16.3,17.8,761.0,12.9,58.0
54763,523,17.701470588235292,16.875,16.3,17.9,788.0,12.9,61.0
55663,523,17.708695652173912,16.94776119402985,16.3,18.2,770.0,11.3,60.0
56563,523,17.766666666666666,17.0,16.3,18.2,749.0,12.9,57.0
57463,523,17.798507462686565,16.992424242424242,16.3,17.8,714.0,11.3,58.0
58363,523,17.8,16.99285714285714,16.3,17.7,696.0,12.9,59.0
59263,523,17.8,17.0,16.3,17.9,663.0,11.3,59.0
60163,523,17.8,17.0,16.3,18.1,631.0,12.9,58.0
61063,523,17.8,17.0,16.3,17.8,592.0,14.5,59.0
61963,523,17.8,17.0,16.3,17.5,603.0,12.9,59.0
62863,523,17.8,17.0,16.305633802816903,17.3,573.0,12.9,60.0
63763,523,17.8,17.149253731343286,16.607462686567164,17.5,534.0,11.3,57.0
64663,523,17.802985074626868,17.0,16.5,17.3,452.0,12.9,54.0
65563,523,17.8015873015873,17.0,16.5,17.1,408.0,12.9,55.0
66463,523,17.8,17.0,16.41764705882353,16.6,374.0,12.9,59.0
67363,523,17.738805970149254,17.0,16.3,16.5,332.0,11.3,60.0
68263,523,17.7,17.0,16.3,16.4,294.0,12.9,61.0
69163,523,17.7,17.0,16.3,16.1,258.0,9.7,67.0
70063,523,17.66769230769231,17.0,16.32295081967213,15.5,223.0,11.3,70.0
70963,523,17.6,16.77941176470588,16.307352941176468,15.1,183.0,9.7,72.0
71863,523,17.6,17.0,16.3,14.7,51.0,9.7,74.0
72763,523,17.59130434782609,16.919117647058822,16.326470588235292,14.0,46.0,9.7,77.0
73663,523,17.6,17.0,16.30294117647059,13.4,44.0,8.0,80.0
74563,523,17.6,17.0,16.3,12.7,23.0,8.0,83.0
75463,523,17.6,17.0,16.3,12.4,21.0,8.0,85.0
76363,523,17.547169811320753,17.0,16.3,12.2,19.0,6.4,86.0
77263,523,17.5,17.0,16.3,11.8,12.0,8.0,87.0
78163,523,17.5,17.0,16.3,11.4,5.0,9.7,89.0
79063,523,17.5,16.99264705882353,16.3,11.3,0.0,8.0,90.0
79963,523,17.5,17.0,16.3,11.2,0.0,6.4,91.0
80863,523,17.573846153846155,17.0,16.464179104477612,10.9,0.0,4.8,91.0
81763,523,17.6,17.0,16.5,10.8,0.0,6.4,91.0
82663,523,17.6,17.0,16.445454545454545,10.6,0.0,4.8,91.0
83563,523,17.6,17.0,16.3,10.4,0.0,4.8,91.0
84463,523,17.52898550724638,17.0,16.3,10.4,0.0,6.4,92.0
85363,523,17.5,17.0,16.3,10.2,0.0,4.8,91.0
86263,523,17.5,17.0,16.3,10.2,0.0,3.2,92.0
763,524,17.5,17.0,16.3,9.9,0.0,3.2,92.0
1663,524,17.5,17.0,16.3,9.8,0.0,1.6,92.0
2563,524,17.5,17.0,16.3,9.9,0.0,3.2,93.0
3463,524,17.5,17.0,16.3,9.9,0.0,3.2,93.0
4363,524,17.5,17.0,16.3,10.0,0.0,3.2,93.0
5263,524,17.5,17.0,16.3,10.3,0.0,6.4,93.0
6163,524,17.5,17.0,16.3,10.4,0.0,6.4,92.0
7063,524,17.5,17.0,16.3,10.4,0.0,8.0,91.0
7963,524,17.490000000000002,16.992537313432837,16.3,10.5,0.0,6.4,91.0
8863,524,17.408450704225352,16.964285714285715,16.3,10.5,0.0,8.0,92.0
9763,524,17.4,16.91549295774648,16.3,10.4,0.0,8.0,92.0
10663,524,17.4,16.853846153846156,16.3,10.2,0.0,11.3,91.0
11563,524,17.4,16.74264705882353,16.3,10.2,0.0,9.7,92.0
12463,524,17.4,16.635714285714286,16.3,10.1,0.0,9.7,91.0
13363,524,17.4,16.529850746268657,16.3,10.0,0.0,9.7,91.0
14263,524,17.4,16.535714285714285,16.3,9.9,0.0,9.7,91.0
15163,524,17.4,16.5,16.3,9.8,0.0,8.0,91.0
16063,524,17.4,16.5,16.3,9.8,0.0,6.4,91.0
16963,524,17.4,16.5,16.3,9.6,0.0,9.7,91.0
17863,524,17.4,16.833333333333336,16.3,9.6,5.0,8.0,91.0
18763,524,17.512698412698413,17.0,16.425925925925927,9.7,7.0,8.0,91.0
19663,524,17.56231884057971,17.0,16.256716417910447,9.7,21.0,8.0,90.0
20563,524,17.431343283582088,16.553846153846155,15.956923076923076,9.6,18.0,8.0,89.0
21463,524,17.318840579710145,16.5,15.8,9.6,23.0,6.4,89.0
22363,524,17.224657534246575,16.5,15.790909090909093,9.7,32.0,8.0,88.0
23263,524,17.175,16.215384615384615,15.564615384615385,9.7,40.0,9.7,88.0
24163,524,17.418840579710142,16.514492753623188,15.846376811594205,9.8,63.0,11.3,89.0
25063,524,17.715714285714284,16.597014925373134,15.935820895522388,9.8,53.0,9.7,89.0
25963,524,17.033333333333335,16.6,15.830769230769231,9.9,67.0,9.7,89.0
26863,524,17.288571428571426,16.56153846153846,16.0,9.9,65.0,6.4,89.0
27763,524,17.417391304347824,16.5,16.0,10.1,113.0,8.0,88.0
28663,524,17.5,16.5,16.0,10.4,137.0,8.0,86.0
29563,524,17.5,16.5,16.0,10.9,162.0,9.7,84.0
30463,524,17.5,16.5,16.0044776119403,11.2,218.0,9.7,85.0
31363,524,17.5,16.5,16.07846153846154,10.9,185.0,11.3,83.0
32263,524,17.5,16.5,16.2,11.0,204.0,11.3,83.0
33163,524,17.5,16.5,16.27,11.3,246.0,9.7,82.0
34063,524,17.56714285714286,16.5,16.286153846153844,11.6,258.0,8.0,81.0
34963,524,17.6,16.5,16.3,11.7,221.0,8.0,82.0
35863,524,17.6,16.5,16.3,11.4,223.0,8.0,83.0
36763,524,17.6,16.5,16.3,11.7,237.0,8.0,82.0
37663,524,17.6,16.5,16.3,11.6,308.0,9.7,83.0
38563,524,17.6,16.508064516129032,16.3,12.8,826.0,9.7,79.0
39463,524,17.6,16.52173913043478,16.3,13.1,339.0,8.0,76.0
40363,524,17.6,16.57971014492754,16.3,12.9,733.0,11.3,77.0
41263,524,17.615714285714283,16.661764705882355,16.3,13.2,241.0,9.7,78.0
42163,524,17.68888888888889,16.772058823529413,16.3,12.9,190.0,11.3,76.0
43063,524,17.7,16.97692307692308,16.3,13.7,619.0,12.9,73.0
43963,524,17.7,17.0,16.3,14.8,810.0,11.3,72.0
44863,524,17.7,17.0,16.3,14.7,830.0,11.3,71.0
45763,524,17.7,17.0,16.3,15.3,833.0,9.7,72.0
46663,524,17.7,17.0,16.30909090909091,15.3,849.0,11.3,69.0
47563,524,17.7,17.0,16.31818181818182,15.2,555.0,11.3,71.0
48463,524,17.7,17.0,16.30909090909091,15.3,1107.0,12.9,71.0
49363,524,17.7,17.0,16.3,15.3,432.0,12.9,70.0
50263,524,17.7,17.0,16.30294117647059,14.4,436.0,12.9,74.0
51163,524,17.7,17.0,16.3,14.7,461.0,11.3,73.0
52063,524,17.7,17.0,16.3,15.8,568.0,11.3,68.0
52963,524,17.7,17.0,16.3,15.7,490.0,11.3,70.0
53863,524,17.7,17.0,16.3,15.3,441.0,9.7,69.0
54763,524,17.7,17.0,16.302985074626868,15.2,394.0,11.3,71.0
55663,524,17.7,17.0,16.325396825396826,14.7,425.0,11.3,74.0
56563,524,17.7,17.0,16.31,14.6,309.0,9.7,72.0
57463,524,17.7,17.0,16.3,15.7,877.0,9.7,72.0
58363,524,17.7,17.0,16.311764705882354,15.6,714.0,9.7,71.0
59263,524,17.7,17.0,16.35,16.2,643.0,11.3,68.0
60163,524,17.7,17.0,16.43913043478261,16.3,689.0,9.7,69.0
61063,524,17.7,17.0,16.47941176470588,16.3,392.0,11.3,67.0
61963,524,17.7,17.0,16.5,15.8,573.0,9.7,70.0
62863,524,17.7,17.0,16.5,15.6,490.0,9.7,71.0
63763,524,17.705714285714286,17.0,16.5,15.8,439.0,9.7,70.0
64663,524,17.795774647887324,17.0,16.5,15.6,411.0,11.3,71.0
65563,524,17.8,17.0,16.51578947368421,15.6,381.0,9.7,70.0
66463,524,17.8,17.0,16.5,15.5,348.0,9.7,71.0
67363,524,17.8,17.0,16.5,15.6,327.0,8.0,71.0
68263,524,17.8,17.0,16.5,15.2,288.0,11.3,72.0
69163,524,17.8,17.0,16.533333333333335,15.1,241.0,9.7,72.0
70063,524,17.8,17.0,16.658823529411766,15.1,202.0,9.7,72.0
70963,524,17.8,17.0,16.5,14.9,174.0,9.7,73.0
71863,524,17.8,17.0,16.5,14.6,69.0,8.0,74.0
72763,524,17.8,17.0,16.5,-17.8,0.0,0.0,0.0
73663,524,17.8,17.0,16.5,13.3,60.0,8.0,79.0
74563,524,17.8,17.0,16.5,13.1,46.0,8.0,79.0
75463,524,17.80625,17.33076923076923,16.716923076923077,13.0,40.0,8.0,79.0
76363,524,17.898333333333333,17.283582089552237,16.8,12.9,32.0,6.4,79.0
77263,524,17.9,17.0,16.6640625,12.6,18.0,8.0,80.0
78163,524,17.944262295081966,17.18939393939394,16.722727272727273,12.5,9.0,6.4,81.0
79063,524,17.9421875,17.0,16.732258064516127,12.3,0.0,6.4,82.0
79963,524,17.93030303030303,17.0,16.509090909090908,12.0,0.0,4.8,83.0
80863,524,19.001470588235293,17.653846153846153,17.130769230769232,11.7,0.0,4.8,84.0
81763,524,19.46896551724138,17.597014925373134,17.0,11.4,0.0,4.8,86.0
82663,524,18.978571428571428,17.5,16.923076923076923,11.2,0.0,4.8,88.0
83563,524,18.764814814814816,17.5,16.8,11.1,0.0,4.8,89.0
84463,524,18.511666666666667,17.21969696969697,16.8,10.9,0.0,3.2,89.0
85363,524,18.32631578947369,17.0,16.8,10.8,0.0,3.2,90.0
86263,524,18.19811320754717,17.0,16.65909090909091,10.7,0.0,6.4,91.0
763,525,18.04716981132076,17.0,16.5,10.7,0.0,3.2,91.0
1663,525,18.0,17.0,16.5,10.6,0.0,4.8,91.0
2563,525,17.924074074074074,17.0,16.5,10.6,0.0,4.8,91.0
3463,525,17.9,17.0,16.51846153846154,10.6,0.0,3.2,91.0
4363,525,17.991071428571427,17.272058823529413,16.8,10.4,0.0,3.2,91.0
5263,525,17.906779661016948,17.0,16.8,10.2,0.0,4.8,91.0
6163,525,17.9,17.0,16.6921875,10.2,0.0,3.2,91.0
7063,525,17.9,17.0,16.5044776119403,10.2,0.0,4.8,91.0
7963,525,17.9,17.0,16.5,10.0,0.0,3.2,91.0
8863,525,17.89090909090909,17.0,16.5,9.9,0.0,3.2,91.0
9763,525,17.805454545454545,17.0,16.5,9.9,0.0,1.6,92.0
10663,525,17.8,17.0,16.5,9.9,0.0,1.6,93.0
11563,525,17.8,17.0,16.5,9.8,0.0,1.6,93.0
12463,525,17.8,17.0,16.5,9.8,0.0,3.2,93.0
13363,525,17.8,17.0,16.5,9.8,0.0,1.6,93.0
14263,525,17.8,17.0,16.5,9.7,0.0,0.0,93.0
15163,525,17.769230769230766,17.0,16.5,9.7,0.0,1.6,92.0
16063,525,17.7,17.0,16.5,9.7,0.0,1.6,92.0
16963,525,17.7,17.0,16.5,9.7,0.0,1.6,92.0
17863,525,17.7,17.0,16.5,9.7,0.0,1.6,92.0
18763,525,17.762745098039215,17.0,16.5,9.7,0.0,1.6,92.0
19663,525,17.8,17.0,16.5,9.7,42.0,3.2,94.0
20563,525,17.892982456140352,17.0,16.5,9.7,42.0,3.2,94.0
21463,525,17.944827586206895,28.875,24.16029411764706,9.7,42.0,3.2,94.0
22363,525,18.618181818181817,57.54615384615384,52.70923076923077,9.7,42.0,3.2,94.0
23263,525,19.861290322580647,56.1875,54.1734375,9.7,42.0,3.2,94.0
24163,525,20.49473684210526,49.387931034482754,47.21379310344828,9.7,42.0,3.2,94.0
25063,525,19.73090909090909,37.39230769230769,33.112307692307695,10.0,47.0,4.8,93.0
25963,525,19.061818181818182,28.8,26.07846153846154,10.3,62.0,4.8,92.0
26863,525,18.848148148148148,24.083333333333336,22.46,10.7,63.0,6.4,90.0
27763,525,18.65689655172413,21.296875,20.2515625,11.2,95.0,9.7,89.0
28663,525,18.194736842105264,19.954545454545453,20.24242424242424,11.5,88.0,8.0,89.0
29563,525,18.064406779661017,19.580882352941178,19.97352941176471,11.8,72.0,4.8,88.0
30463,525,17.967796610169493,18.69696969696969,18.26969696969697,12.2,77.0,4.8,85.0
31363,525,17.921666666666667,18.67391304347825,18.594202898550726,12.7,88.0,6.4,85.0
32263,525,17.9,18.475806451612904,18.346774193548388,12.8,102.0,6.4,86.0
33163,525,17.951666666666668,18.0,17.78181818181818,13.3,114.0,6.4,84.0
34063,525,18.0,18.01492537313433,17.93582089552239,13.7,153.0,6.4,83.0
34963,525,18.001724137931035,18.0,17.669696969696968,14.6,540.0,6.4,81.0
35863,525,17.94909090909091,18.0,17.711940298507464,14.9,578.0,9.7,80.0
36763,525,18.003571428571426,17.8,17.31846153846154,15.2,608.0,8.0,79.0
37663,525,17.96785714285714,17.5,17.054545454545455,15.5,631.0,11.3,79.0
38563,525,18.03050847457628,17.5,17.0,16.2,670.0,6.4,77.0
39463,525,17.92452830188679,17.5,17.0,15.3,698.0,8.0,80.0
40363,525,17.961016949152544,17.5,17.0,15.6,636.0,8.0,77.0
41263,525,17.857894736842105,17.5,17.0,16.4,708.0,8.0,76.0
42163,525,17.801754385964912,17.5,16.95072463768116,15.9,737.0,8.0,77.0
43063,525,17.89636363636364,17.5,17.0,16.4,775.0,11.3,76.0
43963,525,18.03859649122807,17.5,17.104761904761904,16.6,786.0,9.7,76.0
44863,525,18.1,17.5,17.0,16.7,800.0,11.3,75.0
45763,525,18.17962962962963,17.5,17.0,16.5,807.0,8.0,76.0
46663,525,18.2,17.5,16.921875,16.8,812.0,9.7,75.0
47563,525,18.2,17.5,16.84776119402985,17.2,817.0,8.0,75.0
48463,525,18.207272727272727,17.5,17.0,17.3,817.0,11.3,74.0
49363,525,18.3,17.5,17.0,16.6,819.0,12.9,76.0
50263,525,18.325454545454544,17.507692307692306,17.02307692307692,16.6,807.0,12.9,76.0
51163,525,18.4,17.5,17.00857142857143,16.6,807.0,11.3,76.0
52063,525,18.39038461538461,17.684615384615384,17.124615384615385,17.1,824.0,11.3,76.0
52963,525,18.31320754716981,17.5,17.0,17.1,680.0,12.9,74.0
53863,525,18.3,17.5,17.0,17.3,561.0,14.5,73.0
54763,525,18.3,17.5,17.0,16.4,499.0,11.3,76.0
55663,525,18.3,17.5,17.0,16.2,353.0,8.0,76.0
56563,525,18.3,17.5,17.0,15.8,269.0,9.7,78.0
57463,525,18.35818181818182,17.707692307692305,17.124615384615385,15.1,265.0,8.0,81.0
58363,525,18.4,18.0,17.3,14.9,239.0,8.0,82.0
59263,525,18.4,18.0,17.295454545454547,15.1,171.0,8.0,81.0
60163,525,18.4,17.60483870967742,17.009677419354837,15.1,123.0,8.0,82.0
61063,525,18.4,17.5,17.0,15.1,174.0,6.4,82.0
61963,525,18.4,17.5,17.0,14.8,186.0,6.4,82.0
62863,525,18.4,17.5,17.0,14.9,153.0,4.8,82.0
63763,525,18.4,17.5,17.0,14.8,120.0,4.8,82.0
64663,525,18.4,17.5,17.0,14.6,141.0,6.4,85.0
65563,525,18.403508771929825,17.5,17.0,14.1,134.0,6.4,87.0
66463,525,18.4,17.5,17.0,13.5,132.0,6.4,88.0
67363,525,18.4,17.5,16.88135593220339,13.3,160.0,6.4,89.0
68263,525,18.363636363636363,17.28787878787879,16.7,13.2,134.0,4.8,90.0
69163,525,18.3,17.5,16.803225806451614,13.2,77.0,4.8,89.0
70063,525,18.2609756097561,17.438596491228072,16.710526315789473,12.8,49.0,3.2,89.0
70963,525,18.2,17.5,16.786956521739132,12.6,28.0,3.2,90.0
71863,525,18.2,17.5,16.8,12.4,26.0,4.8,90.0
72763,525,18.2,17.5,16.8,12.4,25.0,6.4,90.0
73663,525,18.2,17.5,16.8,12.2,23.0,4.8,90.0
74563,525,18.2,17.5,16.8,11.9,23.0,4.8,91.0
75463,525,18.2,17.5,16.914285714285715,11.8,16.0,3.2,92.0
76363,525,18.2,17.5,16.84864864864865,11.7,14.0,3.2,92.0
77263,525,18.2,17.5,16.996610169491525,11.7,16.0,0.0,92.0
78163,525,18.2,17.5,17.0,11.7,9.0,1.6,92.0
79063,525,18.2,17.63265306122449,17.0,11.6,0.0,3.2,92.0
79963,525,18.24634146341464,17.551020408163264,17.0,11.4,0.0,1.6,92.0
80863,525,18.3,17.527272727272727,17.0,11.2,0.0,0.0,93.0
81763,525,18.25454545454545,17.5,17.0,11.1,0.0,4.8,93.0
82663,525,18.3,17.5,17.0,10.8,0.0,4.8,94.0
83563,525,18.312962962962963,17.5,17.0,10.6,0.0,1.6,94.0
84463,525,18.378846153846155,17.5,17.0,10.5,0.0,3.2,94.0
85363,525,18.4,17.77777777777778,17.152380952380952,10.3,0.0,3.2,94.0
86263,525,18.4,17.566176470588236,17.211764705882352,10.1,0.0,3.2,94.0
763,526,18.4,17.5,17.004615384615384,9.9,0.0,0.0,95.0
1663,526,18.4,17.5,17.0,9.6,0.0,0.0,95.0
2563,526,18.4,17.5,17.0,9.4,0.0,0.0,95.0
3463,526,18.345454545454547,17.5,17.0,9.4,0.0,0.0,95.0
4363,526,18.3,17.5,17.0,9.6,0.0,0.0,96.0
5263,526,18.3,17.5,17.0,9.4,0.0,1.6,96.0
6163,526,18.3,17.5,17.0,9.3,0.0,0.0,96.0
7063,526,18.3,17.5,17.0,9.3,0.0,1.6,96.0
7963,526,18.24375,17.5,17.0,9.2,0.0,3.2,96.0
8863,526,18.2,17.5,17.0,9.4,0.0,0.0,96.0
9763,526,18.2,17.5,17.0,9.6,0.0,1.6,97.0
10663,526,18.2,17.5,17.0,9.8,0.0,3.2,97.0
11563,526,18.2,17.5,17.0,9.7,0.0,0.0,97.0
12463,526,18.2,17.5,17.0,9.8,0.0,0.0,97.0
13363,526,18.2,17.5,17.0,9.7,0.0,0.0,97.0
14263,526,18.2,17.5,17.0,9.7,0.0,1.6,97.0
15163,526,18.2,17.5,17.0,9.7,0.0,1.6,97.0
16063,526,18.2,17.5,16.99142857142857,9.7,0.0,1.6,97.0
16963,526,18.19375,17.5,16.945454545454545,9.7,0.0,1.6,97.0
17863,526,18.11428571428572,17.5,16.866666666666667,9.7,7.0,0.0,97.0
18763,526,18.1,17.5,16.812121212121212,9.8,12.0,0.0,98.0
19663,526,18.1,17.5,16.81492537313433,9.8,9.0,1.6,98.0
20563,526,18.1,17.5,16.802816901408452,9.9,11.0,1.6,98.0
21463,526,18.1,17.5,16.8,9.9,19.0,0.0,98.0
22363,526,18.1,17.5,16.808823529411764,10.0,44.0,0.0,98.0
23263,526,18.153658536585365,17.5,16.88235294117647,10.1,56.0,0.0,98.0
24163,526,18.14814814814815,17.05072463768116,16.47826086956522,10.3,90.0,0.0,98.0
25063,526,18.808928571428574,17.28125,16.6953125,10.4,81.0,0.0,98.0
25963,526,19.196226415094337,17.87121212121212,17.240909090909092,10.6,81.0,0.0,98.0
26863,526,18.908620689655173,17.5,16.8,10.6,120.0,1.6,98.0
27763,526,18.64464285714286,17.5,16.8,10.7,60.0,1.6,97.0
28663,526,18.45357142857143,17.5,16.8,10.8,62.0,1.6,98.0
29563,526,18.4,17.5,16.8,10.9,158.0,3.2,97.0
30463,526,18.305172413793105,17.5,16.8,11.2,271.0,3.2,97.0
31363,526,18.3,17.492753623188406,16.8,11.6,218.0,6.4,96.0
32263,526,18.271929824561404,17.4609375,16.8,11.9,244.0,1.6,96.0
33163,526,18.29137931034483,17.492957746478872,16.8,12.4,229.0,3.2,94.0
34063,526,18.3,17.5,16.8,12.8,276.0,1.6,93.0
34963,526,18.3,17.5,16.8,13.6,297.0,1.6,91.0
35863,526,18.3,17.5,16.8,13.9,330.0,0.0,89.0
36763,526,18.3,17.5,16.809677419354838,15.3,675.0,1.6,84.0
37663,526,18.3,17.5,16.96,15.3,283.0,3.2,85.0
38563,526,18.3,17.5,16.880597014925375,15.2,462.0,4.8,85.0
39463,526,18.26909090909091,17.84375,17.0,15.2,352.0,6.4,85.0
40363,526,18.271186440677965,17.5,17.0,15.7,325.0,4.8,85.0
41263,526,18.21964285714286,17.5,17.0,15.6,455.0,8.0,87.0
42163,526,18.2,17.5,17.0,16.3,459.0,4.8,84.0
43063,526,18.28181818181818,17.5,16.952,16.4,418.0,9.7,83.0
43963,526,,,,16.2,336.0,9.7,83.0
44863,526,,,,16.3,264.0,9.7,85.0
45763,526,,,,16.8,341.0,6.4,84.0
46663,526,18.5,17.5,17.0,18.2,707.0,9.7,79.0
47563,526,18.5,17.5,17.0,18.2,464.0,9.7,76.0
48463,526,,,,18.9,844.0,11.3,78.0
49363,526,,,,18.9,466.0,8.0,75.0
50263,526,,,,18.7,664.0,6.4,75.0
51163,526,18.8,18.0,17.3,18.6,387.0,6.4,74.0
52063,526,18.8,17.871428571428574,17.3,18.7,353.0,6.4,75.0
52963,526,18.720338983050848,17.5078125,17.2953125,19.7,362.0,8.0,71.0
53863,526,18.7,17.5,17.154285714285713,19.3,329.0,4.8,73.0
54763,526,18.7,17.5,17.008955223880598,19.3,381.0,8.0,73.0
55663,526,18.7,17.5,17.0,20.4,703.0,9.7,67.0
56563,526,18.691071428571423,17.5,17.0,19.9,339.0,8.0,69.0
57463,526,18.6,17.5,17.0,19.5,257.0,11.3,70.0
58363,526,18.6,17.5,17.0,19.7,645.0,8.0,72.0
59263,526,18.6,17.5,17.0,19.9,373.0,6.4,69.0
60163,526,18.6,17.5,17.0,19.8,359.0,8.0,69.0
61063,526,18.6,17.5,17.0,19.6,178.0,8.0,70.0
61963,526,18.6,17.5,17.0,19.4,359.0,3.2,71.0
62863,526,18.6,17.5,17.0,19.2,176.0,4.8,73.0
63763,526,18.6,17.5,17.0,18.9,148.0,4.8,75.0
64663,526,18.6,17.5,17.0,18.7,172.0,6.4,75.0
65563,526,18.69090909090909,17.5,17.0,18.5,100.0,6.4,75.0
66463,526,18.635185185185183,17.5,17.0,18.5,134.0,4.8,75.0
67363,526,18.608474576271185,17.5,17.0,18.6,120.0,4.8,76.0
68263,526,18.6,17.5,17.0,18.5,76.0,4.8,75.0
69163,526,18.6,17.5,17.0,18.4,83.0,6.4,74.0
70063,526,18.6,17.639705882352942,17.061764705882354,18.7,130.0,6.4,69.0
70963,526,18.6,17.683823529411764,17.114705882352943,19.3,185.0,6.4,67.0
71863,526,18.518965517241377,17.5,17.0,18.8,114.0,11.3,67.0
72763,526,18.5,17.5,17.0,18.2,107.0,11.3,69.0
73663,526,18.5,17.5,17.0,17.5,54.0,9.7,74.0
74563,526,18.5,17.5,17.0,16.7,44.0,8.0,79.0
75463,526,18.5,17.5,17.0,15.9,39.0,8.0,81.0
76363,526,18.5843137254902,17.725806451612904,17.0,15.2,30.0,6.4,85.0
77263,526,18.544642857142858,17.5,17.0,14.6,21.0,6.4,87.0
78163,526,18.5,17.5,17.0,14.1,12.0,3.2,89.0
79063,526,18.5,17.5,17.0,13.7,5.0,3.2,90.0
79963,526,18.5,17.5,17.0,13.2,0.0,3.2,92.0
80863,526,18.5,17.5,17.0,12.8,0.0,3.2,93.0
81763,526,18.5,17.5,17.0,12.6,0.0,1.6,94.0
82663,526,18.5,17.856060606060606,17.20909090909091,12.6,0.0,3.2,94.0
83563,526,18.585,18.0,17.3,12.4,0.0,1.6,94.0
84463,526,18.6,18.0,17.3,12.3,0.0,1.6,95.0
85363,526,18.6,18.0,17.3,12.3,0.0,3.2,94.0
86263,526,18.6,18.0,17.3,12.2,0.0,0.0,94.0
763,527,18.6,18.0,17.3,12.1,0.0,1.6,95.0
1663,527,18.6,17.97692307692308,17.3,12.1,0.0,0.0,95.0
2563,527,18.6,17.886363636363637,17.3,12.1,0.0,1.6,95.0
3463,527,18.575,17.70634920634921,17.3,11.9,0.0,0.0,94.0
4363,527,18.5,17.607142857142858,17.3,11.7,0.0,0.0,93.0
5263,527,18.5,17.5546875,17.2953125,11.2,0.0,0.0,94.0
6163,527,18.5,17.5,17.2955223880597,11.0,0.0,0.0,94.0
7063,527,18.5,17.5,17.256521739130434,10.9,0.0,0.0,95.0
7963,527,18.5,17.5,17.201492537313435,11.0,0.0,0.0,95.0
8863,527,18.5,17.5,17.14558823529412,10.6,0.0,0.0,94.0
9763,527,18.5,17.5,17.069230769230767,10.1,0.0,0.0,94.0
10663,527,18.5,17.5,17.048529411764708,10.0,0.0,0.0,95.0
11563,527,18.449122807017545,17.5,17.01818181818182,9.8,0.0,0.0,94.0
12463,527,18.4,17.5,17.0046875,9.2,0.0,0.0,93.0
13363,527,18.4,17.5,17.0044776119403,8.8,0.0,0.0,93.0
14263,527,18.4,17.5,17.0,8.5,0.0,0.0,93.0
15163,527,18.4,17.5,17.0,8.3,0.0,1.6,93.0
16063,527,18.4,17.5,17.0,8.2,0.0,0.0,93.0
16963,527,18.4,17.5,17.0,8.1,5.0,1.6,94.0
17863,527,18.4,17.5,17.0,8.4,11.0,3.2,94.0
18763,527,18.4,17.5,17.0,8.6,14.0,3.2,94.0
19663,527,18.4,17.5,17.0,8.9,18.0,1.6,95.0
20563,527,18.4,17.5,17.130000000000003,9.4,33.0,3.2,94.0
21463,527,18.4,17.5,17.0,10.1,39.0,3.2,92.0
22363,527,18.388135593220337,17.593220338983052,16.94915254237288,10.6,62.0,6.4,90.0
23263,527,18.57627118644068,18.3984375,17.3078125,11.0,74.0,6.4,89.0
24163,527,18.87017543859649,18.2890625,17.415625,11.2,74.0,8.0,88.0
25063,527,18.77857142857143,18.0,17.3,11.3,81.0,6.4,88.0
25963,527,18.7,17.93181818181818,17.3,11.4,98.0,6.4,87.0
26863,527,18.63636363636364,17.515384615384615,17.156923076923075,11.6,116.0,6.4,87.0
27763,527,18.6,17.5,17.0,11.6,91.0,6.4,87.0
28663,527,18.54833333333333,17.5,17.0,11.8,88.0,4.8,87.0
29563,527,18.5,17.5,17.0,11.9,86.0,4.8,88.0
30463,527,18.5,17.5,17.0,12.1,128.0,3.2,87.0
31363,527,18.49636363636364,17.5,17.0,12.4,116.0,4.8,87.0
32263,527,18.40188679245283,17.5,17.0,12.4,179.0,4.8,87.0
33163,527,18.4,17.5,17.0,12.5,139.0,4.8,87.0
34063,527,18.4,17.5,17.0,12.6,221.0,4.8,87.0
34963,527,18.4,17.5,17.0,12.7,132.0,4.8,87.0
35863,527,18.4,17.5,17.0,12.6,132.0,4.8,90.0
36763,527,18.4,17.5,17.0,12.6,207.0,3.2,92.0
37663,527,18.4,17.5,17.0,12.5,86.0,3.2,93.0
38563,527,18.4,17.5,17.0,12.3,158.0,8.0,95.0
39463,527,18.4,17.5,17.0,12.4,192.0,9.7,96.0
40363,527,18.4,17.5,17.0,12.6,269.0,6.4,96.0
41263,527,18.4,17.5,17.0,12.3,221.0,11.3,96.0
42163,527,18.4,17.5,17.0,12.3,308.0,12.9,96.0
43063,527,18.4,17.5,17.0,12.3,204.0,9.7,97.0
43963,527,18.4,17.5,17.0,12.1,153.0,12.9,96.0
44863,527,18.4,17.5,17.0,11.8,181.0,12.9,96.0
45763,527,18.4,17.5,17.0,11.8,121.0,9.7,97.0
46663,527,18.4,17.5,17.0,11.7,127.0,9.7,97.0
47563,527,18.4,17.5,17.0,11.8,146.0,8.0,97.0
48463,527,18.4,17.5,17.0,11.8,185.0,9.7,96.0
49363,527,18.4,17.5,17.0,12.2,197.0,6.4,96.0
50263,527,18.4,17.5,17.0,12.5,192.0,8.0,96.0
51163,527,18.4,17.5,17.0,12.6,265.0,8.0,95.0
52063,527,18.4,17.5,17.0,12.8,302.0,9.7,93.0
52963,527,18.4,17.5,17.0,13.7,557.0,9.7,91.0
53863,527,18.4,17.5,17.0,13.6,387.0,11.3,91.0
54763,527,18.4,17.5,17.0,13.6,197.0,9.7,90.0
55663,527,18.4,17.5,17.0,13.2,88.0,8.0,91.0
56563,527,18.4,17.5,17.0,13.1,179.0,8.0,91.0
57463,527,18.4,17.5,17.0,13.0,178.0,9.7,90.0
58363,527,18.4,17.5,17.0,13.2,276.0,9.7,91.0
59263,527,18.465,17.5,17.0,13.5,376.0,11.3,90.0
60163,527,18.46206896551724,17.5,17.0,14.1,380.0,11.3,86.0
61063,527,18.410714285714285,17.5,17.0,14.4,445.0,11.3,86.0
61963,527,18.4,17.5,17.0,14.8,418.0,11.3,84.0
62863,527,18.4,17.57462686567164,17.02238805970149,14.5,236.0,11.3,84.0
63763,527,18.4,17.5,17.0,14.4,267.0,8.0,82.0
64663,527,18.4,17.5,17.0,14.9,519.0,6.4,83.0
65563,527,18.4,17.5,17.0,14.7,323.0,8.0,83.0
66463,527,18.4,17.5,17.0,14.6,244.0,8.0,83.0
67363,527,18.38421052631579,17.57462686567164,17.0,14.4,195.0,6.4,84.0
68263,527,18.3,17.5,17.0,14.4,155.0,8.0,85.0
69163,527,18.3,17.5,16.96875,13.9,113.0,8.0,85.0
70063,527,18.224561403508773,17.5,16.80597014925373,13.6,104.0,9.7,85.0
70963,527,18.2,17.5,16.8,13.4,77.0,9.7,86.0
71863,527,18.2,17.5,16.8,13.4,58.0,4.8,86.0
72763,527,18.12372881355932,17.5,16.8,13.3,40.0,6.4,86.0
73663,527,18.1,17.5,16.8,13.2,30.0,4.8,87.0
74563,527,18.1,17.5,16.8,13.1,23.0,6.4,87.0
75463,527,18.1,17.5,16.8,13.1,19.0,6.4,88.0
76363,527,18.1,17.227272727272727,16.663636363636364,12.9,12.0,4.8,89.0
77263,527,18.1,17.46212121212121,16.763636363636362,12.8,7.0,4.8,89.0
78163,527,18.1,17.5,16.8,12.7,5.0,6.4,89.0
79063,527,18.1,17.5,16.802985074626868,12.6,0.0,6.4,89.0
79963,527,18.880000000000003,17.870689655172413,17.11551724137931,12.5,0.0,6.4,87.0
80863,527,20.573529411764707,18.214285714285715,17.482539682539684,12.4,0.0,6.4,88.0
81763,527,,18.0,17.3,12.4,0.0,4.8,88.0
82663,527,,17.96875,17.3,12.3,0.0,4.8,88.0
83563,527,19.15714285714286,17.522727272727273,17.063636363636363,12.3,0.0,4.8,88.0
84463,527,18.95970149253732,17.5,17.0,12.2,0.0,3.2,89.0
85363,527,18.73913043478261,17.5,17.0,12.1,0.0,1.6,90.0
86263,527,18.59264705882353,17.5,17.0,11.9,0.0,0.0,91.0
763,528,18.437313432835825,17.5,17.0,12.0,0.0,0.0,91.0
1663,528,18.314705882352943,17.5,17.0,12.1,0.0,1.6,91.0
2563,528,18.2,17.5,17.0,12.0,0.0,4.8,91.0
3463,528,18.13676470588236,17.5,17.0,11.8,0.0,6.4,93.0
4363,528,18.007042253521128,17.5,17.0,11.6,0.0,4.8,95.0
5263,528,18.0,17.5,17.0,11.5,0.0,4.8,96.0
6163,528,18.0,17.5,16.977777777777778,11.4,0.0,4.8,96.0
7063,528,18.0,17.5,16.87272727272727,11.3,0.0,6.4,96.0
7963,528,18.0,17.5,16.805882352941175,11.2,0.0,4.8,96.0
8863,528,18.0,17.5,16.8,11.2,0.0,1.6,97.0
9763,528,18.0,17.5,16.8,11.2,0.0,1.6,97.0
10663,528,18.0,17.5,16.8,11.2,0.0,3.2,97.0
11563,528,18.0,17.5,16.8,11.2,0.0,4.8,97.0
12463,528,18.0,17.5,16.8,11.1,0.0,3.2,97.0
13363,528,18.0,17.5,16.8,11.1,0.0,3.2,97.0
14263,528,18.0,17.5,16.8,11.0,0.0,3.2,97.0
15163,528,18.0,17.5,16.8,10.9,0.0,3.2,97.0
16063,528,18.0,17.5,16.8,10.9,0.0,4.8,97.0
16963,528,18.0,17.5,16.8,10.7,9.0,3.2,97.0
17863,528,18.0,17.5,16.8,10.6,11.0,3.2,97.0
18763,528,18.0,17.5,16.8,10.5,16.0,3.2,97.0
19663,528,18.0,17.5,16.8,10.6,25.0,3.2,97.0
20563,528,18.0,17.5,16.8,10.7,18.0,4.8,97.0
21463,528,18.0,17.113636363636363,16.42878787878788,10.7,33.0,6.4,98.0
22363,528,18.139705882352946,17.171641791044777,16.591044776119404,10.8,53.0,3.2,98.0
23263,528,18.16760563380281,17.276119402985074,16.5,10.8,56.0,4.8,98.0
24163,528,18.10147058823529,18.838709677419352,16.870967741935484,10.8,86.0,6.4,97.0
25063,528,19.945833333333333,42.93636363636364,35.334545454545456,10.9,79.0,8.0,96.0
25963,528,,55.703125,52.5125,11.1,125.0,6.4,95.0
26863,528,20.111475409836068,58.42063492063492,56.277777777777786,11.1,100.0,6.4,92.0
27763,528,20.702857142857145,54.823076923076925,52.97384615384616,11.3,95.0,6.4,91.0
28663,528,21.04057971014493,52.92063492063492,50.53015873015873,11.3,105.0,8.0,88.0
29563,528,21.215714285714284,51.86363636363636,49.74242424242424,11.3,84.0,6.4,87.0
30463,528,21.2,35.69230769230769,32.45538461538462,11.4,93.0,8.0,88.0
31363,528,21.07121212121212,28.462686567164177,27.34925373134328,11.6,107.0,8.0,89.0
32263,528,20.846153846153847,24.375,23.42794117647059,11.6,137.0,9.7,88.0
33163,528,20.607462686567164,21.833333333333336,21.042424242424243,11.7,104.0,6.4,88.0
34063,528,20.33913043478261,20.484375,19.9453125,11.8,156.0,9.7,86.0
34963,528,20.116901408450705,19.698275862068964,19.28793103448276,12.1,174.0,6.4,86.0
35863,528,19.913235294117648,19.1640625,18.865625,12.5,229.0,4.8,84.0
36763,528,19.76034482758621,19.0,18.51320754716981,12.8,207.0,4.8,81.0
37663,528,19.6112676056338,18.507692307692302,18.30307692307692,13.2,239.0,6.4,78.0
38563,528,19.4768115942029,18.5,18.068571428571428,13.3,186.0,4.8,78.0
39463,528,19.397058823529413,18.5,18.0,13.4,234.0,3.2,76.0
40363,528,19.3,18.411290322580648,17.841935483870966,13.4,244.0,6.4,76.0
41263,528,19.240579710144928,18.0390625,17.8,13.3,174.0,4.8,79.0
42163,528,19.2,18.0,17.8,13.3,218.0,6.4,80.0
43063,528,19.128169014084506,18.0,17.8,13.3,218.0,4.8,82.0
43963,528,19.1,18.0,17.59402985074627,12.7,230.0,6.4,85.0
44863,528,19.1,18.0,17.5,12.9,339.0,4.8,87.0
45763,528,19.1,18.0,17.5,13.3,508.0,6.4,84.0
46663,528,19.1,18.0,17.5,14.4,610.0,8.0,82.0
47563,528,19.1,18.0,17.5,15.1,842.0,8.0,79.0
48463,528,19.1,18.0,17.5,15.7,543.0,9.7,77.0
49363,528,19.1,18.0,17.5,16.3,482.0,9.7,73.0
50263,528,19.0231884057971,18.0,17.5,15.5,302.0,6.4,77.0
51163,528,19.0,18.0,17.5,15.8,388.0,4.8,76.0
52063,528,19.0,18.0,17.5,16.4,462.0,6.4,76.0
52963,528,19.0,18.0,17.493939393939392,16.9,615.0,4.8,72.0
53863,528,19.0,18.0,17.485294117647058,18.1,485.0,4.8,68.0
54763,528,18.9936507936508,18.0,17.49402985074627,17.7,515.0,4.8,71.0
55663,528,18.9,18.0,17.449253731343283,17.8,339.0,6.4,70.0
56563,528,18.9,18.0,17.52307692307692,17.6,744.0,4.8,70.0
57463,528,18.9,18.0,17.5,18.9,267.0,4.8,67.0
58363,528,18.9,18.0,17.490322580645163,19.2,684.0,4.8,62.0
59263,528,18.9,18.0,17.496969696969696,19.1,686.0,4.8,56.0
60163,528,18.932352941176468,18.0,17.5,19.1,248.0,6.4,57.0
61063,528,18.998461538461537,18.0,17.5,19.0,297.0,6.4,63.0
61963,528,19.0,18.0,17.5,18.5,257.0,8.0,67.0
62863,528,19.0,18.0,17.493650793650794,18.2,209.0,8.0,68.0
63763,528,19.0,18.0,17.491044776119402,18.2,225.0,9.7,67.0
64663,528,19.0,18.0,17.497014925373133,19.1,531.0,6.4,64.0
65563,528,18.939705882352943,18.0,17.49411764705882,19.0,174.0,4.8,64.0
66463,528,18.9,18.0,17.496428571428574,18.6,193.0,1.6,66.0
67363,528,18.9,18.0,17.4741935483871,18.4,111.0,3.2,65.0
68263,528,18.9,18.0,17.479710144927537,18.2,139.0,4.8,66.0
69163,528,18.9,18.0,17.375,18.2,225.0,4.8,67.0
70063,528,18.918309859154927,18.0,17.5,18.3,63.0,8.0,64.0
70963,528,19.0,18.0,17.505084745762712,17.8,102.0,9.7,64.0
71863,528,19.00142857142857,18.0703125,17.696875,18.0,105.0,12.9,63.0
72763,528,19.0,18.0,17.5,17.9,65.0,12.9,63.0
73663,528,,,,17.3,47.0,16.1,65.0
74563,528,,,,16.6,39.0,14.5,67.0
75463,528,,,,16.3,35.0,14.5,67.0
76363,528,18.9,18.44736842105264,17.768421052631577,15.9,21.0,9.7,69.0
77263,528,18.9,18.02307692307692,17.504615384615384,15.4,16.0,8.0,72.0
78163,528,18.87692307692308,18.0,17.5,15.1,9.0,8.0,73.0
79063,528,18.8,18.0,17.441538461538464,14.7,0.0,8.0,79.0
79963,528,18.8,18.0,17.43846153846154,13.6,0.0,8.0,84.0
80863,528,18.8,18.02142857142857,17.445714285714285,12.7,0.0,9.7,86.0
81763,528,18.8,18.0,17.5,12.3,0.0,6.4,88.0
82663,528,18.895833333333336,18.46363636363636,17.783636363636365,12.0,0.0,4.8,89.0
83563,528,18.9,18.084615384615383,17.78153846153846,11.8,0.0,6.4,90.0
84463,528,18.893939393939394,18.0,17.52307692307692,11.6,0.0,6.4,90.0
85363,528,18.8,18.0,17.5,11.3,0.0,6.4,91.0
86263,528,18.8,18.0,17.5,11.2,0.0,6.4,92.0
763,529,18.8,18.0,17.5,10.9,0.0,6.4,92.0
1663,529,18.759375,18.0,17.5,10.6,0.0,4.8,92.0
2563,529,18.7,18.0,17.5,10.2,0.0,3.2,93.0
3463,529,18.7,18.0,17.5,10.1,0.0,1.6,93.0
4363,529,18.7,18.0,17.5,9.8,0.0,1.6,92.0
5263,529,18.7,18.0,17.5,9.7,0.0,3.2,93.0
6163,529,18.7,18.0,17.5,9.8,0.0,4.8,93.0
7063,529,18.7,18.0,17.5,9.8,0.0,3.2,93.0
7963,529,18.6661971830986,18.0,17.5,9.9,0.0,6.4,93.0
8863,529,18.6,18.0,17.5,9.8,0.0,1.6,92.0
9763,529,18.6,18.0,17.463934426229507,9.7,0.0,6.4,92.0
10663,529,18.6,18.0,17.31492537313433,9.8,0.0,6.4,89.0
11563,529,18.6,18.0,17.30625,9.8,0.0,6.4,87.0
12463,529,18.6,18.0,17.3,9.4,0.0,0.0,87.0
13363,529,18.6,18.0,17.3,9.3,0.0,4.8,87.0
14263,529,18.54285714285714,18.0,17.3,9.1,0.0,1.6,89.0
15163,529,18.5,18.0,17.3,8.7,0.0,0.0,90.0
16063,529,18.5,18.0,17.3,8.8,0.0,8.0,87.0
16963,529,18.5,18.0,17.3,9.1,0.0,6.4,85.0
17863,529,18.5,18.0,17.3,9.1,5.0,4.8,85.0
18763,529,18.5,18.0,17.3,9.3,11.0,4.8,85.0
19663,529,18.5,18.0,17.3,9.8,11.0,9.7,83.0
20563,529,18.53076923076923,18.0,17.3,10.2,16.0,11.3,82.0
21463,529,18.6,18.0,17.303076923076922,10.3,26.0,12.9,81.0
22363,529,18.62272727272727,18.0,17.361016949152543,10.4,53.0,12.9,80.0
23263,529,18.709375,17.833333333333336,17.283333333333335,10.3,65.0,19.3,80.0
24163,529,19.004761904761903,18.26363636363636,17.5,10.4,84.0,14.5,80.0
25063,529,19.04705882352941,18.0,17.5,10.9,104.0,11.3,80.0
25963,529,19.335714285714285,18.23809523809524,17.664285714285715,11.2,113.0,12.9,78.0
26863,529,19.532857142857143,18.36764705882353,17.80294117647059,10.8,107.0,17.7,78.0
27763,529,19.3,18.1171875,17.734375,11.1,176.0,14.5,79.0
28663,529,19.39,18.477272727272727,17.795454545454547,11.6,174.0,14.5,76.0
29563,529,19.4,18.007462686567163,17.508955223880598,11.2,76.0,12.9,77.0
30463,529,19.332857142857144,18.0,17.5,11.1,58.0,11.3,80.0
31363,529,19.3,18.0,17.5,11.5,56.0,14.5,77.0
32263,529,19.28382352941177,18.0,17.5,12.1,83.0,14.5,74.0
33163,529,19.2,18.0,17.5,12.1,95.0,17.7,76.0
34063,529,19.17796610169492,18.0,17.5,12.6,185.0,17.7,74.0
34963,529,19.1,18.0,17.467741935483872,13.1,169.0,19.3,73.0
35863,529,19.08732394366197,18.0,17.433333333333334,13.4,656.0,17.7,71.0
36763,529,19.003174603174603,18.0,17.43125,13.8,599.0,17.7,70.0
37663,529,19.0,18.0,17.413846153846155,14.2,810.0,17.7,70.0
38563,529,19.0,18.0,17.378125,14.1,770.0,17.7,71.0
39463,529,18.995454545454542,18.0,17.33125,14.7,308.0,16.1,69.0
40363,529,18.905882352941177,18.0,17.335483870967742,14.9,311.0,16.1,69.0
41263,529,18.9,18.0,17.32622950819672,15.2,483.0,17.7,67.0
42163,529,18.9,18.0,17.31846153846154,15.2,571.0,19.3,66.0
43063,529,18.9,18.0,17.333802816901407,16.3,798.0,14.5,66.0
43963,529,18.92173913043478,18.027272727272727,17.401818181818182,15.7,279.0,16.1,66.0
44863,529,19.0,18.09090909090909,17.5,16.0,503.0,12.9,67.0
45763,529,19.0,18.0,17.5,16.1,330.0,16.1,66.0
46663,529,18.93513513513513,18.0,17.5,16.2,239.0,16.1,65.0
47563,529,18.9,18.0,17.414285714285715,16.1,301.0,16.1,67.0
48463,529,18.9,18.0,17.3,15.7,204.0,16.1,69.0
49363,529,18.846376811594205,18.0,17.3,15.6,283.0,19.3,70.0
50263,529,18.8,18.0,17.3,15.5,267.0,19.3,68.0
51163,529,18.8,18.0,17.3,15.6,223.0,17.7,70.0
52063,529,18.8,18.0,17.3,15.7,250.0,16.1,70.0
52963,529,18.8,18.0,17.3,15.1,223.0,20.9,75.0
53863,529,18.798529411764708,18.0,17.488235294117647,14.8,250.0,19.3,78.0
54763,529,18.8,18.0,17.5,15.1,269.0,19.3,76.0
55663,529,18.8,18.0,17.5,15.2,285.0,20.9,75.0
56563,529,18.8,18.0,17.431343283582088,15.4,216.0,17.7,76.0
57463,529,18.771212121212123,18.0,17.324615384615385,15.1,190.0,20.9,76.0
58363,529,18.8,18.0,17.335483870967742,14.9,213.0,22.5,78.0
59263,529,18.8,18.0,17.407462686567165,15.0,218.0,22.5,78.0
60163,529,18.8,18.0,17.438709677419354,15.1,149.0,16.1,78.0
61063,529,18.8,18.0,17.45873015873016,14.9,174.0,19.3,78.0
61963,529,18.8,18.0,17.358823529411765,15.2,287.0,19.3,78.0
62863,529,18.8,18.0,17.31904761904762,15.2,213.0,19.3,79.0
63763,529,18.8,18.1271186440678,17.457627118644066,15.1,218.0,17.7,79.0
64663,529,18.8,18.5,17.7859375,15.1,176.0,20.9,79.0
65563,529,18.8,18.083333333333336,17.5,14.9,151.0,24.1,80.0
66463,529,18.8,18.044776119402982,17.5044776119403,14.8,121.0,17.7,80.0
67363,529,18.76086956521739,18.0,17.5,14.2,130.0,20.9,85.0
68263,529,18.7,18.0,17.5,13.6,111.0,22.5,88.0
69163,529,18.7,18.0,17.5,13.6,98.0,24.1,86.0
70063,529,18.78955223880597,18.0,17.5,13.7,76.0,27.4,84.0
70963,529,18.8,18.0,17.5,13.6,51.0,25.7,85.0
71863,529,18.8,18.0,17.5,13.3,46.0,33.8,87.0
72763,529,18.8,18.0,17.496969696969696,13.3,35.0,29.0,89.0
73663,529,18.7953125,18.0,17.443859649122807,13.2,51.0,30.6,89.0
74563,529,18.74927536231884,18.0,17.38125,13.4,72.0,35.4,88.0
75463,529,18.816901408450704,18.05555555555556,17.5,13.4,37.0,40.2,89.0
76363,529,18.829166666666666,18.0,17.5,13.6,23.0,38.6,87.0
77263,529,18.86769230769231,37.91666666666667,31.55454545454545,13.7,21.0,38.6,86.0
78163,529,19.47391304347826,54.921875,52.5296875,13.6,5.0,38.6,87.0
79063,529,20.03382352941177,39.16417910447761,36.98507462686568,13.4,0.0,40.2,88.0
79963,529,20.23768115942029,30.246153846153845,30.02769230769231,13.4,0.0,40.2,88.0
80863,529,20.3,26.21551724137931,28.72931034482759,13.3,0.0,35.4,89.0
81763,529,20.3,23.43478260869565,22.984057971014494,13.2,0.0,37.0,90.0
82663,529,20.205797101449274,21.174242424242426,20.42878787878788,13.0,0.0,33.8,91.0
83563,529,20.091428571428573,20.065217391304348,19.43188405797101,12.9,0.0,35.4,93.0
84463,529,19.95714285714286,19.471830985915496,18.898591549295777,12.9,0.0,38.6,93.0
85363,529,19.83432835820896,19.0,18.6,12.9,0.0,41.8,93.0
86263,529,19.711940298507464,18.99264705882353,18.402941176470588,13.0,0.0,46.7,93.0
763,530,19.585135135135136,18.544776119402982,18.3,13.2,0.0,41.8,91.0
1663,530,19.494366197183098,18.5,18.10909090909091,13.4,0.0,38.6,90.0
2563,530,19.4,18.5,18.0,13.4,0.0,38.6,89.0
3463,530,19.326760563380283,18.5,18.0,13.4,0.0,38.6,90.0
4363,530,19.297101449275363,18.5,17.88955223880597,13.5,0.0,40.2,88.0
5263,530,19.2,18.5,17.8,13.6,0.0,40.2,88.0
6163,530,19.19855072463768,18.5,17.8,13.6,0.0,35.4,89.0
7063,530,19.10428571428572,18.44117647058824,17.8,13.7,0.0,33.8,88.0
7963,530,19.1,18.13432835820896,17.8,13.8,0.0,38.6,88.0
8863,530,19.058208955223883,18.0,17.8,14.1,0.0,43.5,87.0
9763,530,19.0,18.0,17.74705882352941,14.1,0.0,43.5,87.0
10663,530,19.0,18.0,17.5234375,13.9,0.0,40.2,88.0
11563,530,19.0,18.0,17.5,13.8,0.0,41.8,90.0
12463,530,19.0,18.0,17.5,13.4,0.0,35.4,92.0
13363,530,18.99718309859155,18.0,17.5,13.6,0.0,32.2,91.0
14263,530,18.91764705882353,18.0,17.5,13.9,0.0,32.2,90.0
15163,530,18.955384615384617,18.0,17.5,14.2,0.0,30.6,88.0
16063,530,18.95714285714286,18.0,17.5,14.2,0.0,29.0,89.0
16963,530,18.95671641791045,18.0,17.5,14.2,9.0,30.6,90.0
17863,530,18.99558823529412,18.0,17.5,14.1,11.0,25.7,90.0
18763,530,18.99710144927536,18.09523809523809,17.58095238095238,14.3,21.0,32.2,90.0
19663,530,19.04,18.49253731343284,17.8,14.6,26.0,33.8,89.0
20563,530,19.86857142857143,18.5,17.847692307692306,14.8,39.0,35.4,87.0
21463,530,20.043478260869566,18.99264705882353,18.33235294117647,15.0,63.0,40.2,86.0
22363,530,19.70428571428572,18.92537313432836,18.24179104477612,15.0,63.0,37.0,85.0
23263,530,19.52857142857143,18.5,17.978787878787877,15.3,118.0,35.4,84.0
24163,530,19.44202898550725,18.5,17.8,15.5,148.0,29.0,84.0
25063,530,19.36029411764705,18.47692307692308,17.8,15.3,39.0,29.0,84.0
25963,530,19.4,18.4,17.8,15.2,33.0,30.6,83.0
26863,530,19.4,18.24264705882353,17.8,15.1,49.0,35.4,82.0
27763,530,19.4,18.044776119402982,17.8,14.9,91.0,35.4,81.0
28663,530,19.4,18.0,17.786153846153844,14.7,86.0,37.0,79.0
29563,530,19.4,18.0,17.65,14.7,91.0,33.8,77.0
30463,530,19.4,18.0,17.53529411764706,14.6,181.0,35.4,79.0
31363,530,19.31060606060606,18.0,17.504761904761903,14.2,202.0,38.6,81.0
32263,530,19.3,18.0,17.513636363636362,14.5,262.0,35.4,80.0
33163,530,19.294117647058822,18.0,17.5,14.4,202.0,49.9,81.0
34063,530,19.223076923076924,18.0,17.5,13.7,294.0,49.9,86.0
34963,530,19.20746268656716,18.0,17.5,13.6,255.0,46.7,82.0
35863,530,19.2,18.0,17.5,13.8,276.0,41.8,79.0
36763,530,19.2,18.0,17.5,13.3,162.0,35.4,82.0
37663,530,19.2,18.0,17.5,13.2,287.0,38.6,79.0
38563,530,19.2,18.0,17.504545454545454,14.1,800.0,40.2,76.0
39463,530,19.2,18.0,17.5046875,14.3,287.0,43.5,76.0
40363,530,19.2,18.0,17.5,14.1,264.0,46.7,75.0
41263,530,19.2,18.0,17.5,13.9,350.0,51.5,75.0
42163,530,19.2,18.0,17.5,13.7,381.0,41.8,76.0
43063,530,19.2,18.0,17.5,13.2,360.0,46.7,76.0
43963,530,19.176470588235293,18.0,17.5,12.9,244.0,40.2,77.0
44863,530,19.104444444444447,18.0,17.5,13.7,983.0,40.2,73.0
45763,530,,,,14.2,1062.0,38.6,70.0
46663,530,19.1,18.0,17.5,13.7,362.0,45.1,68.0
47563,530,19.1,18.0,17.5,14.0,281.0,41.8,64.0
48463,530,19.1,18.0,17.5,13.9,294.0,35.4,63.0
49363,530,19.1,18.0,17.5,14.5,1169.0,35.4,63.0
50263,530,19.1,18.0,17.5,13.6,329.0,32.2,68.0
51163,530,19.1,18.0,17.5,14.6,334.0,30.6,69.0
52063,530,19.1,18.0,17.5,13.8,227.0,32.2,70.0
52963,530,19.09701492537313,18.0,17.5,13.3,327.0,32.2,69.0
53863,530,19.07,18.0,17.5,14.3,260.0,29.0,62.0
54763,530,19.0,18.0,17.5,14.1,276.0,32.2,63.0
55663,530,19.0,18.0,17.5,14.7,381.0,33.8,61.0
56563,530,19.0,18.0,17.5,14.7,258.0,32.2,60.0
57463,530,19.0,18.0,17.5,13.5,399.0,35.4,68.0
58363,530,19.0,18.0,17.5,13.7,167.0,25.7,68.0
59263,530,19.0,18.0,17.5,13.5,199.0,32.2,66.0
60163,530,19.0,18.0,17.5,14.1,218.0,30.6,65.0
61063,530,19.0,18.0,17.5,13.9,213.0,29.0,64.0
61963,530,19.0,18.363636363636363,17.71818181818182,13.7,294.0,32.2,66.0
62863,530,19.0,18.23529411764705,17.676470588235293,14.1,197.0,29.0,67.0
63763,530,19.0,18.0,17.5,14.2,186.0,29.0,65.0
64663,530,18.9984126984127,18.0,17.5,13.3,171.0,33.8,67.0
65563,530,18.9,18.0,17.5,13.5,100.0,25.7,67.0
66463,530,18.9,18.0,17.5,13.9,422.0,29.0,64.0
67363,530,18.84705882352941,18.0,17.5,13.9,387.0,32.2,62.0
68263,530,18.8,18.049180327868854,17.63770491803279,13.0,104.0,29.0,66.0
69163,530,18.892957746478874,18.0,17.53134328358209,13.1,265.0,24.1,70.0
70063,530,18.8203125,18.182539682539684,17.60952380952381,12.9,253.0,24.1,71.0
70963,530,18.75074626865672,18.085714285714285,17.568571428571428,12.4,213.0,30.6,72.0
71863,530,18.7,18.0,17.5,12.0,47.0,27.4,74.0
72763,530,18.623809523809523,18.166666666666664,17.52941176470588,11.7,42.0,25.7,75.0
73663,530,18.6,18.122222222222224,17.5,11.3,28.0,22.5,77.0
74563,530,18.6925925925926,18.195652173913043,17.584782608695654,11.0,21.0,24.1,78.0
75463,530,18.6078125,18.0,17.5,10.6,26.0,19.3,80.0
76363,530,18.6,18.0,17.456363636363637,10.4,19.0,20.9,79.0
77263,530,18.6,18.009803921568626,17.5,10.3,12.0,20.9,78.0
78163,530,18.6,18.0,17.46888888888889,10.2,9.0,19.3,77.0
79063,530,18.556603773584904,18.0,17.3,9.9,5.0,17.7,77.0
79963,530,18.5,18.0,17.3,9.6,0.0,17.7,80.0
80863,530,18.70597014925373,18.0,17.34375,9.4,0.0,14.5,81.0
81763,530,20.41549295774648,18.265625,17.703125,9.6,0.0,19.3,81.0
82663,530,20.1,18.0,17.5,9.9,0.0,24.1,81.0
83563,530,19.464102564102564,18.0,17.5,9.8,0.0,20.9,82.0
84463,530,19.227941176470587,18.0,17.5,9.9,0.0,25.7,83.0
85363,530,19.00294117647059,18.0,17.491304347826087,9.8,0.0,25.7,83.0
86263,530,18.855714285714285,18.0,17.341269841269842,9.8,0.0,27.4,83.0
763,531,18.652857142857144,18.0,17.3,9.7,0.0,27.4,85.0
1663,531,18.54714285714285,18.0,17.3,9.8,0.0,25.7,84.0
2563,531,18.5,18.0,17.3,9.6,0.0,20.9,84.0
3463,531,18.5,18.0,17.3,10.0,0.0,29.0,83.0
4363,531,18.449253731343283,18.0,17.3,10.1,0.0,32.2,82.0
5263,531,18.4,17.893939393939394,17.3,9.9,0.0,32.2,83.0
6163,531,18.4,17.684615384615384,17.3,9.8,0.0,33.8,85.0
7063,531,18.4,17.528301886792455,17.28301886792453,9.7,0.0,33.8,85.0
7963,531,18.4,17.5,17.18695652173913,9.8,0.0,30.6,85.0
8863,531,18.39710144927536,17.5,17.008823529411764,9.7,0.0,27.4,86.0
9763,531,18.30422535211268,17.5,17.0,9.6,0.0,24.1,87.0
10663,531,18.3,17.5,17.0,9.7,0.0,24.1,88.0
11563,531,18.3,17.5,17.0,9.6,0.0,17.7,90.0
12463,531,18.3,17.5,17.0,9.3,0.0,17.7,90.0
13363,531,18.265277777777776,17.5,17.0,9.1,0.0,16.1,89.0
14263,531,18.2,17.5,17.0,8.8,0.0,14.5,90.0
15163,531,18.24347826086957,17.5,17.0,8.7,0.0,16.1,90.0
16063,531,18.3,17.5,17.0,8.6,5.0,16.1,90.0
16963,531,18.3,17.5,17.0,8.6,11.0,16.1,90.0
17863,531,18.3,17.5,17.0,8.7,14.0,12.9,91.0
18763,531,18.3,17.5,17.0,8.9,37.0,9.7,90.0
19663,531,18.3,17.5,17.0,9.3,32.0,14.5,89.0
20563,531,18.366197183098592,17.5,17.0,9.3,47.0,17.7,88.0
21463,531,18.39444444444445,17.5,17.0,9.3,54.0,19.3,87.0
22363,531,18.374647887323945,17.658730158730158,17.13809523809524,9.3,53.0,19.3,87.0
23263,531,18.85454545454545,17.56818181818182,16.942424242424245,9.3,76.0,17.7,86.0
24163,531,19.355223880597016,18.0,17.357142857142858,9.4,84.0,20.9,86.0
25063,531,18.958571428571428,18.11904761904762,17.433333333333334,9.7,84.0,19.3,85.0
25963,531,19.0,18.0,17.3,9.8,125.0,19.3,85.0
26863,531,19.0,17.791044776119403,17.291044776119403,9.9,127.0,20.9,85.0
27763,531,18.91492537313433,17.5,17.108695652173914,10.2,146.0,20.9,84.0
28663,531,18.84852941176471,17.5,17.0,10.4,153.0,22.5,84.0
29563,531,18.74705882352941,17.5,17.0,10.8,176.0,24.1,83.0
30463,531,18.7,17.5,17.0,11.1,199.0,22.5,81.0
31363,531,18.61904761904762,17.5,17.0,11.2,232.0,22.5,80.0
32263,531,18.6,17.5,17.0,11.3,253.0,20.9,80.0
33163,531,18.50735294117647,17.5,17.0,11.3,237.0,22.5,80.0
34063,531,18.5,17.5,17.0,11.4,272.0,24.1,79.0
34963,531,18.482089552238808,17.5,17.0,11.5,197.0,24.1,78.0
35863,531,18.402985074626866,17.5,17.0,11.8,369.0,19.3,78.0
36763,531,18.40147058823529,17.5,17.0,11.9,195.0,19.3,79.0
37663,531,18.465217391304343,17.5,17.0,11.8,360.0,19.3,78.0
38563,531,18.5,17.5,17.0,12.2,336.0,22.5,76.0
39463,531,18.5,17.5,17.0,12.3,413.0,20.9,75.0
40363,531,18.5,17.5,17.0,12.8,383.0,24.1,73.0
41263,531,18.5,17.5,17.0,13.3,578.0,20.9,74.0
42163,531,18.5,17.5,17.0,13.2,454.0,22.5,71.0
43063,531,18.5,17.5,17.0,13.2,580.0,22.5,72.0
43963,531,18.5,17.5,17.0,13.3,441.0,24.1,71.0
44863,531,18.483823529411765,17.5,17.0,13.8,413.0,20.9,73.0
45763,531,18.416417910447763,17.5,17.0,14.1,397.0,24.1,69.0
46663,531,18.46849315068493,17.5,17.0,14.3,673.0,20.9,72.0
47563,531,18.419696969696968,17.5,17.0,14.2,429.0,24.1,69.0
48463,531,18.4,17.5,17.0,14.1,341.0,20.9,68.0
49363,531,18.4,17.5,17.0044776119403,14.3,373.0,20.9,71.0
50263,531,18.483823529411765,17.985714285714288,17.3,14.9,770.0,20.9,68.0
51163,531,18.5,17.57462686567164,17.170149253731346,14.7,519.0,20.9,67.0
52063,531,18.444927536231884,17.5,17.0,14.4,371.0,20.9,68.0
52963,531,18.4,17.5,17.0,14.3,304.0,22.5,68.0
53863,531,18.4,17.5,17.0,14.7,390.0,19.3,65.0
54763,531,18.4,17.5,17.0,14.4,299.0,19.3,68.0
55663,531,18.378260869565217,17.5,17.0,14.7,225.0,16.1,66.0
56563,531,18.31714285714286,17.5,17.0,14.1,287.0,19.3,72.0
57463,531,18.3,17.5,17.0,13.7,213.0,16.1,75.0
58363,531,18.3,17.5,17.0,14.2,218.0,16.1,72.0
59263,531,18.3,17.5,17.0,15.2,555.0,17.7,70.0
60163,531,18.3,17.5,17.0,14.4,336.0,17.7,71.0
61063,531,18.3,17.5,17.0,14.2,220.0,20.9,68.0
61963,531,18.3,17.5,17.0,14.5,408.0,20.9,69.0
62863,531,18.3,17.5,17.0,13.9,304.0,19.3,70.0
63763,531,18.3,17.5,17.0,13.8,248.0,17.7,72.0
64663,531,18.3,17.5,17.0,13.7,250.0,19.3,72.0
65563,531,18.3,17.5,17.0,13.3,253.0,19.3,70.0
66463,531,18.3,17.5,17.0,13.4,171.0,20.9,72.0
67363,531,18.22173913043478,17.5,17.0,13.2,158.0,19.3,74.0
68263,531,18.2,17.5,17.0,13.1,165.0,19.3,74.0
69163,531,18.2,17.5,17.0,13.0,125.0,16.1,74.0
70063,531,18.2,17.5,17.0,12.4,81.0,19.3,75.0
70963,531,18.17121212121212,17.5,17.0,12.1,63.0,17.7,76.0
71863,531,18.1,17.5,17.0,11.9,54.0,17.7,76.0
72763,531,18.1,17.5,17.0,11.7,32.0,14.5,77.0
73663,531,18.1,17.5,17.0,11.4,23.0,16.1,78.0
74563,531,18.1,17.5,17.0,11.3,23.0,14.5,78.0
75463,531,18.09846153846154,17.55,17.0,11.3,18.0,11.3,76.0
76363,531,18.208333333333336,47.56617647058824,40.62058823529412,11.2,12.0,9.7,80.0
77263,531,18.84929577464789,51.70289855072464,49.53478260869565,10.9,12.0,11.3,82.0
78163,531,19.238571428571426,36.80882352941176,34.92058823529412,10.8,5.0,11.3,82.0
79063,531,19.37605633802817,28.529850746268657,26.965671641791044,10.7,0.0,12.9,83.0
79963,531,19.334375,23.90151515151515,22.77272727272728,10.7,0.0,14.5,84.0
80863,531,19.27605633802817,21.8203125,21.80625,10.8,0.0,12.9,84.0
81763,531,19.230434782608697,21.23529411764705,22.13676470588236,10.6,0.0,12.9,84.0
82663,531,19.109722222222224,19.863636363636363,19.58484848484849,10.6,0.0,14.5,84.0
83563,531,19.0,19.094202898550726,18.68695652173913,10.6,0.0,11.3,84.0
84463,531,18.916666666666664,18.543478260869566,18.214492753623187,10.7,0.0,12.9,84.0
85363,531,18.813636363636363,18.47761194029851,17.952238805970147,10.8,0.0,14.5,83.0
86263,531,18.675757575757576,18.0,17.8,10.9,0.0,14.5,82.0
763,532,18.577777777777776,18.0,17.595238095238095,10.9,0.0,16.1,83.0
1663,532,18.5,18.0,17.5,10.9,0.0,16.1,83.0
2563,532,18.40571428571429,18.0,17.496226415094338,11.1,0.0,16.1,82.0
3463,532,18.38714285714285,18.0,17.3,11.2,0.0,16.1,81.0
4363,532,18.3,17.738805970149254,17.3,11.2,0.0,14.5,81.0
5263,532,18.272972972972973,17.5,17.3,10.4,0.0,14.5,86.0
6163,532,18.2,17.5,17.291044776119403,10.3,0.0,14.5,87.0
7063,532,18.2,17.5,17.030434782608697,10.3,0.0,16.1,86.0
7963,532,18.15882352941177,17.5,17.0,10.7,0.0,17.7,85.0
8863,532,18.1,17.5,17.0,10.7,0.0,17.7,85.0
9763,532,18.1,17.5,17.0,10.6,0.0,17.7,84.0
10663,532,18.07205882352941,17.5,17.0,10.1,0.0,14.5,86.0
11563,532,18.0,17.5,17.0,9.9,0.0,16.1,87.0
12463,532,18.0,17.5,17.0,9.9,0.0,14.5,86.0
13363,532,18.0,17.5,16.93030303030303,9.8,0.0,14.5,87.0
14263,532,17.99857142857143,17.5,16.814285714285713,9.9,0.0,17.7,88.0
15163,532,17.90714285714286,17.5,16.8,10.1,0.0,20.9,87.0
16063,532,17.9,17.5,16.8,10.2,0.0,22.5,88.0
16963,532,17.9,17.5,16.8,10.4,5.0,17.7,87.0
17863,532,17.9,17.5,16.8,10.2,12.0,16.1,87.0
18763,532,17.9,17.5,16.8,10.2,16.0,17.7,88.0
19663,532,17.9,17.5,16.8,10.3,28.0,16.1,88.0
20563,532,17.9,17.5,16.8,10.4,42.0,11.3,88.0
21463,532,17.9,17.5,16.8,10.2,77.0,11.3,89.0
22363,532,17.9,17.5,16.8,10.7,47.0,9.7,90.0
23263,532,17.9,17.5,16.8,10.9,33.0,9.7,87.0
24163,532,17.89855072463768,17.5,16.8,11.1,25.0,17.7,86.0
25063,532,17.859701492537315,17.5,16.840625,11.1,37.0,12.9,86.0
25963,532,17.9,17.5,16.901818181818182,11.2,49.0,11.3,86.0
26863,532,18.39253731343284,17.56451612903226,17.043548387096774,11.3,69.0,9.7,85.0
27763,532,17.71818181818182,17.566666666666666,16.916666666666664,11.5,74.0,8.0,85.0
28663,532,17.453731343283582,17.5,16.8,11.7,49.0,11.3,84.0
29563,532,17.547142857142855,17.5,16.8,11.8,54.0,16.1,82.0
30463,532,17.64225352112676,17.5,16.8,11.8,72.0,17.7,81.0
31363,532,17.7,17.376923076923077,16.8,11.9,109.0,20.9,82.0
32263,532,17.7,17.174242424242426,16.722727272727273,11.7,91.0,22.5,84.0
33163,532,17.7,17.0,16.521428571428572,11.6,111.0,22.5,86.0
34063,532,17.7,17.0,16.5,11.7,158.0,17.7,89.0
34963,532,17.7,17.0,16.5,11.4,105.0,20.9,90.0
35863,532,17.7,17.0,16.5,11.1,93.0,19.3,92.0
36763,532,17.719402985074627,17.014492753623188,16.556521739130435,10.9,88.0,16.1,93.0
37663,532,17.96,17.5,16.915151515151514,10.8,81.0,12.9,93.0
38563,532,18.164788732394364,17.5,16.944262295081966,10.8,72.0,12.9,93.0
39463,532,18.1,17.5,16.8,11.0,134.0,11.3,94.0
40363,532,18.017910447761192,17.5,16.8,11.2,114.0,9.7,94.0
41263,532,18.0,17.43846153846154,16.8,11.2,93.0,11.3,94.0
42163,532,18.0,17.44776119402985,16.8,11.2,97.0,11.3,94.0
43063,532,18.0,17.5,16.8,11.3,93.0,11.3,93.0
43963,532,18.0,17.5,16.8,11.6,144.0,12.9,92.0
44863,532,18.0,17.5,16.8,11.8,111.0,12.9,92.0
45763,532,17.941176470588236,17.5,16.8,11.9,255.0,17.7,91.0
46663,532,17.984615384615385,17.5,16.8,12.3,443.0,19.3,90.0
47563,532,18.0,17.5,16.8,12.8,195.0,19.3,87.0
48463,532,18.081818181818186,17.5,16.8,12.8,288.0,19.3,88.0
49363,532,18.1,17.5,16.8,12.9,211.0,17.7,88.0
50263,532,18.1,17.5,16.8,13.1,432.0,17.7,89.0
51163,532,18.1,17.5,16.8,13.2,392.0,14.5,92.0
52063,532,18.080851063829787,17.5,16.8,12.9,172.0,19.3,90.0
52963,532,18.0,17.5,16.8,13.7,77.0,12.9,89.0
53863,532,18.0,17.491666666666667,16.8,12.4,148.0,12.9,89.0
54763,532,18.0,17.5,16.8,11.8,223.0,11.3,92.0
55663,532,18.0,17.5,16.8,12.8,928.0,14.5,93.0
56563,532,18.0,17.5,16.8,12.6,190.0,14.5,91.0
57463,532,18.0,17.5,16.8,12.5,283.0,12.9,90.0
58363,532,17.929850746268656,17.5,16.8,13.2,190.0,16.1,89.0
59263,532,17.9,17.452380952380953,16.8,12.1,167.0,17.7,88.0
60163,532,17.9,17.492424242424242,16.893939393939394,10.5,37.0,20.9,91.0
61063,532,17.983582089552236,17.5,17.0,10.2,134.0,12.9,93.0
61963,532,18.0,17.5,16.91875,10.4,158.0,12.9,90.0
62863,532,18.0,17.5,16.8,10.9,225.0,14.5,90.0
63763,532,18.0,17.5,16.8,11.7,244.0,16.1,87.0
64663,532,18.0,17.5,16.8,12.1,329.0,17.7,87.0
65563,532,18.0,17.35820895522388,16.8,12.8,434.0,17.7,85.0
66463,532,18.0,17.138461538461538,16.8,12.9,155.0,17.7,82.0
67363,532,18.0,17.204545454545453,16.8,11.3,74.0,20.9,80.0
68263,532,18.0,17.485507246376812,16.820289855072463,10.9,56.0,11.3,84.0
69163,532,18.0,17.5,16.93939393939394,10.8,90.0,8.0,87.0
70063,532,18.003076923076925,17.5,16.9,11.4,237.0,14.5,86.0
70963,532,18.1,17.5,16.8,12.5,220.0,12.9,85.0
71863,532,18.04375,17.49206349206349,16.8,12.2,54.0,17.7,84.0
72763,532,18.0,17.298387096774192,16.8,11.9,42.0,16.1,85.0
73663,532,18.0,17.0625,16.8,11.7,35.0,16.1,85.0
74563,532,18.0,17.03787878787879,16.8,11.6,39.0,17.7,84.0
75463,532,18.0,17.483050847457626,16.972881355932202,11.2,26.0,16.1,83.0
76363,532,17.991304347826087,17.5,16.838805970149256,10.9,18.0,14.5,83.0
77263,532,17.90142857142857,17.5,16.8,10.7,12.0,12.9,85.0
78163,532,17.9,17.23134328358209,16.8,10.4,9.0,11.3,86.0
79063,532,17.892537313432836,17.0,16.72741935483871,9.9,5.0,12.9,87.0
79963,532,17.801408450704223,17.0,16.5,9.7,0.0,14.5,87.0
80863,532,17.881159420289855,17.43846153846154,16.826153846153847,9.4,0.0,14.5,88.0
81763,532,17.84225352112676,17.5,16.8,9.2,0.0,16.1,88.0
82663,532,17.8,17.223880597014926,16.8,9.0,0.0,14.5,89.0
83563,532,17.8,17.0,16.8,9.0,0.0,16.1,89.0
84463,532,17.8,17.0,16.765217391304347,8.9,0.0,16.1,89.0
85363,532,17.767605633802816,17.0,16.592307692307692,8.9,0.0,14.5,88.0
86263,532,17.7,17.0,16.513235294117646,8.8,0.0,16.1,88.0
763,533,17.7,17.0,16.5,8.7,0.0,16.1,89.0
1663,533,17.7,17.0,16.5,8.6,0.0,14.5,90.0
2563,533,17.7,17.0,16.5,8.5,0.0,14.5,90.0
3463,533,17.623287671232877,17.0,16.5,8.4,0.0,14.5,90.0
4363,533,17.6,17.0,16.5,8.3,0.0,14.5,91.0
5263,533,17.6,17.0,16.5,8.2,0.0,14.5,91.0
6163,533,17.6,17.0,16.5,8.3,0.0,16.1,91.0
7063,533,17.6,17.0,16.5,8.2,0.0,12.9,90.0
7963,533,17.532394366197185,17.0,16.5,8.3,0.0,14.5,90.0
8863,533,17.571875,17.0,16.5,8.2,0.0,12.9,90.0
9763,533,17.518840579710144,17.0,16.5,8.2,0.0,14.5,90.0
10663,533,17.5,17.0,16.5,8.1,0.0,9.7,91.0
11563,533,17.5,17.0,16.5,8.1,0.0,9.7,91.0
12463,533,17.44848484848485,17.0,16.5,8.2,0.0,11.3,90.0
13363,533,17.4,17.0,16.5,8.2,0.0,14.5,91.0
14263,533,17.4,17.0,16.49705882352941,8.1,0.0,12.9,91.0
15163,533,17.429850746268656,17.0,16.5,8.1,0.0,11.3,91.0
16063,533,17.5,17.0,16.5,8.1,7.0,12.9,91.0
16963,533,17.57794117647059,17.0,16.5,8.2,11.0,12.9,91.0
17863,533,17.64142857142857,17.0,16.5,8.2,16.0,11.3,91.0
18763,533,17.70294117647059,17.0,16.5,8.7,30.0,14.5,91.0
19663,533,17.756521739130434,17.0,16.5,8.9,33.0,11.3,91.0
20563,533,17.7,17.0,16.5,9.1,32.0,14.5,88.0
21463,533,17.7,17.0,16.5,9.6,42.0,14.5,84.0
22363,533,17.7,17.0,16.5,9.8,77.0,14.5,83.0
23263,533,17.7,17.0,16.5,10.3,97.0,14.5,85.0
24163,533,17.7,17.00793650793651,16.55238095238095,10.3,72.0,14.5,85.0
25063,533,17.71029411764706,17.0,16.464179104477612,10.2,98.0,16.1,85.0
25963,533,17.875,17.30597014925373,16.723880597014926,10.5,102.0,12.9,84.0
26863,533,17.8,17.05223880597015,16.380597014925375,10.7,90.0,11.3,87.0
27763,533,17.720289855072462,17.0,16.323529411764707,10.9,160.0,17.7,87.0
28663,533,17.7,17.0,16.33076923076923,11.2,130.0,19.3,87.0
29563,533,17.7,17.0,16.3,11.3,183.0,17.7,87.0
30463,533,17.628571428571426,17.0,16.3,11.4,190.0,14.5,87.0
31363,533,17.6,17.0,16.3,11.8,200.0,16.1,87.0
32263,533,17.549295774647888,17.0,16.3,12.4,234.0,16.1,84.0
33163,533,17.5,17.0,16.3,12.6,229.0,19.3,84.0
34063,533,17.5,17.0,16.3,12.7,283.0,19.3,83.0
34963,533,17.5,17.0,16.3,12.5,237.0,19.3,84.0
35863,533,17.5,17.0,16.3,12.7,378.0,17.7,84.0
36763,533,17.5,16.992307692307694,16.3,12.9,239.0,19.3,82.0
37663,533,17.5,17.0,16.3,13.0,243.0,14.5,83.0
38563,533,17.5,16.99285714285714,16.3,13.3,448.0,16.1,81.0
39463,533,17.5,17.0,16.42063492063492,13.9,338.0,14.5,80.0
40363,533,17.52941176470588,17.0,16.46231884057971,13.7,167.0,17.7,80.0
41263,533,17.502985074626867,17.0,16.40793650793651,14.1,304.0,16.1,78.0
42163,533,17.56231884057971,17.0,16.485294117647058,14.2,371.0,16.1,76.0
43063,533,17.55,17.0,16.31846153846154,14.9,429.0,12.9,75.0
43963,533,17.591428571428573,17.0,16.484848484848484,15.2,292.0,16.1,74.0
44863,533,17.6,17.0,16.369565217391305,15.7,478.0,17.7,72.0
45763,533,17.6,17.0,16.3,15.9,441.0,12.9,72.0
46663,533,17.59402985074627,17.0,16.339344262295082,15.9,443.0,16.1,68.0
47563,533,17.5,17.0,16.380769230769232,17.5,649.0,16.1,66.0
48463,533,17.5,17.0,16.3,16.8,387.0,17.7,64.0
49363,533,17.548,17.0,16.304255319148936,15.9,308.0,16.1,70.0
50263,533,17.72608695652174,17.0,16.5,16.8,192.0,14.5,67.0
51163,533,17.8,17.0,16.5,15.7,179.0,17.7,68.0
52063,533,17.71081081081081,17.0,16.5,15.6,186.0,16.1,70.0
52963,533,17.7,17.0,16.5,16.7,258.0,11.3,68.0
53863,533,17.619999999999997,17.0,16.45820895522388,16.9,538.0,14.5,67.0
54763,533,17.6,17.0,16.340625,17.2,464.0,17.7,68.0
55663,533,17.6,17.0,16.5,17.0,288.0,14.5,65.0
56563,533,17.6,17.0,16.5,16.2,315.0,12.9,68.0
57463,533,17.783823529411766,17.174242424242426,16.654545454545453,15.9,221.0,14.5,71.0
58363,533,17.919999999999998,17.088235294117645,16.614705882352943,15.3,272.0,17.7,74.0
59263,533,17.9,17.083333333333336,16.5,15.0,200.0,14.5,77.0
60163,533,17.826785714285712,17.0,16.5,15.0,195.0,12.9,75.0
61063,533,17.8,17.0,16.5,15.4,234.0,11.3,74.0
61963,533,17.8,17.0,16.5,15.6,320.0,16.1,75.0
62863,533,17.736,17.0,16.5,14.9,234.0,17.7,78.0
63763,533,17.72,17.0,16.5,14.9,160.0,14.5,79.0
64663,533,17.8,17.0,16.5,14.6,142.0,12.9,81.0
65563,533,17.8,17.0,16.5,14.3,84.0,14.5,82.0
66463,533,17.8,17.0,16.5,14.3,109.0,12.9,85.0
67363,533,17.78421052631579,17.0,16.5,14.0,169.0,14.5,86.0
68263,533,17.7,17.0,16.5,14.1,111.0,12.9,87.0
69163,533,17.7,17.0,16.5,14.2,91.0,16.1,86.0
70063,533,17.7,17.0,16.5,14.4,141.0,20.9,85.0
70963,533,17.7,17.0,16.5,14.6,83.0,22.5,85.0
71863,533,17.7,17.0,16.5,14.4,42.0,20.9,86.0
72763,533,17.7,17.0,16.5,14.3,42.0,20.9,87.0
73663,533,17.7,17.0,16.5,14.4,53.0,17.7,86.0
74563,533,17.7,17.0,16.5,14.6,49.0,17.7,86.0
75463,533,17.7,17.0,16.5,14.4,39.0,16.1,86.0
76363,533,17.7,17.0,16.5,14.4,21.0,14.5,87.0
77263,533,17.7,17.025,16.6125,14.4,19.0,16.1,89.0
78163,533,17.7,17.0,16.5,14.1,11.0,17.7,91.0
79063,533,17.758928571428573,17.0,16.5,14.2,0.0,17.7,91.0
79963,533,17.8,17.0,16.505555555555553,14.1,0.0,17.7,92.0
80863,533,17.8,17.04385964912281,16.56315789473684,13.6,0.0,17.7,93.0
81763,533,18.288571428571423,17.589285714285715,16.976785714285715,13.3,0.0,14.5,93.0
82663,533,19.17538461538461,17.691666666666666,17.055,13.1,0.0,14.5,93.0
83563,533,18.5,17.5,16.943333333333335,12.9,0.0,17.7,93.0
84463,533,18.37575757575757,17.5,16.8,12.8,0.0,16.1,93.0
85363,533,18.133333333333333,17.5,16.8,12.6,0.0,14.5,93.0
86263,533,18.0,17.5,16.8,12.6,0.0,11.3,94.0
763,534,,,,12.4,0.0,11.3,94.0
1663,534,,,,12.4,0.0,17.7,93.0
2563,534,,,,12.6,0.0,16.1,93.0
3463,534,,,,12.6,0.0,17.7,92.0
4363,534,,,,12.5,0.0,19.3,92.0
5263,534,,,,11.8,0.0,22.5,93.0
6163,534,,,,11.5,0.0,22.5,94.0
7063,534,,,,11.2,0.0,22.5,92.0
7963,534,,,,11.0,0.0,20.9,91.0
8863,534,,,,10.8,0.0,20.9,90.0
9763,534,,,,10.7,0.0,20.9,90.0
10663,534,,,,10.5,0.0,17.7,90.0
11563,534,,,,10.4,0.0,16.1,90.0
12463,534,,,,10.4,0.0,16.1,90.0
13363,534,,,,10.6,0.0,17.7,89.0
14263,534,,,,10.8,0.0,16.1,89.0
15163,534,,,,10.7,0.0,16.1,89.0
16063,534,,,,10.7,0.0,17.7,89.0
16963,534,,,,10.6,0.0,14.5,90.0
17863,534,,,,10.4,5.0,20.9,89.0
18763,534,,,,10.5,21.0,22.5,86.0
19663,534,,,,10.6,32.0,22.5,86.0
20563,534,,,,10.6,30.0,17.7,86.0
21463,534,,,,10.6,44.0,17.7,85.0
22363,534,,,,10.7,33.0,14.5,84.0
23263,534,,,,10.7,32.0,17.7,85.0
24163,534,,,,10.7,42.0,14.5,87.0
25063,534,,,,10.8,70.0,20.9,86.0
25963,534,,,,10.9,114.0,20.9,84.0
26863,534,,,,11.1,90.0,17.7,85.0
27763,534,,,,10.9,63.0,24.1,85.0
28663,534,,,,11.1,125.0,24.1,83.0
29563,534,,,,11.5,207.0,24.1,83.0
30463,534,,,,11.6,134.0,22.5,83.0
31363,534,,,,11.7,74.0,24.1,82.0
32263,534,,,,12.4,206.0,25.7,79.0
33163,534,,,,12.7,236.0,27.4,75.0
34063,534,,,,12.5,336.0,24.1,78.0
34963,534,,,,12.8,236.0,20.9,77.0
35863,534,,,,12.9,260.0,19.3,78.0
36763,534,,,,12.7,251.0,19.3,81.0
37663,534,,,,13.1,406.0,19.3,80.0
38563,534,,,,13.1,243.0,24.1,76.0
39463,534,,,,13.1,199.0,17.7,78.0
40363,534,,,,13.6,359.0,25.7,72.0
41263,534,,,,13.9,396.0,24.1,72.0
42163,534,,,,14.4,1051.0,24.1,71.0
43063,534,,,,14.7,330.0,22.5,67.0
43963,534,,,,15.1,856.0,27.4,66.0
44863,534,,,,14.8,461.0,24.1,67.0
45763,534,,,,14.6,218.0,24.1,66.0
46663,534,,,,15.4,1157.0,24.1,65.0
47563,534,,,,15.4,940.0,24.1,63.0
48463,534,,,,16.0,1009.0,24.1,63.0
49363,534,,,,16.5,896.0,25.7,58.0
50263,534,,,,15.7,921.0,24.1,62.0
51163,534,,,,15.8,258.0,25.7,62.0
52063,534,,,,16.9,918.0,25.7,61.0
52963,534,,,,16.2,216.0,27.4,61.0
53863,534,,,,17.2,926.0,27.4,59.0
54763,534,,,,16.8,190.0,25.7,61.0
55663,534,,,,17.4,835.0,29.0,57.0
56563,534,,,,17.3,844.0,25.7,58.0
57463,534,,,,17.1,863.0,25.7,58.0
58363,534,,,,16.3,276.0,27.4,61.0
59263,534,,,,15.8,283.0,27.4,63.0
60163,534,,,,15.7,151.0,20.9,66.0
61063,534,,,,15.1,77.0,24.1,67.0
61963,534,,,,14.8,70.0,20.9,70.0
62863,534,,,,14.3,46.0,22.5,73.0
63763,534,,,,13.8,46.0,19.3,76.0
64663,534,,,,13.5,67.0,20.9,79.0
65563,534,,,,13.4,121.0,20.9,76.0
66463,534,,,,13.7,134.0,16.1,76.0
67363,534,,,,13.8,178.0,17.7,76.0
68263,534,,,,13.7,125.0,20.9,76.0
69163,534,,,,13.2,42.0,19.3,80.0
70063,534,,,,11.9,58.0,24.1,86.0
70963,534,,,,11.2,44.0,25.7,88.0
71863,534,,,,11.1,69.0,20.9,87.0
72763,534,,,,11.3,44.0,19.3,83.0
73663,534,,,,11.6,49.0,20.9,81.0
74563,534,,,,11.7,44.0,20.9,78.0
75463,534,,,,11.6,33.0,22.5,79.0
76363,534,,,,11.3,30.0,19.3,80.0
77263,534,,,,11.3,18.0,20.9,80.0
78163,534,,,,11.3,11.0,25.7,77.0
79063,534,,,,11.1,5.0,22.5,75.0
79963,534,,,,10.8,0.0,20.9,75.0
80863,534,,,,10.4,0.0,22.5,75.0
81763,534,,,,10.2,0.0,17.7,77.0
82663,534,,,,9.9,0.0,17.7,78.0
83563,534,,,,9.7,0.0,19.3,80.0
84463,534,,,,9.5,0.0,22.5,82.0
85363,534,,,,9.4,0.0,20.9,83.0
86263,534,,,,9.4,0.0,22.5,83.0
763,535,,,,9.5,0.0,27.4,82.0
1663,535,,,,9.4,0.0,25.7,82.0
2563,535,,,,9.2,0.0,24.1,83.0
3463,535,,,,9.2,0.0,25.7,82.0
4363,535,,,,9.1,0.0,24.1,82.0
5263,535,,,,8.9,0.0,22.5,82.0
6163,535,,,,8.9,0.0,22.5,81.0
7063,535,,,,8.9,0.0,20.9,81.0
7963,535,,,,8.8,0.0,20.9,80.0
8863,535,,,,8.8,0.0,20.9,81.0
9763,535,,,,8.8,0.0,22.5,81.0
10663,535,,,,8.7,0.0,20.9,81.0
11563,535,,,,8.6,0.0,19.3,81.0
12463,535,,,,8.4,0.0,20.9,82.0
13363,535,,,,8.3,0.0,20.9,82.0
14263,535,,,,8.3,0.0,22.5,82.0
15163,535,,,,8.2,0.0,20.9,83.0
16063,535,,,,8.2,0.0,20.9,82.0
16963,535,,,,8.3,0.0,20.9,82.0
17863,535,,,,8.4,5.0,22.5,82.0
18763,535,,,,8.5,7.0,22.5,82.0
19663,535,,,,8.5,12.0,22.5,83.0
20563,535,,,,8.4,19.0,22.5,85.0
21463,535,,,,8.6,39.0,19.3,85.0
22363,535,,,,8.7,18.0,16.1,85.0
23263,535,,,,8.7,62.0,14.5,86.0
24163,535,,,,9.2,67.0,19.3,85.0
25063,535,,,,9.3,42.0,19.3,84.0
25963,535,,,,9.4,98.0,16.1,85.0
26863,535,,,,9.6,33.0,17.7,83.0
27763,535,,,,10.1,62.0,19.3,82.0
28663,535,,,,10.4,130.0,17.7,80.0
29563,535,,,,10.5,47.0,19.3,79.0
30463,535,,,,11.1,132.0,20.9,77.0
31363,535,17.826415094339623,17.0,16.3,11.4,114.0,20.9,76.0
32263,535,17.8,17.0,16.3,11.7,243.0,14.5,75.0
33163,535,17.71451612903226,17.0,16.3,12.0,227.0,20.9,72.0
34063,535,17.7,17.0,16.3,12.2,330.0,20.9,70.0
34963,535,17.675757575757576,16.991666666666667,16.3,11.9,146.0,16.1,72.0
35863,535,17.6,17.0,16.3,12.0,120.0,12.9,73.0
36763,535,17.693846153846152,17.0,16.3,12.3,181.0,17.7,70.0
37663,535,17.7,17.0,16.3,12.4,336.0,17.7,73.0
38563,535,17.718840579710143,17.0,16.3,12.1,155.0,22.5,72.0
39463,535,17.8,17.0,16.3,12.1,220.0,19.3,73.0
40363,535,17.746511627906976,17.0,16.3,12.7,302.0,17.7,69.0
41263,535,,,,13.6,591.0,19.3,70.0
42163,535,,,,14.0,330.0,22.5,65.0
43063,535,,,,13.9,362.0,20.9,63.0
43963,535,,,,13.6,232.0,16.1,66.0
44863,535,,,,13.4,318.0,16.1,65.0
45763,535,,,,13.2,292.0,20.9,64.0
46663,535,,,,13.2,227.0,17.7,63.0
47563,535,,,,13.7,563.0,17.7,63.0
48463,535,,,,13.4,271.0,20.9,63.0
49363,535,,,,13.7,186.0,14.5,64.0
50263,535,17.8,17.0,16.3,13.7,306.0,16.1,62.0
51163,535,17.8,17.0,16.3,14.4,475.0,17.7,61.0
52063,535,17.8,17.0,16.3,14.0,526.0,17.7,61.0
52963,535,17.8,17.0,16.3,15.1,517.0,16.1,61.0
53863,535,17.80821917808219,17.0,16.3,15.6,694.0,16.1,59.0
54763,535,17.89264705882353,17.0,16.3,15.3,489.0,16.1,58.0
55663,535,17.9,17.0,16.3,15.4,547.0,17.7,55.0
56563,535,17.9,17.0,16.3,15.3,501.0,16.1,54.0
57463,535,17.846153846153847,17.0,16.3,15.3,424.0,16.1,55.0
58363,535,17.8,17.0,16.3,15.3,418.0,14.5,55.0
59263,535,17.8,17.0,16.3,15.3,362.0,14.5,57.0
60163,535,17.8,17.0,16.356666666666666,15.4,276.0,11.3,59.0
61063,535,17.8,17.0,16.428125,15.0,144.0,11.3,61.0
61963,535,17.74142857142857,17.016129032258064,16.496774193548386,14.8,114.0,9.7,61.0
62863,535,17.7,17.0,16.496774193548386,14.5,97.0,11.3,63.0
63763,535,17.7,17.0,16.46470588235294,14.3,77.0,8.0,66.0
64663,535,17.621428571428574,17.0,16.3,14.2,95.0,9.7,66.0
65563,535,17.6,17.0,16.311940298507462,14.1,76.0,11.3,66.0
66463,535,17.65441176470588,17.0,16.452238805970147,13.9,93.0,8.0,70.0
67363,535,17.694285714285716,17.0,16.5,13.7,72.0,11.3,69.0
68263,535,17.6,17.1328125,16.5,13.3,58.0,9.7,76.0
69163,535,17.6,17.0,16.4044776119403,12.9,51.0,8.0,78.0
70063,535,17.543076923076924,17.0,16.3,12.7,53.0,4.8,82.0
70963,535,17.525352112676057,17.0,16.3,12.6,58.0,4.8,82.0
71863,535,17.5,17.0,16.3,12.3,21.0,8.0,81.0
72763,535,17.5,17.0,16.3,12.0,30.0,8.0,81.0
73663,535,17.5,17.0,16.3,11.6,25.0,9.7,85.0
74563,535,17.5,18.45238095238096,16.787301587301588,11.3,7.0,8.0,88.0
75463,535,17.63088235294118,48.31967213114754,42.09344262295082,10.9,0.0,8.0,90.0
76363,535,18.33918918918919,46.61864406779661,45.07118644067797,10.8,5.0,6.4,92.0
77263,535,18.68,34.27272727272727,33.08030303030303,10.7,0.0,6.4,93.0
78163,535,18.8,26.892857142857142,24.52857142857143,10.7,0.0,4.8,94.0
79063,535,18.7890625,22.57692307692308,20.984615384615385,10.6,0.0,4.8,94.0
79963,535,18.66301369863013,20.307692307692307,19.435384615384613,10.3,0.0,1.6,94.0
80863,535,18.534920634920635,19.146153846153844,18.584615384615383,10.3,0.0,1.6,95.0
81763,535,18.37794117647059,18.36029411764705,17.98235294117647,10.2,0.0,4.8,96.0
82663,535,18.3,18.66197183098592,19.577464788732392,10.1,0.0,3.2,96.0
83563,535,18.881818181818183,19.0,19.966666666666665,10.2,0.0,3.2,96.0
84463,535,19.35806451612904,18.7421875,18.8484375,10.1,0.0,4.8,97.0
85363,535,18.86142857142857,18.15384615384616,17.81846153846154,10.1,0.0,4.8,97.0
86263,535,18.512307692307694,17.892307692307693,17.380000000000003,10.1,0.0,6.4,97.0
763,536,18.280281690140846,17.5,17.1171875,10.0,0.0,4.8,97.0
1663,536,18.133333333333333,17.5,17.0,9.9,0.0,4.8,97.0
2563,536,18.02173913043478,17.5,16.857971014492755,9.9,0.0,3.2,97.0
3463,536,17.93888888888889,17.47761194029851,16.8,9.9,0.0,1.6,97.0
4363,536,17.85441176470588,17.1044776119403,16.8,10.0,0.0,3.2,97.0
5263,536,17.8,17.0,16.791304347826088,10.0,0.0,4.8,97.0
6163,536,17.716176470588234,17.0,16.536923076923078,10.0,0.0,6.4,98.0
7063,536,17.7,17.0,16.5,9.9,0.0,8.0,98.0
7963,536,17.610294117647058,17.0,16.5,9.8,0.0,8.0,98.0
8863,536,17.6,17.0,16.5,9.8,0.0,9.7,98.0
9763,536,17.577464788732392,17.0,16.5,9.8,0.0,11.3,98.0
10663,536,17.5,17.0,16.5,9.8,0.0,4.8,98.0
11563,536,17.5,17.0,16.38695652173913,9.8,0.0,4.8,98.0
12463,536,17.5,17.0,16.3,9.8,0.0,1.6,98.0
13363,536,17.412307692307692,17.0,16.3,9.7,0.0,3.2,98.0
14263,536,17.4,17.0,16.3,9.7,0.0,1.6,98.0
15163,536,17.4,17.0,16.3,9.8,0.0,3.2,98.0
16063,536,17.4,17.0,16.3,9.8,0.0,1.6,98.0
16963,536,17.39848484848485,17.0,16.3,9.8,0.0,1.6,98.0
17863,536,17.315277777777776,17.0,16.3,9.8,0.0,1.6,98.0
18763,536,17.3,17.0,16.3,9.8,0.0,1.6,98.0
19663,536,17.3,17.0,16.3,9.8,5.0,1.6,98.0
20563,536,17.3,17.0,16.3,9.7,9.0,0.0,98.0
21463,536,17.3,16.9921875,16.3,9.8,23.0,0.0,98.0
22363,536,17.3,16.932835820895523,16.3,9.8,19.0,3.2,98.0
23263,536,17.3,16.87313432835821,16.3,9.8,23.0,3.2,98.0
24163,536,17.3,16.948529411764707,16.305882352941175,9.9,76.0,3.2,98.0
25063,536,17.4,17.23134328358209,16.443283582089553,10.3,56.0,6.4,98.0
25963,536,17.705882352941178,17.46212121212121,16.68181818181818,9.7,42.0,11.3,98.0
26863,536,17.71212121212121,17.0,16.5,9.6,42.0,4.8,98.0
27763,536,17.604109589041094,17.0,16.447692307692307,9.7,40.0,8.0,98.0
28663,536,17.535820895522388,17.0,16.306349206349207,9.7,62.0,8.0,98.0
29563,536,17.490909090909092,17.0,16.3,9.8,47.0,6.4,98.0
30463,536,17.4,17.0,16.3,9.8,90.0,6.4,99.0
31363,536,17.4,17.0,16.3,9.7,74.0,8.0,99.0
32263,536,17.345070422535212,16.992753623188406,16.3,9.7,86.0,8.0,99.0
33163,536,17.3,16.98507462686567,16.3,9.6,72.0,9.7,98.0
34063,536,17.3,16.984848484848484,16.3,9.7,81.0,6.4,99.0
34963,536,17.3,16.99264705882353,16.3,9.9,113.0,4.8,98.0
35863,536,17.304411764705883,16.915384615384617,16.3,10.1,162.0,4.8,98.0
36763,536,17.3,16.6031746031746,16.3,10.3,179.0,4.8,98.0
37663,536,17.3,16.515151515151516,16.3,10.9,234.0,8.0,98.0
38563,536,17.3,16.5,16.286153846153844,10.9,264.0,8.0,98.0
39463,536,17.3,16.5,16.253125,10.9,225.0,8.0,97.0
40363,536,17.3,16.5,16.17142857142857,11.2,134.0,6.4,96.0
41263,536,17.3,16.5,16.046153846153846,11.1,109.0,9.7,96.0
42163,536,17.3,16.5,16.021428571428572,11.3,220.0,8.0,96.0
43063,536,17.3,16.5,16.170149253731346,11.4,102.0,9.7,94.0
43963,536,17.3,16.5,16.277941176470588,11.5,128.0,9.7,94.0
44863,536,17.3625,16.5,16.295454545454547,12.0,278.0,9.7,93.0
45763,536,17.4,16.5,16.3,12.0,195.0,12.9,89.0
46663,536,17.4,16.5,16.29558823529412,11.9,199.0,14.5,86.0
47563,536,17.4,16.5,16.295384615384613,12.4,413.0,14.5,85.0
48463,536,17.4,16.5,16.270967741935486,13.5,445.0,11.3,82.0
49363,536,17.4,16.5,16.291176470588233,13.4,417.0,14.5,76.0
50263,536,17.4,16.5,16.29558823529412,14.8,1176.0,16.1,74.0
51163,536,17.4,16.5,16.3,14.2,232.0,16.1,74.0
52063,536,17.4,16.5,16.3,13.6,432.0,17.7,75.0
52963,536,17.4,16.5,16.266129032258064,14.1,492.0,14.5,72.0
53863,536,17.4,16.5,16.09402985074627,14.9,404.0,11.3,72.0
54763,536,17.4,16.5,16.138461538461538,14.7,341.0,14.5,67.0
55663,536,17.4,16.5,16.036923076923078,14.7,271.0,12.9,66.0
56563,536,17.382608695652173,16.5,16.004761904761903,14.8,350.0,14.5,67.0
57463,536,17.31,16.5,16.009677419354837,14.7,397.0,14.5,65.0
58363,536,17.3,16.5,16.026865671641794,14.3,336.0,19.3,60.0
59263,536,17.37272727272727,16.5,16.102985074626865,14.1,230.0,19.3,62.0
60163,536,17.4,16.5,16.195454545454545,13.8,216.0,17.7,64.0
61063,536,17.4,16.5,16.216176470588234,13.5,223.0,19.3,65.0
61963,536,17.389855072463767,16.5,16.269117647058824,13.4,234.0,16.1,64.0
62863,536,17.3,16.5,16.113636363636363,13.6,443.0,19.3,63.0
63763,536,17.3,16.5,16.0421875,13.5,267.0,19.3,65.0
64663,536,17.268571428571427,16.5,16.0,12.8,176.0,20.9,62.0
65563,536,17.271428571428572,16.81060606060606,16.204545454545453,12.9,214.0,16.1,64.0
66463,536,17.3,16.619402985074625,16.067164179104477,12.7,190.0,17.7,64.0
67363,536,17.3,16.59848484848485,16.05909090909091,12.4,188.0,22.5,64.0
68263,536,17.3,16.61764705882353,16.22058823529412,12.4,162.0,20.9,62.0
69163,536,17.3,16.5,16.10952380952381,12.1,113.0,22.5,65.0
70063,536,17.3,16.5,16.20735294117647,11.9,113.0,17.7,67.0
70963,536,17.3,16.5,16.22608695652174,11.8,172.0,19.3,71.0
71863,536,17.3,16.5,16.24375,11.4,60.0,22.5,72.0
72763,536,17.3,16.5,16.2484375,11.4,77.0,17.7,73.0
73663,536,17.3,16.5,16.3,11.2,44.0,17.7,74.0
74563,536,17.3,16.783582089552237,16.3,11.2,72.0,16.1,75.0
75463,536,17.3044776119403,35.2936507936508,27.942857142857143,10.8,25.0,17.7,72.0
76363,536,17.931343283582088,53.71212121212121,49.99393939393939,10.2,18.0,16.1,75.0
77263,536,18.53333333333333,38.142857142857146,36.6047619047619,9.9,18.0,16.1,77.0
78163,536,18.73787878787879,29.03076923076923,29.09230769230769,9.9,5.0,17.7,78.0
79063,536,18.8,24.25423728813559,23.696610169491528,9.5,0.0,14.5,82.0
79963,536,19.333802816901407,22.146153846153844,23.763076923076923,9.2,0.0,17.7,84.0
80863,536,19.607142857142858,21.253731343283583,22.929850746268656,8.9,0.0,19.3,86.0
81763,536,18.9887323943662,19.96825396825397,20.19206349206349,9.0,0.0,19.3,86.0
82663,536,18.7,18.77692307692308,18.447692307692307,9.2,0.0,22.5,84.0
83563,536,18.510294117647057,18.15625,17.7796875,9.0,0.0,19.3,83.0
84463,536,18.315942028985507,17.82089552238806,17.416417910447763,8.9,0.0,17.7,84.0
85363,536,18.145714285714284,17.5,17.188059701492538,8.7,0.0,17.7,84.0
86263,536,17.978571428571428,17.5,17.0,8.3,0.0,19.3,85.0
763,537,17.84264705882353,17.2890625,16.8375,8.2,0.0,19.3,87.0
1663,537,17.736231884057972,17.0,16.8,7.9,0.0,17.7,87.0
2563,537,17.643055555555556,17.0,16.66086956521739,7.7,0.0,17.7,88.0
3463,537,17.570149253731344,17.0,16.5,7.6,0.0,17.7,87.0
4363,537,17.5,17.0,16.5,7.6,0.0,20.9,87.0
5263,537,17.436986301369863,17.0,16.496875,7.6,0.0,20.9,87.0
6163,537,17.4,17.0,16.33235294117647,7.4,0.0,19.3,87.0
7063,537,17.37878787878788,17.0,16.3,7.4,0.0,19.3,86.0
7963,537,17.3,17.0,16.3,7.2,0.0,19.3,86.0
8863,537,17.3,16.903225806451612,16.3,7.3,0.0,19.3,86.0
9763,537,17.29365079365079,16.597014925373134,16.3,7.2,0.0,19.3,85.0
10663,537,17.2,16.5,16.3,7.1,0.0,17.7,85.0
11563,537,17.2,16.5,16.214925373134328,7.1,0.0,19.3,84.0
12463,537,17.2,16.5,16.0,7.1,0.0,17.7,84.0
13363,537,17.121052631578948,16.5,16.0,6.9,0.0,16.1,84.0
14263,537,17.1,16.5,16.0,6.9,0.0,17.7,84.0
15163,537,17.1,16.5,16.0,6.8,0.0,14.5,85.0
16063,537,17.13888888888889,16.5,16.0,6.8,0.0,17.7,85.0
16963,537,17.2,16.5,16.0,6.8,5.0,14.5,85.0
17863,537,17.125,16.5,16.0,6.8,11.0,12.9,85.0
18763,537,17.1,16.5,16.0,7.0,19.0,12.9,84.0
19663,537,17.1030303030303,16.5,16.092307692307692,7.2,46.0,12.9,83.0
20563,537,17.17101449275362,16.661538461538463,16.267692307692307,7.3,16.0,16.1,83.0
21463,537,18.07058823529412,16.9609375,16.4,7.5,21.0,17.7,82.0
22363,537,18.44761904761905,17.125,16.690384615384616,7.7,21.0,16.1,82.0
23263,537,18.333823529411767,17.075757575757574,16.483333333333334,7.9,23.0,17.7,81.0
24163,537,18.4,17.0,16.31492537313433,8.2,30.0,19.3,80.0
25063,537,18.4,17.0,16.3,8.5,28.0,19.3,79.0
25963,537,18.4,17.0,16.3,8.6,28.0,17.7,79.0
26863,537,18.4,17.0,16.3,8.8,30.0,17.7,78.0
27763,537,18.39701492537313,16.985507246376812,16.3,9.2,32.0,17.7,78.0
28663,537,18.29861111111111,16.68939393939394,16.3,9.6,32.0,17.7,75.0
29563,537,18.20138888888889,16.5,16.3,9.9,33.0,16.1,75.0
30463,537,18.10735294117647,16.5,16.3,10.2,35.0,20.9,71.0
31363,537,17.994366197183098,16.5,16.3,10.5,37.0,17.7,72.0
32263,537,17.9,16.5,16.3,10.9,39.0,19.3,69.0
33163,537,17.833823529411767,16.5,16.3,11.2,39.0,20.9,65.0
34063,537,17.8,16.5,16.3,11.3,62.0,22.5,64.0
34963,537,17.746376811594203,16.5,16.290625,11.8,589.0,17.7,62.0
35863,537,17.7,16.5,16.286956521739132,12.3,679.0,22.5,62.0
36763,537,17.7,16.5,16.291304347826088,12.8,738.0,19.3,61.0
37663,537,17.634328358208954,16.5,16.3,12.9,742.0,17.7,63.0
38563,537,17.6,16.5,16.29558823529412,13.1,780.0,17.7,58.0
39463,537,17.6,16.5,16.3,13.1,849.0,20.9,58.0
40363,537,17.6,16.5,16.3,13.2,800.0,20.9,57.0
41263,537,17.595454545454547,16.5,16.3,13.8,715.0,20.9,54.0
42163,537,17.5,16.5,16.3,14.1,868.0,19.3,54.0
43063,537,17.5,16.5,16.3,14.2,1021.0,20.9,57.0
43963,537,17.5,16.5,16.3,14.7,865.0,20.9,56.0
44863,537,17.5,16.5,16.3,14.8,977.0,19.3,51.0
45763,537,17.5,16.5,16.3,14.0,287.0,17.7,53.0
46663,537,17.5,16.5,16.3,15.3,893.0,19.3,50.0
47563,537,17.5,16.5,16.3,15.3,935.0,19.3,50.0
48463,537,17.5,16.5,16.3,15.1,969.0,22.5,49.0
49363,537,17.5,16.5,16.3,15.9,993.0,22.5,47.0
50263,537,17.5,16.5,16.3,16.0,726.0,20.9,46.0
51163,537,17.5,16.5,16.2953125,16.8,1086.0,20.9,46.0
52063,537,17.48695652173913,16.5,16.295714285714286,15.6,216.0,17.7,49.0
52963,537,17.4,16.5,16.25846153846154,14.9,290.0,19.3,50.0
53863,537,17.4,16.5,16.131818181818183,15.7,192.0,20.9,49.0
54763,537,17.4,16.5,16.03181818181818,16.3,898.0,20.9,47.0
55663,537,17.4,16.5,16.004411764705882,16.9,846.0,20.9,47.0
56563,537,17.4,16.5,16.09130434782609,15.9,496.0,17.7,50.0
57463,537,17.4,16.5,16.18,15.6,186.0,16.1,50.0
58363,537,17.4,16.5,16.291304347826088,15.2,199.0,19.3,50.0
59263,537,17.4,16.5,16.3,15.4,220.0,20.9,52.0
60163,537,17.435211267605634,16.6044776119403,16.3,16.4,733.0,24.1,49.0
61063,537,17.51969696969697,17.0,16.46785714285714,16.8,638.0,19.3,51.0
61963,537,17.557746478873238,17.0,16.465079365079365,16.6,626.0,19.3,48.0
62863,537,17.5,17.0,16.3,16.8,172.0,17.7,49.0
63763,537,17.5,17.0,16.3,16.3,726.0,17.7,51.0
64663,537,17.440579710144927,17.0,16.3,16.8,526.0,20.9,49.0
65563,537,17.4,16.96153846153846,16.3,16.8,100.0,19.3,49.0
66463,537,17.4,16.841666666666665,16.3,16.2,469.0,17.7,53.0
67363,537,17.4,16.640625,16.3,15.2,65.0,20.9,55.0
68263,537,17.317460317460316,16.77777777777778,16.3,14.9,76.0,20.9,55.0
69163,537,17.3,16.884057971014492,16.3,14.9,69.0,20.9,56.0
70063,537,17.380597014925375,16.5078125,16.3,15.8,281.0,19.3,53.0
70963,537,17.4,16.507575757575758,16.26818181818182,15.5,236.0,22.5,53.0
71863,537,17.355882352941176,16.992307692307694,16.3,15.0,42.0,17.7,56.0
72763,537,17.3,16.730158730158728,16.295238095238098,14.8,39.0,16.1,56.0
73663,537,17.3,16.95967741935484,16.3,14.5,33.0,17.7,57.0
74563,537,17.354929577464787,16.52307692307692,16.3,14.2,39.0,19.3,58.0
75463,537,17.38153846153846,16.5,16.280952380952378,13.9,26.0,16.1,58.0
76363,537,17.3,16.65573770491803,16.118032786885244,13.7,19.0,16.1,59.0
77263,537,17.27076923076923,16.7109375,16.1875,13.3,12.0,12.9,62.0
78163,537,17.2,16.5,16.0,12.9,9.0,11.3,65.0
79063,537,17.15942028985507,16.5,16.0,12.3,5.0,11.3,67.0
79963,537,17.1,16.649253731343286,16.08507462686567,11.8,0.0,12.9,69.0
80863,537,17.1,17.0,16.3,11.6,0.0,14.5,69.0
81763,537,17.172857142857143,17.0,16.3,11.3,0.0,17.7,70.0
82663,537,17.2,16.985714285714288,16.3,11.0,0.0,19.3,72.0
83563,537,17.2,16.546875,16.2765625,10.6,0.0,9.7,74.0
84463,537,17.2,16.5,16.121875,10.0,0.0,9.7,76.0
85363,537,17.2,16.5,16.008955223880598,10.4,0.0,19.3,74.0
86263,537,17.2,16.5,16.0,10.2,0.0,17.7,76.0
763,538,17.2,16.5,16.0,9.6,0.0,14.5,78.0
1663,538,17.2,16.5,16.0,9.6,0.0,16.1,78.0
2563,538,17.198591549295777,16.5,16.0,9.5,0.0,16.1,78.0
3463,538,17.14090909090909,16.5,16.0,9.2,0.0,14.5,79.0
4363,538,17.1,16.5,16.0,9.0,0.0,12.9,80.0
5263,538,17.1,16.5,16.0,8.7,0.0,14.5,81.0
6163,538,17.1,16.5,16.0,8.6,0.0,12.9,81.0
7063,538,17.1,16.5,16.0,8.2,0.0,11.3,83.0
7963,538,17.1,16.5,16.0,8.1,0.0,12.9,83.0
8863,538,17.03611111111111,16.5,16.0,8.1,0.0,12.9,83.0
9763,538,17.0,16.5,16.0,8.4,0.0,16.1,81.0
10663,538,17.0,16.5,16.0,8.3,0.0,11.3,81.0
11563,538,17.0,16.5,16.0,8.1,0.0,9.7,81.0
12463,538,17.0,16.5,16.0,8.2,0.0,12.9,80.0
13363,538,17.0,16.5,16.0,8.3,0.0,14.5,80.0
14263,538,17.0,16.5,16.0,8.1,0.0,12.9,80.0
15163,538,16.99857142857143,16.5,16.0,8.4,0.0,17.7,78.0
16063,538,17.0,16.5,16.0,8.3,0.0,17.7,78.0
16963,538,17.07,16.5,16.0,8.4,5.0,17.7,78.0
17863,538,17.21857142857143,16.5,16.0,8.3,7.0,19.3,79.0
18763,538,17.35070422535211,16.5,16.013235294117646,8.1,9.0,17.7,81.0
19663,538,17.47,16.5,16.2955223880597,8.0,11.0,14.5,81.0
20563,538,17.610144927536233,16.5,16.3,8.2,16.0,14.5,81.0
21463,538,17.747142857142855,16.5,16.3,8.3,18.0,16.1,80.0
22363,538,17.881944444444446,16.529850746268657,16.2955223880597,8.4,21.0,12.9,80.0
23263,538,18.071428571428573,16.879032258064516,16.27741935483871,8.7,23.0,11.3,79.0
24163,538,18.764705882352946,16.986842105263158,16.38157894736842,9.2,25.0,14.5,76.0
25063,538,18.95217391304348,17.533333333333335,16.915555555555557,9.4,28.0,12.9,77.0
25963,538,19.010294117647057,17.33582089552239,16.526865671641794,9.8,30.0,9.7,74.0
26863,538,18.944117647058825,17.0,16.5,10.0,32.0,12.9,76.0
27763,538,18.84705882352941,17.0,16.401492537313434,10.2,33.0,12.9,77.0
28663,538,18.72941176470588,17.0,16.3,10.3,35.0,12.9,77.0
29563,538,18.625714285714288,17.0,16.3,10.7,40.0,9.7,77.0
30463,538,18.50985915492958,16.640625,16.3,10.8,47.0,11.3,73.0
31363,538,18.390277777777776,16.5,16.3,11.6,47.0,12.9,72.0
32263,538,18.27941176470588,16.5,16.29558823529412,11.9,39.0,14.5,71.0
33163,538,18.2,16.5,16.277611940298506,12.2,40.0,14.5,70.0
34063,538,18.133823529411764,16.5,16.3,12.4,40.0,17.7,71.0
34963,538,18.1,16.5,16.3,13.1,517.0,16.1,71.0
35863,538,18.1,16.5,16.3,13.9,638.0,12.9,65.0
36763,538,18.017391304347825,16.5,16.3,13.7,680.0,17.7,63.0
37663,538,18.0,16.5,16.3,14.1,744.0,19.3,60.0
38563,538,18.0,16.5,16.3,14.4,598.0,16.1,59.0
39463,538,18.0,16.5,16.3,15.0,582.0,14.5,62.0
40363,538,17.955555555555556,16.5,16.3,15.9,953.0,16.1,58.0
41263,538,17.945714285714285,16.66417910447761,16.3,16.3,868.0,17.7,57.0
42163,538,18.0,16.962686567164177,16.3,16.1,849.0,16.1,55.0
43063,538,18.0,17.0,16.3,16.3,854.0,16.1,51.0
43963,538,18.0,17.0,16.3,16.8,745.0,12.9,55.0
44863,538,18.0,17.0,16.3,16.3,487.0,16.1,58.0
45763,538,17.925675675675674,17.0,16.3,16.1,355.0,14.5,59.0
46663,538,17.9,17.0,16.3,15.4,418.0,16.1,59.0
47563,538,17.9,17.0,16.3,15.7,410.0,14.5,59.0
48463,538,17.9,17.0,16.3,15.8,376.0,17.7,57.0
49363,538,17.9,17.0,16.3,16.5,840.0,17.7,60.0
50263,538,17.9,17.0,16.3,17.7,925.0,12.9,57.0
51163,538,17.9,17.0,16.3,17.4,573.0,11.3,56.0
52063,538,17.9,17.0,16.3,16.6,417.0,16.1,55.0
52963,538,17.9,17.0,16.3,17.4,809.0,14.5,53.0
53863,538,17.901612903225807,17.0,16.3,18.1,802.0,14.5,52.0
54763,538,17.99718309859155,17.0,16.3,17.9,779.0,11.3,53.0
55663,538,18.0,17.0,16.3,18.8,867.0,14.5,54.0
56563,538,18.0,17.0,16.317910447761193,17.8,385.0,12.9,58.0
57463,538,18.0,17.0,16.41764705882353,17.8,381.0,14.5,59.0
58363,538,18.0,17.0,16.487692307692306,17.6,188.0,16.1,60.0
59263,538,18.0112676056338,17.184615384615384,16.5,17.7,483.0,14.5,63.0
60163,538,18.1,17.0,16.5,17.6,221.0,14.5,61.0
61063,538,18.10410958904109,17.204918032786885,16.613114754098362,17.3,396.0,16.1,63.0
61963,538,18.1,17.5,16.8,18.2,557.0,16.1,62.0
62863,538,18.1,17.056451612903224,16.587096774193547,18.2,673.0,16.1,61.0
63763,538,18.1,17.0,16.5,18.7,668.0,16.1,60.0
64663,538,18.1,17.0,16.5,18.4,550.0,14.5,63.0
65563,538,18.1,17.16923076923077,16.61076923076923,18.1,582.0,16.1,62.0
66463,538,18.1,17.384615384615383,16.795384615384613,17.3,220.0,17.7,64.0
67363,538,18.1,17.0,16.629850746268655,17.8,478.0,17.7,62.0
68263,538,18.10289855072464,17.258064516129032,16.669354838709676,16.9,418.0,19.3,64.0
69163,538,18.18153846153846,17.5,16.8,15.9,120.0,19.3,66.0
70063,538,18.1,17.295081967213115,16.755737704918033,15.4,118.0,16.1,67.0
70963,538,18.1,17.056451612903224,16.533870967741937,15.6,142.0,16.1,68.0
71863,538,18.1,17.5,16.8,15.3,95.0,14.5,70.0
72763,538,18.1,17.487179487179485,16.784615384615385,15.0,77.0,16.1,71.0
73663,538,18.1,17.0609756097561,16.521951219512196,14.7,67.0,12.9,72.0
74563,538,18.1,17.0,16.5,14.6,70.0,12.9,72.0
75463,538,18.01818181818182,17.0,16.5,14.7,35.0,14.5,70.0
76363,538,18.0,17.0,16.5,14.2,21.0,11.3,70.0
77263,538,18.0,17.0,16.5,13.8,14.0,12.9,71.0
78163,538,18.0,17.0,16.5,13.5,7.0,11.3,73.0
79063,538,18.0,17.491803278688526,16.79016393442623,13.1,5.0,12.9,75.0
79963,538,18.0,17.5,16.8,12.7,0.0,12.9,76.0
80863,538,18.0,17.5,16.8,12.4,0.0,12.9,77.0
81763,538,18.0,17.208955223880597,16.68358208955224,12.1,0.0,12.9,78.0
82663,538,18.0,17.0,16.5,11.6,0.0,12.9,80.0
83563,538,18.0,17.0,16.5,11.3,0.0,14.5,81.0
84463,538,17.961428571428574,17.0,16.5,11.1,0.0,16.1,81.0
85363,538,17.9,17.0,16.5,10.9,0.0,16.1,82.0
86263,538,17.9,17.0,16.5,10.7,0.0,14.5,83.0
763,539,17.9,17.0,16.5,10.5,0.0,16.1,83.0
1663,539,17.9,17.0,16.5,10.3,0.0,17.7,84.0
2563,539,17.9,17.0,16.5,10.1,0.0,17.7,84.0
3463,539,17.9,17.0,16.5,9.9,0.0,16.1,85.0
4363,539,17.82763157894737,17.0,16.5,9.7,0.0,17.7,85.0
5263,539,17.8,17.0,16.5,9.6,0.0,17.7,86.0
6163,539,17.8,17.0,16.5,9.4,0.0,14.5,87.0
7063,539,17.8,17.0,16.5,9.2,0.0,16.1,87.0
7963,539,17.8,17.0,16.5,9.0,0.0,16.1,87.0
8863,539,17.8,17.0,16.5,8.8,0.0,11.3,88.0
9763,539,17.8,17.0,16.5,8.7,0.0,12.9,88.0
10663,539,17.8,17.0,16.5,8.7,0.0,12.9,88.0
11563,539,17.780281690140846,17.0,16.5,8.7,0.0,9.7,88.0
12463,539,17.701408450704225,17.0,16.5,8.6,0.0,16.1,88.0
13363,539,17.7,17.0,16.5,8.6,0.0,17.7,88.0
14263,539,17.7,17.0,16.5,8.6,0.0,16.1,87.0
15163,539,17.7,17.0,16.5,8.8,0.0,16.1,86.0
16063,539,17.7,17.0,16.497101449275362,8.8,0.0,17.7,87.0
16963,539,17.7,17.0,16.47941176470588,8.8,0.0,16.1,87.0
17863,539,17.7,17.0,16.458823529411767,8.8,5.0,17.7,87.0
18763,539,17.69857142857143,17.0,16.408823529411766,8.7,12.0,16.1,88.0
19663,539,17.63013698630137,17.0,16.38307692307692,8.8,21.0,16.1,88.0
20563,539,17.6,17.0,16.323880597014927,9.0,18.0,19.3,87.0
21463,539,17.744776119402985,39.44615384615385,32.47538461538461,9.1,26.0,16.1,87.0
22363,539,18.892753623188405,57.82575757575758,53.96666666666666,9.3,49.0,16.1,86.0
23263,539,19.995652173913044,55.52985074626865,52.93134328358209,9.3,51.0,17.7,85.0
24163,539,20.583333333333336,44.77536231884058,44.3463768115942,9.5,44.0,17.7,83.0
25063,539,20.722535211267605,34.07575757575758,34.74545454545454,9.8,127.0,20.9,83.0
25963,539,20.68115942028985,27.948529411764707,28.738235294117647,9.9,93.0,19.3,82.0
26863,539,20.30869565217392,24.080882352941178,23.489705882352943,9.9,97.0,20.9,83.0
27763,539,19.99324324324324,25.044117647058822,23.189705882352943,9.9,88.0,22.5,84.0
28663,539,19.95555555555556,55.68055555555556,50.27916666666667,10.0,121.0,22.5,84.0
29563,539,20.46760563380281,57.291044776119406,53.42388059701492,10.2,163.0,17.7,84.0
30463,539,20.90579710144928,52.56060606060606,49.66363636363637,10.4,174.0,19.3,83.0
31363,539,21.48169014084507,56.65384615384615,53.89846153846154,10.8,211.0,19.3,82.0
32263,539,21.5,49.10294117647059,46.819117647058825,11.0,206.0,19.3,81.0
33163,539,21.5,35.87121212121212,31.47878787878788,11.2,195.0,17.7,80.0
34063,539,21.37123287671233,28.08333333333333,25.13030303030304,11.7,264.0,17.7,78.0
34963,539,21.163768115942027,25.0390625,24.921875,12.7,475.0,16.1,76.0
35863,539,20.959154929577466,22.86231884057971,22.230434782608697,12.3,325.0,16.1,75.0
36763,539,20.75070422535212,21.03125,20.2484375,12.9,548.0,16.1,73.0
37663,539,20.54861111111111,20.4,19.69,14.0,582.0,17.7,70.0
38563,539,20.29295774647888,,,14.1,661.0,17.7,68.0
39463,539,20.098591549295776,19.97674418604651,20.732558139534884,14.3,487.0,14.5,69.0
40363,539,19.91111111111111,19.327868852459016,19.20819672131148,14.3,550.0,17.7,68.0
41263,539,19.76197183098592,19.29230769230769,19.31692307692308,14.4,613.0,17.7,68.0
42163,539,19.64142857142857,19.227272727272727,19.195454545454545,14.9,517.0,17.7,66.0
43063,539,19.53521126760564,18.875,18.6734375,14.8,554.0,19.3,66.0
43963,539,19.765217391304347,19.10144927536232,18.914492753623183,14.9,592.0,16.1,66.0
44863,539,19.689705882352943,18.9609375,18.5171875,15.3,497.0,14.5,65.0
45763,539,19.581159420289858,18.5,18.012307692307694,15.3,619.0,14.5,66.0
46663,539,19.48260869565217,18.417910447761194,17.8,15.6,519.0,16.1,64.0
47563,539,19.4,18.390625,17.928125,15.3,457.0,17.7,63.0
48463,539,19.311940298507466,18.46153846153846,17.904615384615386,15.4,438.0,16.1,65.0
49363,539,19.2955223880597,18.47826086956522,17.904347826086955,15.5,434.0,14.5,64.0
50263,539,19.2,18.015625,17.6171875,15.8,506.0,16.1,63.0
51163,539,19.2,18.0,17.5,15.7,483.0,17.7,63.0
52063,539,19.163636363636364,18.0,17.5,15.7,396.0,17.7,63.0
52963,539,19.1,18.0,17.418032786885245,15.8,378.0,17.7,62.0
53863,539,19.1,18.0,17.315151515151516,16.0,517.0,16.1,63.0
54763,539,19.1,18.2265625,17.6125,16.9,585.0,16.1,61.0
55663,539,19.096969696969698,18.234375,17.659375,16.1,387.0,16.1,62.0
56563,539,19.00294117647059,18.0,17.4768115942029,16.9,501.0,19.3,60.0
57463,539,19.0,18.0,17.3,17.0,568.0,16.1,61.0
58363,539,19.0,18.0,17.3,17.9,763.0,16.1,58.0
59263,539,19.013432835820897,18.0,17.3,17.6,369.0,14.5,57.0
60163,539,19.05774647887324,18.0,17.311764705882354,17.3,404.0,16.1,59.0
61063,539,19.09701492537313,18.0,17.43913043478261,17.2,362.0,14.5,58.0
61963,539,19.1,18.0,17.37457627118644,17.9,369.0,14.5,58.0
62863,539,19.1,18.0,17.461904761904762,17.6,253.0,16.1,58.0
63763,539,19.074193548387097,18.0,17.3,17.3,206.0,16.1,61.0
64663,539,19.0,18.0,17.37878787878788,17.3,338.0,16.1,61.0
65563,539,19.0,18.0,17.365625,17.8,424.0,11.3,61.0
66463,539,18.983823529411765,18.0,17.463076923076922,18.0,403.0,17.7,59.0
67363,539,18.9,18.0,17.34262295081967,17.9,399.0,17.7,60.0
68263,539,18.9,18.0,17.39433962264151,17.6,362.0,17.7,61.0
69163,539,18.9,18.0,17.456666666666667,17.1,234.0,19.3,62.0
70063,539,18.9,18.0,17.33157894736842,16.2,148.0,17.7,66.0
70963,539,18.9,18.0,17.442307692307693,15.8,165.0,14.5,68.0
71863,539,18.9,18.0,17.3,15.5,102.0,19.3,69.0
72763,539,18.9,18.0,17.385185185185186,15.1,63.0,17.7,71.0
73663,539,18.9,18.0,17.354237288135593,14.7,56.0,17.7,73.0
74563,539,18.90175438596492,18.105263157894736,17.35614035087719,14.3,44.0,16.1,74.0
75463,539,18.9,18.149122807017545,17.5,14.1,39.0,16.1,75.0
76363,539,18.98507462686567,18.5,17.64,13.8,30.0,14.5,76.0
77263,539,19.493150684931507,18.39655172413793,17.677586206896553,13.5,23.0,17.7,77.0
78163,539,20.072,18.5,17.82153846153846,13.4,14.0,16.1,77.0
79063,539,19.6179104477612,18.31451612903226,17.65967741935484,13.1,5.0,14.5,78.0
79963,539,19.32537313432836,18.0,17.5,12.8,0.0,14.5,79.0
80863,539,19.16764705882353,18.0,17.5,12.6,0.0,14.5,80.0
81763,539,19.047761194029853,18.0,17.5,12.6,0.0,16.1,80.0
82663,539,18.97777777777777,18.0,17.5,12.4,0.0,14.5,80.0
83563,539,18.9,18.0,17.5,12.3,0.0,14.5,80.0
84463,539,18.82153846153846,18.0,17.5,12.2,0.0,14.5,80.0
85363,539,18.788571428571423,18.0,17.5,12.2,0.0,14.5,81.0
86263,539,18.7,18.0,17.405882352941177,12.1,0.0,14.5,81.0
763,540,18.7,18.0,17.303225806451614,11.9,0.0,14.5,81.0
1663,540,18.688235294117646,18.0,17.3,11.8,0.0,12.9,81.0
2563,540,18.6,18.0,17.3,11.9,0.0,14.5,81.0
3463,540,18.6,18.0,17.3,12.0,0.0,14.5,80.0
4363,540,18.6,18.0,17.3,11.9,0.0,14.5,81.0
5263,540,18.6,18.0,17.3,11.6,0.0,11.3,82.0
6163,540,18.57971014492754,18.0,17.3,11.5,0.0,14.5,82.0
7063,540,18.5,18.0,17.3,11.4,0.0,14.5,81.0
7963,540,18.5,18.0,17.3,11.3,0.0,11.3,81.0
8863,540,18.5,18.0,17.3,11.2,0.0,11.3,81.0
9763,540,18.5,18.0,17.3,11.1,0.0,8.0,81.0
10663,540,18.5,17.984615384615385,17.3,11.0,0.0,8.0,81.0
11563,540,18.5,17.954545454545453,17.3,11.0,0.0,9.7,78.0
12463,540,18.44109589041096,17.84426229508197,17.3,11.1,0.0,11.3,75.0
13363,540,18.4,17.696969696969695,17.3,10.9,0.0,8.0,73.0
14263,540,18.4,17.5390625,17.3,11.0,0.0,12.9,71.0
15163,540,18.413888888888888,17.56818181818182,17.3,11.0,0.0,14.5,69.0
16063,540,18.555223880597016,17.984375,17.3,10.9,0.0,11.3,68.0
16963,540,18.6,18.0,17.3,10.8,5.0,8.0,68.0
17863,540,18.66301369863013,18.0,17.3,10.6,14.0,9.7,71.0
18763,540,18.76164383561644,18.0,17.3,10.4,21.0,9.7,71.0
19663,540,18.852941176470587,18.0,17.3,10.5,25.0,11.3,72.0
20563,540,18.9,18.0,17.3,10.6,26.0,11.3,73.0
21463,540,18.944594594594594,18.0,17.3,10.7,30.0,12.9,74.0
22363,540,19.00869565217392,18.0,17.3,10.8,35.0,11.3,74.0
23263,540,19.178571428571427,18.0,17.432307692307692,11.0,39.0,11.3,73.0
24163,540,19.416901408450705,18.491935483870968,17.761290322580646,11.1,40.0,12.9,72.0
25063,540,19.59,18.0703125,17.4171875,10.9,40.0,17.7,74.0
25963,540,19.40441176470588,17.9,17.145,11.1,39.0,16.1,75.0
26863,540,19.242253521126763,17.5,17.0,11.4,39.0,16.1,75.0
27763,540,19.14626865671642,17.5,17.0,11.8,40.0,16.1,73.0
28663,540,19.03142857142857,17.5,17.0,12.2,42.0,14.5,73.0
29563,540,19.0,17.87878787878788,17.186363636363637,12.7,44.0,11.3,70.0
30463,540,18.90714285714286,17.715384615384615,17.0,13.1,46.0,11.3,69.0
31363,540,18.844615384615384,17.81967213114754,17.01967213114754,13.4,47.0,11.3,68.0
32263,540,18.756060606060608,17.782258064516128,17.0,13.8,49.0,14.5,63.0
33163,540,18.7,17.946969696969695,17.013636363636362,14.3,49.0,12.9,64.0
34063,540,18.622388059701493,17.954545454545453,17.03636363636364,14.6,44.0,14.5,60.0
34963,540,18.6,17.715384615384615,17.0,15.2,550.0,14.5,61.0
35863,540,18.6,17.5,17.0,15.6,643.0,16.1,58.0
36763,540,18.62985074626865,17.5,17.0,16.3,673.0,16.1,57.0
37663,540,18.7,17.5,17.0,16.5,700.0,16.1,55.0
38563,540,18.7,17.50735294117647,17.004411764705882,17.3,726.0,16.1,47.0
39463,540,18.798571428571428,18.0,17.3,17.6,745.0,16.1,45.0
40363,540,18.8,18.0,17.3,17.8,770.0,16.1,47.0
41263,540,18.80289855072464,18.0,17.3,18.0,788.0,19.3,49.0
42163,540,18.852307692307694,18.0,17.3,18.5,807.0,17.7,48.0
43063,540,18.9,18.0,17.3,18.5,821.0,17.7,48.0
43963,540,18.869444444444447,18.0,17.3,19.1,833.0,16.1,49.0
44863,540,18.8,17.92982456140351,17.294736842105262,19.2,828.0,17.7,50.0
45763,540,18.8,17.81451612903226,17.266129032258064,19.3,847.0,17.7,51.0
46663,540,18.84776119402985,17.765151515151516,17.263636363636362,19.7,849.0,16.1,50.0
47563,540,18.9,17.984848484848484,17.3,20.4,851.0,16.1,49.0
48463,540,18.958064516129035,18.0,17.3,20.2,856.0,16.1,43.0
49363,540,19.0,18.0,17.3,20.3,824.0,17.7,48.0
50263,540,19.086567164179105,18.0,17.3,20.9,840.0,16.1,46.0
51163,540,19.2,18.0,17.330303030303032,21.2,849.0,17.7,42.0
52063,540,19.2,18.0,17.361764705882354,21.6,835.0,17.7,43.0
52963,540,19.2,18.0,17.3,21.6,821.0,19.3,41.0
53863,540,19.27164179104478,18.0,17.3,21.7,807.0,19.3,45.0
54763,540,19.3,18.0,17.3,21.5,791.0,17.7,42.0
55663,540,19.3,18.0,17.3,22.1,777.0,16.1,39.0
56563,540,19.37878787878788,18.0,17.3,22.4,756.0,17.7,43.0
57463,540,19.4,18.0,17.3,22.2,735.0,16.1,38.0
58363,540,19.47462686567164,18.0,17.3,22.4,703.0,16.1,39.0
59263,540,19.5,18.0,17.3,22.4,675.0,17.7,43.0
60163,540,19.5,18.0,17.3,22.3,647.0,17.7,44.0
61063,540,19.5,18.0,17.3,22.5,617.0,16.1,45.0
61963,540,19.525757575757574,18.17741935483871,17.493548387096773,22.5,585.0,16.1,43.0
62863,540,19.6,18.433823529411764,17.504411764705882,22.1,603.0,17.7,40.0
63763,540,19.66140350877193,18.0,17.5,22.4,566.0,14.5,42.0
64663,540,19.74705882352941,18.0,17.5,22.4,483.0,16.1,39.0
65563,540,19.8,18.0,17.5,22.6,448.0,14.5,42.0
66463,540,19.84328358208955,18.0,17.5,22.3,413.0,16.1,38.0
67363,540,19.9,18.0,17.5,22.4,378.0,14.5,41.0
68263,540,19.9,18.088709677419352,17.553225806451614,22.3,338.0,14.5,41.0
69163,540,19.9,18.5,17.8,22.4,306.0,11.3,42.0
70063,540,19.9,18.48507462686567,17.8,22.1,267.0,14.5,39.0
70963,540,19.9,18.5,17.8,21.3,227.0,16.1,41.0
71863,540,19.87763157894737,18.484615384615385,17.8,20.8,39.0,12.9,43.0
72763,540,19.86714285714286,18.5,17.8,19.8,35.0,14.5,45.0
73663,540,19.78030303030303,18.545454545454547,17.906060606060606,19.4,32.0,14.5,49.0
74563,540,19.674647887323943,18.5,17.880597014925375,18.9,39.0,14.5,54.0
75463,540,19.57462686567164,18.5,17.8,18.6,26.0,11.3,55.0
76363,540,19.479710144927537,18.5,17.8,18.3,19.0,9.7,53.0
77263,540,19.36428571428572,18.393939393939394,17.8,17.6,12.0,8.0,56.0
78163,540,19.3,18.203125,17.7953125,17.1,9.0,6.4,58.0
79063,540,19.21846153846154,18.09848484848485,17.772727272727273,16.4,5.0,4.8,55.0
79963,540,19.24705882352941,18.846153846153847,17.98153846153846,15.9,0.0,4.8,57.0
80863,540,19.37692307692308,18.707692307692305,18.0,15.8,0.0,12.9,62.0
81763,540,19.407042253521126,18.5,18.0,15.6,0.0,12.9,65.0
82663,540,19.49861111111111,18.5,18.0,15.6,0.0,9.7,65.0
83563,540,19.5,18.5,18.0,15.6,0.0,11.3,64.0
84463,540,19.5,18.5,18.0,15.3,0.0,11.3,63.0
85363,540,19.5,18.73846153846154,18.15230769230769,15.2,0.0,12.9,63.0
86263,540,19.5,18.56716417910448,18.12089552238806,15.0,0.0,11.3,62.0
763,541,19.5,18.5,18.0,15.1,0.0,12.9,62.0
1663,541,19.5,18.5,18.0,14.9,0.0,12.9,63.0
2563,541,19.5,18.5,18.0,14.7,0.0,16.1,66.0
3463,541,19.445454545454545,18.5,18.0,14.6,0.0,17.7,66.0
4363,541,19.4,18.5,18.0,14.6,0.0,17.7,65.0
5263,541,19.4,18.5,18.0,14.4,0.0,19.3,66.0
6163,541,19.4,18.5,18.0,14.6,0.0,17.7,61.0
7063,541,19.4,18.5,18.0,14.6,0.0,14.5,59.0
7963,541,19.4,18.5,17.996969696969696,14.4,0.0,16.1,62.0
8863,541,19.4,18.5,18.0,14.2,0.0,14.5,63.0
9763,541,19.4,18.5,18.0,14.1,0.0,12.9,64.0
10663,541,19.4,18.5,18.0,14.0,0.0,12.9,65.0
11563,541,19.4,18.5,18.0,13.8,0.0,14.5,65.0
12463,541,19.4,18.5,18.0,13.8,0.0,12.9,66.0
13363,541,19.397142857142857,18.5,18.0,13.7,0.0,14.5,64.0
14263,541,19.319718309859155,18.5,18.0,13.7,0.0,14.5,66.0
15163,541,19.380000000000003,18.5,18.17727272727273,13.4,0.0,11.3,68.0
16063,541,19.54266666666667,18.5,18.15,13.5,0.0,12.9,69.0
16963,541,19.65945945945946,18.5,18.0,13.5,5.0,11.3,70.0
17863,541,19.792753623188407,18.5,18.0,13.7,9.0,14.5,70.0
18763,541,19.92957746478873,18.5,18.0,13.8,11.0,16.1,71.0
19663,541,20.04848484848485,18.5,18.0,13.8,14.0,14.5,70.0
20563,541,20.17887323943662,18.5,18.005084745762712,14.0,16.0,14.5,69.0
21463,541,20.345454545454547,18.833333333333336,18.24,14.3,18.0,16.1,67.0
22363,541,20.535820895522388,19.0,18.3,14.4,19.0,16.1,65.0
23263,541,20.71971830985916,19.09375,18.35625,14.8,21.0,14.5,64.0
24163,541,20.977941176470587,19.5,18.8,15.2,25.0,12.9,62.0
25063,541,20.86376811594203,19.205882352941178,18.548529411764708,15.6,26.0,12.9,63.0
25963,541,20.77164179104478,19.0,18.5,15.9,26.0,16.1,65.0
26863,541,20.713043478260868,19.0,18.48787878787879,16.2,28.0,14.5,65.0
27763,541,20.7,19.0,18.31492537313433,16.4,30.0,14.5,65.0
28663,541,20.7,19.0,18.3,16.7,32.0,16.1,65.0
29563,541,20.7,19.0,18.3,16.9,35.0,16.1,64.0
30463,541,20.7,19.0,18.3,17.1,40.0,17.7,61.0
31363,541,20.7,19.0,18.513432835820897,17.5,51.0,14.5,61.0
32263,541,20.641666666666666,19.0,18.5,17.7,44.0,16.1,47.0
33163,541,20.56142857142857,19.0,18.46060606060606,18.0,47.0,16.1,51.0
34063,541,20.5,19.0,18.3,18.4,72.0,14.5,48.0
34963,541,20.481159420289856,19.0,18.3,18.8,431.0,16.1,46.0
35863,541,20.40144927536232,19.0,18.3,19.2,596.0,14.5,44.0
36763,541,20.4,19.0,18.3,19.8,668.0,11.3,41.0
37663,541,20.40149253731344,19.0,18.3,20.6,698.0,11.3,35.0
38563,541,20.481428571428573,19.0,18.3,20.4,705.0,11.3,33.0
39463,541,20.5,19.0,18.3,21.3,738.0,12.9,34.0
40363,541,20.5,19.0,18.3,21.2,777.0,12.9,34.0
41263,541,20.52465753424657,19.28358208955224,18.588059701492536,21.6,807.0,14.5,32.0
42163,541,20.6,19.0625,18.5,22.2,802.0,12.9,39.0
43063,541,20.63731343283582,19.0,18.45384615384616,22.4,826.0,14.5,29.0
43963,541,20.7,19.0,18.303125,22.6,819.0,12.9,30.0
44863,541,20.7,19.0,18.3,22.6,844.0,14.5,31.0
45763,541,20.717142857142857,19.0,18.3,22.9,868.0,14.5,32.0
46663,541,20.77941176470588,19.0,18.306060606060605,22.9,861.0,12.9,34.0
47563,541,20.8,19.15151515151515,18.5,23.3,828.0,14.5,30.0
48463,541,20.78985507246377,19.0,18.5,24.1,861.0,9.7,31.0
49363,541,21.196875,19.28787878787879,18.71212121212121,23.9,846.0,11.3,30.0
50263,541,21.213432835820896,19.5,18.85079365079365,24.1,819.0,12.9,33.0
51163,541,21.06086956521739,19.5,18.8,24.7,786.0,11.3,32.0
52063,541,20.98235294117647,19.5,18.8,23.9,673.0,14.5,32.0
52963,541,20.923880597014925,19.5,18.8,24.9,817.0,11.3,31.0
53863,541,20.918840579710142,19.5,18.8,24.7,775.0,11.3,31.0
54763,541,21.0,19.5,18.8,25.0,782.0,11.3,34.0
55663,541,21.0,19.5,18.8,25.4,657.0,8.0,32.0
56563,541,21.0,19.76153846153846,18.947692307692307,25.3,715.0,11.3,33.0
57463,541,21.0,19.5,19.0,25.7,782.0,8.0,34.0
58363,541,21.0,19.5,18.85538461538461,25.4,489.0,9.7,30.0
59263,541,21.0,19.5,18.8,25.4,719.0,8.0,31.0
60163,541,21.01830985915493,19.5,18.806451612903224,26.1,622.0,9.7,27.0
61063,541,21.1,19.698630136986303,19.110958904109587,25.2,589.0,8.0,30.0
61963,541,21.17246376811594,19.5,19.0,25.3,629.0,9.7,29.0
62863,541,21.19710144927536,19.6,19.06,25.8,577.0,8.0,29.0
63763,541,21.2,20.10606060606061,19.366666666666667,25.9,480.0,8.0,28.0
64663,541,21.2,19.87692307692308,19.15230769230769,25.8,503.0,8.0,27.0
65563,541,21.2,19.5,19.0,25.7,288.0,6.4,28.0
66463,541,21.177777777777777,19.5,19.0,24.7,130.0,9.7,30.0
67363,541,21.1,19.5,19.0,24.2,250.0,8.0,34.0
68263,541,21.059154929577467,19.61904761904762,19.066666666666663,23.8,137.0,4.8,39.0
69163,541,21.0,20.078125,19.3625,22.7,162.0,4.8,45.0
70063,541,20.931034482758623,19.70338983050848,19.05593220338983,21.5,91.0,4.8,54.0
70963,541,20.9,19.5,19.0,20.7,139.0,4.8,56.0
71863,541,20.81967213114754,19.5,19.0,19.8,83.0,3.2,59.0
72763,541,20.8,19.5,18.997014925373133,18.4,67.0,4.8,62.0
73663,541,20.775757575757574,19.5,19.0,17.4,47.0,4.8,65.0
74563,541,20.7,19.5,19.0,16.2,42.0,6.4,68.0
75463,541,20.7,19.5,18.99375,15.3,40.0,8.0,72.0
76363,541,20.7,19.5,18.952112676056338,14.8,30.0,6.4,74.0
77263,541,20.606349206349208,19.5,18.83384615384616,14.4,19.0,4.8,75.0
78163,541,20.6,19.5,18.81449275362319,13.9,11.0,4.8,77.0
79063,541,20.61492537313433,19.93846153846154,19.13846153846153,13.5,5.0,3.2,80.0
79963,541,20.81549295774648,20.0,19.35833333333333,13.2,0.0,3.2,82.0
80863,541,22.10579710144928,20.29365079365079,19.57619047619048,12.7,0.0,3.2,85.0
81763,541,21.75820895522388,20.0,19.418840579710142,12.5,0.0,4.8,86.0
82663,541,21.412857142857145,20.0,19.3,12.2,0.0,3.2,88.0
83563,541,21.13823529411765,19.753731343283583,19.11641791044776,11.9,0.0,1.6,89.0
84463,541,21.01780821917808,19.5,19.0,11.8,0.0,1.6,90.0
85363,541,20.911428571428573,19.5,19.0,11.7,0.0,3.2,91.0
86263,541,20.843478260869567,19.5,19.0,11.5,0.0,1.6,91.0
763,542,20.788888888888888,19.5,19.0,11.3,0.0,0.0,91.0
1663,542,20.7,19.5,19.0,11.2,0.0,1.6,93.0
2563,542,20.7,19.5,19.0,11.3,0.0,3.2,93.0
3463,542,20.695652173913043,19.5,19.0,11.2,0.0,3.2,94.0
4363,542,20.6,19.5,19.0,11.3,0.0,1.6,95.0
5263,542,20.6,19.5,19.0,11.4,0.0,1.6,95.0
6163,542,20.6,19.5,19.0,11.4,0.0,3.2,95.0
7063,542,20.6,19.5,19.0,11.4,0.0,3.2,95.0
7963,542,20.586111111111112,19.5,19.0,11.5,0.0,3.2,95.0
8863,542,20.5,19.5,19.0,11.5,0.0,4.8,95.0
9763,542,20.5,19.5,19.0,11.3,0.0,3.2,95.0
10663,542,20.5,19.5,19.0,11.3,0.0,1.6,95.0
11563,542,20.5,19.5,19.0,11.3,0.0,0.0,95.0
12463,542,20.5,19.5,19.0,11.3,0.0,0.0,95.0
13363,542,20.5,19.5,19.0,11.1,0.0,0.0,96.0
14263,542,20.5,19.5,19.0,11.0,0.0,0.0,96.0
15163,542,20.5,19.5,19.0,10.8,0.0,1.6,96.0
16063,542,20.5,19.5,19.0,10.8,0.0,0.0,96.0
16963,542,20.428125,19.5,19.0,10.9,0.0,0.0,96.0
17863,542,20.4,19.5,19.0,10.8,5.0,0.0,96.0
18763,542,20.4,19.5,18.978571428571428,10.8,11.0,1.6,96.0
19663,542,20.4,19.5,18.996610169491525,10.8,18.0,4.8,96.0
20563,542,20.4,19.5,19.0,10.8,25.0,4.8,97.0
21463,542,20.398529411764702,19.164285714285715,18.63571428571429,10.7,39.0,3.2,97.0
22363,542,20.3,19.0,18.5,10.7,44.0,1.6,96.0
23263,542,20.3,19.25,18.545454545454547,10.8,37.0,0.0,97.0
24163,542,20.4,19.424242424242426,18.72272727272728,10.9,62.0,1.6,96.0
25063,542,19.92923076923077,18.7578125,17.9046875,10.9,49.0,3.2,96.0
25963,542,19.36716417910448,18.11290322580645,17.5,10.8,81.0,1.6,96.0
26863,542,19.218840579710143,18.357142857142858,17.504761904761903,10.8,81.0,0.0,96.0
27763,542,18.97910447761194,18.0,17.32121212121212,11.2,120.0,4.8,96.0
28663,542,18.77826086956522,18.214285714285715,17.45357142857143,11.2,120.0,3.2,95.0
29563,542,17.9953125,17.815789473684212,17.068421052631578,11.4,137.0,1.6,95.0
30463,542,17.690322580645162,17.776785714285715,17.00714285714286,11.7,165.0,1.6,94.0
31363,542,18.588235294117645,18.22388059701493,17.580597014925374,12.1,169.0,1.6,93.0
32263,542,19.13030303030304,18.5,17.92063492063492,12.3,241.0,3.2,93.0
33163,542,19.515,18.70689655172413,18.14482758620689,12.8,260.0,1.6,91.0
34063,542,19.7089552238806,18.536764705882355,18.01764705882353,13.4,220.0,1.6,90.0
34963,542,19.8,18.5,18.0,14.4,503.0,3.2,88.0
35863,542,19.883333333333333,18.5,17.996969696969696,14.9,550.0,4.8,83.0
36763,542,19.9,18.544776119402982,18.0,15.3,573.0,4.8,82.0
37663,542,19.813432835820898,19.0,18.049253731343285,16.2,508.0,4.8,78.0
38563,542,19.56388888888889,19.0,18.3,16.6,529.0,3.2,78.0
39463,542,19.41764705882353,19.0,18.3,17.2,582.0,3.2,76.0
40363,542,19.4609375,19.0,18.3,18.1,591.0,1.6,72.0
41263,542,19.5,19.0,18.35538461538461,18.7,659.0,1.6,72.0
42163,542,19.5,19.0,18.49375,19.5,548.0,3.2,72.0
43063,542,19.570149253731344,19.0,18.5,19.5,689.0,1.6,72.0
43963,542,19.6,19.0,18.5,20.6,612.0,1.6,70.0
44863,542,19.6,19.0,18.5,21.2,554.0,3.2,68.0
45763,542,19.65909090909091,19.0,18.5,21.0,617.0,3.2,67.0
46663,542,19.74571428571429,19.0,18.5,21.2,575.0,4.8,65.0
47563,542,19.820634920634923,19.0,18.5,20.9,745.0,4.8,66.0
48463,542,19.93478260869565,19.0,18.5,21.8,573.0,6.4,64.0
49363,542,20.0,19.0,18.5,21.8,661.0,8.0,64.0
50263,542,20.074242424242424,19.0,18.5,22.6,703.0,6.4,63.0
51163,542,20.1,19.0,18.5,21.8,534.0,8.0,62.0
52063,542,20.1,19.0,18.5,21.5,420.0,9.7,60.0
52963,542,20.1,19.0,18.5,21.5,531.0,8.0,59.0
53863,542,20.1,19.0,18.5,21.9,571.0,4.8,58.0
54763,542,20.1,19.0,18.5,22.0,461.0,6.4,52.0
55663,542,20.1,19.0,18.5,22.5,571.0,8.0,52.0
56563,542,20.1,19.241935483870968,18.58225806451613,21.9,422.0,8.0,59.0
57463,542,20.1,19.270491803278688,18.57377049180328,21.8,381.0,6.4,63.0
58363,542,20.1,19.0,18.5,20.9,529.0,8.0,67.0
59263,542,20.1,19.0,18.5,20.5,432.0,6.4,64.0
60163,542,20.1,19.0,18.5,20.3,489.0,8.0,68.0
61063,542,20.1,19.0,18.5,20.6,512.0,6.4,68.0
61963,542,20.1,19.0,18.5,21.0,417.0,6.4,69.0
62863,542,20.097142857142856,19.0188679245283,18.5,19.9,272.0,9.7,68.0
63763,542,20.094202898550726,19.20634920634921,18.5,19.6,364.0,8.0,65.0
64663,542,20.00289855072464,19.0,18.5,19.0,128.0,8.0,64.0
65563,542,20.086956521739133,19.0,18.51384615384616,18.5,165.0,6.4,67.0
66463,542,20.1,19.179245283018865,18.5,18.2,183.0,4.8,71.0
67363,542,20.1,19.0,18.5,18.0,146.0,4.8,72.0
68263,542,20.1,19.0,18.5,17.2,130.0,4.8,75.0
69163,542,20.1,19.01851851851852,18.5,16.4,158.0,4.8,79.0
70063,542,20.1,19.5,18.74,16.0,230.0,6.4,81.0
70963,542,20.1,19.20212765957447,18.5,16.3,172.0,3.2,80.0
71863,542,20.059259259259257,19.0,18.5,16.1,111.0,6.4,80.0
72763,542,20.0,19.0,18.5,15.4,88.0,4.8,82.0
73663,542,20.0,19.0,18.5,14.9,47.0,4.8,84.0
74563,542,19.950819672131143,19.0,18.5,14.4,35.0,3.2,86.0
75463,542,19.90909090909091,19.0,18.5,14.0,19.0,4.8,87.0
76363,542,19.9,19.0,18.5,13.5,19.0,6.4,88.0
77263,542,19.9,19.0,18.45757575757576,12.9,18.0,8.0,91.0
78163,542,19.9,19.0,18.45873015873016,12.8,7.0,4.8,92.0
79063,542,19.90869565217391,19.0,18.5,12.6,5.0,4.8,93.0
79963,542,19.99857142857143,19.0,18.5,12.5,0.0,6.4,93.0
80863,542,20.0,19.405172413793103,18.717241379310344,12.4,0.0,4.8,94.0
81763,542,20.02739726027397,19.5,18.8,12.2,0.0,4.8,94.0
82663,542,20.0,19.5,18.8,12.2,0.0,3.2,95.0
83563,542,20.0,19.5,18.8,12.0,0.0,4.8,95.0
84463,542,20.0,19.1640625,18.790625,12.1,0.0,4.8,95.0
85363,542,19.965625,19.0,18.6640625,12.1,0.0,3.2,95.0
86263,542,19.9,19.0,18.5,11.8,0.0,6.4,96.0
763,543,19.9,19.0,18.5,11.7,0.0,3.2,96.0
1663,543,19.9,19.0,18.5,11.7,0.0,3.2,96.0
2563,543,19.9,19.0,18.5,11.6,0.0,3.2,96.0
3463,543,19.9,19.0,18.5,11.5,0.0,1.6,96.0
4363,543,19.88676470588236,19.0,18.5,11.4,0.0,1.6,97.0
5263,543,19.805714285714284,19.0,18.5,11.3,0.0,0.0,97.0
6163,543,19.8,19.0,18.5,11.3,0.0,3.2,97.0
7063,543,19.8,19.0,18.5,11.3,0.0,4.8,97.0
7963,543,19.8,19.0,18.5,11.3,0.0,4.8,97.0
8863,543,19.8,19.0,18.5,11.2,0.0,4.8,97.0
9763,543,19.8,19.0,18.5,11.2,0.0,4.8,97.0
10663,543,19.8,19.0,18.5,11.2,0.0,3.2,97.0
11563,543,19.795384615384613,19.0,18.5,11.0,0.0,6.4,97.0
12463,543,19.70422535211268,19.0,18.5,11.1,0.0,4.8,97.0
13363,543,19.7,19.0,18.5,11.0,0.0,3.2,97.0
14263,543,19.7,19.0,18.5,11.1,0.0,3.2,97.0
15163,543,19.7,19.0,18.5,11.1,0.0,3.2,97.0
16063,543,19.7,19.0,18.5,10.9,0.0,4.8,97.0
16963,543,19.7,19.0,18.5,10.8,0.0,3.2,98.0
17863,543,19.7,19.0,18.5,10.8,0.0,1.6,98.0
18763,543,19.7,19.0,18.5,10.8,7.0,4.8,97.0
19663,543,19.7,19.0,18.5,10.8,11.0,3.2,98.0
20563,543,19.7,19.0,18.5,10.9,14.0,1.6,98.0
21463,543,19.7,19.0,18.49705882352941,10.9,19.0,3.2,98.0
22363,543,19.714285714285715,19.0,18.309375,10.9,30.0,3.2,98.0
23263,543,20.48493150684932,19.23846153846154,18.61384615384616,10.8,39.0,3.2,98.0
24163,543,20.13733333333333,19.516666666666666,18.706666666666667,10.7,42.0,3.2,98.0
25063,543,19.607462686567164,19.0,18.1,10.8,53.0,4.8,98.0
25963,543,19.705797101449274,19.0,18.3,10.7,56.0,0.0,98.0
26863,543,19.81428571428572,19.182692307692307,18.40384615384616,10.9,69.0,1.6,98.0
27763,543,19.9,19.2089552238806,18.5,10.9,81.0,1.6,98.0
28663,543,19.9,19.0,18.5,11.0,93.0,1.6,97.0
29563,543,19.9,19.0,18.5,11.2,127.0,4.8,97.0
30463,543,19.9,19.0,18.5,11.4,130.0,3.2,97.0
31363,543,19.9,19.0,18.5,11.6,153.0,4.8,96.0
32263,543,19.9,19.0,18.5,12.0,204.0,4.8,95.0
33163,543,19.9,19.0,18.5,12.2,230.0,1.6,94.0
34063,543,19.9,19.0,18.5,12.8,322.0,3.2,92.0
34963,543,19.911764705882355,19.0,18.5,13.3,541.0,3.2,90.0
35863,543,20.0,19.0,18.496875,14.6,601.0,4.8,86.0
36763,543,20.0,19.0,18.4968253968254,15.4,636.0,3.2,82.0
37663,543,20.0,19.0,18.5,16.5,664.0,4.8,80.0
38563,543,20.057142857142857,19.0,18.5,17.1,687.0,4.8,77.0
39463,543,20.1,19.0,18.4968253968254,17.9,715.0,4.8,78.0
40363,543,20.1,19.0,18.5,17.8,733.0,4.8,75.0
41263,543,20.1,19.0,18.5,19.0,756.0,4.8,75.0
42163,543,20.1,19.0,18.5,19.2,779.0,4.8,74.0
43063,543,20.1,19.0,18.5,20.2,795.0,4.8,70.0
43963,543,20.1,19.0,18.5,20.4,803.0,4.8,69.0
44863,543,20.1,19.0,18.5,21.2,814.0,4.8,69.0
45763,543,20.0986301369863,19.0,18.5,21.4,814.0,3.2,67.0
46663,543,20.0875,19.0,18.488888888888887,21.8,826.0,6.4,65.0
47563,543,,,,21.9,831.0,4.8,64.0
48463,543,20.004761904761903,19.0,18.5,22.4,831.0,6.4,62.0
49363,543,20.0,19.0,18.5,21.8,821.0,6.4,63.0
50263,543,20.0,19.0,18.5,22.6,812.0,4.8,63.0
51163,543,20.0,19.0,18.496296296296297,22.4,814.0,3.2,61.0
52063,543,20.0,19.0,18.5,23.3,800.0,4.8,60.0
52963,543,20.0,19.0,18.5,23.3,788.0,6.4,60.0
53863,543,20.0,19.0,18.5,23.3,765.0,6.4,58.0
54763,543,,,,23.6,752.0,6.4,60.0
55663,543,,,,23.7,722.0,8.0,60.0
56563,543,20.0,19.0,18.5,23.1,719.0,9.7,62.0
57463,543,20.0,19.0,18.5,22.9,693.0,8.0,62.0
58363,543,20.0,19.0,18.5,22.9,640.0,6.4,61.0
59263,543,20.00714285714286,19.0,18.5,22.6,559.0,6.4,62.0
60163,543,20.07647058823529,19.0,18.5,22.0,526.0,6.4,64.0
61063,543,20.1,19.0,18.5,22.2,540.0,6.4,67.0
61963,543,20.1,19.040983606557376,18.56885245901639,22.0,503.0,6.4,65.0
62863,543,20.1,19.049180327868854,18.76065573770492,21.8,512.0,8.0,65.0
63763,543,20.16984126984127,19.0,18.50526315789474,21.4,538.0,8.0,67.0
64663,543,20.2,19.0,18.5,21.5,457.0,8.0,65.0
65563,543,20.28939393939394,19.0,18.53692307692308,22.0,418.0,6.4,64.0
66463,543,20.3,19.0,18.70204081632653,21.9,376.0,8.0,63.0
67363,543,20.3864406779661,19.27272727272728,18.794545454545453,21.7,329.0,8.0,64.0
68263,543,20.4,19.33620689655172,18.8,21.9,306.0,8.0,63.0
69163,543,20.4,19.0,18.8,21.9,272.0,9.7,62.0
70063,543,20.4,19.008196721311474,18.8,22.1,237.0,8.0,62.0
70963,543,20.518644067796608,19.392857142857142,18.807142857142857,22.1,202.0,9.7,63.0
71863,543,20.580701754385963,19.5,18.99607843137255,21.9,65.0,8.0,64.0
72763,543,20.5,19.5,18.8,21.8,53.0,6.4,67.0
73663,543,20.42105263157895,19.45098039215686,18.8,21.6,44.0,6.4,67.0
74563,543,20.4,19.01086956521739,18.8,20.5,39.0,6.4,70.0
75463,543,20.32321428571429,19.0,18.640425531914893,19.7,32.0,6.4,72.0
76363,543,20.3,19.02439024390244,18.53658536585366,18.5,25.0,8.0,75.0
77263,543,20.3,19.5,18.8,17.3,16.0,9.7,79.0
78163,543,20.287755102040816,19.2,18.8,17.1,11.0,8.0,81.0
79063,543,20.2,19.0,18.77692307692308,16.7,5.0,1.6,82.0
79963,543,20.2,18.96808510638298,18.53191489361702,15.6,0.0,1.6,83.0
80863,543,20.1125,19.0,18.5,14.4,0.0,4.8,87.0
81763,543,20.1,19.264705882352946,18.8,13.8,0.0,3.2,90.0
82663,543,20.101408450704223,19.0,18.77096774193549,13.5,0.0,4.8,91.0
83563,543,20.1,19.0,18.76938775510204,13.2,0.0,3.2,92.0
84463,543,20.1,19.0,18.8,13.2,0.0,8.0,93.0
85363,543,20.1,19.0,18.8,13.2,0.0,8.0,93.0
86263,543,20.1,19.0,18.8,13.2,0.0,3.2,92.0
763,544,20.1,19.0,18.8,13.0,0.0,1.6,92.0
1663,544,20.1,19.0,18.8,13.1,0.0,1.6,93.0
2563,544,20.1,19.0,18.795,13.0,0.0,6.4,93.0
3463,544,20.1,19.0,18.8,12.7,0.0,1.6,92.0
4363,544,20.1,19.0,18.78548387096774,12.3,0.0,4.8,94.0
5263,544,20.036231884057973,19.0,18.68688524590164,12.3,0.0,8.0,94.0
6163,544,20.0,19.0,18.69245283018868,12.5,0.0,6.4,94.0
7063,544,20.0,19.0,18.6271186440678,12.3,0.0,0.0,94.0
7963,544,20.0,19.0,18.549180327868854,12.1,0.0,1.6,94.0
8863,544,20.0,19.0,18.52542372881356,11.9,0.0,3.2,94.0
9763,544,20.0,19.0,18.50526315789474,11.8,0.0,3.2,95.0
10663,544,20.0,19.0,18.5,11.7,0.0,1.6,96.0
11563,544,20.0,19.0,18.5,11.5,0.0,0.0,96.0
12463,544,20.0,19.0,18.5,11.4,0.0,0.0,96.0
13363,544,19.953521126760563,19.0,18.5,11.2,0.0,0.0,96.0
14263,544,19.90142857142857,19.0,18.5,11.2,0.0,0.0,96.0
15163,544,19.92923076923077,19.0,18.5,11.4,0.0,3.2,96.0
16063,544,20.0,19.0,18.5,11.4,0.0,3.2,96.0
16963,544,20.095714285714287,19.0,18.572222222222223,11.3,5.0,0.0,96.0
17863,544,20.17246376811594,19.0,18.76129032258065,11.2,7.0,0.0,96.0
18763,544,20.27611940298508,19.0,18.775,11.7,11.0,3.2,97.0
19663,544,20.41060606060606,19.0,18.794736842105262,11.9,14.0,3.2,96.0
20563,544,20.535616438356165,19.00862068965517,18.8,12.1,18.0,1.6,96.0
21463,544,20.64848484848485,19.039682539682538,18.8,12.2,21.0,0.0,96.0
22363,544,20.781690140845072,19.21052631578948,18.8,12.7,25.0,0.0,96.0
23263,544,20.9463768115942,19.5,18.84262295081967,12.9,26.0,0.0,95.0
24163,544,21.26619718309859,19.861538461538466,19.207692307692305,13.2,30.0,0.0,94.0
25063,544,21.4,19.794117647058822,19.09264705882353,13.7,33.0,0.0,93.0
25963,544,21.80588235294117,19.65384615384616,19.156923076923075,14.1,35.0,4.8,92.0
26863,544,21.72083333333333,19.9921875,19.3,14.5,37.0,3.2,90.0
27763,544,21.7,19.52272727272728,19.29090909090909,15.0,39.0,1.6,89.0
28663,544,21.7,19.5,19.00923076923077,15.7,39.0,3.2,88.0
29563,544,21.7,19.84328358208955,19.25522388059701,16.3,40.0,0.0,87.0
30463,544,21.62205882352941,19.5,19.10615384615385,17.0,42.0,3.2,84.0
31363,544,21.56,19.5,19.0,17.6,46.0,3.2,83.0
32263,544,21.5,19.5,19.0,18.1,49.0,0.0,81.0
33163,544,21.43013698630137,19.5,19.0,18.9,49.0,1.6,80.0
34063,544,21.4,19.5,19.0,19.5,53.0,3.2,77.0
34963,544,21.4,19.5,19.0,20.7,487.0,3.2,73.0
35863,544,21.3112676056338,19.5,19.0,21.8,606.0,3.2,70.0
36763,544,21.3,19.5,19.0,22.8,638.0,3.2,67.0
37663,544,21.3,19.5,19.0,23.1,666.0,1.6,66.0
38563,544,21.3,19.5,19.0,23.6,689.0,3.2,63.0
39463,544,21.3,19.5,19.0,24.3,712.0,3.2,63.0
40363,544,21.3,19.5,19.0,24.8,735.0,4.8,58.0
41263,544,21.3,19.5,19.0,25.4,758.0,3.2,54.0
42163,544,21.3,19.5,19.0,26.0,773.0,4.8,55.0
43063,544,21.3,19.5,19.0,25.9,788.0,6.4,52.0
43963,544,21.3,19.5,19.0046875,26.3,796.0,4.8,52.0
44863,544,21.3,19.5,19.06268656716417,26.3,807.0,3.2,55.0
45763,544,21.3,19.5,19.223728813559323,26.5,819.0,3.2,51.0
46663,544,21.3,19.566666666666663,19.3,27.0,817.0,3.2,51.0
47563,544,21.3,19.8015873015873,19.3,27.5,819.0,3.2,50.0
48463,544,21.3,19.97058823529412,19.3,27.5,826.0,6.4,49.0
49363,544,21.3,20.0,19.3,27.9,819.0,8.0,50.0
50263,544,21.3,20.0,19.3,27.8,816.0,8.0,49.0
51163,544,21.30294117647059,20.0,19.3,28.0,807.0,8.0,45.0
52063,544,21.382089552238806,20.0,19.3,27.8,800.0,6.4,46.0
52963,544,21.4,20.0,19.3,27.9,791.0,6.4,46.0
53863,544,21.4,20.0,19.3,27.8,777.0,6.4,45.0
54763,544,21.4,20.0,19.3,27.9,759.0,6.4,44.0
55663,544,21.4,20.0,19.3,27.6,742.0,8.0,46.0
56563,544,21.4,20.0,19.3,27.9,722.0,8.0,47.0
57463,544,21.4,20.0,19.30597014925373,27.7,703.0,8.0,48.0
58363,544,21.4,20.0,19.4375,27.8,675.0,4.8,49.0
59263,544,21.4,20.0,19.5,27.6,650.0,4.8,50.0
60163,544,21.42957746478873,20.0,19.5,27.4,621.0,6.4,51.0
61063,544,21.5,20.0,19.5,27.3,591.0,6.4,50.0
61963,544,21.5,20.0,19.5,27.1,561.0,6.4,51.0
62863,544,21.5,20.0,19.5,26.4,529.0,9.7,50.0
63763,544,21.5,20.0,19.5,26.8,494.0,6.4,48.0
64663,544,21.5,20.0,19.5,26.5,454.0,9.7,46.0
65563,544,21.5,20.0,19.5,26.4,418.0,8.0,46.0
66463,544,21.5,20.0,19.5,25.4,380.0,9.7,47.0
67363,544,21.5,20.0,19.5,25.4,343.0,4.8,48.0
68263,544,21.5,20.033898305084744,19.59152542372881,25.6,311.0,4.8,48.0
69163,544,21.5,20.23333333333333,19.775,25.5,274.0,0.0,46.0
70063,544,21.5,20.444444444444446,19.8,25.8,232.0,3.2,45.0
70963,544,21.5,20.5,19.8,25.1,195.0,4.8,44.0
71863,544,21.5,20.5,19.8,24.3,69.0,6.4,44.0
72763,544,21.5,20.5,19.8,23.2,47.0,4.8,45.0
73663,544,21.5,20.5,19.8,22.4,42.0,4.8,44.0
74563,544,21.425757575757576,20.5,19.8,21.7,37.0,0.0,44.0
75463,544,21.4,20.56779661016949,19.861016949152543,21.1,32.0,3.2,44.0
76363,544,21.48333333333333,20.75714285714286,19.99142857142857,20.2,23.0,1.6,49.0
77263,544,21.5,20.5,19.82089552238806,19.4,16.0,1.6,51.0
78163,544,21.5,20.5,20.0,18.7,11.0,0.0,55.0
79063,544,21.5,20.5,19.86060606060606,18.2,5.0,3.2,65.0
79963,544,21.54027777777777,20.714285714285715,19.966666666666665,17.6,0.0,0.0,67.0
80863,544,22.66086956521739,21.24242424242424,20.465151515151515,17.1,0.0,0.0,71.0
81763,544,23.08205128205128,21.13846153846153,20.38923076923077,16.6,0.0,0.0,69.0
82663,544,,21.0,20.3,16.2,0.0,3.2,73.0
83563,544,22.14262295081967,20.99242424242424,20.25454545454545,15.8,0.0,0.0,76.0
84463,544,21.953125,20.964285714285715,20.21964285714286,15.4,0.0,0.0,77.0
85363,544,21.866153846153846,20.5,20.0,15.2,0.0,0.0,79.0
86263,544,21.8,20.5,20.0,14.8,0.0,0.0,81.0
763,545,21.72089552238806,20.5,20.0,14.6,0.0,3.2,83.0
1663,545,21.695652173913043,20.5,20.0,14.1,0.0,0.0,84.0
2563,545,21.6,20.5,20.0,13.7,0.0,1.6,87.0
3463,545,21.6,20.5,20.0,13.7,0.0,3.2,88.0
4363,545,21.53529411764706,20.5,20.0,13.6,0.0,1.6,89.0
5263,545,21.5,20.5,20.0,13.2,0.0,1.6,91.0
6163,545,21.5,20.5,20.0,13.2,0.0,1.6,91.0
7063,545,21.5,20.5,20.0,13.1,0.0,0.0,92.0
7963,545,21.4231884057971,20.5,20.0,12.9,0.0,3.2,93.0
8863,545,21.4,20.5,19.9968253968254,12.7,0.0,0.0,93.0
9763,545,21.4,20.5,19.937704918032782,12.4,0.0,0.0,93.0
10663,545,21.4,20.5,19.82962962962963,12.4,0.0,0.0,93.0
11563,545,21.395890410958906,20.5,19.8,12.5,0.0,1.6,94.0
12463,545,21.30588235294117,20.5,19.8,12.4,0.0,1.6,93.0
13363,545,21.3,20.5,19.8,12.5,0.0,3.2,92.0
14263,545,21.3,20.5,19.8,12.6,0.0,4.8,92.0
15163,545,21.3,20.5,19.8,12.6,0.0,6.4,92.0
16063,545,21.3,20.5,19.8,12.4,0.0,6.4,92.0
16963,545,21.29420289855073,20.5,19.8,12.2,5.0,6.4,92.0
17863,545,21.21388888888889,20.5,19.8,12.2,9.0,8.0,93.0
18763,545,21.2,20.5,19.8,12.2,14.0,8.0,93.0
19663,545,21.2,20.5,19.8,12.0,19.0,9.7,94.0
20563,545,21.2,20.5,19.8,11.8,21.0,6.4,96.0
21463,545,21.2,20.5,19.8,11.9,39.0,6.4,96.0
22363,545,21.2,20.479166666666664,19.8,11.8,58.0,8.0,95.0
23263,545,21.2,20.5,19.8,12.0,54.0,8.0,94.0
24163,545,21.551470588235293,20.15671641791045,19.58507462686567,12.0,76.0,8.0,94.0
25063,545,21.328358208955223,19.96153846153846,19.31846153846154,12.3,72.0,9.7,93.0
25963,545,20.78235294117647,19.87903225806452,19.12741935483871,12.4,91.0,9.7,93.0
26863,545,21.02089552238806,20.32575757575757,19.5,12.5,107.0,9.7,92.0
27763,545,21.128358208955223,20.0,19.5,12.9,127.0,4.8,92.0
28663,545,21.2,20.0,19.5,12.8,134.0,9.7,91.0
29563,545,21.2,20.0,19.5,12.9,186.0,9.7,91.0
30463,545,21.2,20.0,19.5,13.0,197.0,8.0,90.0
31363,545,21.2015625,20.0,19.5,13.2,188.0,8.0,89.0
32263,545,21.2,20.0,19.5,13.2,258.0,6.4,90.0
33163,545,21.2,20.0,19.5,13.4,213.0,11.3,89.0
34063,545,21.2,20.0,19.5,13.8,258.0,6.4,88.0
34963,545,21.2,20.0,19.5,13.9,262.0,6.4,88.0
35863,545,21.2,20.0,19.5,13.7,309.0,9.7,89.0
36763,545,21.2,20.0,19.5,13.6,211.0,9.7,91.0
37663,545,21.2,20.0,19.5,13.7,185.0,8.0,91.0
38563,545,21.2,20.0,19.5,13.5,251.0,8.0,91.0
39463,545,21.2,20.0,19.5,13.6,193.0,8.0,91.0
40363,545,21.2,20.0,19.5,13.8,220.0,6.4,91.0
41263,545,21.2,20.0,19.5,13.9,250.0,8.0,90.0
42163,545,21.2,20.0,19.5,13.8,276.0,11.3,90.0
43063,545,21.2,20.0,19.5,14.2,271.0,9.7,89.0
43963,545,21.2,20.0,19.5,13.9,258.0,9.7,90.0
44863,545,21.2,20.0,19.5,14.2,243.0,8.0,91.0
45763,545,21.2,20.0,19.5,13.8,232.0,11.3,91.0
46663,545,21.2,20.0,19.5,13.9,306.0,9.7,91.0
47563,545,21.2,20.0,19.5,14.2,285.0,11.3,89.0
48463,545,21.2,20.0,19.5,14.4,287.0,9.7,89.0
49363,545,21.2,20.0,19.5,14.2,316.0,11.3,89.0
50263,545,21.2,20.0,19.5,14.4,304.0,9.7,89.0
51163,545,21.2,20.0,19.5,14.8,392.0,11.3,88.0
52063,545,21.2,20.0,19.5,15.1,385.0,11.3,87.0
52963,545,21.2,20.0,19.5,15.4,471.0,9.7,87.0
53863,545,21.159375,20.0,19.5,16.3,478.0,11.3,83.0
54763,545,21.1,20.0,19.5,16.0,411.0,11.3,85.0
55663,545,21.1,20.0,19.5,16.5,870.0,8.0,82.0
56563,545,21.1,20.0,19.5,16.8,710.0,11.3,79.0
57463,545,21.1,20.0,19.5,16.7,698.0,11.3,81.0
58363,545,21.1,20.0,19.5,16.3,677.0,14.5,81.0
59263,545,21.1,20.0,19.5,16.3,715.0,11.3,82.0
60163,545,21.1,20.0,19.5,15.9,661.0,12.9,83.0
61063,545,21.1,20.0,19.5,15.4,346.0,12.9,85.0
61963,545,21.003174603174603,20.0,19.36315789473684,15.3,285.0,12.9,84.0
62863,545,21.0,20.0,19.3,14.8,297.0,11.3,87.0
63763,545,20.95245901639344,20.0,19.3,14.9,287.0,11.3,87.0
64663,545,20.9,20.0,19.3,15.0,292.0,12.9,86.0
65563,545,20.9,19.96153846153846,19.3,14.8,179.0,9.7,87.0
66463,545,20.86417910447761,19.761904761904763,19.28095238095237,14.3,130.0,11.3,88.0
67363,545,20.8,19.774193548387096,19.23709677419355,13.7,102.0,11.3,90.0
68263,545,20.793333333333333,20.0,19.3,13.4,86.0,9.7,91.0
69163,545,20.7,19.87719298245614,19.14736842105264,13.6,81.0,4.8,91.0
70063,545,20.7,19.5,19.0,13.4,56.0,6.4,91.0
70963,545,20.626315789473686,19.5,19.0,13.3,63.0,6.4,91.0
71863,545,20.6,19.5,18.86,13.2,44.0,6.4,91.0
72763,545,20.53846153846154,19.5,18.8,13.0,33.0,8.0,92.0
73663,545,20.5,19.4672131147541,18.77540983606557,13.0,32.0,6.4,91.0
74563,545,20.45254237288136,19.416666666666664,18.64375,12.9,25.0,6.4,91.0
75463,545,20.4,19.5,18.8,12.8,21.0,6.4,91.0
76363,545,20.34776119402985,19.5,18.7953125,12.7,14.0,8.0,91.0
77263,545,20.28405797101449,19.491935483870968,18.543548387096774,12.6,9.0,6.4,91.0
78163,545,20.2,19.107142857142858,18.5,12.4,5.0,8.0,91.0
79063,545,20.178082191780824,19.0,18.46417910447761,12.4,0.0,8.0,92.0
79963,545,20.09852941176471,19.0,18.3,12.2,0.0,9.7,92.0
80863,545,20.0027397260274,19.0,18.3,12.2,0.0,6.4,92.0
81763,545,19.95,19.0,18.06176470588236,12.1,0.0,6.4,93.0
82663,545,19.894366197183096,18.919117647058822,18.0,12.1,0.0,6.4,93.0
83563,545,19.84558823529412,18.94696969696969,18.12727272727273,12.0,0.0,8.0,93.0
84463,545,19.920338983050847,19.0,18.38571428571429,11.9,0.0,6.4,93.0
85363,545,20.0,19.0,18.5,11.9,0.0,6.4,93.0
86263,545,20.0,19.0,18.5,11.8,0.0,6.4,93.0
763,546,20.0,19.0,18.5,11.8,0.0,6.4,93.0
1663,546,20.0,19.01515151515152,18.5,11.8,0.0,6.4,93.0
2563,546,20.0,19.007462686567163,18.5,11.8,0.0,6.4,93.0
3463,546,20.0,19.007462686567163,18.5,11.8,0.0,6.4,93.0
4363,546,20.0,19.00735294117647,18.5,11.8,0.0,6.4,93.0
5263,546,20.0,19.007462686567163,18.5,11.8,0.0,6.4,93.0
6163,546,20.0,19.0,18.5,11.8,0.0,6.4,93.0
7063,546,19.944615384615386,19.0,18.5,11.8,0.0,6.4,93.0
7963,546,19.9,19.0,18.5,11.8,0.0,6.4,93.0
8863,546,19.9,19.0,18.5,11.8,0.0,6.4,93.0
9763,546,19.9,19.0,18.5,11.8,0.0,6.4,93.0
10663,546,19.9,19.0,18.5,11.8,0.0,6.4,93.0
11563,546,19.9,19.0,18.5,11.8,0.0,6.4,93.0
12463,546,19.884615384615383,19.0,18.5,11.8,0.0,6.4,93.0
13363,546,19.801470588235293,19.0,18.5,11.8,0.0,6.4,93.0
14263,546,19.8,19.0,18.5,11.8,0.0,6.4,93.0
15163,546,19.8,19.0,18.5,11.8,0.0,6.4,93.0
16063,546,19.8,19.0,18.5,11.8,0.0,6.4,93.0
16963,546,19.87536231884058,19.0,18.5,11.8,0.0,6.4,93.0
17863,546,19.9,19.0,18.5,11.8,0.0,6.4,93.0
18763,546,19.9,19.0,18.5,11.8,0.0,6.4,93.0
19663,546,19.9,19.0,18.5,11.8,0.0,6.4,93.0
20563,546,19.919117647058822,19.0,18.5,11.8,0.0,6.4,93.0
21463,546,20.04920634920635,19.0,18.73809523809524,11.8,0.0,6.4,93.0
22363,546,20.183823529411764,19.071428571428573,18.8,11.8,0.0,6.4,93.0
23263,546,20.20147058823529,19.275362318840585,18.8,11.8,0.0,6.4,93.0
24163,546,20.37323943661972,19.5,18.824615384615385,11.8,0.0,6.4,93.0
25063,546,20.56451612903226,19.22058823529412,18.62058823529412,11.8,0.0,6.4,93.0
25963,546,20.679710144927537,19.15625,18.521875,11.8,0.0,6.4,93.0
26863,546,20.87123287671233,19.5,18.63285714285714,11.8,0.0,6.4,93.0
27763,546,20.9,19.5,18.7484375,11.8,0.0,6.4,93.0
28663,546,20.9,19.5,18.8,11.8,0.0,6.4,93.0
29563,546,20.8179104477612,19.23846153846154,18.8,11.8,0.0,6.4,93.0
30463,546,20.78472222222222,19.0,18.8,11.8,0.0,6.4,93.0
31363,546,20.7,19.0,18.8,11.8,0.0,6.4,93.0
32263,546,20.7,19.0,18.795714285714286,11.8,0.0,6.4,93.0
33163,546,20.616438356164384,19.0,18.8,11.8,0.0,6.4,93.0
34063,546,20.6,19.0,18.8,11.8,0.0,6.4,93.0
34963,546,20.6,19.0,18.8,11.8,0.0,6.4,93.0
35863,546,20.579104477611946,19.008064516129032,18.8,11.8,0.0,6.4,93.0
36763,546,20.5,19.07377049180328,18.8,11.8,0.0,6.4,93.0
37663,546,20.5,19.28688524590164,18.8,11.8,0.0,6.4,93.0
38563,546,20.5,19.36029411764705,18.8,11.8,0.0,6.4,93.0
39463,546,20.5,19.46923076923077,18.8,11.8,0.0,6.4,93.0
40363,546,20.5,19.5,18.8,11.8,0.0,6.4,93.0
41263,546,20.47536231884058,19.5,18.8,11.8,0.0,6.4,93.0
42163,546,20.4,19.5,18.8,11.8,0.0,6.4,93.0
43063,546,20.4,19.5,18.8,11.8,0.0,6.4,93.0
43963,546,20.4,19.5,18.8,12.4,0.0,1.6,73.0
44863,546,20.4,19.5,18.8,12.4,0.0,1.6,73.0
45763,546,20.4,19.5,18.8,12.4,0.0,1.6,73.0
46663,546,20.307246376811595,19.5,18.813333333333333,12.4,0.0,1.6,73.0
47563,546,20.3,19.5,18.8,12.4,0.0,1.6,73.0
48463,546,20.3,19.5,18.8,12.4,0.0,1.6,73.0
49363,546,20.3,19.5,18.8,12.4,0.0,1.6,73.0
50263,546,20.3,19.5,18.8,12.4,0.0,1.6,73.0
51163,546,20.3,19.5,18.8,12.4,0.0,1.6,73.0
52063,546,20.3,19.5,18.8,12.4,0.0,1.6,73.0
52963,546,20.287142857142857,19.5,18.8,12.4,0.0,1.6,73.0
53863,546,20.29859154929577,19.5,18.911864406779664,12.4,0.0,1.6,73.0
54763,546,20.3,19.5,19.0,12.4,0.0,1.6,73.0
55663,546,20.35428571428572,19.5,19.0,12.4,0.0,1.6,73.0
56563,546,20.365714285714283,19.5,18.97272727272728,12.4,0.0,1.6,73.0
57463,546,20.3,19.5,18.922857142857143,12.4,0.0,1.6,73.0
58363,546,20.3,19.5,18.91212121212121,12.4,0.0,1.6,73.0
59263,546,20.37333333333333,19.5,18.96190476190476,12.4,0.0,1.6,73.0
60163,546,20.4,19.5,19.0,12.4,0.0,1.6,73.0
61063,546,20.4,19.5,19.0,12.4,0.0,1.6,73.0
61963,546,20.4,19.5,19.0,12.4,0.0,1.6,73.0
62863,546,20.473333333333333,19.5,19.0,12.4,0.0,1.6,73.0
63763,546,20.5,19.5,19.0,12.4,0.0,1.6,73.0
64663,546,20.53636363636364,19.5,19.0,12.4,0.0,1.6,73.0
65563,546,20.6,19.5,19.0,12.4,0.0,1.6,73.0
66463,546,20.635087719298248,19.5,19.0,12.4,0.0,1.6,73.0
67363,546,20.7,19.5,19.0,12.4,0.0,1.6,73.0
68263,546,20.7,19.5,19.0,12.4,0.0,1.6,73.0
69163,546,20.7,19.5,19.0,12.4,0.0,1.6,73.0
70063,546,20.7,19.686567164179102,19.165671641791043,12.4,0.0,1.6,73.0
70963,546,20.69855072463768,20.0,19.3,12.4,0.0,1.6,73.0
71863,546,20.601408450704223,19.643939393939394,19.29090909090909,12.4,0.0,1.6,73.0
72763,546,20.58142857142857,19.5,19.00434782608696,12.4,0.0,1.6,73.0
73663,546,20.5,19.5,19.0,12.4,0.0,1.6,73.0
74563,546,20.41864406779661,19.5,19.0,12.4,0.0,1.6,73.0
75463,546,20.4,19.5,19.0,12.4,0.0,1.6,73.0
76363,546,20.324,19.5,19.0,12.4,0.0,1.6,73.0
77263,546,20.3,19.5,18.99322033898305,12.4,0.0,1.6,73.0
78163,546,20.2,19.5,18.807272727272725,12.4,0.0,1.6,73.0
79063,546,20.2,19.5,18.8,12.4,0.0,1.6,73.0
79963,546,20.135616438356163,19.23611111111111,18.583333333333336,12.4,0.0,1.6,73.0
80863,546,20.08235294117647,19.0,18.5,12.4,0.0,1.6,73.0
81763,546,20.0,19.022222222222226,18.371111111111112,12.4,0.0,1.6,73.0
82663,546,21.215942028985506,19.746153846153845,18.873846153846152,12.4,0.0,1.6,73.0
83563,546,21.902631578947368,20.0,19.06393442622951,12.4,0.0,1.6,73.0
84463,546,,20.17391304347825,19.3,12.4,0.0,1.6,73.0
85363,546,20.9,20.0,19.29047619047619,12.4,0.0,1.6,73.0
86263,546,20.9,19.958333333333336,19.3,12.4,0.0,1.6,73.0
